4.196774959564208984e-01 2.948089968565935415e+00 1.568567476424451534e+01
4.308292865753173828e-01 2.938089663380840655e+00 1.561067247535630464e+01
4.978911876678466797e-01 2.972090701010162483e+00 1.586568025757621925e+01
5.552744865417480469e-01 2.966090517899106160e+00 1.582067888424329638e+01
5.979840755462646484e-01 2.998091494491409215e+00 1.606068620868556707e+01
6.119148731231689453e-01 3.004091677602465982e+00 1.610568758201849704e+01
6.239662170410156250e-01 3.016092043824579516e+00 1.619569032868434988e+01
6.352484226226806641e-01 3.016092043824579516e+00 1.619569032868434988e+01
6.456611156463623047e-01 3.004091677602465982e+00 1.610568758201849704e+01
6.598038673400878906e-01 2.992091311380352003e+00 1.601568483535263709e+01
6.731421947479248047e-01 3.016092043824579516e+00 1.619569032868434988e+01
6.841976642608642578e-01 3.024092287972655502e+00 1.625569215979491844e+01
6.963229179382324219e-01 3.018092104861598735e+00 1.621069078646198847e+01
7.067651748657226562e-01 3.014091982787560742e+00 1.618068987090670774e+01
7.364187240600585938e-01 3.014091982787560742e+00 1.618068987090670774e+01
7.497859001159667969e-01 3.012091921750541523e+00 1.616568941312905849e+01
7.651228904724121094e-01 3.002091616565447207e+00 1.609068712424085490e+01
7.816932201385498047e-01 2.970090639973143709e+00 1.585067979979857711e+01
8.055608272552490234e-01 3.020092165898617509e+00 1.622569124423963061e+01
8.699464797973632812e-01 3.012091921750541523e+00 1.616568941312905849e+01
9.380784034729003906e-01 3.004091677602465982e+00 1.610568758201849704e+01
9.648401737213134766e-01 3.012091921750541523e+00 1.616568941312905849e+01
9.771428108215332031e-01 3.012091921750541523e+00 1.616568941312905849e+01
9.879190921783447266e-01 2.964090456862086942e+00 1.580567842646565246e+01
9.990251064300537109e-01 3.016092043824579516e+00 1.619569032868434988e+01
1.011653900146484375e+00 2.994091372417371222e+00 1.603068529313028634e+01
1.022729635238647461e+00 3.006091738639485200e+00 1.612068803979613563e+01
1.033900499343872070e+00 3.014091982787560742e+00 1.618068987090670774e+01
1.053343534469604492e+00 3.012091921750541523e+00 1.616568941312905849e+01
1.072779893875122070e+00 2.996091433454389996e+00 1.604568575090792848e+01
1.083810567855834961e+00 3.022092226935636727e+00 1.624069170201727630e+01
1.096955299377441406e+00 3.020092165898617509e+00 1.622569124423963061e+01
1.113404750823974609e+00 2.994091372417371222e+00 1.603068529313028634e+01
1.124707937240600586e+00 3.016092043824579516e+00 1.619569032868434988e+01
1.137815713882446289e+00 2.972090701010162483e+00 1.586568025757621925e+01
1.161196470260620117e+00 3.000091555528427989e+00 1.607568666646320921e+01
1.175625324249267578e+00 3.018092104861598735e+00 1.621069078646198847e+01
1.188901901245117188e+00 3.014091982787560742e+00 1.618068987090670774e+01
1.201318264007568359e+00 2.978090884121219695e+00 1.591068163090914744e+01
1.217056989669799805e+00 3.018092104861598735e+00 1.621069078646198847e+01
1.232530117034912109e+00 3.016092043824579516e+00 1.619569032868434988e+01
1.258449554443359375e+00 3.018092104861598735e+00 1.621069078646198847e+01
1.284519910812377930e+00 3.012091921750541523e+00 1.616568941312905849e+01
1.347372055053710938e+00 3.012091921750541523e+00 1.616568941312905849e+01
1.378620147705078125e+00 3.012091921750541523e+00 1.616568941312905849e+01
1.415076255798339844e+00 3.018092104861598735e+00 1.621069078646198847e+01
1.442284822463989258e+00 3.008091799676503975e+00 1.613568849757377777e+01
1.455033540725708008e+00 3.016092043824579516e+00 1.619569032868434988e+01
1.466695785522460938e+00 3.010091860713523193e+00 1.615068895535142701e+01
1.480044126510620117e+00 2.998091494491409215e+00 1.606068620868556707e+01
1.491279125213623047e+00 3.020092165898617509e+00 1.622569124423963061e+01
1.504627704620361328e+00 3.012091921750541523e+00 1.616568941312905849e+01
1.516930818557739258e+00 3.018092104861598735e+00 1.621069078646198847e+01
1.528137922286987305e+00 3.020092165898617509e+00 1.622569124423963061e+01
1.540890932083129883e+00 3.012091921750541523e+00 1.616568941312905849e+01
1.556025505065917969e+00 3.020092165898617509e+00 1.622569124423963061e+01
1.568563938140869141e+00 3.010091860713523193e+00 1.615068895535142701e+01
1.581404685974121094e+00 2.996091433454389996e+00 1.604568575090792848e+01
1.593245744705200195e+00 2.984091067232276462e+00 1.595568300424207386e+01
1.604219436645507812e+00 3.004091677602465982e+00 1.610568758201849704e+01
1.620401382446289062e+00 2.994091372417371222e+00 1.603068529313028634e+01
1.632312297821044922e+00 3.000091555528427989e+00 1.607568666646320921e+01
1.651046037673950195e+00 3.018092104861598735e+00 1.621069078646198847e+01
1.697583675384521484e+00 3.008091799676503975e+00 1.613568849757377777e+01
1.714603662490844727e+00 2.970090639973143709e+00 1.585067979979857711e+01
1.725424528121948242e+00 3.006091738639485200e+00 1.612068803979613563e+01
1.736596584320068359e+00 2.994091372417371222e+00 1.603068529313028634e+01
1.747919797897338867e+00 3.004091677602465982e+00 1.610568758201849704e+01
1.758776903152465820e+00 3.018092104861598735e+00 1.621069078646198847e+01
1.778236865997314453e+00 3.008091799676503975e+00 1.613568849757377777e+01
1.794142246246337891e+00 3.008091799676503975e+00 1.613568849757377777e+01
1.806477069854736328e+00 3.008091799676503975e+00 1.613568849757377777e+01
1.818796634674072266e+00 2.990091250343333229e+00 1.600068437757499851e+01
1.834942102432250977e+00 3.028092410046693495e+00 1.628569307535019917e+01
1.870218038558959961e+00 2.996091433454389996e+00 1.604568575090792848e+01
1.885568618774414062e+00 2.996091433454389996e+00 1.604568575090792848e+01
1.948385953903198242e+00 3.002091616565447207e+00 1.609068712424085490e+01
1.974415779113769531e+00 3.028092410046693495e+00 1.628569307535019917e+01
2.003189086914062500e+00 3.018092104861598735e+00 1.621069078646198847e+01
2.032607793807983398e+00 3.022092226935636727e+00 1.624069170201727630e+01
2.079351663589477539e+00 2.962090395825068168e+00 1.579067796868801210e+01
2.094686031341552734e+00 2.952090090639972964e+00 1.571567567979979785e+01
2.126326560974121094e+00 2.964090456862086942e+00 1.580567842646565246e+01
2.155395030975341797e+00 2.960090334788048949e+00 1.577567751091036641e+01
2.167934179306030273e+00 2.952090090639972964e+00 1.571567567979979785e+01
2.184639692306518555e+00 2.786085024567400037e+00 1.447063768425550023e+01
2.197212219238281250e+00 2.972090701010162483e+00 1.586568025757621925e+01
2.212891578674316406e+00 2.968090578936124935e+00 1.583567934202093674e+01
2.226599454879760742e+00 2.962090395825068168e+00 1.579067796868801210e+01
2.238916873931884766e+00 2.958090273751030175e+00 1.576067705313272604e+01
2.250337839126586914e+00 2.970090639973143709e+00 1.585067979979857711e+01
2.262331247329711914e+00 2.962090395825068168e+00 1.579067796868801210e+01
2.329552650451660156e+00 2.962090395825068168e+00 1.579067796868801210e+01
2.346862554550170898e+00 2.968090578936124935e+00 1.583567934202093674e+01
2.364905357360839844e+00 2.968090578936124935e+00 1.583567934202093674e+01
2.381035327911376953e+00 2.952090090639972964e+00 1.571567567979979785e+01
2.405649900436401367e+00 2.958090273751030175e+00 1.576067705313272604e+01
2.432403802871704102e+00 2.946089907528916640e+00 1.567067430646687498e+01
2.492827415466308594e+00 2.922089175084689128e+00 1.549066881313516930e+01
2.505998849868774414e+00 2.910088808862575149e+00 1.540066606646931291e+01
2.528359651565551758e+00 2.666081362346262917e+00 1.357061021759697184e+01
2.561434984207153320e+00 2.950090029602954189e+00 1.570067522202215571e+01
2.586678028106689453e+00 2.954090151676992182e+00 1.573067613757744176e+01
2.601703166961669922e+00 2.976090823084200476e+00 1.589568117313150353e+01
2.615130662918090820e+00 2.916088991973631916e+00 1.544566743980223933e+01
2.628670454025268555e+00 2.962090395825068168e+00 1.579067796868801210e+01
2.641708135604858398e+00 2.932089480269783444e+00 1.556567110202337645e+01
2.653759479522705078e+00 2.940089724417859429e+00 1.562567293313394501e+01
2.665691137313842773e+00 2.886088076418347637e+00 1.522066057313760723e+01
2.677807569503784180e+00 2.940089724417859429e+00 1.562567293313394501e+01
2.688691616058349609e+00 2.952090090639972964e+00 1.571567567979979785e+01
2.710790634155273438e+00 2.948089968565935415e+00 1.568567476424451534e+01
2.761752367019653320e+00 2.970090639973143709e+00 1.585067979979857711e+01
2.777149677276611328e+00 2.962090395825068168e+00 1.579067796868801210e+01
2.789360761642456055e+00 2.968090578936124935e+00 1.583567934202093674e+01
2.809408187866210938e+00 2.948089968565935415e+00 1.568567476424451534e+01
2.849420070648193359e+00 2.964090456862086942e+00 1.580567842646565246e+01
2.866982936859130859e+00 2.968090578936124935e+00 1.583567934202093674e+01
2.923422813415527344e+00 2.942089785454878648e+00 1.564067339091159070e+01
2.937708854675292969e+00 2.910088808862575149e+00 1.540066606646931291e+01
2.972239732742309570e+00 2.962090395825068168e+00 1.579067796868801210e+01
3.010463953018188477e+00 2.950090029602954189e+00 1.570067522202215571e+01
3.024637460708618164e+00 2.958090273751030175e+00 1.576067705313272604e+01
3.037672758102416992e+00 2.958090273751030175e+00 1.576067705313272604e+01
3.049573421478271484e+00 2.964090456862086942e+00 1.580567842646565246e+01
3.062464714050292969e+00 2.934089541306802662e+00 1.558067155980102036e+01
3.074257135391235352e+00 2.898088442640461615e+00 1.531066331980346185e+01
3.085627079010009766e+00 2.916088991973631916e+00 1.544566743980223933e+01
3.097664594650268555e+00 2.966090517899106160e+00 1.582067888424329638e+01
3.108368635177612305e+00 2.966090517899106160e+00 1.582067888424329638e+01
3.138488292694091797e+00 2.952090090639972964e+00 1.571567567979979785e+01
3.181357622146606445e+00 2.950090029602954189e+00 1.570067522202215571e+01
3.198855876922607422e+00 2.956090212714010956e+00 1.574567659535508213e+01
3.214205503463745117e+00 2.966090517899106160e+00 1.582067888424329638e+01
3.230870485305786133e+00 2.962090395825068168e+00 1.579067796868801210e+01
3.256996870040893555e+00 2.940089724417859429e+00 1.562567293313394501e+01
3.289114475250244141e+00 2.954090151676992182e+00 1.573067613757744176e+01
3.347331523895263672e+00 2.936089602343821436e+00 1.559567201757866073e+01
3.361363887786865234e+00 2.920089114047669909e+00 1.547566835535752361e+01
3.382572174072265625e+00 2.962090395825068168e+00 1.579067796868801210e+01
3.412093400955200195e+00 2.984091067232276462e+00 1.595568300424207386e+01
3.443018913269042969e+00 2.970090639973143709e+00 1.585067979979857711e+01
3.495183944702148438e+00 2.962090395825068168e+00 1.579067796868801210e+01
3.514659404754638672e+00 2.948089968565935415e+00 1.568567476424451534e+01
3.549632787704467773e+00 2.952090090639972964e+00 1.571567567979979785e+01
3.569549798965454102e+00 2.982091006195257687e+00 1.594068254646443350e+01
3.579802513122558594e+00 2.982091006195257687e+00 1.594068254646443350e+01
3.591634750366210938e+00 2.948089968565935415e+00 1.568567476424451534e+01
3.604060411453247070e+00 2.948089968565935415e+00 1.568567476424451534e+01
3.615777254104614258e+00 2.932089480269783444e+00 1.556567110202337645e+01
3.627333402633666992e+00 2.970090639973143709e+00 1.585067979979857711e+01
3.639331817626953125e+00 2.918089053010651135e+00 1.546066789757988325e+01
3.650427818298339844e+00 2.968090578936124935e+00 1.583567934202093674e+01
3.667246103286743164e+00 2.950090029602954189e+00 1.570067522202215571e+01
3.728404760360717773e+00 2.966090517899106160e+00 1.582067888424329638e+01
3.744186639785766602e+00 2.964090456862086942e+00 1.580567842646565246e+01
3.757952451705932617e+00 2.970090639973143709e+00 1.585067979979857711e+01
3.777648925781250000e+00 2.966090517899106160e+00 1.582067888424329638e+01
3.795169830322265625e+00 2.970090639973143709e+00 1.585067979979857711e+01
3.841485023498535156e+00 2.966090517899106160e+00 1.582067888424329638e+01
3.899245738983154297e+00 2.914088930936613142e+00 1.543066698202459897e+01
3.912458181381225586e+00 2.900088503677480389e+00 1.532566377758110221e+01
3.933685064315795898e+00 2.950090029602954189e+00 1.570067522202215571e+01
3.974103450775146484e+00 2.950090029602954189e+00 1.570067522202215571e+01
3.989647388458251953e+00 2.950090029602954189e+00 1.570067522202215571e+01
4.003314495086669922e+00 2.914088930936613142e+00 1.543066698202459897e+01
4.015243053436279297e+00 2.968090578936124935e+00 1.583567934202093674e+01
4.029125690460205078e+00 2.948089968565935415e+00 1.568567476424451534e+01
4.045613527297973633e+00 2.960090334788048949e+00 1.577567751091036641e+01
4.061743021011352539e+00 2.968090578936124935e+00 1.583567934202093674e+01
4.074312686920166016e+00 2.964090456862086942e+00 1.580567842646565246e+01
4.092345952987670898e+00 2.926089297158727121e+00 1.552066972869045358e+01
4.148701429367065430e+00 2.836086550492873837e+00 1.484564912869655373e+01
4.165298461914062500e+00 2.936089602343821436e+00 1.559567201757866073e+01
4.178592681884765625e+00 2.958090273751030175e+00 1.576067705313272604e+01
4.191143274307250977e+00 2.962090395825068168e+00 1.579067796868801210e+01
4.204962253570556641e+00 2.908088747825555931e+00 1.538566560869166899e+01
4.232981204986572266e+00 2.960090334788048949e+00 1.577567751091036641e+01
4.256435394287109375e+00 2.940089724417859429e+00 1.562567293313394501e+01
4.315850257873535156e+00 2.904088625751518382e+00 1.535566469313638827e+01
4.328768014907836914e+00 2.906088686788537601e+00 1.537066515091403218e+01
4.360789537429809570e+00 2.954090151676992182e+00 1.573067613757744176e+01
4.399966239929199219e+00 2.974090762047181702e+00 1.588068071535386316e+01
4.410541772842407227e+00 2.964090456862086942e+00 1.580567842646565246e+01
4.423446416854858398e+00 2.934089541306802662e+00 1.558067155980102036e+01
4.440247058868408203e+00 2.968090578936124935e+00 1.583567934202093674e+01
4.453644037246704102e+00 2.958090273751030175e+00 1.576067705313272604e+01
4.467337131500244141e+00 2.974090762047181702e+00 1.588068071535386316e+01
4.482281208038330078e+00 3.000091555528427989e+00 1.607568666646320921e+01
4.495482444763183594e+00 3.010091860713523193e+00 1.615068895535142701e+01
4.512523412704467773e+00 3.018092104861598735e+00 1.621069078646198847e+01
4.569788694381713867e+00 3.006091738639485200e+00 1.612068803979613563e+01
4.588507175445556641e+00 3.024092287972655502e+00 1.625569215979491844e+01
4.607457399368286133e+00 2.998091494491409215e+00 1.606068620868556707e+01
4.623300313949584961e+00 3.020092165898617509e+00 1.622569124423963061e+01
4.636917352676391602e+00 3.016092043824579516e+00 1.619569032868434988e+01
4.671881198883056641e+00 2.964090456862086942e+00 1.580567842646565246e+01
4.689450502395629883e+00 2.976090823084200476e+00 1.589568117313150353e+01
4.744640111923217773e+00 2.992091311380352003e+00 1.601568483535263709e+01
4.758358001708984375e+00 2.972090701010162483e+00 1.586568025757621925e+01
4.794074535369873047e+00 3.020092165898617509e+00 1.622569124423963061e+01
4.822549343109130859e+00 3.006091738639485200e+00 1.612068803979613563e+01
4.851001501083374023e+00 3.024092287972655502e+00 1.625569215979491844e+01
4.892991542816162109e+00 3.006091738639485200e+00 1.612068803979613563e+01
4.911421775817871094e+00 3.010091860713523193e+00 1.615068895535142701e+01
4.943938732147216797e+00 3.008091799676503975e+00 1.613568849757377777e+01
4.971587657928466797e+00 3.008091799676503975e+00 1.613568849757377777e+01
4.986098289489746094e+00 2.996091433454389996e+00 1.604568575090792848e+01
4.997513294219970703e+00 3.002091616565447207e+00 1.609068712424085490e+01
5.014324665069580078e+00 3.002091616565447207e+00 1.609068712424085490e+01
5.028679132461547852e+00 2.994091372417371222e+00 1.603068529313028634e+01
5.042843341827392578e+00 3.016092043824579516e+00 1.619569032868434988e+01
5.054443120956420898e+00 3.018092104861598735e+00 1.621069078646198847e+01
5.074707984924316406e+00 2.964090456862086942e+00 1.580567842646565246e+01
5.124753475189208984e+00 3.012091921750541523e+00 1.616568941312905849e+01
5.137290954589843750e+00 3.016092043824579516e+00 1.619569032868434988e+01
5.153394222259521484e+00 2.982091006195257687e+00 1.594068254646443350e+01
5.168506383895874023e+00 2.996091433454389996e+00 1.604568575090792848e+01
5.191112756729125977e+00 3.004091677602465982e+00 1.610568758201849704e+01
5.228352546691894531e+00 3.000091555528427989e+00 1.607568666646320921e+01
5.243981599807739258e+00 2.998091494491409215e+00 1.606068620868556707e+01
5.298841953277587891e+00 2.964090456862086942e+00 1.580567842646565246e+01
5.312441349029541016e+00 2.968090578936124935e+00 1.583567934202093674e+01
5.347288131713867188e+00 3.022092226935636727e+00 1.624069170201727630e+01
5.384492397308349609e+00 3.014091982787560742e+00 1.618068987090670774e+01
5.396621465682983398e+00 3.020092165898617509e+00 1.622569124423963061e+01
5.411193609237670898e+00 3.014091982787560742e+00 1.618068987090670774e+01
5.426492691040039062e+00 3.008091799676503975e+00 1.613568849757377777e+01
5.440043687820434570e+00 3.014091982787560742e+00 1.618068987090670774e+01
5.455259799957275391e+00 3.024092287972655502e+00 1.625569215979491844e+01
5.468064785003662109e+00 2.986091128269295680e+00 1.597068346201971778e+01
5.480905055999755859e+00 2.996091433454389996e+00 1.604568575090792848e+01
5.537061452865600586e+00 3.016092043824579516e+00 1.619569032868434988e+01
5.553065061569213867e+00 3.012091921750541523e+00 1.616568941312905849e+01
5.565901041030883789e+00 3.024092287972655502e+00 1.625569215979491844e+01
5.579368591308593750e+00 3.024092287972655502e+00 1.625569215979491844e+01
5.597642183303833008e+00 2.996091433454389996e+00 1.604568575090792848e+01
5.614914655685424805e+00 3.004091677602465982e+00 1.610568758201849704e+01
5.643423080444335938e+00 3.016092043824579516e+00 1.619569032868434988e+01
5.658617258071899414e+00 3.004091677602465982e+00 1.610568758201849704e+01
5.713144302368164062e+00 2.974090762047181702e+00 1.588068071535386316e+01
5.727654933929443359e+00 2.980090945158238469e+00 1.592568208868678781e+01
5.762951850891113281e+00 3.018092104861598735e+00 1.621069078646198847e+01
5.786208152770996094e+00 3.014091982787560742e+00 1.618068987090670774e+01
5.802409410476684570e+00 3.010091860713523193e+00 1.615068895535142701e+01
5.815073490142822266e+00 3.020092165898617509e+00 1.622569124423963061e+01
5.827552080154418945e+00 3.020092165898617509e+00 1.622569124423963061e+01
5.838977575302124023e+00 3.020092165898617509e+00 1.622569124423963061e+01
5.852359533309936523e+00 2.996091433454389996e+00 1.604568575090792848e+01
5.864221096038818359e+00 3.010091860713523193e+00 1.615068895535142701e+01
5.875995635986328125e+00 3.000091555528427989e+00 1.607568666646320921e+01
5.887437105178833008e+00 2.996091433454389996e+00 1.604568575090792848e+01
5.898550987243652344e+00 3.008091799676503975e+00 1.613568849757377777e+01
5.961644411087036133e+00 3.014091982787560742e+00 1.618068987090670774e+01
5.973866939544677734e+00 3.018092104861598735e+00 1.621069078646198847e+01
5.985287189483642578e+00 3.004091677602465982e+00 1.610568758201849704e+01
5.998076677322387695e+00 3.034092593157750262e+00 1.633069444868312914e+01
6.011346578598022461e+00 2.980090945158238469e+00 1.592568208868678781e+01
6.024467229843139648e+00 3.006091738639485200e+00 1.612068803979613563e+01
6.059220075607299805e+00 3.002091616565447207e+00 1.609068712424085490e+01
6.075171470642089844e+00 2.992091311380352003e+00 1.601568483535263709e+01
6.132197380065917969e+00 3.034092593157750262e+00 1.633069444868312914e+01
6.156603336334228516e+00 2.972090701010162483e+00 1.586568025757621925e+01
6.186240911483764648e+00 3.020092165898617509e+00 1.622569124423963061e+01
6.214575767517089844e+00 3.020092165898617509e+00 1.622569124423963061e+01
6.245195150375366211e+00 3.026092349009674720e+00 1.627069261757255703e+01
6.280260562896728516e+00 3.022092226935636727e+00 1.624069170201727630e+01
6.300210714340209961e+00 3.016092043824579516e+00 1.619569032868434988e+01
6.330986738204956055e+00 2.992091311380352003e+00 1.601568483535263709e+01
6.353141784667968750e+00 3.030092471083712713e+00 1.630069353312784841e+01
6.369328498840332031e+00 3.024092287972655502e+00 1.625569215979491844e+01
6.383602380752563477e+00 3.010091860713523193e+00 1.615068895535142701e+01
6.396485328674316406e+00 3.020092165898617509e+00 1.622569124423963061e+01
6.407498359680175781e+00 3.018092104861598735e+00 1.621069078646198847e+01
6.420253276824951172e+00 2.998091494491409215e+00 1.606068620868556707e+01
6.431749582290649414e+00 2.996091433454389996e+00 1.604568575090792848e+01
6.443405151367187500e+00 3.014091982787560742e+00 1.618068987090670774e+01
6.455455064773559570e+00 2.974090762047181702e+00 1.588068071535386316e+01
6.503874063491821289e+00 3.016092043824579516e+00 1.619569032868434988e+01
6.520247459411621094e+00 3.016092043824579516e+00 1.619569032868434988e+01
6.537482738494873047e+00 2.996091433454389996e+00 1.604568575090792848e+01
6.554527521133422852e+00 3.014091982787560742e+00 1.618068987090670774e+01
6.569038152694702148e+00 3.020092165898617509e+00 1.622569124423963061e+01
6.590633630752563477e+00 2.934089541306802662e+00 1.558067155980102036e+01
6.628847360610961914e+00 3.006091738639485200e+00 1.612068803979613563e+01
6.686039447784423828e+00 2.982091006195257687e+00 1.594068254646443350e+01
6.699482679367065430e+00 2.954090151676992182e+00 1.573067613757744176e+01
6.720454931259155273e+00 3.014091982787560742e+00 1.618068987090670774e+01
6.749075889587402344e+00 3.010091860713523193e+00 1.615068895535142701e+01
6.775534868240356445e+00 2.988091189306314455e+00 1.598568391979735814e+01
6.789227724075317383e+00 3.018092104861598735e+00 1.621069078646198847e+01
6.802246809005737305e+00 3.012091921750541523e+00 1.616568941312905849e+01
6.817168474197387695e+00 2.990091250343333229e+00 1.600068437757499851e+01
6.832737445831298828e+00 3.018092104861598735e+00 1.621069078646198847e+01
6.848861217498779297e+00 3.014091982787560742e+00 1.618068987090670774e+01
6.859855175018310547e+00 3.014091982787560742e+00 1.618068987090670774e+01
6.874427318572998047e+00 2.982091006195257687e+00 1.594068254646443350e+01
6.943818330764770508e+00 3.010091860713523193e+00 1.615068895535142701e+01
6.958171367645263672e+00 3.008091799676503975e+00 1.613568849757377777e+01
6.971169471740722656e+00 3.022092226935636727e+00 1.624069170201727630e+01
6.991166830062866211e+00 2.994091372417371222e+00 1.603068529313028634e+01
7.029124259948730469e+00 2.994091372417371222e+00 1.603068529313028634e+01
7.046506404876708984e+00 3.010091860713523193e+00 1.615068895535142701e+01
7.101899385452270508e+00 2.998091494491409215e+00 1.606068620868556707e+01
7.119149208068847656e+00 2.978090884121219695e+00 1.591068163090914744e+01
7.155247926712036133e+00 3.018092104861598735e+00 1.621069078646198847e+01
7.184801101684570312e+00 3.016092043824579516e+00 1.619569032868434988e+01
7.199391603469848633e+00 3.014091982787560742e+00 1.618068987090670774e+01
7.211147308349609375e+00 3.020092165898617509e+00 1.622569124423963061e+01
7.223984241485595703e+00 3.014091982787560742e+00 1.618068987090670774e+01
7.236531972885131836e+00 3.020092165898617509e+00 1.622569124423963061e+01
7.247846126556396484e+00 3.012091921750541523e+00 1.616568941312905849e+01
7.260363578796386719e+00 3.022092226935636727e+00 1.624069170201727630e+01
7.276577472686767578e+00 3.004091677602465982e+00 1.610568758201849704e+01
7.302144765853881836e+00 3.022092226935636727e+00 1.624069170201727630e+01
7.333639860153198242e+00 2.998091494491409215e+00 1.606068620868556707e+01
7.355766296386718750e+00 3.030092471083712713e+00 1.630069353312784841e+01
7.370163202285766602e+00 3.020092165898617509e+00 1.622569124423963061e+01
7.384754657745361328e+00 2.966090517899106160e+00 1.582067888424329638e+01
7.397792100906372070e+00 3.024092287972655502e+00 1.625569215979491844e+01
7.411375761032104492e+00 3.006091738639485200e+00 1.612068803979613563e+01
7.445364236831665039e+00 3.006091738639485200e+00 1.612068803979613563e+01
7.462606906890869141e+00 3.018092104861598735e+00 1.621069078646198847e+01
7.517913103103637695e+00 2.988091189306314455e+00 1.598568391979735814e+01
7.532313346862792969e+00 2.956090212714010956e+00 1.574567659535508213e+01
7.559292793273925781e+00 3.018092104861598735e+00 1.621069078646198847e+01
7.589999914169311523e+00 3.012091921750541523e+00 1.616568941312905849e+01
7.619100093841552734e+00 3.018092104861598735e+00 1.621069078646198847e+01
7.664055585861206055e+00 3.008091799676503975e+00 1.613568849757377777e+01
7.676224708557128906e+00 3.020092165898617509e+00 1.622569124423963061e+01
7.708538293838500977e+00 3.014091982787560742e+00 1.618068987090670774e+01
7.742544651031494141e+00 3.010091860713523193e+00 1.615068895535142701e+01
7.757974624633789062e+00 3.016092043824579516e+00 1.619569032868434988e+01
7.771247386932373047e+00 3.020092165898617509e+00 1.622569124423963061e+01
7.784349203109741211e+00 3.006091738639485200e+00 1.612068803979613563e+01
7.796662807464599609e+00 2.994091372417371222e+00 1.603068529313028634e+01
7.812322378158569336e+00 3.014091982787560742e+00 1.618068987090670774e+01
7.826951742172241211e+00 2.996091433454389996e+00 1.604568575090792848e+01
7.841210365295410156e+00 3.020092165898617509e+00 1.622569124423963061e+01
7.867223739624023438e+00 3.006091738639485200e+00 1.612068803979613563e+01
7.904548406600952148e+00 3.006091738639485200e+00 1.612068803979613563e+01
7.919216632843017578e+00 3.006091738639485200e+00 1.612068803979613563e+01
7.932607173919677734e+00 2.984091067232276462e+00 1.595568300424207386e+01
7.945357322692871094e+00 3.018092104861598735e+00 1.621069078646198847e+01
7.956321716308593750e+00 3.018092104861598735e+00 1.621069078646198847e+01
7.978474855422973633e+00 2.942089785454878648e+00 1.564067339091159070e+01
8.012986183166503906e+00 2.998091494491409215e+00 1.606068620868556707e+01
8.071397542953491211e+00 2.998091494491409215e+00 1.606068620868556707e+01
8.084680557250976562e+00 2.948089968565935415e+00 1.568567476424451534e+01
8.108454227447509766e+00 3.008091799676503975e+00 1.613568849757377777e+01
8.137128114700317383e+00 3.008091799676503975e+00 1.613568849757377777e+01
8.154604911804199219e+00 3.004091677602465982e+00 1.610568758201849704e+01
8.168047904968261719e+00 3.018092104861598735e+00 1.621069078646198847e+01
8.181180477142333984e+00 3.026092349009674720e+00 1.627069261757255703e+01
8.192310333251953125e+00 3.018092104861598735e+00 1.621069078646198847e+01
8.205188512802124023e+00 3.010091860713523193e+00 1.615068895535142701e+01
8.216734647750854492e+00 3.020092165898617509e+00 1.622569124423963061e+01
8.228742122650146484e+00 3.014091982787560742e+00 1.618068987090670774e+01
8.241505146026611328e+00 2.998091494491409215e+00 1.606068620868556707e+01
8.253011703491210938e+00 3.004091677602465982e+00 1.610568758201849704e+01
8.265370845794677734e+00 2.956090212714010956e+00 1.574567659535508213e+01
8.315047740936279297e+00 3.002091616565447207e+00 1.609068712424085490e+01
8.338528156280517578e+00 2.998091494491409215e+00 1.606068620868556707e+01
8.358136415481567383e+00 2.994091372417371222e+00 1.603068529313028634e+01
8.374680280685424805e+00 2.928089358195745451e+00 1.553567018646809039e+01
8.391238451004028320e+00 3.008091799676503975e+00 1.613568849757377777e+01
8.428606986999511719e+00 2.994091372417371222e+00 1.603068529313028634e+01
8.445688724517822266e+00 3.006091738639485200e+00 1.612068803979613563e+01
8.500744342803955078e+00 2.982091006195257687e+00 1.594068254646443350e+01
8.515386581420898438e+00 2.970090639973143709e+00 1.585067979979857711e+01
8.537727117538452148e+00 3.010091860713523193e+00 1.615068895535142701e+01
8.581387281417846680e+00 2.986091128269295680e+00 1.597068346201971778e+01
8.596192121505737305e+00 2.990091250343333229e+00 1.600068437757499851e+01
8.610087156295776367e+00 2.994091372417371222e+00 1.603068529313028634e+01
8.622624158859252930e+00 2.982091006195257687e+00 1.594068254646443350e+01
8.634925603866577148e+00 2.986091128269295680e+00 1.597068346201971778e+01
8.647912025451660156e+00 2.986091128269295680e+00 1.597068346201971778e+01
8.658750057220458984e+00 2.992091311380352003e+00 1.601568483535263709e+01
8.678254127502441406e+00 2.988091189306314455e+00 1.598568391979735814e+01
8.692950963973999023e+00 2.986091128269295680e+00 1.597068346201971778e+01
8.752220153808593750e+00 3.016092043824579516e+00 1.619569032868434988e+01
8.767874479293823242e+00 3.020092165898617509e+00 1.622569124423963061e+01
8.791664361953735352e+00 2.998091494491409215e+00 1.606068620868556707e+01
8.805160284042358398e+00 3.018092104861598735e+00 1.621069078646198847e+01
8.820294857025146484e+00 2.988091189306314455e+00 1.598568391979735814e+01
8.867104768753051758e+00 2.998091494491409215e+00 1.606068620868556707e+01
8.924507856369018555e+00 2.978090884121219695e+00 1.591068163090914744e+01
8.939448833465576172e+00 2.936089602343821436e+00 1.559567201757866073e+01
8.964622497558593750e+00 3.000091555528427989e+00 1.607568666646320921e+01
8.994523048400878906e+00 2.972090701010162483e+00 1.586568025757621925e+01
9.025713682174682617e+00 3.006091738639485200e+00 1.612068803979613563e+01
9.079159975051879883e+00 2.974090762047181702e+00 1.588068071535386316e+01
9.100114107131958008e+00 3.002091616565447207e+00 1.609068712424085490e+01
9.145179748535156250e+00 2.964090456862086942e+00 1.580567842646565246e+01
9.160764694213867188e+00 2.998091494491409215e+00 1.606068620868556707e+01
9.173814296722412109e+00 3.010091860713523193e+00 1.615068895535142701e+01
9.192522525787353516e+00 2.982091006195257687e+00 1.594068254646443350e+01
9.204654932022094727e+00 3.006091738639485200e+00 1.612068803979613563e+01
9.221383571624755859e+00 3.006091738639485200e+00 1.612068803979613563e+01
9.233949422836303711e+00 3.022092226935636727e+00 1.624069170201727630e+01
9.249279022216796875e+00 3.008091799676503975e+00 1.613568849757377777e+01
9.263237953186035156e+00 3.018092104861598735e+00 1.621069078646198847e+01
9.327498912811279297e+00 3.014091982787560742e+00 1.618068987090670774e+01
9.347809076309204102e+00 3.008091799676503975e+00 1.613568849757377777e+01
9.364900827407836914e+00 2.996091433454389996e+00 1.604568575090792848e+01
9.379144430160522461e+00 3.010091860713523193e+00 1.615068895535142701e+01
9.421382665634155273e+00 3.004091677602465982e+00 1.610568758201849704e+01
9.480868816375732422e+00 3.000091555528427989e+00 1.607568666646320921e+01
9.494064092636108398e+00 2.868087527085176891e+00 1.508565645313882619e+01
9.510847568511962891e+00 2.936089602343821436e+00 1.559567201757866073e+01
9.536245822906494141e+00 2.970090639973143709e+00 1.585067979979857711e+01
9.568810939788818359e+00 2.970090639973143709e+00 1.585067979979857711e+01
9.580808401107788086e+00 2.984091067232276462e+00 1.595568300424207386e+01
9.596633672714233398e+00 2.958090273751030175e+00 1.576067705313272604e+01
9.609905719757080078e+00 2.922089175084689128e+00 1.549066881313516930e+01
9.622532606124877930e+00 2.958090273751030175e+00 1.576067705313272604e+01
9.633836746215820312e+00 2.964090456862086942e+00 1.580567842646565246e+01
9.650878190994262695e+00 2.954090151676992182e+00 1.573067613757744176e+01
9.666879177093505859e+00 2.966090517899106160e+00 1.582067888424329638e+01
9.679671049118041992e+00 2.958090273751030175e+00 1.576067705313272604e+01
9.728984594345092773e+00 2.950090029602954189e+00 1.570067522202215571e+01
9.752196788787841797e+00 2.682081850642414445e+00 1.369061387981810896e+01
9.773952245712280273e+00 2.956090212714010956e+00 1.574567659535508213e+01
9.790675640106201172e+00 2.972090701010162483e+00 1.586568025757621925e+01
9.805071115493774414e+00 2.964090456862086942e+00 1.580567842646565246e+01
9.839890480041503906e+00 2.962090395825068168e+00 1.579067796868801210e+01
9.857439041137695312e+00 2.974090762047181702e+00 1.588068071535386316e+01
9.912550926208496094e+00 2.942089785454878648e+00 1.564067339091159070e+01
9.926523208618164062e+00 2.928089358195745451e+00 1.553567018646809039e+01
9.961848735809326172e+00 2.964090456862086942e+00 1.580567842646565246e+01
9.994919061660766602e+00 2.954090151676992182e+00 1.573067613757744176e+01
1.000750946998596191e+01 2.946089907528916640e+00 1.567067430646687498e+01
1.001951336860656738e+01 2.954090151676992182e+00 1.573067613757744176e+01
1.003196501731872559e+01 2.966090517899106160e+00 1.582067888424329638e+01
1.004687094688415527e+01 2.958090273751030175e+00 1.576067705313272604e+01
1.006055951118469238e+01 2.878087832270272095e+00 1.516065874202704045e+01
1.007730484008789062e+01 2.960090334788048949e+00 1.577567751091036641e+01
1.009269928932189941e+01 2.960090334788048949e+00 1.577567751091036641e+01
1.015097761154174805e+01 2.962090395825068168e+00 1.579067796868801210e+01
1.017357444763183594e+01 2.968090578936124935e+00 1.583567934202093674e+01
1.019080686569213867e+01 2.950090029602954189e+00 1.570067522202215571e+01
1.020456624031066895e+01 2.906088686788537601e+00 1.537066515091403218e+01
1.022631978988647461e+01 2.920089114047669909e+00 1.547566835535752361e+01
1.026453423500061035e+01 2.910088808862575149e+00 1.540066606646931291e+01
1.032259297370910645e+01 2.934089541306802662e+00 1.558067155980102036e+01
1.033629679679870605e+01 2.918089053010651135e+00 1.546066789757988325e+01
1.036380290985107422e+01 2.950090029602954189e+00 1.570067522202215571e+01
1.039458775520324707e+01 2.972090701010162483e+00 1.586568025757621925e+01
1.043038082122802734e+01 2.962090395825068168e+00 1.579067796868801210e+01
1.047161579132080078e+01 2.914088930936613142e+00 1.543066698202459897e+01
1.048993706703186035e+01 2.944089846491897422e+00 1.565567384868923106e+01
1.052536654472351074e+01 2.948089968565935415e+00 1.568567476424451534e+01
1.054281234741210938e+01 2.966090517899106160e+00 1.582067888424329638e+01
1.055529093742370605e+01 2.964090456862086942e+00 1.580567842646565246e+01
1.056665492057800293e+01 2.964090456862086942e+00 1.580567842646565246e+01
1.057977676391601562e+01 2.962090395825068168e+00 1.579067796868801210e+01
1.059259319305419922e+01 2.868087527085176891e+00 1.508565645313882619e+01
1.060355615615844727e+01 2.946089907528916640e+00 1.567067430646687498e+01
1.061591076850891113e+01 2.958090273751030175e+00 1.576067705313272604e+01
1.062711024284362793e+01 2.962090395825068168e+00 1.579067796868801210e+01
1.063948464393615723e+01 2.962090395825068168e+00 1.579067796868801210e+01
1.065726423263549805e+01 2.924089236121707902e+00 1.550566927091280967e+01
1.071869945526123047e+01 2.946089907528916640e+00 1.567067430646687498e+01
1.073222351074218750e+01 2.966090517899106160e+00 1.582067888424329638e+01
1.074789094924926758e+01 2.958090273751030175e+00 1.576067705313272604e+01
1.076565456390380859e+01 2.968090578936124935e+00 1.583567934202093674e+01
1.078455829620361328e+01 2.952090090639972964e+00 1.571567567979979785e+01
1.081653571128845215e+01 2.958090273751030175e+00 1.576067705313272604e+01
1.083162856101989746e+01 2.942089785454878648e+00 1.564067339091159070e+01
1.088609004020690918e+01 2.910088808862575149e+00 1.540066606646931291e+01
1.089913845062255859e+01 2.914088930936613142e+00 1.543066698202459897e+01
1.092830157279968262e+01 2.896088381603442397e+00 1.529566286202581793e+01
1.095162844657897949e+01 2.938089663380840655e+00 1.561067247535630464e+01
1.097629761695861816e+01 2.960090334788048949e+00 1.577567751091036641e+01
1.099550890922546387e+01 2.956090212714010956e+00 1.574567659535508213e+01
1.101118683815002441e+01 2.964090456862086942e+00 1.580567842646565246e+01
1.102461218833923340e+01 2.966090517899106160e+00 1.582067888424329638e+01
1.103727221488952637e+01 2.958090273751030175e+00 1.576067705313272604e+01
1.104878354072570801e+01 2.956090212714010956e+00 1.574567659535508213e+01
1.106063532829284668e+01 2.964090456862086942e+00 1.580567842646565246e+01
1.107248330116271973e+01 2.946089907528916640e+00 1.567067430646687498e+01
1.112904667854309082e+01 2.950090029602954189e+00 1.570067522202215571e+01
1.115053343772888184e+01 2.956090212714010956e+00 1.574567659535508213e+01
1.116444540023803711e+01 2.950090029602954189e+00 1.570067522202215571e+01
1.117967844009399414e+01 2.964090456862086942e+00 1.580567842646565246e+01
1.120302057266235352e+01 2.960090334788048949e+00 1.577567751091036641e+01
1.124461269378662109e+01 2.962090395825068168e+00 1.579067796868801210e+01
1.130358433723449707e+01 2.970090639973143709e+00 1.585067979979857711e+01
1.131738281250000000e+01 2.918089053010651135e+00 1.546066789757988325e+01
1.135260415077209473e+01 2.964090456862086942e+00 1.580567842646565246e+01
1.138914179801940918e+01 2.976090823084200476e+00 1.589568117313150353e+01
1.140425539016723633e+01 2.962090395825068168e+00 1.579067796868801210e+01
1.141606092453002930e+01 2.942089785454878648e+00 1.564067339091159070e+01
1.142801332473754883e+01 2.964090456862086942e+00 1.580567842646565246e+01
1.144053697586059570e+01 2.950090029602954189e+00 1.570067522202215571e+01
1.145186543464660645e+01 2.924089236121707902e+00 1.550566927091280967e+01
1.146367239952087402e+01 2.958090273751030175e+00 1.576067705313272604e+01
1.148250174522399902e+01 2.940089724417859429e+00 1.562567293313394501e+01
1.154363107681274414e+01 2.942089785454878648e+00 1.564067339091159070e+01
1.156507062911987305e+01 2.940089724417859429e+00 1.562567293313394501e+01
1.158234906196594238e+01 2.980090945158238469e+00 1.592568208868678781e+01
1.159677195549011230e+01 2.956090212714010956e+00 1.574567659535508213e+01
1.160989761352539062e+01 2.958090273751030175e+00 1.576067705313272604e+01
1.163111615180969238e+01 2.954090151676992182e+00 1.573067613757744176e+01
1.165577697753906250e+01 2.946089907528916640e+00 1.567067430646687498e+01
1.171441817283630371e+01 2.942089785454878648e+00 1.564067339091159070e+01
1.172791361808776855e+01 2.870087588122196109e+00 1.510065691091647011e+01
1.175079798698425293e+01 2.954090151676992182e+00 1.573067613757744176e+01
1.177974820137023926e+01 2.900088503677480389e+00 1.532566377758110221e+01
1.181005907058715820e+01 2.942089785454878648e+00 1.564067339091159070e+01
1.184309673309326172e+01 2.940089724417859429e+00 1.562567293313394501e+01
1.187762761116027832e+01 3.016092043824579516e+00 1.619569032868434988e+01
1.189036726951599121e+01 2.998091494491409215e+00 1.606068620868556707e+01
1.193439412117004395e+01 3.012091921750541523e+00 1.616568941312905849e+01
1.195231604576110840e+01 3.006091738639485200e+00 1.612068803979613563e+01
1.196353101730346680e+01 3.022092226935636727e+00 1.624069170201727630e+01
1.197513508796691895e+01 3.020092165898617509e+00 1.622569124423963061e+01
1.198806476593017578e+01 3.016092043824579516e+00 1.619569032868434988e+01
1.200066423416137695e+01 2.992091311380352003e+00 1.601568483535263709e+01
1.201218199729919434e+01 3.016092043824579516e+00 1.619569032868434988e+01
1.202412700653076172e+01 3.014091982787560742e+00 1.618068987090670774e+01
1.203592514991760254e+01 3.018092104861598735e+00 1.621069078646198847e+01
1.204756689071655273e+01 3.004091677602465982e+00 1.610568758201849704e+01
1.205934786796569824e+01 3.006091738639485200e+00 1.612068803979613563e+01
1.210874295234680176e+01 3.006091738639485200e+00 1.612068803979613563e+01
1.212750887870788574e+01 3.022092226935636727e+00 1.624069170201727630e+01
1.214315009117126465e+01 3.016092043824579516e+00 1.619569032868434988e+01
1.216751933097839355e+01 3.010091860713523193e+00 1.615068895535142701e+01
1.219344568252563477e+01 2.980090945158238469e+00 1.592568208868678781e+01
1.222136974334716797e+01 3.000091555528427989e+00 1.607568666646320921e+01
1.223717832565307617e+01 2.966090517899106160e+00 1.582067888424329638e+01
1.229216051101684570e+01 2.988091189306314455e+00 1.598568391979735814e+01
1.230584836006164551e+01 2.980090945158238469e+00 1.592568208868678781e+01
1.232658410072326660e+01 2.998091494491409215e+00 1.606068620868556707e+01
1.235675740242004395e+01 2.964090456862086942e+00 1.580567842646565246e+01
1.239679503440856934e+01 2.956090212714010956e+00 1.574567659535508213e+01
1.242080283164978027e+01 3.020092165898617509e+00 1.622569124423963061e+01
1.243360495567321777e+01 3.002091616565447207e+00 1.609068712424085490e+01
1.244872331619262695e+01 3.004091677602465982e+00 1.610568758201849704e+01
1.246025729179382324e+01 3.014091982787560742e+00 1.618068987090670774e+01
1.247196006774902344e+01 3.014091982787560742e+00 1.618068987090670774e+01
1.248529410362243652e+01 3.004091677602465982e+00 1.610568758201849704e+01
1.252280116081237793e+01 3.020092165898617509e+00 1.622569124423963061e+01
1.255245923995971680e+01 2.970090639973143709e+00 1.585067979979857711e+01
1.256709551811218262e+01 3.024092287972655502e+00 1.625569215979491844e+01
1.257977247238159180e+01 2.984091067232276462e+00 1.595568300424207386e+01
1.260022473335266113e+01 3.000091555528427989e+00 1.607568666646320921e+01
1.261612987518310547e+01 3.004091677602465982e+00 1.610568758201849704e+01
1.266780781745910645e+01 3.016092043824579516e+00 1.619569032868434988e+01
1.272569298744201660e+01 2.994091372417371222e+00 1.603068529313028634e+01
1.273940348625183105e+01 2.974090762047181702e+00 1.588068071535386316e+01
1.276535010337829590e+01 3.014091982787560742e+00 1.618068987090670774e+01
1.278652811050415039e+01 3.020092165898617509e+00 1.622569124423963061e+01
1.281136512756347656e+01 3.012091921750541523e+00 1.616568941312905849e+01
1.282680511474609375e+01 3.016092043824579516e+00 1.619569032868434988e+01
1.284066224098205566e+01 3.012091921750541523e+00 1.616568941312905849e+01
1.285326027870178223e+01 3.020092165898617509e+00 1.622569124423963061e+01
1.286442494392395020e+01 3.020092165898617509e+00 1.622569124423963061e+01
1.287683701515197754e+01 2.996091433454389996e+00 1.604568575090792848e+01
1.288789916038513184e+01 3.008091799676503975e+00 1.613568849757377777e+01
1.290048694610595703e+01 2.968090578936124935e+00 1.583567934202093674e+01
1.291228175163269043e+01 3.012091921750541523e+00 1.616568941312905849e+01
1.296270680427551270e+01 2.980090945158238469e+00 1.592568208868678781e+01
1.298225450515747070e+01 3.010091860713523193e+00 1.615068895535142701e+01
1.300068473815917969e+01 3.024092287972655502e+00 1.625569215979491844e+01
1.301978302001953125e+01 3.016092043824579516e+00 1.619569032868434988e+01
1.303721404075622559e+01 3.014091982787560742e+00 1.618068987090670774e+01
1.305941081047058105e+01 3.000091555528427989e+00 1.607568666646320921e+01
1.308736824989318848e+01 3.010091860713523193e+00 1.615068895535142701e+01
1.314878249168395996e+01 2.996091433454389996e+00 1.604568575090792848e+01
1.316689586639404297e+01 2.966090517899106160e+00 1.582067888424329638e+01
1.319780421257019043e+01 3.018092104861598735e+00 1.621069078646198847e+01
1.323185420036315918e+01 3.030092471083712713e+00 1.630069353312784841e+01
1.329127907752990723e+01 3.012091921750541523e+00 1.616568941312905849e+01
1.330585217475891113e+01 3.000091555528427989e+00 1.607568666646320921e+01
1.333584594726562500e+01 2.962090395825068168e+00 1.579067796868801210e+01
1.336839771270751953e+01 3.012091921750541523e+00 1.616568941312905849e+01
1.338024258613586426e+01 3.004091677602465982e+00 1.610568758201849704e+01
1.339038848876953125e+01 3.016092043824579516e+00 1.619569032868434988e+01
1.340140771865844727e+01 3.018092104861598735e+00 1.621069078646198847e+01
1.341373729705810547e+01 3.010091860713523193e+00 1.615068895535142701e+01
1.342561244964599609e+01 3.000091555528427989e+00 1.607568666646320921e+01
1.343732047080993652e+01 3.010091860713523193e+00 1.615068895535142701e+01
1.344988083839416504e+01 2.978090884121219695e+00 1.591068163090914744e+01
1.346179223060607910e+01 2.994091372417371222e+00 1.603068529313028634e+01
1.347351670265197754e+01 2.990091250343333229e+00 1.600068437757499851e+01
1.351923489570617676e+01 3.012091921750541523e+00 1.616568941312905849e+01
1.354236674308776855e+01 3.008091799676503975e+00 1.613568849757377777e+01
1.355965137481689453e+01 3.016092043824579516e+00 1.619569032868434988e+01
1.357659077644348145e+01 2.960090334788048949e+00 1.577567751091036641e+01
1.359137177467346191e+01 2.996091433454389996e+00 1.604568575090792848e+01
1.363192677497863770e+01 2.992091311380352003e+00 1.601568483535263709e+01
1.364930152893066406e+01 3.006091738639485200e+00 1.612068803979613563e+01
1.370386123657226562e+01 2.950090029602954189e+00 1.570067522202215571e+01
1.371696019172668457e+01 2.964090456862086942e+00 1.580567842646565246e+01
1.373719549179077148e+01 3.012091921750541523e+00 1.616568941312905849e+01
1.377856373786926270e+01 3.014091982787560742e+00 1.618068987090670774e+01
1.379472160339355469e+01 2.984091067232276462e+00 1.595568300424207386e+01
1.380757093429565430e+01 3.016092043824579516e+00 1.619569032868434988e+01
1.382030773162841797e+01 3.002091616565447207e+00 1.609068712424085490e+01
1.383247303962707520e+01 3.006091738639485200e+00 1.612068803979613563e+01
1.384432268142700195e+01 3.018092104861598735e+00 1.621069078646198847e+01
1.385553812980651855e+01 3.020092165898617509e+00 1.622569124423963061e+01
1.387267947196960449e+01 2.994091372417371222e+00 1.603068529313028634e+01
1.388792681694030762e+01 3.018092104861598735e+00 1.621069078646198847e+01
1.395011806488037109e+01 3.008091799676503975e+00 1.613568849757377777e+01
1.396518301963806152e+01 3.018092104861598735e+00 1.621069078646198847e+01
1.398111033439636230e+01 3.012091921750541523e+00 1.616568941312905849e+01
1.399439835548400879e+01 3.014091982787560742e+00 1.618068987090670774e+01
1.400726485252380371e+01 3.002091616565447207e+00 1.609068712424085490e+01
1.402540493011474609e+01 3.010091860713523193e+00 1.615068895535142701e+01
1.405950522422790527e+01 3.008091799676503975e+00 1.613568849757377777e+01
1.411779069900512695e+01 3.000091555528427989e+00 1.607568666646320921e+01
1.413100814819335938e+01 2.940089724417859429e+00 1.562567293313394501e+01
1.415116500854492188e+01 3.018092104861598735e+00 1.621069078646198847e+01
1.418082380294799805e+01 3.004091677602465982e+00 1.610568758201849704e+01
1.420337152481079102e+01 2.982091006195257687e+00 1.594068254646443350e+01
1.421548414230346680e+01 3.000091555528427989e+00 1.607568666646320921e+01
1.422758364677429199e+01 2.972090701010162483e+00 1.586568025757621925e+01
1.423955011367797852e+01 3.020092165898617509e+00 1.622569124423963061e+01
1.425163960456848145e+01 3.018092104861598735e+00 1.621069078646198847e+01
1.426456212997436523e+01 2.982091006195257687e+00 1.594068254646443350e+01
1.427575993537902832e+01 3.006091738639485200e+00 1.612068803979613563e+01
1.428738951683044434e+01 3.020092165898617509e+00 1.622569124423963061e+01
1.429877591133117676e+01 2.976090823084200476e+00 1.589568117313150353e+01
1.432469511032104492e+01 3.014091982787560742e+00 1.618068987090670774e+01
1.437372279167175293e+01 3.012091921750541523e+00 1.616568941312905849e+01
1.439406156539916992e+01 3.010091860713523193e+00 1.615068895535142701e+01
1.441105246543884277e+01 3.016092043824579516e+00 1.619569032868434988e+01
1.443268418312072754e+01 3.016092043824579516e+00 1.619569032868434988e+01
1.444887971878051758e+01 2.964090456862086942e+00 1.580567842646565246e+01
1.449366426467895508e+01 3.014091982787560742e+00 1.618068987090670774e+01
1.455181860923767090e+01 2.996091433454389996e+00 1.604568575090792848e+01
1.456458306312561035e+01 2.968090578936124935e+00 1.583567934202093674e+01
1.458616065979003906e+01 3.012091921750541523e+00 1.616568941312905849e+01
1.461585330963134766e+01 3.010091860713523193e+00 1.615068895535142701e+01
1.464429283142089844e+01 3.020092165898617509e+00 1.622569124423963061e+01
1.467415738105773926e+01 3.012091921750541523e+00 1.616568941312905849e+01
1.470946359634399414e+01 3.010091860713523193e+00 1.615068895535142701e+01
1.473065209388732910e+01 3.020092165898617509e+00 1.622569124423963061e+01
1.477092432975769043e+01 3.014091982787560742e+00 1.618068987090670774e+01
1.478728342056274414e+01 2.962090395825068168e+00 1.579067796868801210e+01
1.479952764511108398e+01 3.022092226935636727e+00 1.624069170201727630e+01
1.481316900253295898e+01 2.998091494491409215e+00 1.606068620868556707e+01
1.482454919815063477e+01 3.014091982787560742e+00 1.618068987090670774e+01
1.483601903915405273e+01 3.024092287972655502e+00 1.625569215979491844e+01
1.484800386428833008e+01 3.024092287972655502e+00 1.625569215979491844e+01
1.485988879203796387e+01 3.022092226935636727e+00 1.624069170201727630e+01
1.487686824798583984e+01 2.980090945158238469e+00 1.592568208868678781e+01
1.490090060234069824e+01 3.022092226935636727e+00 1.624069170201727630e+01
1.494116687774658203e+01 3.002091616565447207e+00 1.609068712424085490e+01
1.495706295967102051e+01 2.976090823084200476e+00 1.589568117313150353e+01
1.497000312805175781e+01 3.000091555528427989e+00 1.607568666646320921e+01
1.498379445075988770e+01 3.016092043824579516e+00 1.619569032868434988e+01
1.499817371368408203e+01 3.020092165898617509e+00 1.622569124423963061e+01
1.501090097427368164e+01 3.018092104861598735e+00 1.621069078646198847e+01
1.504767632484436035e+01 3.004091677602465982e+00 1.610568758201849704e+01
1.506267023086547852e+01 3.008091799676503975e+00 1.613568849757377777e+01
1.511647343635559082e+01 2.988091189306314455e+00 1.598568391979735814e+01
1.512993693351745605e+01 2.966090517899106160e+00 1.582067888424329638e+01
1.515010428428649902e+01 3.002091616565447207e+00 1.609068712424085490e+01
1.519152760505676270e+01 3.008091799676503975e+00 1.613568849757377777e+01
1.520764994621276855e+01 3.012091921750541523e+00 1.616568941312905849e+01
1.522112154960632324e+01 3.010091860713523193e+00 1.615068895535142701e+01
1.523290801048278809e+01 2.976090823084200476e+00 1.589568117313150353e+01
1.524559330940246582e+01 3.008091799676503975e+00 1.613568849757377777e+01
1.525785088539123535e+01 3.018092104861598735e+00 1.621069078646198847e+01
1.526868128776550293e+01 3.020092165898617509e+00 1.622569124423963061e+01
1.528135728836059570e+01 3.028092410046693495e+00 1.628569307535019917e+01
1.529566383361816406e+01 2.994091372417371222e+00 1.603068529313028634e+01
1.531049251556396484e+01 3.014091982787560742e+00 1.618068987090670774e+01
1.536205935478210449e+01 3.012091921750541523e+00 1.616568941312905849e+01
1.537711310386657715e+01 3.008091799676503975e+00 1.613568849757377777e+01
1.539147233963012695e+01 3.008091799676503975e+00 1.613568849757377777e+01
1.540884470939636230e+01 3.008091799676503975e+00 1.613568849757377777e+01
1.542226600646972656e+01 3.004091677602465982e+00 1.610568758201849704e+01
1.544739913940429688e+01 3.004091677602465982e+00 1.610568758201849704e+01
1.547940969467163086e+01 3.024092287972655502e+00 1.625569215979491844e+01
1.553543758392333984e+01 2.994091372417371222e+00 1.603068529313028634e+01
1.554925394058227539e+01 2.982091006195257687e+00 1.594068254646443350e+01
1.557509946823120117e+01 3.012091921750541523e+00 1.616568941312905849e+01
1.560915279388427734e+01 3.016092043824579516e+00 1.619569032868434988e+01
1.562385416030883789e+01 3.018092104861598735e+00 1.621069078646198847e+01
1.563739728927612305e+01 3.012091921750541523e+00 1.616568941312905849e+01
1.564932274818420410e+01 3.020092165898617509e+00 1.622569124423963061e+01
1.566175365447998047e+01 2.996091433454389996e+00 1.604568575090792848e+01
1.567312049865722656e+01 3.018092104861598735e+00 1.621069078646198847e+01
1.568530845642089844e+01 3.002091616565447207e+00 1.609068712424085490e+01
1.569780158996582031e+01 3.000091555528427989e+00 1.607568666646320921e+01
1.570885634422302246e+01 2.966090517899106160e+00 1.582067888424329638e+01
1.572130322456359863e+01 2.946089907528916640e+00 1.567067430646687498e+01
1.576960158348083496e+01 3.012091921750541523e+00 1.616568941312905849e+01
1.579384708404541016e+01 3.016092043824579516e+00 1.619569032868434988e+01
1.580747914314270020e+01 2.980090945158238469e+00 1.592568208868678781e+01
1.582318592071533203e+01 3.010091860713523193e+00 1.615068895535142701e+01
1.584481167793273926e+01 3.020092165898617509e+00 1.622569124423963061e+01
1.588227748870849609e+01 3.020092165898617509e+00 1.622569124423963061e+01
1.589777278900146484e+01 3.004091677602465982e+00 1.610568758201849704e+01
1.595225286483764648e+01 2.994091372417371222e+00 1.603068529313028634e+01
1.596614480018615723e+01 2.948089968565935415e+00 1.568567476424451534e+01
1.598844122886657715e+01 3.010091860713523193e+00 1.615068895535142701e+01
1.601719737052917480e+01 3.016092043824579516e+00 1.619569032868434988e+01
1.604798793792724609e+01 3.016092043824579516e+00 1.619569032868434988e+01
1.607512044906616211e+01 3.024092287972655502e+00 1.625569215979491844e+01
1.610569906234741211e+01 3.002091616565447207e+00 1.609068712424085490e+01
1.613454961776733398e+01 3.018092104861598735e+00 1.621069078646198847e+01
1.616691374778747559e+01 3.016092043824579516e+00 1.619569032868434988e+01
1.618382191658020020e+01 3.010091860713523193e+00 1.615068895535142701e+01
1.619608116149902344e+01 3.016092043824579516e+00 1.619569032868434988e+01
1.620833826065063477e+01 2.974090762047181702e+00 1.588068071535386316e+01
1.622057175636291504e+01 3.008091799676503975e+00 1.613568849757377777e+01
1.623370862007141113e+01 2.994091372417371222e+00 1.603068529313028634e+01
1.624454641342163086e+01 3.014091982787560742e+00 1.618068987090670774e+01
1.625886821746826172e+01 3.010091860713523193e+00 1.615068895535142701e+01
1.627531504631042480e+01 2.946089907528916640e+00 1.567067430646687498e+01
1.630559945106506348e+01 3.014091982787560742e+00 1.618068987090670774e+01
1.634376311302185059e+01 2.998091494491409215e+00 1.606068620868556707e+01
1.635615849494934082e+01 2.960090334788048949e+00 1.577567751091036641e+01
1.636945509910583496e+01 3.016092043824579516e+00 1.619569032868434988e+01
1.638324952125549316e+01 3.016092043824579516e+00 1.619569032868434988e+01
1.639924216270446777e+01 3.010091860713523193e+00 1.615068895535142701e+01
1.644411325454711914e+01 3.002091616565447207e+00 1.609068712424085490e+01
1.645927095413208008e+01 2.998091494491409215e+00 1.606068620868556707e+01
1.651361989974975586e+01 2.994091372417371222e+00 1.603068529313028634e+01
1.652705359458923340e+01 2.952090090639972964e+00 1.571567567979979785e+01
1.655645513534545898e+01 3.010091860713523193e+00 1.615068895535142701e+01
1.657821559906005859e+01 2.968090578936124935e+00 1.583567934202093674e+01
1.659985351562500000e+01 3.014091982787560742e+00 1.618068987090670774e+01
1.661400508880615234e+01 2.994091372417371222e+00 1.603068529313028634e+01
1.662883496284484863e+01 3.004091677602465982e+00 1.610568758201849704e+01
1.664339900016784668e+01 3.012091921750541523e+00 1.616568941312905849e+01
1.665561866760253906e+01 3.016092043824579516e+00 1.619569032868434988e+01
1.666667485237121582e+01 3.020092165898617509e+00 1.622569124423963061e+01
1.667958760261535645e+01 2.972090701010162483e+00 1.586568025757621925e+01
1.669077992439270020e+01 3.018092104861598735e+00 1.621069078646198847e+01
1.670255899429321289e+01 3.004091677602465982e+00 1.610568758201849704e+01
1.674956369400024414e+01 2.968090578936124935e+00 1.583567934202093674e+01
1.676641821861267090e+01 3.008091799676503975e+00 1.613568849757377777e+01
1.677949476242065430e+01 3.014091982787560742e+00 1.618068987090670774e+01
1.679291963577270508e+01 3.020092165898617509e+00 1.622569124423963061e+01
1.680653977394104004e+01 3.020092165898617509e+00 1.622569124423963061e+01
1.682018589973449707e+01 2.988091189306314455e+00 1.598568391979735814e+01
1.683465266227722168e+01 2.946089907528916640e+00 1.567067430646687498e+01
1.687724280357360840e+01 2.952090090639972964e+00 1.571567567979979785e+01
1.693685960769653320e+01 2.948089968565935415e+00 1.568567476424451534e+01
1.695028090476989746e+01 2.640080568865016630e+00 1.337560426648762402e+01
1.697408723831176758e+01 2.940089724417859429e+00 1.562567293313394501e+01
1.701398754119873047e+01 2.960090334788048949e+00 1.577567751091036641e+01
1.702878189086914062e+01 2.956090212714010956e+00 1.574567659535508213e+01
1.704341101646423340e+01 2.956090212714010956e+00 1.574567659535508213e+01
1.705528569221496582e+01 2.694082216864528423e+00 1.378061662648396357e+01
1.706791019439697266e+01 2.954090151676992182e+00 1.573067613757744176e+01
1.708473610877990723e+01 2.950090029602954189e+00 1.570067522202215571e+01
1.710098886489868164e+01 2.974090762047181702e+00 1.588068071535386316e+01
1.711324930191040039e+01 2.972090701010162483e+00 1.586568025757621925e+01
1.712533211708068848e+01 2.946089907528916640e+00 1.567067430646687498e+01
1.718178224563598633e+01 2.972090701010162483e+00 1.586568025757621925e+01
1.719748687744140625e+01 2.950090029602954189e+00 1.570067522202215571e+01
1.721252179145812988e+01 2.972090701010162483e+00 1.586568025757621925e+01
1.722715497016906738e+01 2.938089663380840655e+00 1.561067247535630464e+01
1.724445343017578125e+01 2.924089236121707902e+00 1.550566927091280967e+01
1.726316475868225098e+01 2.956090212714010956e+00 1.574567659535508213e+01
1.729041385650634766e+01 2.962090395825068168e+00 1.579067796868801210e+01
1.730543136596679688e+01 2.954090151676992182e+00 1.573067613757744176e+01
1.736815261840820312e+01 2.914088930936613142e+00 1.543066698202459897e+01
1.738438844680786133e+01 2.978090884121219695e+00 1.591068163090914744e+01
1.741910958290100098e+01 2.950090029602954189e+00 1.570067522202215571e+01
1.744752120971679688e+01 2.958090273751030175e+00 1.576067705313272604e+01
1.747714424133300781e+01 2.974090762047181702e+00 1.588068071535386316e+01
1.751223611831665039e+01 2.928089358195745451e+00 1.553567018646809039e+01
1.753049564361572266e+01 2.950090029602954189e+00 1.570067522202215571e+01
1.757364296913146973e+01 2.958090273751030175e+00 1.576067705313272604e+01
1.758915805816650391e+01 2.952090090639972964e+00 1.571567567979979785e+01
1.760407161712646484e+01 2.932089480269783444e+00 1.556567110202337645e+01
1.761595392227172852e+01 2.954090151676992182e+00 1.573067613757744176e+01
1.762818098068237305e+01 2.960090334788048949e+00 1.577567751091036641e+01
1.763995432853698730e+01 2.958090273751030175e+00 1.576067705313272604e+01
1.765231037139892578e+01 2.966090517899106160e+00 1.582067888424329638e+01
1.766405439376831055e+01 2.948089968565935415e+00 1.568567476424451534e+01
1.767511940002441406e+01 2.938089663380840655e+00 1.561067247535630464e+01
1.769414710998535156e+01 2.940089724417859429e+00 1.562567293313394501e+01
1.773424172401428223e+01 2.950090029602954189e+00 1.570067522202215571e+01
1.775740218162536621e+01 2.950090029602954189e+00 1.570067522202215571e+01
1.777523612976074219e+01 2.958090273751030175e+00 1.576067705313272604e+01
1.779559421539306641e+01 2.916088991973631916e+00 1.544566743980223933e+01
1.781914210319519043e+01 2.950090029602954189e+00 1.570067522202215571e+01
1.785595750808715820e+01 2.938089663380840655e+00 1.561067247535630464e+01
1.791467785835266113e+01 2.942089785454878648e+00 1.564067339091159070e+01
1.792754292488098145e+01 2.874087710196234102e+00 1.513065782647175617e+01
1.794330573081970215e+01 2.926089297158727121e+00 1.552066972869045358e+01
1.797291707992553711e+01 2.966090517899106160e+00 1.582067888424329638e+01
1.800599837303161621e+01 2.960090334788048949e+00 1.577567751091036641e+01
1.802231073379516602e+01 2.950090029602954189e+00 1.570067522202215571e+01
1.803613710403442383e+01 2.962090395825068168e+00 1.579067796868801210e+01
1.804973149299621582e+01 2.938089663380840655e+00 1.561067247535630464e+01
1.806114602088928223e+01 2.956090212714010956e+00 1.574567659535508213e+01
1.807367277145385742e+01 2.938089663380840655e+00 1.561067247535630464e+01
1.808450150489807129e+01 2.918089053010651135e+00 1.546066789757988325e+01
1.810093688964843750e+01 2.954090151676992182e+00 1.573067613757744176e+01
1.815443038940429688e+01 2.968090578936124935e+00 1.583567934202093674e+01
1.817337679862976074e+01 2.960090334788048949e+00 1.577567751091036641e+01
1.818969416618347168e+01 2.936089602343821436e+00 1.559567201757866073e+01
1.820762562751770020e+01 2.958090273751030175e+00 1.576067705313272604e+01
1.822652339935302734e+01 2.962090395825068168e+00 1.579067796868801210e+01
1.826841616630554199e+01 2.966090517899106160e+00 1.582067888424329638e+01
1.828436660766601562e+01 2.960090334788048949e+00 1.577567751091036641e+01
1.833890867233276367e+01 2.932089480269783444e+00 1.556567110202337645e+01
1.835269236564636230e+01 2.916088991973631916e+00 1.544566743980223933e+01
1.837889862060546875e+01 2.968090578936124935e+00 1.583567934202093674e+01
1.839988708496093750e+01 2.956090212714010956e+00 1.574567659535508213e+01
1.842218828201293945e+01 2.944089846491897422e+00 1.565567384868923106e+01
1.843239426612854004e+01 2.948089968565935415e+00 1.568567476424451534e+01
1.844447326660156250e+01 2.954090151676992182e+00 1.573067613757744176e+01
1.845668029785156250e+01 2.896088381603442397e+00 1.529566286202581793e+01
1.846855950355529785e+01 2.964090456862086942e+00 1.580567842646565246e+01
1.848059725761413574e+01 2.952090090639972964e+00 1.571567567979979785e+01
1.849240469932556152e+01 2.968090578936124935e+00 1.583567934202093674e+01
1.850361824035644531e+01 2.910088808862575149e+00 1.540066606646931291e+01
1.851557111740112305e+01 2.966090517899106160e+00 1.582067888424329638e+01
1.852823877334594727e+01 2.954090151676992182e+00 1.573067613757744176e+01
1.858706784248352051e+01 2.954090151676992182e+00 1.573067613757744176e+01
1.860196089744567871e+01 2.950090029602954189e+00 1.570067522202215571e+01
1.861640524864196777e+01 2.964090456862086942e+00 1.580567842646565246e+01
1.863627600669860840e+01 2.942089785454878648e+00 1.564067339091159070e+01
1.865314269065856934e+01 2.928089358195745451e+00 1.553567018646809039e+01
1.868910026550292969e+01 2.952090090639972964e+00 1.571567567979979785e+01
1.870509409904479980e+01 2.944089846491897422e+00 1.565567384868923106e+01
1.876027607917785645e+01 2.942089785454878648e+00 1.564067339091159070e+01
1.877395415306091309e+01 2.900088503677480389e+00 1.532566377758110221e+01
1.879614591598510742e+01 2.954090151676992182e+00 1.573067613757744176e+01
1.882496809959411621e+01 2.968090578936124935e+00 1.583567934202093674e+01
1.885559773445129395e+01 2.898088442640461615e+00 1.531066331980346185e+01
1.890634751319885254e+01 2.964090456862086942e+00 1.580567842646565246e+01
1.891838240623474121e+01 2.962090395825068168e+00 1.579067796868801210e+01
1.896089386940002441e+01 2.946089907528916640e+00 1.567067430646687498e+01
1.898521065711975098e+01 2.964090456862086942e+00 1.580567842646565246e+01
1.899761843681335449e+01 2.962090395825068168e+00 1.579067796868801210e+01
1.901287055015563965e+01 2.954090151676992182e+00 1.573067613757744176e+01
1.902680826187133789e+01 2.960090334788048949e+00 1.577567751091036641e+01
1.903959894180297852e+01 2.960090334788048949e+00 1.577567751091036641e+01
1.905104231834411621e+01 2.964090456862086942e+00 1.580567842646565246e+01
1.906311297416687012e+01 2.972090701010162483e+00 1.586568025757621925e+01
1.907624125480651855e+01 2.940089724417859429e+00 1.562567293313394501e+01
1.910342097282409668e+01 2.940089724417859429e+00 1.562567293313394501e+01
1.914963150024414062e+01 2.954090151676992182e+00 1.573067613757744176e+01
1.916314196586608887e+01 2.960090334788048949e+00 1.577567751091036641e+01
1.917747640609741211e+01 2.960090334788048949e+00 1.577567751091036641e+01
1.919619774818420410e+01 2.962090395825068168e+00 1.579067796868801210e+01
1.921846199035644531e+01 2.950090029602954189e+00 1.570067522202215571e+01
1.926324844360351562e+01 3.010091860713523193e+00 1.615068895535142701e+01
1.932203388214111328e+01 2.986091128269295680e+00 1.597068346201971778e+01
1.933486962318420410e+01 2.948089968565935415e+00 1.568567476424451534e+01
1.935745716094970703e+01 2.990091250343333229e+00 1.600068437757499851e+01
1.938636422157287598e+01 2.970090639973143709e+00 1.585067979979857711e+01
1.940756106376647949e+01 3.018092104861598735e+00 1.621069078646198847e+01
1.942113542556762695e+01 3.004091677602465982e+00 1.610568758201849704e+01
1.943412256240844727e+01 3.014091982787560742e+00 1.618068987090670774e+01
1.944734716415405273e+01 3.014091982787560742e+00 1.618068987090670774e+01
1.945978164672851562e+01 2.996091433454389996e+00 1.604568575090792848e+01
1.947073793411254883e+01 3.018092104861598735e+00 1.621069078646198847e+01
1.948849058151245117e+01 2.996091433454389996e+00 1.604568575090792848e+01
1.950258278846740723e+01 3.006091738639485200e+00 1.612068803979613563e+01
1.951603937149047852e+01 3.032092532120731043e+00 1.631569399090547989e+01
1.957449269294738770e+01 3.000091555528427989e+00 1.607568666646320921e+01
1.959021258354187012e+01 3.020092165898617509e+00 1.622569124423963061e+01
1.960383129119873047e+01 3.006091738639485200e+00 1.612068803979613563e+01
1.961774611473083496e+01 3.024092287972655502e+00 1.625569215979491844e+01
1.963487529754638672e+01 3.018092104861598735e+00 1.621069078646198847e+01
1.965004897117614746e+01 3.006091738639485200e+00 1.612068803979613563e+01
1.967944884300231934e+01 3.006091738639485200e+00 1.612068803979613563e+01
1.969592285156250000e+01 3.018092104861598735e+00 1.621069078646198847e+01
1.975120019912719727e+01 2.996091433454389996e+00 1.604568575090792848e+01
1.976492190361022949e+01 2.982091006195257687e+00 1.594068254646443350e+01
1.979153871536254883e+01 2.970090639973143709e+00 1.585067979979857711e+01
1.983638787269592285e+01 2.998091494491409215e+00 1.606068620868556707e+01
1.985288524627685547e+01 2.992091311380352003e+00 1.601568483535263709e+01
1.986667990684509277e+01 3.016092043824579516e+00 1.619569032868434988e+01
1.987902402877807617e+01 3.018092104861598735e+00 1.621069078646198847e+01
1.989242649078369141e+01 3.006091738639485200e+00 1.612068803979613563e+01
1.990412306785583496e+01 2.998091494491409215e+00 1.606068620868556707e+01
1.991945004463195801e+01 2.994091372417371222e+00 1.603068529313028634e+01
1.993626046180725098e+01 3.020092165898617509e+00 1.622569124423963061e+01
1.998682618141174316e+01 3.008091799676503975e+00 1.613568849757377777e+01
2.001217746734619141e+01 3.006091738639485200e+00 1.612068803979613563e+01
2.002666378021240234e+01 3.024092287972655502e+00 1.625569215979491844e+01
2.004069304466247559e+01 3.010091860713523193e+00 1.615068895535142701e+01
2.005522441864013672e+01 3.004091677602465982e+00 1.610568758201849704e+01
2.007708072662353516e+01 3.018092104861598735e+00 1.621069078646198847e+01
2.011191654205322266e+01 2.960090334788048949e+00 1.577567751091036641e+01
2.017140507698059082e+01 2.990091250343333229e+00 1.600068437757499851e+01
2.018471407890319824e+01 2.976090823084200476e+00 1.589568117313150353e+01
2.020656538009643555e+01 3.018092104861598735e+00 1.621069078646198847e+01
2.023613190650939941e+01 3.020092165898617509e+00 1.622569124423963061e+01
2.026482748985290527e+01 3.020092165898617509e+00 1.622569124423963061e+01
2.029536819458007812e+01 3.022092226935636727e+00 1.624069170201727630e+01
2.033102083206176758e+01 3.024092287972655502e+00 1.625569215979491844e+01
2.036018323898315430e+01 3.000091555528427989e+00 1.607568666646320921e+01
2.038418531417846680e+01 3.020092165898617509e+00 1.622569124423963061e+01
2.039968228340148926e+01 3.014091982787560742e+00 1.618068987090670774e+01
2.041260409355163574e+01 2.960090334788048949e+00 1.577567751091036641e+01
2.042549300193786621e+01 3.008091799676503975e+00 1.613568849757377777e+01
2.043864583969116211e+01 2.992091311380352003e+00 1.601568483535263709e+01
2.044991779327392578e+01 3.006091738639485200e+00 1.612068803979613563e+01
2.046241712570190430e+01 3.014091982787560742e+00 1.618068987090670774e+01
2.047372817993164062e+01 3.016092043824579516e+00 1.619569032868434988e+01
2.048660397529602051e+01 3.004091677602465982e+00 1.610568758201849704e+01
2.049877357482910156e+01 2.988091189306314455e+00 1.598568391979735814e+01
2.050998163223266602e+01 3.016092043824579516e+00 1.619569032868434988e+01
2.055872702598571777e+01 3.010091860713523193e+00 1.615068895535142701e+01
2.057848882675170898e+01 3.012091921750541523e+00 1.616568941312905849e+01
2.059459614753723145e+01 3.014091982787560742e+00 1.618068987090670774e+01
2.060925340652465820e+01 3.014091982787560742e+00 1.618068987090670774e+01
2.062362480163574219e+01 2.972090701010162483e+00 1.586568025757621925e+01
2.063686871528625488e+01 3.018092104861598735e+00 1.621069078646198847e+01
2.067139768600463867e+01 3.010091860713523193e+00 1.615068895535142701e+01
2.068756079673767090e+01 3.016092043824579516e+00 1.619569032868434988e+01
2.074304699897766113e+01 2.988091189306314455e+00 1.598568391979735814e+01
2.075631380081176758e+01 2.950090029602954189e+00 1.570067522202215571e+01
2.077793002128601074e+01 3.008091799676503975e+00 1.613568849757377777e+01
2.080946588516235352e+01 3.006091738639485200e+00 1.612068803979613563e+01
2.083442878723144531e+01 2.994091372417371222e+00 1.603068529313028634e+01
2.084815716743469238e+01 3.028092410046693495e+00 1.628569307535019917e+01
2.086128258705139160e+01 3.022092226935636727e+00 1.624069170201727630e+01
2.087338924407958984e+01 3.006091738639485200e+00 1.612068803979613563e+01
2.089216136932373047e+01 3.010091860713523193e+00 1.615068895535142701e+01
2.090664029121398926e+01 2.966090517899106160e+00 1.582067888424329638e+01
2.092293190956115723e+01 2.958090273751030175e+00 1.576067705313272604e+01
2.095186161994934082e+01 3.016092043824579516e+00 1.619569032868434988e+01
2.099305438995361328e+01 3.006091738639485200e+00 1.612068803979613563e+01
2.100656557083129883e+01 2.962090395825068168e+00 1.579067796868801210e+01
2.101946616172790527e+01 3.008091799676503975e+00 1.613568849757377777e+01
2.104005289077758789e+01 3.000091555528427989e+00 1.607568666646320921e+01
2.105451703071594238e+01 3.014091982787560742e+00 1.618068987090670774e+01
2.110188436508178711e+01 3.016092043824579516e+00 1.619569032868434988e+01
2.116659617424011230e+01 2.994091372417371222e+00 1.603068529313028634e+01
2.118038392066955566e+01 2.978090884121219695e+00 1.591068163090914744e+01
2.121461701393127441e+01 2.978090884121219695e+00 1.591068163090914744e+01
2.123934483528137207e+01 3.012091921750541523e+00 1.616568941312905849e+01
2.125448679924011230e+01 3.018092104861598735e+00 1.621069078646198847e+01
2.126817464828491211e+01 3.004091677602465982e+00 1.610568758201849704e+01
2.128135251998901367e+01 2.998091494491409215e+00 1.606068620868556707e+01
2.129251909255981445e+01 3.018092104861598735e+00 1.621069078646198847e+01
2.131149148941040039e+01 3.016092043824579516e+00 1.619569032868434988e+01
2.132604289054870605e+01 3.008091799676503975e+00 1.613568849757377777e+01
2.133878421783447266e+01 3.014091982787560742e+00 1.618068987090670774e+01
2.134988474845886230e+01 3.014091982787560742e+00 1.618068987090670774e+01
2.140559625625610352e+01 3.010091860713523193e+00 1.615068895535142701e+01
2.142150688171386719e+01 3.024092287972655502e+00 1.625569215979491844e+01
2.143520855903625488e+01 2.992091311380352003e+00 1.601568483535263709e+01
2.145012927055358887e+01 3.024092287972655502e+00 1.625569215979491844e+01
2.146281027793884277e+01 3.010091860713523193e+00 1.615068895535142701e+01
2.147661900520324707e+01 3.022092226935636727e+00 1.624069170201727630e+01
2.151108431816101074e+01 3.002091616565447207e+00 1.609068712424085490e+01
2.152872252464294434e+01 2.976090823084200476e+00 1.589568117313150353e+01
2.158337545394897461e+01 2.998091494491409215e+00 1.606068620868556707e+01
2.159692072868347168e+01 2.972090701010162483e+00 1.586568025757621925e+01
2.161900973320007324e+01 3.010091860713523193e+00 1.615068895535142701e+01
2.164794397354125977e+01 3.008091799676503975e+00 1.613568849757377777e+01
2.168417525291442871e+01 3.004091677602465982e+00 1.610568758201849704e+01
2.172952723503112793e+01 3.014091982787560742e+00 1.618068987090670774e+01
2.174430966377258301e+01 3.016092043824579516e+00 1.619569032868434988e+01
2.178122401237487793e+01 3.004091677602465982e+00 1.610568758201849704e+01
2.180788469314575195e+01 3.022092226935636727e+00 1.624069170201727630e+01
2.182312536239624023e+01 3.004091677602465982e+00 1.610568758201849704e+01
2.183733248710632324e+01 3.020092165898617509e+00 1.622569124423963061e+01
2.184924745559692383e+01 3.018092104861598735e+00 1.621069078646198847e+01
2.186434221267700195e+01 3.018092104861598735e+00 1.621069078646198847e+01
2.187712478637695312e+01 2.968090578936124935e+00 1.583567934202093674e+01
2.188934326171875000e+01 3.008091799676503975e+00 1.613568849757377777e+01
2.190124464035034180e+01 2.998091494491409215e+00 1.606068620868556707e+01
2.191266870498657227e+01 2.994091372417371222e+00 1.603068529313028634e+01
2.196110773086547852e+01 3.008091799676503975e+00 1.613568849757377777e+01
2.198499584197998047e+01 3.014091982787560742e+00 1.618068987090670774e+01
2.199880957603454590e+01 3.016092043824579516e+00 1.619569032868434988e+01
2.201371669769287109e+01 3.004091677602465982e+00 1.610568758201849704e+01
2.203728675842285156e+01 2.966090517899106160e+00 1.582067888424329638e+01
2.207291698455810547e+01 3.014091982787560742e+00 1.618068987090670774e+01
2.209074187278747559e+01 3.000091555528427989e+00 1.607568666646320921e+01
2.214516520500183105e+01 2.978090884121219695e+00 1.591068163090914744e+01
2.215841889381408691e+01 2.978090884121219695e+00 1.591068163090914744e+01
2.217988634109497070e+01 3.010091860713523193e+00 1.615068895535142701e+01
2.222579407691955566e+01 3.014091982787560742e+00 1.618068987090670774e+01
2.223783683776855469e+01 2.974090762047181702e+00 1.588068071535386316e+01
2.225116801261901855e+01 2.992091311380352003e+00 1.601568483535263709e+01
2.226404690742492676e+01 3.018092104861598735e+00 1.621069078646198847e+01
2.227580451965332031e+01 3.014091982787560742e+00 1.618068987090670774e+01
2.228802919387817383e+01 3.016092043824579516e+00 1.619569032868434988e+01
2.229997205734252930e+01 2.956090212714010956e+00 1.574567659535508213e+01
2.231101059913635254e+01 3.020092165898617509e+00 1.622569124423963061e+01
2.232429528236389160e+01 2.998091494491409215e+00 1.606068620868556707e+01
2.233542609214782715e+01 2.970090639973143709e+00 1.585067979979857711e+01
2.239203453063964844e+01 3.018092104861598735e+00 1.621069078646198847e+01
2.240848565101623535e+01 3.012091921750541523e+00 1.616568941312905849e+01
2.242220449447631836e+01 3.022092226935636727e+00 1.624069170201727630e+01
2.243604588508605957e+01 3.016092043824579516e+00 1.619569032868434988e+01
2.245849347114562988e+01 2.964090456862086942e+00 1.580567842646565246e+01
2.249618268013000488e+01 2.962090395825068168e+00 1.579067796868801210e+01
2.251166915893554688e+01 2.948089968565935415e+00 1.568567476424451534e+01
2.256649088859558105e+01 2.994091372417371222e+00 1.603068529313028634e+01
