3.799140429735183716e+03 2.948089968565935415e+00 1.568567476424451534e+01
3.799151584386825562e+03 2.938089663380840655e+00 1.561067247535630464e+01
3.799163553237915039e+03 2.938089663380840655e+00 1.561067247535630464e+01
3.799209793090820312e+03 2.922089175084689128e+00 1.549066881313516930e+01
3.799265557050704956e+03 2.986091128269295680e+00 1.597068346201971778e+01
3.799314907312393188e+03 3.010091860713523193e+00 1.615068895535142701e+01
3.799329072475433350e+03 2.984091067232276462e+00 1.595568300424207386e+01
3.799339674711227417e+03 3.004091677602465982e+00 1.610568758201849704e+01
3.799351049661636353e+03 3.006091738639485200e+00 1.612068803979613563e+01
3.799362698316574097e+03 3.006091738639485200e+00 1.612068803979613563e+01
3.799375364542007446e+03 2.990091250343333229e+00 1.600068437757499851e+01
3.799390539884567261e+03 3.010091860713523193e+00 1.615068895535142701e+01
3.799405297517776489e+03 2.928089358195745451e+00 1.553567018646809039e+01
3.799419472694396973e+03 3.004091677602465982e+00 1.610568758201849704e+01
3.799431514024734497e+03 3.008091799676503975e+00 1.613568849757377777e+01
3.799443424701690674e+03 2.952090090639972964e+00 1.571567567979979785e+01
3.799473013877868652e+03 3.012091921750541523e+00 1.616568941312905849e+01
3.799484267711639404e+03 3.006091738639485200e+00 1.612068803979613563e+01
3.799501946210861206e+03 2.946089907528916640e+00 1.567067430646687498e+01
3.799513587236404419e+03 2.958090273751030175e+00 1.576067705313272604e+01
3.799523899793624878e+03 2.982091006195257687e+00 1.594068254646443350e+01
3.799539879560470581e+03 3.004091677602465982e+00 1.610568758201849704e+01
3.799571435213088989e+03 3.016092043824579516e+00 1.619569032868434988e+01
3.799629838705062866e+03 2.972090701010162483e+00 1.586568025757621925e+01
3.799703454732894897e+03 2.988091189306314455e+00 1.598568391979735814e+01
3.799739957571029663e+03 3.004091677602465982e+00 1.610568758201849704e+01
3.800058210849761963e+03 3.002091616565447207e+00 1.609068712424085490e+01
3.800072704792022705e+03 3.016092043824579516e+00 1.619569032868434988e+01
3.800085229396820068e+03 3.012091921750541523e+00 1.616568941312905849e+01
3.800098446607589722e+03 2.978090884121219695e+00 1.591068163090914744e+01
3.800116878032684326e+03 3.006091738639485200e+00 1.612068803979613563e+01
3.800131500244140625e+03 2.994091372417371222e+00 1.603068529313028634e+01
3.800142957448959351e+03 2.996091433454389996e+00 1.604568575090792848e+01
3.800153754234313965e+03 2.998091494491409215e+00 1.606068620868556707e+01
3.800166700363159180e+03 2.942089785454878648e+00 1.564067339091159070e+01
3.800184971094131470e+03 3.004091677602465982e+00 1.610568758201849704e+01
3.800205049276351929e+03 2.990091250343333229e+00 1.600068437757499851e+01
3.800217055797576904e+03 2.986091128269295680e+00 1.597068346201971778e+01
3.800230318307876587e+03 3.006091738639485200e+00 1.612068803979613563e+01
3.800244067192077637e+03 3.006091738639485200e+00 1.612068803979613563e+01
3.800257147073745728e+03 3.024092287972655502e+00 1.625569215979491844e+01
3.800271353960037231e+03 3.004091677602465982e+00 1.610568758201849704e+01
3.800285135030746460e+03 3.004091677602465982e+00 1.610568758201849704e+01
3.800297887802124023e+03 3.008091799676503975e+00 1.613568849757377777e+01
3.800333890438079834e+03 2.998091494491409215e+00 1.606068620868556707e+01
3.800346837043762207e+03 2.988091189306314455e+00 1.598568391979735814e+01
3.800362619876861572e+03 2.988091189306314455e+00 1.598568391979735814e+01
3.800375267028808594e+03 2.976090823084200476e+00 1.589568117313150353e+01
3.800387149095535278e+03 2.996091433454389996e+00 1.604568575090792848e+01
3.800412502050399780e+03 3.018092104861598735e+00 1.621069078646198847e+01
3.800449027776718140e+03 3.006091738639485200e+00 1.612068803979613563e+01
3.800465940952301025e+03 3.010091860713523193e+00 1.615068895535142701e+01
3.800526597499847412e+03 2.992091311380352003e+00 1.601568483535263709e+01
3.800537479639053345e+03 2.964090456862086942e+00 1.580567842646565246e+01
3.800548221111297607e+03 2.964090456862086942e+00 1.580567842646565246e+01
3.800581660509109497e+03 3.014091982787560742e+00 1.618068987090670774e+01
3.800614633798599243e+03 3.014091982787560742e+00 1.618068987090670774e+01
3.800627690792083740e+03 3.018092104861598735e+00 1.621069078646198847e+01
3.800638937234878540e+03 3.030092471083712713e+00 1.630069353312784841e+01
3.800654355525970459e+03 3.024092287972655502e+00 1.625569215979491844e+01
3.800698308944702148e+03 3.022092226935636727e+00 1.624069170201727630e+01
3.800712733030319214e+03 3.012091921750541523e+00 1.616568941312905849e+01
3.800724251747131348e+03 3.012091921750541523e+00 1.616568941312905849e+01
3.800735619544982910e+03 2.974090762047181702e+00 1.588068071535386316e+01
3.800746423482894897e+03 3.012091921750541523e+00 1.616568941312905849e+01
3.800758317947387695e+03 2.996091433454389996e+00 1.604568575090792848e+01
3.800770048618316650e+03 3.010091860713523193e+00 1.615068895535142701e+01
3.800781161785125732e+03 3.000091555528427989e+00 1.607568666646320921e+01
3.800795528411865234e+03 3.018092104861598735e+00 1.621069078646198847e+01
3.800810228109359741e+03 3.012091921750541523e+00 1.616568941312905849e+01
3.800828257322311401e+03 3.004091677602465982e+00 1.610568758201849704e+01
3.800844208955764771e+03 2.966090517899106160e+00 1.582067888424329638e+01
3.800868222475051880e+03 2.974090762047181702e+00 1.588068071535386316e+01
3.800905504703521729e+03 2.976090823084200476e+00 1.589568117313150353e+01
3.800934723377227783e+03 3.004091677602465982e+00 1.610568758201849704e+01
3.800947746515274048e+03 2.948089968565935415e+00 1.568567476424451534e+01
3.801004523754119873e+03 2.970090639973143709e+00 1.585067979979857711e+01
3.801016562700271606e+03 2.976090823084200476e+00 1.589568117313150353e+01
3.801032777309417725e+03 2.950090029602954189e+00 1.570067522202215571e+01
3.801043253660202026e+03 2.920089114047669909e+00 1.547566835535752361e+01
3.801058723449707031e+03 3.004091677602465982e+00 1.610568758201849704e+01
3.801100072383880615e+03 2.898088442640461615e+00 1.531066331980346185e+01
3.801126955747604370e+03 3.008091799676503975e+00 1.613568849757377777e+01
3.801163303613662720e+03 2.996091433454389996e+00 1.604568575090792848e+01
3.801211579322814941e+03 2.900088503677480389e+00 1.532566377758110221e+01
3.801231600999832153e+03 3.012091921750541523e+00 1.616568941312905849e+01
3.801247262001037598e+03 2.984091067232276462e+00 1.595568300424207386e+01
3.801263346910476685e+03 2.966090517899106160e+00 1.582067888424329638e+01
3.801276476621627808e+03 2.976090823084200476e+00 1.589568117313150353e+01
3.801289187431335449e+03 2.970090639973143709e+00 1.585067979979857711e+01
3.801300927400588989e+03 2.928089358195745451e+00 1.553567018646809039e+01
3.801337227344512939e+03 3.000091555528427989e+00 1.607568666646320921e+01
3.801363171100616455e+03 3.008091799676503975e+00 1.613568849757377777e+01
3.801376362562179565e+03 2.966090517899106160e+00 1.582067888424329638e+01
3.801392394065856934e+03 2.998091494491409215e+00 1.606068620868556707e+01
3.801408016443252563e+03 2.970090639973143709e+00 1.585067979979857711e+01
3.801455110549926758e+03 3.006091738639485200e+00 1.612068803979613563e+01
3.801484600067138672e+03 3.004091677602465982e+00 1.610568758201849704e+01
3.801502038717269897e+03 3.000091555528427989e+00 1.607568666646320921e+01
3.801522623538970947e+03 2.986091128269295680e+00 1.597068346201971778e+01
3.801544759511947632e+03 3.008091799676503975e+00 1.613568849757377777e+01
3.801559383630752563e+03 3.018092104861598735e+00 1.621069078646198847e+01
3.801589690446853638e+03 2.970090639973143709e+00 1.585067979979857711e+01
3.801627518415451050e+03 2.994091372417371222e+00 1.603068529313028634e+01
3.801690386533737183e+03 2.994091372417371222e+00 1.603068529313028634e+01
3.801704003334045410e+03 2.950090029602954189e+00 1.570067522202215571e+01
3.801720016956329346e+03 2.978090884121219695e+00 1.591068163090914744e+01
3.801752200841903687e+03 2.982091006195257687e+00 1.594068254646443350e+01
3.801794956207275391e+03 3.004091677602465982e+00 1.610568758201849704e+01
3.801811593770980835e+03 3.006091738639485200e+00 1.612068803979613563e+01
3.801824019908905029e+03 2.904088625751518382e+00 1.535566469313638827e+01
3.801847501277923584e+03 2.916088991973631916e+00 1.544566743980223933e+01
3.801893020629882812e+03 3.010091860713523193e+00 1.615068895535142701e+01
3.801919138669967651e+03 2.990091250343333229e+00 1.600068437757499851e+01
3.801937340974807739e+03 2.934089541306802662e+00 1.558067155980102036e+01
3.801952579498291016e+03 2.954090151676992182e+00 1.573067613757744176e+01
3.801967979431152344e+03 2.960090334788048949e+00 1.577567751091036641e+01
3.801982271194458008e+03 2.962090395825068168e+00 1.579067796868801210e+01
3.801995480537414551e+03 2.952090090639972964e+00 1.571567567979979785e+01
3.802018390893936157e+03 2.936089602343821436e+00 1.559567201757866073e+01
3.802056739807128906e+03 2.938089663380840655e+00 1.561067247535630464e+01
3.802076488256454468e+03 2.958090273751030175e+00 1.576067705313272604e+01
3.802132408142089844e+03 2.888088137455366411e+00 1.523566103091524759e+01
3.802146650552749634e+03 2.910088808862575149e+00 1.540066606646931291e+01
3.802174293518066406e+03 2.952090090639972964e+00 1.571567567979979785e+01
3.802195836544036865e+03 2.954090151676992182e+00 1.573067613757744176e+01
3.802216006517410278e+03 2.924089236121707902e+00 1.550566927091280967e+01
3.802232590436935425e+03 2.976090823084200476e+00 1.589568117313150353e+01
3.802247333765029907e+03 2.950090029602954189e+00 1.570067522202215571e+01
3.802268535614013672e+03 2.960090334788048949e+00 1.577567751091036641e+01
3.802327207326889038e+03 2.964090456862086942e+00 1.580567842646565246e+01
3.802341287136077881e+03 2.882087954344310088e+00 1.519065965758232650e+01
3.802354911088943481e+03 2.954090151676992182e+00 1.573067613757744176e+01
3.802369351863861084e+03 2.976090823084200476e+00 1.589568117313150353e+01
3.802387982368469238e+03 2.960090334788048949e+00 1.577567751091036641e+01
3.802401698112487793e+03 2.932089480269783444e+00 1.556567110202337645e+01
3.802416561365127563e+03 2.958090273751030175e+00 1.576067705313272604e+01
3.802450550317764282e+03 2.956090212714010956e+00 1.574567659535508213e+01
3.802476434946060181e+03 2.938089663380840655e+00 1.561067247535630464e+01
3.802533499956130981e+03 2.924089236121707902e+00 1.550566927091280967e+01
3.802548807621002197e+03 2.910088808862575149e+00 1.540066606646931291e+01
3.802571517467498779e+03 2.942089785454878648e+00 1.564067339091159070e+01
3.802600684165954590e+03 2.946089907528916640e+00 1.567067430646687498e+01
3.802630872726440430e+03 2.954090151676992182e+00 1.573067613757744176e+01
3.802689813613891602e+03 2.956090212714010956e+00 1.574567659535508213e+01
3.802702110528945923e+03 2.870087588122196109e+00 1.510065691091647011e+01
3.802713100910186768e+03 2.880087893307290869e+00 1.517565919980468081e+01
3.802739305019378662e+03 2.898088442640461615e+00 1.531066331980346185e+01
3.802777925491333008e+03 2.942089785454878648e+00 1.564067339091159070e+01
3.802795702695846558e+03 2.944089846491897422e+00 1.565567384868923106e+01
3.802807675838470459e+03 2.952090090639972964e+00 1.571567567979979785e+01
3.802821509599685669e+03 2.962090395825068168e+00 1.579067796868801210e+01
3.802840242862701416e+03 2.868087527085176891e+00 1.508565645313882619e+01
3.802896501779556274e+03 2.946089907528916640e+00 1.567067430646687498e+01
3.802911903619766235e+03 2.964090456862086942e+00 1.580567842646565246e+01
3.802929749965667725e+03 2.964090456862086942e+00 1.580567842646565246e+01
3.802943342208862305e+03 2.966090517899106160e+00 1.582067888424329638e+01
3.802958969831466675e+03 2.886088076418347637e+00 1.522066057313760723e+01
3.802982697010040283e+03 2.944089846491897422e+00 1.565567384868923106e+01
3.803003237009048462e+03 2.910088808862575149e+00 1.540066606646931291e+01
3.803055227756500244e+03 2.870087588122196109e+00 1.510065691091647011e+01
3.803082185983657837e+03 2.926089297158727121e+00 1.552066972869045358e+01
3.803139311552047729e+03 2.926089297158727121e+00 1.552066972869045358e+01
3.803152790546417236e+03 2.900088503677480389e+00 1.532566377758110221e+01
3.803165201663970947e+03 2.944089846491897422e+00 1.565567384868923106e+01
3.803177829265594482e+03 2.870087588122196109e+00 1.510065691091647011e+01
3.803188171625137329e+03 2.954090151676992182e+00 1.573067613757744176e+01
3.803207529306411743e+03 2.888088137455366411e+00 1.523566103091524759e+01
3.803222427606582642e+03 2.922089175084689128e+00 1.549066881313516930e+01
3.803235610961914062e+03 2.848086916714987371e+00 1.493565187536240479e+01
3.803249809265136719e+03 2.854087099826044582e+00 1.498065324869533477e+01
3.803261835098266602e+03 2.884088015381328862e+00 1.520566011535996687e+01
3.803274801492691040e+03 2.928089358195745451e+00 1.553567018646809039e+01
3.803287747383117676e+03 2.886088076418347637e+00 1.522066057313760723e+01
3.803299365758895874e+03 2.930089419232764669e+00 1.555067064424573431e+01
3.803310404062271118e+03 2.906088686788537601e+00 1.537066515091403218e+01
3.803321342229843140e+03 2.928089358195745451e+00 1.553567018646809039e+01
3.803332476139068604e+03 2.900088503677480389e+00 1.532566377758110221e+01
3.803349794387817383e+03 2.860087282937101349e+00 1.502565462202825941e+01
3.803363608598709106e+03 2.874087710196234102e+00 1.513065782647175617e+01
3.803379888534545898e+03 2.872087649159214884e+00 1.511565736869411225e+01
3.803396517515182495e+03 2.898088442640461615e+00 1.531066331980346185e+01
3.803410963296890259e+03 2.906088686788537601e+00 1.537066515091403218e+01
3.803469490289688110e+03 2.948089968565935415e+00 1.568567476424451534e+01
3.803484338045120239e+03 2.950090029602954189e+00 1.570067522202215571e+01
3.803499116659164429e+03 2.954090151676992182e+00 1.573067613757744176e+01
3.803509919643402100e+03 2.952090090639972964e+00 1.571567567979979785e+01
3.803527277708053589e+03 2.942089785454878648e+00 1.564067339091159070e+01
3.803583384752273560e+03 2.848086916714987371e+00 1.493565187536240479e+01
3.803608756780624390e+03 2.872087649159214884e+00 1.511565736869411225e+01
3.803621603250503540e+03 2.924089236121707902e+00 1.550566927091280967e+01
3.803640207529067993e+03 2.938089663380840655e+00 1.561067247535630464e+01
3.803655673980712891e+03 2.954090151676992182e+00 1.573067613757744176e+01
3.803678859472274780e+03 2.926089297158727121e+00 1.552066972869045358e+01
3.803693646669387817e+03 2.944089846491897422e+00 1.565567384868923106e+01
3.803742331504821777e+03 2.938089663380840655e+00 1.561067247535630464e+01
3.803824167013168335e+03 2.896088381603442397e+00 1.529566286202581793e+01
3.803837075233459473e+03 2.922089175084689128e+00 1.549066881313516930e+01
3.803852004766464233e+03 2.900088503677480389e+00 1.532566377758110221e+01
3.803867628097534180e+03 2.952090090639972964e+00 1.571567567979979785e+01
3.803895493268966675e+03 2.954090151676992182e+00 1.573067613757744176e+01
3.803925919294357300e+03 2.956090212714010956e+00 1.574567659535508213e+01
3.803957502841949463e+03 2.914088930936613142e+00 1.543066698202459897e+01
3.804005997180938721e+03 2.906088686788537601e+00 1.537066515091403218e+01
3.804027853727340698e+03 2.948089968565935415e+00 1.568567476424451534e+01
3.804060523986816406e+03 2.938089663380840655e+00 1.561067247535630464e+01
3.804083069562911987e+03 2.930089419232764669e+00 1.555067064424573431e+01
3.804096787929534912e+03 2.962090395825068168e+00 1.579067796868801210e+01
3.804112497329711914e+03 2.932089480269783444e+00 1.556567110202337645e+01
3.804127964258193970e+03 2.972090701010162483e+00 1.586568025757621925e+01
3.804177577733993530e+03 2.966090517899106160e+00 1.582067888424329638e+01
3.804191790342330933e+03 2.968090578936124935e+00 1.583567934202093674e+01
3.804208876848220825e+03 2.968090578936124935e+00 1.583567934202093674e+01
3.804223466396331787e+03 2.964090456862086942e+00 1.580567842646565246e+01
3.804236313819885254e+03 2.950090029602954189e+00 1.570067522202215571e+01
3.804254220962524414e+03 2.948089968565935415e+00 1.568567476424451534e+01
3.804267051219940186e+03 2.936089602343821436e+00 1.559567201757866073e+01
3.804297721624374390e+03 2.944089846491897422e+00 1.565567384868923106e+01
3.804333009719848633e+03 2.972090701010162483e+00 1.586568025757621925e+01
3.804356991529464722e+03 2.994091372417371222e+00 1.603068529313028634e+01
3.804419528484344482e+03 2.996091433454389996e+00 1.604568575090792848e+01
3.804434110164642334e+03 2.964090456862086942e+00 1.580567842646565246e+01
3.804454816579818726e+03 3.000091555528427989e+00 1.607568666646320921e+01
3.804493232727050781e+03 2.958090273751030175e+00 1.576067705313272604e+01
3.804507261514663696e+03 3.008091799676503975e+00 1.613568849757377777e+01
3.804518597602844238e+03 2.958090273751030175e+00 1.576067705313272604e+01
3.804529256343841553e+03 3.006091738639485200e+00 1.612068803979613563e+01
3.804542430162429810e+03 2.982091006195257687e+00 1.594068254646443350e+01
3.804585761308670044e+03 3.012091921750541523e+00 1.616568941312905849e+01
3.804613941669464111e+03 2.968090578936124935e+00 1.583567934202093674e+01
3.804629172563552856e+03 3.014091982787560742e+00 1.618068987090670774e+01
3.804643001556396484e+03 3.022092226935636727e+00 1.624069170201727630e+01
3.804655896186828613e+03 3.010091860713523193e+00 1.615068895535142701e+01
3.804669669389724731e+03 3.024092287972655502e+00 1.625569215979491844e+01
3.804689252614974976e+03 3.010091860713523193e+00 1.615068895535142701e+01
3.804732256889343262e+03 2.970090639973143709e+00 1.585067979979857711e+01
3.804757720232009888e+03 3.024092287972655502e+00 1.625569215979491844e+01
3.804814095258712769e+03 3.000091555528427989e+00 1.607568666646320921e+01
3.804828103303909302e+03 2.972090701010162483e+00 1.586568025757621925e+01
3.804854841470718384e+03 3.024092287972655502e+00 1.625569215979491844e+01
3.804887228965759277e+03 3.000091555528427989e+00 1.607568666646320921e+01
3.804900755643844604e+03 2.944089846491897422e+00 1.565567384868923106e+01
3.804916719675064087e+03 2.986091128269295680e+00 1.597068346201971778e+01
3.804932442188262939e+03 3.016092043824579516e+00 1.619569032868434988e+01
3.804943897247314453e+03 3.020092165898617509e+00 1.622569124423963061e+01
3.804982012987136841e+03 3.030092471083712713e+00 1.630069353312784841e+01
3.805007379055023193e+03 3.012091921750541523e+00 1.616568941312905849e+01
3.805025473356246948e+03 2.974090762047181702e+00 1.588068071535386316e+01
3.805041042566299438e+03 2.980090945158238469e+00 1.592568208868678781e+01
3.805056089639663696e+03 3.020092165898617509e+00 1.622569124423963061e+01
3.805067983388900757e+03 2.956090212714010956e+00 1.574567659535508213e+01
3.805087911605834961e+03 3.018092104861598735e+00 1.621069078646198847e+01
3.805126456737518311e+03 3.014091982787560742e+00 1.618068987090670774e+01
3.805152373313903809e+03 3.006091738639485200e+00 1.612068803979613563e+01
3.805209984540939331e+03 2.978090884121219695e+00 1.591068163090914744e+01
3.805224071979522705e+03 2.966090517899106160e+00 1.582067888424329638e+01
3.805244288921356201e+03 2.964090456862086942e+00 1.580567842646565246e+01
3.805278043985366821e+03 2.958090273751030175e+00 1.576067705313272604e+01
3.805314394474029541e+03 3.014091982787560742e+00 1.618068987090670774e+01
3.805363369226455688e+03 2.968090578936124935e+00 1.583567934202093674e+01
3.805378962039947510e+03 2.978090884121219695e+00 1.591068163090914744e+01
3.805415094614028931e+03 2.998091494491409215e+00 1.606068620868556707e+01
3.805437849283218384e+03 3.004091677602465982e+00 1.610568758201849704e+01
3.805454017639160156e+03 2.998091494491409215e+00 1.606068620868556707e+01
3.805467488765716553e+03 3.002091616565447207e+00 1.609068712424085490e+01
3.805479232072830200e+03 3.006091738639485200e+00 1.612068803979613563e+01
3.805496328592300415e+03 2.988091189306314455e+00 1.598568391979735814e+01
3.805555099010467529e+03 2.984091067232276462e+00 1.595568300424207386e+01
3.805573192834854126e+03 3.008091799676503975e+00 1.613568849757377777e+01
3.805590935230255127e+03 2.984091067232276462e+00 1.595568300424207386e+01
3.805609138488769531e+03 2.984091067232276462e+00 1.595568300424207386e+01
3.805622688531875610e+03 3.004091677602465982e+00 1.610568758201849704e+01
3.805649692058563232e+03 2.956090212714010956e+00 1.574567659535508213e+01
3.805681947231292725e+03 2.994091372417371222e+00 1.603068529313028634e+01
3.805700104236602783e+03 3.008091799676503975e+00 1.613568849757377777e+01
3.805756312608718872e+03 2.994091372417371222e+00 1.603068529313028634e+01
3.805770196914672852e+03 2.974090762047181702e+00 1.588068071535386316e+01
3.805792089462280273e+03 3.004091677602465982e+00 1.610568758201849704e+01
3.805834983348846436e+03 3.020092165898617509e+00 1.622569124423963061e+01
3.805850914001464844e+03 2.998091494491409215e+00 1.606068620868556707e+01
3.805865078210830688e+03 3.018092104861598735e+00 1.621069078646198847e+01
3.805878654718399048e+03 3.006091738639485200e+00 1.612068803979613563e+01
3.805889801740646362e+03 2.966090517899106160e+00 1.582067888424329638e+01
3.805939779758453369e+03 3.022092226935636727e+00 1.624069170201727630e+01
3.805955148935317993e+03 3.014091982787560742e+00 1.618068987090670774e+01
3.805969511032104492e+03 3.020092165898617509e+00 1.622569124423963061e+01
3.805983012914657593e+03 2.984091067232276462e+00 1.595568300424207386e+01
3.805996563434600830e+03 3.008091799676503975e+00 1.613568849757377777e+01
3.806010236024856567e+03 3.018092104861598735e+00 1.621069078646198847e+01
3.806027119159698486e+03 2.962090395825068168e+00 1.579067796868801210e+01
3.806042385816574097e+03 3.012091921750541523e+00 1.616568941312905849e+01
3.806074738502502441e+03 3.006091738639485200e+00 1.612068803979613563e+01
3.806099964380264282e+03 2.986091128269295680e+00 1.597068346201971778e+01
3.806156561851501465e+03 2.980090945158238469e+00 1.592568208868678781e+01
3.806170852422714233e+03 2.976090823084200476e+00 1.589568117313150353e+01
3.806190263748168945e+03 3.018092104861598735e+00 1.621069078646198847e+01
3.806220904588699341e+03 3.016092043824579516e+00 1.619569032868434988e+01
3.806242622852325439e+03 3.002091616565447207e+00 1.609068712424085490e+01
3.806255153417587280e+03 3.014091982787560742e+00 1.618068987090670774e+01
3.806268434524536133e+03 3.006091738639485200e+00 1.612068803979613563e+01
3.806281644344329834e+03 3.008091799676503975e+00 1.613568849757377777e+01
3.806341763019561768e+03 3.010091860713523193e+00 1.615068895535142701e+01
3.806352928638458252e+03 3.020092165898617509e+00 1.622569124423963061e+01
3.806372629165649414e+03 3.018092104861598735e+00 1.621069078646198847e+01
3.806390066146850586e+03 2.990091250343333229e+00 1.600068437757499851e+01
3.806407680273056030e+03 3.000091555528427989e+00 1.607568666646320921e+01
3.806419329881668091e+03 3.014091982787560742e+00 1.618068987090670774e+01
3.806436072349548340e+03 3.008091799676503975e+00 1.613568849757377777e+01
3.806482333183288574e+03 2.970090639973143709e+00 1.585067979979857711e+01
3.806495350599288940e+03 3.002091616565447207e+00 1.609068712424085490e+01
3.806549969673156738e+03 2.998091494491409215e+00 1.606068620868556707e+01
3.806568715572357178e+03 2.976090823084200476e+00 1.589568117313150353e+01
3.806599339723587036e+03 3.024092287972655502e+00 1.625569215979491844e+01
3.806628194570541382e+03 3.026092349009674720e+00 1.627069261757255703e+01
3.806656649827957153e+03 2.972090701010162483e+00 1.586568025757621925e+01
3.806698918819427490e+03 3.040092776268807029e+00 1.637569582201605201e+01
3.806731069803237915e+03 3.022092226935636727e+00 1.624069170201727630e+01
3.806761751413345337e+03 3.018092104861598735e+00 1.621069078646198847e+01
3.806775626182556152e+03 3.024092287972655502e+00 1.625569215979491844e+01
3.806788980960845947e+03 3.012091921750541523e+00 1.616568941312905849e+01
3.806802986621856689e+03 3.006091738639485200e+00 1.612068803979613563e+01
3.806817771434783936e+03 3.022092226935636727e+00 1.624069170201727630e+01
3.806866097450256348e+03 3.006091738639485200e+00 1.612068803979613563e+01
3.806883677959442139e+03 3.020092165898617509e+00 1.622569124423963061e+01
3.806898003578186035e+03 2.964090456862086942e+00 1.580567842646565246e+01
3.806912000179290771e+03 3.024092287972655502e+00 1.625569215979491844e+01
3.806924877643585205e+03 3.022092226935636727e+00 1.624069170201727630e+01
3.806942227363586426e+03 3.024092287972655502e+00 1.625569215979491844e+01
3.806956387281417847e+03 3.012091921750541523e+00 1.616568941312905849e+01
3.806987274885177612e+03 3.014091982787560742e+00 1.618068987090670774e+01
3.807011581897735596e+03 3.014091982787560742e+00 1.618068987090670774e+01
3.807029756784439087e+03 3.024092287972655502e+00 1.625569215979491844e+01
3.807084644794464111e+03 2.990091250343333229e+00 1.600068437757499851e+01
3.807098227977752686e+03 2.976090823084200476e+00 1.589568117313150353e+01
3.807119966745376587e+03 3.014091982787560742e+00 1.618068987090670774e+01
3.807159064769744873e+03 3.014091982787560742e+00 1.618068987090670774e+01
3.807172951698303223e+03 3.016092043824579516e+00 1.619569032868434988e+01
3.807186418294906616e+03 2.986091128269295680e+00 1.597068346201971778e+01
3.807202291727066040e+03 3.022092226935636727e+00 1.624069170201727630e+01
3.807216269016265869e+03 3.008091799676503975e+00 1.613568849757377777e+01
3.807253202915191650e+03 2.982091006195257687e+00 1.594068254646443350e+01
3.807285464525222778e+03 3.000091555528427989e+00 1.607568666646320921e+01
3.807299470186233521e+03 2.984091067232276462e+00 1.595568300424207386e+01
3.807315637111663818e+03 3.020092165898617509e+00 1.622569124423963061e+01
3.807328084230422974e+03 2.998091494491409215e+00 1.606068620868556707e+01
3.807342923402786255e+03 3.020092165898617509e+00 1.622569124423963061e+01
3.807359191894531250e+03 3.006091738639485200e+00 1.612068803979613563e+01
3.807408507347106934e+03 3.006091738639485200e+00 1.612068803979613563e+01
3.807428241968154907e+03 3.012091921750541523e+00 1.616568941312905849e+01
3.807483185768127441e+03 2.992091311380352003e+00 1.601568483535263709e+01
3.807497057914733887e+03 2.974090762047181702e+00 1.588068071535386316e+01
3.807516406297683716e+03 3.010091860713523193e+00 1.615068895535142701e+01
3.807555634498596191e+03 3.012091921750541523e+00 1.616568941312905849e+01
3.807568582296371460e+03 3.020092165898617509e+00 1.622569124423963061e+01
3.807584755897521973e+03 2.996091433454389996e+00 1.604568575090792848e+01
3.807600199699401855e+03 2.996091433454389996e+00 1.604568575090792848e+01
3.807611641883850098e+03 3.018092104861598735e+00 1.621069078646198847e+01
3.807649660587310791e+03 3.028092410046693495e+00 1.628569307535019917e+01
3.807678123950958252e+03 2.974090762047181702e+00 1.588068071535386316e+01
3.807694110870361328e+03 3.018092104861598735e+00 1.621069078646198847e+01
3.807708485603332520e+03 3.018092104861598735e+00 1.621069078646198847e+01
3.807721981763839722e+03 3.018092104861598735e+00 1.621069078646198847e+01
3.807738497257232666e+03 3.000091555528427989e+00 1.607568666646320921e+01
3.807754853487014771e+03 3.010091860713523193e+00 1.615068895535142701e+01
3.807795637607574463e+03 2.994091372417371222e+00 1.603068529313028634e+01
3.807820951938629150e+03 3.028092410046693495e+00 1.628569307535019917e+01
3.807877272605895996e+03 3.000091555528427989e+00 1.607568666646320921e+01
3.807895991325378418e+03 2.974090762047181702e+00 1.588068071535386316e+01
3.807926921129226685e+03 3.022092226935636727e+00 1.624069170201727630e+01
3.807955460548400879e+03 3.016092043824579516e+00 1.619569032868434988e+01
3.807984141588211060e+03 3.022092226935636727e+00 1.624069170201727630e+01
3.808025972366333008e+03 3.010091860713523193e+00 1.615068895535142701e+01
3.808046596765518188e+03 3.008091799676503975e+00 1.613568849757377777e+01
3.808070008277893066e+03 3.010091860713523193e+00 1.615068895535142701e+01
3.808099474906921387e+03 3.016092043824579516e+00 1.619569032868434988e+01
3.808114964962005615e+03 3.020092165898617509e+00 1.622569124423963061e+01
3.808128582477569580e+03 3.002091616565447207e+00 1.609068712424085490e+01
3.808141868829727173e+03 3.030092471083712713e+00 1.630069353312784841e+01
3.808183796167373657e+03 3.026092349009674720e+00 1.627069261757255703e+01
3.808207702636718750e+03 3.016092043824579516e+00 1.619569032868434988e+01
3.808225749731063843e+03 3.020092165898617509e+00 1.622569124423963061e+01
3.808240498065948486e+03 3.020092165898617509e+00 1.622569124423963061e+01
3.808258770227432251e+03 3.020092165898617509e+00 1.622569124423963061e+01
3.808270347833633423e+03 3.006091738639485200e+00 1.612068803979613563e+01
3.808281769275665283e+03 3.016092043824579516e+00 1.619569032868434988e+01
3.808296224355697632e+03 3.014091982787560742e+00 1.618068987090670774e+01
3.808333820343017578e+03 3.004091677602465982e+00 1.610568758201849704e+01
3.808358527183532715e+03 3.018092104861598735e+00 1.621069078646198847e+01
3.808415784120559692e+03 2.984091067232276462e+00 1.595568300424207386e+01
3.808428965568542480e+03 2.958090273751030175e+00 1.576067705313272604e+01
3.808450410366058350e+03 2.984091067232276462e+00 1.595568300424207386e+01
3.808494109630584717e+03 3.016092043824579516e+00 1.619569032868434988e+01
3.808511809110641479e+03 3.010091860713523193e+00 1.615068895535142701e+01
3.808528812885284424e+03 3.016092043824579516e+00 1.619569032868434988e+01
3.808544044733047485e+03 3.026092349009674720e+00 1.627069261757255703e+01
3.808585776567459106e+03 3.032092532120731043e+00 1.631569399090547989e+01
3.808608467817306519e+03 3.022092226935636727e+00 1.624069170201727630e+01
3.808625897884368896e+03 3.016092043824579516e+00 1.619569032868434988e+01
3.808639681339263916e+03 2.982091006195257687e+00 1.594068254646443350e+01
3.808653070449829102e+03 3.024092287972655502e+00 1.625569215979491844e+01
3.808666822671890259e+03 3.016092043824579516e+00 1.619569032868434988e+01
3.808684801101684570e+03 2.992091311380352003e+00 1.601568483535263709e+01
3.808710236787796021e+03 3.016092043824579516e+00 1.619569032868434988e+01
3.808754790544509888e+03 3.006091738639485200e+00 1.612068803979613563e+01
3.808810585498809814e+03 2.998091494491409215e+00 1.606068620868556707e+01
3.808824337720870972e+03 2.978090884121219695e+00 1.591068163090914744e+01
3.808844126462936401e+03 3.014091982787560742e+00 1.618068987090670774e+01
3.808894184589385986e+03 3.026092349009674720e+00 1.627069261757255703e+01
3.808907437086105347e+03 3.038092715231788254e+00 1.636069536423840987e+01
3.808919761180877686e+03 3.026092349009674720e+00 1.627069261757255703e+01
3.808934971094131470e+03 3.010091860713523193e+00 1.615068895535142701e+01
3.808979864358901978e+03 3.010091860713523193e+00 1.615068895535142701e+01
3.809003081798553467e+03 3.010091860713523193e+00 1.615068895535142701e+01
3.809020730495452881e+03 2.978090884121219695e+00 1.591068163090914744e+01
3.809038101434707642e+03 3.020092165898617509e+00 1.622569124423963061e+01
3.809057219266891479e+03 3.006091738639485200e+00 1.612068803979613563e+01
3.809071482658386230e+03 3.022092226935636727e+00 1.624069170201727630e+01
3.809091836690902710e+03 3.016092043824579516e+00 1.619569032868434988e+01
3.809138360023498535e+03 3.026092349009674720e+00 1.627069261757255703e+01
3.809203174591064453e+03 2.952090090639972964e+00 1.571567567979979785e+01
3.809216016530990601e+03 2.976090823084200476e+00 1.589568117313150353e+01
3.809231005668640137e+03 3.020092165898617509e+00 1.622569124423963061e+01
3.809265243530273438e+03 3.024092287972655502e+00 1.625569215979491844e+01
3.809295203447341919e+03 3.026092349009674720e+00 1.627069261757255703e+01
3.809326282024383545e+03 2.896088381603442397e+00 1.529566286202581793e+01
3.809362496137619019e+03 2.962090395825068168e+00 1.579067796868801210e+01
3.809385462284088135e+03 2.914088930936613142e+00 1.543066698202459897e+01
3.809431022405624390e+03 2.708082644123661176e+00 1.388561983092745855e+01
3.809446847677230835e+03 2.980090945158238469e+00 1.592568208868678781e+01
3.809462677955627441e+03 2.970090639973143709e+00 1.585067979979857711e+01
3.809486458778381348e+03 2.978090884121219695e+00 1.591068163090914744e+01
3.809519663572311401e+03 2.950090029602954189e+00 1.570067522202215571e+01
3.809548995494842529e+03 2.938089663380840655e+00 1.561067247535630464e+01
3.809569852352142334e+03 2.858087221900082575e+00 1.501065416425061905e+01
3.809585346698760986e+03 2.960090334788048949e+00 1.577567751091036641e+01
3.809599342107772827e+03 2.802085512863552008e+00 1.459064134647664090e+01
3.809618412733078003e+03 2.930089419232764669e+00 1.555067064424573431e+01
3.809663190603256226e+03 2.956090212714010956e+00 1.574567659535508213e+01
3.809687706947326660e+03 2.954090151676992182e+00 1.573067613757744176e+01
3.809744548320770264e+03 2.924089236121707902e+00 1.550566927091280967e+01
3.809757987976074219e+03 2.914088930936613142e+00 1.543066698202459897e+01
3.809780329227447510e+03 2.974090762047181702e+00 1.588068071535386316e+01
3.809820316791534424e+03 2.774084658345286503e+00 1.438063493758964917e+01
3.809834194898605347e+03 2.972090701010162483e+00 1.586568025757621925e+01
3.809847363948822021e+03 2.664081301309244143e+00 1.355560975981933147e+01
3.809863044977188110e+03 2.962090395825068168e+00 1.579067796868801210e+01
3.809876640081405640e+03 2.930089419232764669e+00 1.555067064424573431e+01
3.809917292118072510e+03 2.938089663380840655e+00 1.561067247535630464e+01
3.809942476034164429e+03 2.934089541306802662e+00 1.558067155980102036e+01
3.809957640647888184e+03 2.956090212714010956e+00 1.574567659535508213e+01
3.809974890708923340e+03 2.962090395825068168e+00 1.579067796868801210e+01
3.809993841886520386e+03 2.920089114047669909e+00 1.547566835535752361e+01
3.810009096622467041e+03 2.932089480269783444e+00 1.556567110202337645e+01
3.810022888898849487e+03 2.972090701010162483e+00 1.586568025757621925e+01
3.810061115980148315e+03 2.946089907528916640e+00 1.567067430646687498e+01
3.810086039066314697e+03 2.958090273751030175e+00 1.576067705313272604e+01
3.810144489049911499e+03 2.930089419232764669e+00 1.555067064424573431e+01
3.810158654689788818e+03 2.892088259529404404e+00 1.526566194647053365e+01
3.810179690837860107e+03 2.936089602343821436e+00 1.559567201757866073e+01
3.810205913066864014e+03 2.952090090639972964e+00 1.571567567979979785e+01
3.810234109640121460e+03 2.944089846491897422e+00 1.565567384868923106e+01
3.810247287988662720e+03 2.956090212714010956e+00 1.574567659535508213e+01
3.810262413024902344e+03 2.932089480269783444e+00 1.556567110202337645e+01
3.810276586055755615e+03 2.960090334788048949e+00 1.577567751091036641e+01
3.810319501399993896e+03 2.952090090639972964e+00 1.571567567979979785e+01
3.810344792366027832e+03 2.946089907528916640e+00 1.567067430646687498e+01
3.810359443664550781e+03 2.946089907528916640e+00 1.567067430646687498e+01
3.810376385450363159e+03 2.906088686788537601e+00 1.537066515091403218e+01
3.810393259286880493e+03 2.954090151676992182e+00 1.573067613757744176e+01
3.810409471035003662e+03 2.904088625751518382e+00 1.535566469313638827e+01
3.810435164213180542e+03 2.954090151676992182e+00 1.573067613757744176e+01
3.810480992794036865e+03 2.956090212714010956e+00 1.574567659535508213e+01
3.810494660377502441e+03 2.936089602343821436e+00 1.559567201757866073e+01
3.810551194190979004e+03 2.904088625751518382e+00 1.535566469313638827e+01
3.810565097570419312e+03 2.904088625751518382e+00 1.535566469313638827e+01
3.810579217433929443e+03 2.884088015381328862e+00 1.520566011535996687e+01
3.810596637964248657e+03 2.950090029602954189e+00 1.570067522202215571e+01
3.810626754522323608e+03 2.950090029602954189e+00 1.570067522202215571e+01
3.810655500411987305e+03 2.954090151676992182e+00 1.573067613757744176e+01
3.810686745166778564e+03 2.958090273751030175e+00 1.576067705313272604e+01
3.810723026514053345e+03 2.958090273751030175e+00 1.576067705313272604e+01
3.810738029241561890e+03 2.934089541306802662e+00 1.558067155980102036e+01
3.810760412693023682e+03 2.944089846491897422e+00 1.565567384868923106e+01
3.810780912637710571e+03 2.954090151676992182e+00 1.573067613757744176e+01
3.810803691625595093e+03 2.950090029602954189e+00 1.570067522202215571e+01
3.810821167230606079e+03 2.924089236121707902e+00 1.550566927091280967e+01
3.810835385322570801e+03 2.944089846491897422e+00 1.565567384868923106e+01
3.810849947929382324e+03 2.952090090639972964e+00 1.571567567979979785e+01
3.810886817216873169e+03 2.952090090639972964e+00 1.571567567979979785e+01
3.810910109281539917e+03 2.942089785454878648e+00 1.564067339091159070e+01
3.810924614191055298e+03 2.948089968565935415e+00 1.568567476424451534e+01
3.810936313390731812e+03 2.944089846491897422e+00 1.565567384868923106e+01
3.810952308177947998e+03 2.914088930936613142e+00 1.543066698202459897e+01
3.810972996950149536e+03 2.944089846491897422e+00 1.565567384868923106e+01
3.810988864660263062e+03 2.952090090639972964e+00 1.571567567979979785e+01
3.811002662181854248e+03 2.952090090639972964e+00 1.571567567979979785e+01
3.811050606966018677e+03 2.932089480269783444e+00 1.556567110202337645e+01
3.811070785999298096e+03 2.888088137455366411e+00 1.523566103091524759e+01
3.811127819776535034e+03 2.904088625751518382e+00 1.535566469313638827e+01
3.811141176939010620e+03 2.884088015381328862e+00 1.520566011535996687e+01
3.811163203001022339e+03 2.946089907528916640e+00 1.567067430646687498e+01
3.811196298122406006e+03 2.944089846491897422e+00 1.565567384868923106e+01
3.811219217777252197e+03 2.952090090639972964e+00 1.571567567979979785e+01
3.811233652830123901e+03 2.952090090639972964e+00 1.571567567979979785e+01
3.811246901512145996e+03 2.876087771233252877e+00 1.514565828424939653e+01
3.811262377023696899e+03 2.944089846491897422e+00 1.565567384868923106e+01
3.811314358711242676e+03 2.948089968565935415e+00 1.568567476424451534e+01
3.811331690311431885e+03 2.902088564714499608e+00 1.534066423535874790e+01
3.811346094846725464e+03 2.950090029602954189e+00 1.570067522202215571e+01
3.811358879089355469e+03 2.950090029602954189e+00 1.570067522202215571e+01
3.811379058837890625e+03 2.928089358195745451e+00 1.553567018646809039e+01
3.811401006698608398e+03 2.970090639973143709e+00 1.585067979979857711e+01
3.811419177532196045e+03 2.912088869899593924e+00 1.541566652424695505e+01
3.811455849885940552e+03 2.934089541306802662e+00 1.558067155980102036e+01
3.811475441455841064e+03 2.942089785454878648e+00 1.564067339091159070e+01
3.811531327247619629e+03 2.928089358195745451e+00 1.553567018646809039e+01
3.811545740127563477e+03 2.920089114047669909e+00 1.547566835535752361e+01
3.811564591169357300e+03 2.960090334788048949e+00 1.577567751091036641e+01
3.811591647863388062e+03 2.956090212714010956e+00 1.574567659535508213e+01
3.811612629890441895e+03 2.946089907528916640e+00 1.567067430646687498e+01
3.811623813629150391e+03 2.944089846491897422e+00 1.565567384868923106e+01
3.811640522241592407e+03 2.956090212714010956e+00 1.574567659535508213e+01
3.811656482934951782e+03 2.956090212714010956e+00 1.574567659535508213e+01
3.811692902326583862e+03 2.964090456862086942e+00 1.580567842646565246e+01
3.811727665424346924e+03 2.992091311380352003e+00 1.601568483535263709e+01
3.811744868278503418e+03 2.966090517899106160e+00 1.582067888424329638e+01
3.811757745981216431e+03 3.024092287972655502e+00 1.625569215979491844e+01
3.811771551132202148e+03 2.984091067232276462e+00 1.595568300424207386e+01
3.811787018299102783e+03 3.022092226935636727e+00 1.624069170201727630e+01
3.811802182674407959e+03 3.010091860713523193e+00 1.615068895535142701e+01
3.811815585851669312e+03 3.008091799676503975e+00 1.613568849757377777e+01
3.811834045886993408e+03 3.010091860713523193e+00 1.615068895535142701e+01
3.811863021373748779e+03 2.994091372417371222e+00 1.603068529313028634e+01
3.811889196872711182e+03 3.020092165898617509e+00 1.622569124423963061e+01
3.811945708990097046e+03 2.978090884121219695e+00 1.591068163090914744e+01
3.811965958118438721e+03 2.954090151676992182e+00 1.573067613757744176e+01
3.811995741844177246e+03 3.014091982787560742e+00 1.618068987090670774e+01
3.812025037288665771e+03 3.014091982787560742e+00 1.618068987090670774e+01
3.812053841829299927e+03 3.036092654194769036e+00 1.634569490646077128e+01
3.812097580432891846e+03 3.016092043824579516e+00 1.619569032868434988e+01
3.812118510484695435e+03 3.012091921750541523e+00 1.616568941312905849e+01
3.812154165267944336e+03 3.014091982787560742e+00 1.618068987090670774e+01
3.812175244331359863e+03 3.030092471083712713e+00 1.630069353312784841e+01
3.812188241004943848e+03 2.996091433454389996e+00 1.604568575090792848e+01
3.812199484109878540e+03 3.018092104861598735e+00 1.621069078646198847e+01
3.812210919857025146e+03 3.002091616565447207e+00 1.609068712424085490e+01
3.812221633195877075e+03 3.014091982787560742e+00 1.618068987090670774e+01
3.812271087646484375e+03 3.014091982787560742e+00 1.618068987090670774e+01
3.812287634372711182e+03 3.022092226935636727e+00 1.624069170201727630e+01
3.812302645444869995e+03 3.022092226935636727e+00 1.624069170201727630e+01
3.812316356658935547e+03 2.978090884121219695e+00 1.591068163090914744e+01
3.812329593896865845e+03 3.006091738639485200e+00 1.612068803979613563e+01
3.812345561027526855e+03 2.998091494491409215e+00 1.606068620868556707e+01
3.812357315778732300e+03 2.962090395825068168e+00 1.579067796868801210e+01
3.812370561122894287e+03 3.020092165898617509e+00 1.622569124423963061e+01
3.812410434484481812e+03 3.016092043824579516e+00 1.619569032868434988e+01
3.812434600353240967e+03 3.006091738639485200e+00 1.612068803979613563e+01
3.812498121738433838e+03 3.008091799676503975e+00 1.613568849757377777e+01
3.812512293338775635e+03 2.980090945158238469e+00 1.592568208868678781e+01
3.812531336545944214e+03 3.026092349009674720e+00 1.627069261757255703e+01
3.812561661005020142e+03 3.000091555528427989e+00 1.607568666646320921e+01
3.812586065053939819e+03 2.998091494491409215e+00 1.606068620868556707e+01
3.812599999904632568e+03 3.000091555528427989e+00 1.607568666646320921e+01
3.812613251686096191e+03 3.004091677602465982e+00 1.610568758201849704e+01
3.812635113477706909e+03 2.988091189306314455e+00 1.598568391979735814e+01
3.812679836988449097e+03 3.018092104861598735e+00 1.621069078646198847e+01
3.812694684505462646e+03 3.024092287972655502e+00 1.625569215979491844e+01
3.812711609363555908e+03 3.022092226935636727e+00 1.624069170201727630e+01
3.812724808216094971e+03 3.022092226935636727e+00 1.624069170201727630e+01
3.812742832422256470e+03 3.020092165898617509e+00 1.622569124423963061e+01
3.812757277488708496e+03 3.006091738639485200e+00 1.612068803979613563e+01
3.812772908210754395e+03 3.010091860713523193e+00 1.615068895535142701e+01
3.812823415517807007e+03 3.012091921750541523e+00 1.616568941312905849e+01
3.812842940330505371e+03 2.982091006195257687e+00 1.594068254646443350e+01
3.812902380228042603e+03 3.024092287972655502e+00 1.625569215979491844e+01
3.812928151607513428e+03 3.006091738639485200e+00 1.612068803979613563e+01
3.812974511146545410e+03 3.024092287972655502e+00 1.625569215979491844e+01
3.812990634918212891e+03 3.016092043824579516e+00 1.619569032868434988e+01
3.813012622594833374e+03 3.008091799676503975e+00 1.613568849757377777e+01
3.813023741722106934e+03 3.016092043824579516e+00 1.619569032868434988e+01
3.813040578365325928e+03 2.998091494491409215e+00 1.606068620868556707e+01
3.813084598541259766e+03 3.028092410046693495e+00 1.628569307535019917e+01
3.813103573799133301e+03 3.024092287972655502e+00 1.625569215979491844e+01
3.813117467403411865e+03 3.012091921750541523e+00 1.616568941312905849e+01
3.813131456613540649e+03 3.024092287972655502e+00 1.625569215979491844e+01
3.813148846387863159e+03 3.024092287972655502e+00 1.625569215979491844e+01
3.813163063764572144e+03 3.022092226935636727e+00 1.624069170201727630e+01
3.813177468061447144e+03 3.010091860713523193e+00 1.615068895535142701e+01
3.813195497989654541e+03 3.018092104861598735e+00 1.621069078646198847e+01
3.813232334136962891e+03 3.004091677602465982e+00 1.610568758201849704e+01
3.813252873420715332e+03 2.998091494491409215e+00 1.606068620868556707e+01
3.813308862209320068e+03 3.000091555528427989e+00 1.607568666646320921e+01
3.813322932958602905e+03 2.956090212714010956e+00 1.574567659535508213e+01
3.813340917587280273e+03 3.018092104861598735e+00 1.621069078646198847e+01
3.813369882822036743e+03 3.026092349009674720e+00 1.627069261757255703e+01
3.813398643255233765e+03 3.012091921750541523e+00 1.616568941312905849e+01
3.813458729505538940e+03 3.022092226935636727e+00 1.624069170201727630e+01
3.813476111650466919e+03 2.982091006195257687e+00 1.594068254646443350e+01
3.813506786108016968e+03 3.022092226935636727e+00 1.624069170201727630e+01
3.813540592908859253e+03 3.010091860713523193e+00 1.615068895535142701e+01
3.813553101539611816e+03 2.990091250343333229e+00 1.600068437757499851e+01
3.813568454504013062e+03 2.996091433454389996e+00 1.604568575090792848e+01
3.813583782434463501e+03 3.022092226935636727e+00 1.624069170201727630e+01
3.813633720159530640e+03 3.022092226935636727e+00 1.624069170201727630e+01
3.813651341915130615e+03 3.018092104861598735e+00 1.621069078646198847e+01
3.813668653011322021e+03 3.018092104861598735e+00 1.621069078646198847e+01
3.813682372570037842e+03 2.976090823084200476e+00 1.589568117313150353e+01
3.813695619344711304e+03 3.016092043824579516e+00 1.619569032868434988e+01
3.813707700490951538e+03 3.004091677602465982e+00 1.610568758201849704e+01
3.813722586393356323e+03 2.984091067232276462e+00 1.595568300424207386e+01
3.813737607717514038e+03 3.018092104861598735e+00 1.621069078646198847e+01
3.813769062995910645e+03 3.008091799676503975e+00 1.613568849757377777e+01
3.813794952154159546e+03 3.030092471083712713e+00 1.630069353312784841e+01
3.813851959466934204e+03 2.982091006195257687e+00 1.594068254646443350e+01
3.813864974975585938e+03 2.968090578936124935e+00 1.583567934202093674e+01
3.813886942625045776e+03 3.010091860713523193e+00 1.615068895535142701e+01
3.813926202774047852e+03 3.016092043824579516e+00 1.619569032868434988e+01
3.813940806627273560e+03 3.018092104861598735e+00 1.621069078646198847e+01
3.813955972194671631e+03 3.016092043824579516e+00 1.619569032868434988e+01
3.813971930027008057e+03 3.006091738639485200e+00 1.612068803979613563e+01
3.813988739252090454e+03 2.956090212714010956e+00 1.574567659535508213e+01
3.814032127141952515e+03 3.020092165898617509e+00 1.622569124423963061e+01
3.814048852443695068e+03 3.024092287972655502e+00 1.625569215979491844e+01
3.814063101530075073e+03 3.018092104861598735e+00 1.621069078646198847e+01
3.814085767507553101e+03 2.992091311380352003e+00 1.601568483535263709e+01
3.814100083351135254e+03 3.014091982787560742e+00 1.618068987090670774e+01
3.814120607614517212e+03 3.018092104861598735e+00 1.621069078646198847e+01
3.814162284135818481e+03 2.964090456862086942e+00 1.580567842646565246e+01
3.814188423871994019e+03 3.012091921750541523e+00 1.616568941312905849e+01
3.814245865106582642e+03 2.998091494491409215e+00 1.606068620868556707e+01
3.814264156818389893e+03 2.972090701010162483e+00 1.586568025757621925e+01
3.814293523073196411e+03 3.018092104861598735e+00 1.621069078646198847e+01
3.814327125787734985e+03 3.026092349009674720e+00 1.627069261757255703e+01
3.814340235233306885e+03 3.032092532120731043e+00 1.631569399090547989e+01
3.814351138114929199e+03 3.022092226935636727e+00 1.624069170201727630e+01
3.814362226963043213e+03 2.990091250343333229e+00 1.600068437757499851e+01
3.814388235092163086e+03 3.018092104861598735e+00 1.621069078646198847e+01
3.814434104681015015e+03 3.022092226935636727e+00 1.624069170201727630e+01
3.814460462570190430e+03 3.018092104861598735e+00 1.621069078646198847e+01
3.814475003719329834e+03 3.014091982787560742e+00 1.618068987090670774e+01
3.814493577480316162e+03 2.994091372417371222e+00 1.603068529313028634e+01
3.814509879350662231e+03 3.024092287972655502e+00 1.625569215979491844e+01
3.814560123682022095e+03 3.012091921750541523e+00 1.616568941312905849e+01
3.814578213453292847e+03 3.028092410046693495e+00 1.628569307535019917e+01
3.814634625434875488e+03 2.982091006195257687e+00 1.594068254646443350e+01
3.814648782968521118e+03 2.966090517899106160e+00 1.582067888424329638e+01
3.814671321630477905e+03 3.004091677602465982e+00 1.610568758201849704e+01
3.814701569318771362e+03 3.010091860713523193e+00 1.615068895535142701e+01
3.814732136726379395e+03 2.984091067232276462e+00 1.595568300424207386e+01
3.814783008098602295e+03 3.006091738639485200e+00 1.612068803979613563e+01
3.814799741744995117e+03 3.014091982787560742e+00 1.618068987090670774e+01
3.814835475921630859e+03 3.002091616565447207e+00 1.609068712424085490e+01
3.814861291646957397e+03 3.020092165898617509e+00 1.622569124423963061e+01
3.814881044864654541e+03 2.998091494491409215e+00 1.606068620868556707e+01
3.814894119977951050e+03 3.026092349009674720e+00 1.627069261757255703e+01
3.814920653581619263e+03 2.994091372417371222e+00 1.603068529313028634e+01
3.814956255435943604e+03 3.012091921750541523e+00 1.616568941312905849e+01
3.814971426725387573e+03 3.008091799676503975e+00 1.613568849757377777e+01
3.814985726118087769e+03 3.022092226935636727e+00 1.624069170201727630e+01
3.815004244565963745e+03 3.014091982787560742e+00 1.618068987090670774e+01
3.815018942117691040e+03 3.010091860713523193e+00 1.615068895535142701e+01
3.815036578416824341e+03 3.000091555528427989e+00 1.607568666646320921e+01
3.815052201509475708e+03 3.024092287972655502e+00 1.625569215979491844e+01
3.815090566873550415e+03 3.016092043824579516e+00 1.619569032868434988e+01
3.815116758584976196e+03 3.032092532120731043e+00 1.631569399090547989e+01
3.815172062158584595e+03 2.998091494491409215e+00 1.606068620868556707e+01
3.815185839414596558e+03 2.978090884121219695e+00 1.591068163090914744e+01
3.815207591056823730e+03 3.014091982787560742e+00 1.618068987090670774e+01
3.815247979402542114e+03 3.018092104861598735e+00 1.621069078646198847e+01
3.815267527818679810e+03 2.982091006195257687e+00 1.594068254646443350e+01
3.815281728744506836e+03 3.024092287972655502e+00 1.625569215979491844e+01
3.815295058965682983e+03 3.012091921750541523e+00 1.616568941312905849e+01
3.815314209938049316e+03 2.976090823084200476e+00 1.589568117313150353e+01
3.815357104778289795e+03 2.974090762047181702e+00 1.588068071535386316e+01
3.815372886896133423e+03 3.008091799676503975e+00 1.613568849757377777e+01
3.815391184091567993e+03 3.020092165898617509e+00 1.622569124423963061e+01
3.815402852296829224e+03 3.022092226935636727e+00 1.624069170201727630e+01
3.815418156385421753e+03 2.998091494491409215e+00 1.606068620868556707e+01
3.815436512231826782e+03 3.008091799676503975e+00 1.613568849757377777e+01
3.815459811210632324e+03 2.996091433454389996e+00 1.604568575090792848e+01
3.815476757049560547e+03 3.016092043824579516e+00 1.619569032868434988e+01
3.815507845163345337e+03 3.014091982787560742e+00 1.618068987090670774e+01
3.815520064353942871e+03 2.998091494491409215e+00 1.606068620868556707e+01
3.815575986862182617e+03 2.998091494491409215e+00 1.606068620868556707e+01
3.815594286680221558e+03 2.970090639973143709e+00 1.585067979979857711e+01
3.815624911546707153e+03 2.998091494491409215e+00 1.606068620868556707e+01
3.815654385805130005e+03 2.998091494491409215e+00 1.606068620868556707e+01
3.815670414447784424e+03 3.008091799676503975e+00 1.613568849757377777e+01
3.815687871932983398e+03 2.966090517899106160e+00 1.582067888424329638e+01
3.815701067686080933e+03 3.016092043824579516e+00 1.619569032868434988e+01
3.815752768039703369e+03 2.988091189306314455e+00 1.598568391979735814e+01
3.815767332553863525e+03 2.956090212714010956e+00 1.574567659535508213e+01
3.815782535552978516e+03 3.026092349009674720e+00 1.627069261757255703e+01
3.815802699089050293e+03 2.998091494491409215e+00 1.606068620868556707e+01
3.815824386119842529e+03 3.008091799676503975e+00 1.613568849757377777e+01
3.815836554527282715e+03 3.018092104861598735e+00 1.621069078646198847e+01
3.815847992420196533e+03 3.018092104861598735e+00 1.621069078646198847e+01
3.815886074304580688e+03 3.004091677602465982e+00 1.610568758201849704e+01
3.815911022186279297e+03 3.028092410046693495e+00 1.628569307535019917e+01
3.815967390775680542e+03 2.978090884121219695e+00 1.591068163090914744e+01
3.815985510587692261e+03 2.978090884121219695e+00 1.591068163090914744e+01
3.816016376018524170e+03 3.016092043824579516e+00 1.619569032868434988e+01
3.816044787168502808e+03 3.020092165898617509e+00 1.622569124423963061e+01
3.816073127508163452e+03 3.022092226935636727e+00 1.624069170201727630e+01
3.816114056110382080e+03 3.044092898342845022e+00 1.640569673757133984e+01
3.816135557413101196e+03 3.006091738639485200e+00 1.612068803979613563e+01
3.816164533615112305e+03 3.010091860713523193e+00 1.615068895535142701e+01
3.816190331220626831e+03 3.024092287972655502e+00 1.625569215979491844e+01
3.816203134775161743e+03 3.016092043824579516e+00 1.619569032868434988e+01
3.816215332031250000e+03 3.004091677602465982e+00 1.610568758201849704e+01
3.816226664543151855e+03 2.968090578936124935e+00 1.583567934202093674e+01
3.816245695114135742e+03 3.012091921750541523e+00 1.616568941312905849e+01
3.816278112649917603e+03 3.022092226935636727e+00 1.624069170201727630e+01
3.816303466558456421e+03 3.012091921750541523e+00 1.616568941312905849e+01
3.816318019151687622e+03 3.022092226935636727e+00 1.624069170201727630e+01
3.816331940650939941e+03 3.012091921750541523e+00 1.616568941312905849e+01
3.816345845222473145e+03 3.024092287972655502e+00 1.625569215979491844e+01
3.816365241289138794e+03 3.002091616565447207e+00 1.609068712424085490e+01
3.816381287813186646e+03 3.002091616565447207e+00 1.609068712424085490e+01
3.816428125619888306e+03 2.970090639973143709e+00 1.585067979979857711e+01
3.816447289466857910e+03 3.022092226935636727e+00 1.624069170201727630e+01
3.816502051353454590e+03 2.984091067232276462e+00 1.595568300424207386e+01
3.816515586614608765e+03 2.950090029602954189e+00 1.570067522202215571e+01
3.816537084341049194e+03 3.000091555528427989e+00 1.607568666646320921e+01
3.816568536281585693e+03 3.018092104861598735e+00 1.621069078646198847e+01
3.816588818073272705e+03 3.018092104861598735e+00 1.621069078646198847e+01
3.816603804588317871e+03 3.014091982787560742e+00 1.618068987090670774e+01
3.816614696264266968e+03 3.008091799676503975e+00 1.613568849757377777e+01
3.816628167867660522e+03 2.976090823084200476e+00 1.589568117313150353e+01
3.816645619630813599e+03 3.034092593157750262e+00 1.633069444868312914e+01
3.816695857524871826e+03 2.934089541306802662e+00 1.558067155980102036e+01
3.816712341547012329e+03 2.952090090639972964e+00 1.571567567979979785e+01
3.816730832338333130e+03 2.950090029602954189e+00 1.570067522202215571e+01
3.816743913412094116e+03 2.976090823084200476e+00 1.589568117313150353e+01
3.816757265090942383e+03 2.884088015381328862e+00 1.520566011535996687e+01
3.816771358489990234e+03 2.982091006195257687e+00 1.594068254646443350e+01
3.816785125255584717e+03 2.978090884121219695e+00 1.591068163090914744e+01
3.816822357654571533e+03 2.972090701010162483e+00 1.586568025757621925e+01
3.816847999334335327e+03 2.970090639973143709e+00 1.585067979979857711e+01
3.816905183553695679e+03 2.914088930936613142e+00 1.543066698202459897e+01
3.816920296907424927e+03 2.920089114047669909e+00 1.547566835535752361e+01
3.816940464735031128e+03 2.966090517899106160e+00 1.582067888424329638e+01
3.816985854864120483e+03 2.972090701010162483e+00 1.586568025757621925e+01
3.817002115249633789e+03 2.968090578936124935e+00 1.583567934202093674e+01
3.817014380455017090e+03 2.944089846491897422e+00 1.565567384868923106e+01
3.817032783746719360e+03 2.906088686788537601e+00 1.537066515091403218e+01
3.817091193675994873e+03 2.966090517899106160e+00 1.582067888424329638e+01
3.817108093500137329e+03 2.972090701010162483e+00 1.586568025757621925e+01
3.817130598068237305e+03 2.964090456862086942e+00 1.580567842646565246e+01
3.817145909070968628e+03 2.974090762047181702e+00 1.588068071535386316e+01
3.817162549972534180e+03 2.972090701010162483e+00 1.586568025757621925e+01
3.817176932096481323e+03 2.704082522049623183e+00 1.385561891537217427e+01
3.817223836183547974e+03 2.968090578936124935e+00 1.583567934202093674e+01
3.817241972684860229e+03 2.950090029602954189e+00 1.570067522202215571e+01
3.817296066045761108e+03 2.944089846491897422e+00 1.565567384868923106e+01
3.817314679622650146e+03 2.906088686788537601e+00 1.537066515091403218e+01
3.817348583459854126e+03 2.956090212714010956e+00 1.574567659535508213e+01
3.817377510070800781e+03 2.970090639973143709e+00 1.585067979979857711e+01
3.817406007051467896e+03 2.920089114047669909e+00 1.547566835535752361e+01
3.817449308633804321e+03 2.966090517899106160e+00 1.582067888424329638e+01
3.817469123363494873e+03 2.940089724417859429e+00 1.562567293313394501e+01
3.817516423702239990e+03 2.958090273751030175e+00 1.576067705313272604e+01
3.817531974077224731e+03 2.962090395825068168e+00 1.579067796868801210e+01
3.817549570322036743e+03 2.964090456862086942e+00 1.580567842646565246e+01
3.817565681219100952e+03 2.964090456862086942e+00 1.580567842646565246e+01
3.817625703334808350e+03 2.964090456862086942e+00 1.580567842646565246e+01
3.817644257545471191e+03 2.972090701010162483e+00 1.586568025757621925e+01
3.817663862943649292e+03 2.942089785454878648e+00 1.564067339091159070e+01
3.817681205034255981e+03 2.966090517899106160e+00 1.582067888424329638e+01
3.817694358587265015e+03 2.962090395825068168e+00 1.579067796868801210e+01
3.817716435909271240e+03 2.958090273751030175e+00 1.576067705313272604e+01
3.817754273414611816e+03 2.956090212714010956e+00 1.574567659535508213e+01
3.817772445440292358e+03 2.950090029602954189e+00 1.570067522202215571e+01
3.817827056646347046e+03 2.924089236121707902e+00 1.550566927091280967e+01
3.817840171098709106e+03 2.910088808862575149e+00 1.540066606646931291e+01
3.817870229005813599e+03 2.914088930936613142e+00 1.543066698202459897e+01
3.817907993316650391e+03 2.960090334788048949e+00 1.577567751091036641e+01
3.817922208070755005e+03 2.932089480269783444e+00 1.556567110202337645e+01
3.817935771703720093e+03 2.950090029602954189e+00 1.570067522202215571e+01
3.817951995134353638e+03 2.938089663380840655e+00 1.561067247535630464e+01
3.818006838083267212e+03 2.954090151676992182e+00 1.573067613757744176e+01
3.818021368265151978e+03 2.822086123233741528e+00 1.474064592425306230e+01
3.818034791469573975e+03 2.962090395825068168e+00 1.579067796868801210e+01
3.818052111148834229e+03 2.966090517899106160e+00 1.582067888424329638e+01
3.818065592765808105e+03 2.962090395825068168e+00 1.579067796868801210e+01
3.818081585168838501e+03 2.960090334788048949e+00 1.577567751091036641e+01
3.818097946643829346e+03 2.958090273751030175e+00 1.576067705313272604e+01
3.818122115850448608e+03 2.958090273751030175e+00 1.576067705313272604e+01
3.818154986858367920e+03 2.948089968565935415e+00 1.568567476424451534e+01
3.818167943239212036e+03 2.946089907528916640e+00 1.567067430646687498e+01
3.818221868991851807e+03 2.936089602343821436e+00 1.559567201757866073e+01
3.818235681533813477e+03 2.920089114047669909e+00 1.547566835535752361e+01
3.818255098581314087e+03 2.958090273751030175e+00 1.576067705313272604e+01
3.818280503273010254e+03 2.960090334788048949e+00 1.577567751091036641e+01
3.818306880712509155e+03 2.938089663380840655e+00 1.561067247535630464e+01
3.818319055318832397e+03 2.962090395825068168e+00 1.579067796868801210e+01
3.818336808204650879e+03 2.964090456862086942e+00 1.580567842646565246e+01
3.818349934101104736e+03 2.966090517899106160e+00 1.582067888424329638e+01
3.818400189161300659e+03 2.946089907528916640e+00 1.567067430646687498e+01
3.818420539140701294e+03 2.968090578936124935e+00 1.583567934202093674e+01
3.818436267375946045e+03 2.950090029602954189e+00 1.570067522202215571e+01
3.818451614856719971e+03 2.964090456862086942e+00 1.580567842646565246e+01
3.818473339319229126e+03 2.916088991973631916e+00 1.544566743980223933e+01
3.818487831115722656e+03 2.952090090639972964e+00 1.571567567979979785e+01
3.818538758516311646e+03 2.946089907528916640e+00 1.567067430646687498e+01
3.818616667270660400e+03 2.910088808862575149e+00 1.540066606646931291e+01
3.818629516363143921e+03 2.870087588122196109e+00 1.510065691091647011e+01
3.818643054485321045e+03 2.898088442640461615e+00 1.531066331980346185e+01
3.818659420013427734e+03 2.944089846491897422e+00 1.565567384868923106e+01
3.818694136142730713e+03 2.966090517899106160e+00 1.582067888424329638e+01
3.818725044250488281e+03 2.970090639973143709e+00 1.585067979979857711e+01
3.818777454853057861e+03 2.938089663380840655e+00 1.561067247535630464e+01
3.818794107437133789e+03 2.954090151676992182e+00 1.573067613757744176e+01
3.818824094772338867e+03 2.958090273751030175e+00 1.576067705313272604e+01
3.818852722406387329e+03 2.990091250343333229e+00 1.600068437757499851e+01
3.818869445562362671e+03 2.972090701010162483e+00 1.586568025757621925e+01
3.818880434513092041e+03 2.956090212714010956e+00 1.574567659535508213e+01
3.818893326044082642e+03 2.960090334788048949e+00 1.577567751091036641e+01
3.818917999982833862e+03 2.944089846491897422e+00 1.565567384868923106e+01
3.818957010746002197e+03 2.956090212714010956e+00 1.574567659535508213e+01
3.818969122648239136e+03 2.968090578936124935e+00 1.583567934202093674e+01
3.818982601404190063e+03 2.960090334788048949e+00 1.577567751091036641e+01
3.818998128652572632e+03 2.938089663380840655e+00 1.561067247535630464e+01
3.819012506961822510e+03 2.920089114047669909e+00 1.547566835535752361e+01
3.819024575948715210e+03 2.966090517899106160e+00 1.582067888424329638e+01
3.819035721540451050e+03 2.966090517899106160e+00 1.582067888424329638e+01
3.819068271398544312e+03 2.964090456862086942e+00 1.580567842646565246e+01
3.819121117830276489e+03 3.026092349009674720e+00 1.627069261757255703e+01
3.819132741212844849e+03 2.996091433454389996e+00 1.604568575090792848e+01
3.819187517642974854e+03 3.014091982787560742e+00 1.618068987090670774e+01
3.819198695182800293e+03 3.016092043824579516e+00 1.619569032868434988e+01
3.819210112094879150e+03 2.992091311380352003e+00 1.601568483535263709e+01
3.819232522726058960e+03 3.000091555528427989e+00 1.607568666646320921e+01
3.819275326728820801e+03 3.006091738639485200e+00 1.612068803979613563e+01
3.819286234140396118e+03 3.014091982787560742e+00 1.618068987090670774e+01
3.819301371812820435e+03 2.970090639973143709e+00 1.585067979979857711e+01
3.819317646980285645e+03 2.978090884121219695e+00 1.591068163090914744e+01
3.819365941524505615e+03 2.998091494491409215e+00 1.606068620868556707e+01
3.819387163162231445e+03 3.014091982787560742e+00 1.618068987090670774e+01
3.819401030540466309e+03 2.974090762047181702e+00 1.588068071535386316e+01
3.819419402360916138e+03 2.994091372417371222e+00 1.603068529313028634e+01
3.819443671703338623e+03 3.000091555528427989e+00 1.607568666646320921e+01
3.819461262464523315e+03 2.964090456862086942e+00 1.580567842646565246e+01
3.819474822998046875e+03 3.018092104861598735e+00 1.621069078646198847e+01
3.819499635219573975e+03 3.018092104861598735e+00 1.621069078646198847e+01
3.819531004190444946e+03 3.012091921750541523e+00 1.616568941312905849e+01
3.819542413473129272e+03 3.004091677602465982e+00 1.610568758201849704e+01
3.819596696376800537e+03 2.994091372417371222e+00 1.603068529313028634e+01
3.819611005544662476e+03 2.974090762047181702e+00 1.588068071535386316e+01
3.819647040367126465e+03 2.950090029602954189e+00 1.570067522202215571e+01
3.819676351070404053e+03 3.014091982787560742e+00 1.618068987090670774e+01
3.819691998243331909e+03 3.006091738639485200e+00 1.612068803979613563e+01
3.819703789472579956e+03 3.020092165898617509e+00 1.622569124423963061e+01
3.819718831539154053e+03 2.998091494491409215e+00 1.606068620868556707e+01
3.819783100605010986e+03 3.014091982787560742e+00 1.618068987090670774e+01
3.819799919128417969e+03 3.002091616565447207e+00 1.609068712424085490e+01
3.819819554090499878e+03 3.024092287972655502e+00 1.625569215979491844e+01
3.819837203979492188e+03 3.018092104861598735e+00 1.621069078646198847e+01
3.819852541446685791e+03 3.012091921750541523e+00 1.616568941312905849e+01
3.819865797758102417e+03 2.998091494491409215e+00 1.606068620868556707e+01
3.819904078722000122e+03 3.012091921750541523e+00 1.616568941312905849e+01
3.819929308414459229e+03 2.988091189306314455e+00 1.598568391979735814e+01
3.819987029790878296e+03 2.988091189306314455e+00 1.598568391979735814e+01
3.820005187034606934e+03 2.980090945158238469e+00 1.592568208868678781e+01
3.820036012649536133e+03 3.020092165898617509e+00 1.622569124423963061e+01
3.820064548254013062e+03 3.020092165898617509e+00 1.622569124423963061e+01
3.820092994451522827e+03 3.022092226935636727e+00 1.624069170201727630e+01
3.820135570764541626e+03 3.026092349009674720e+00 1.627069261757255703e+01
3.820156080484390259e+03 3.014091982787560742e+00 1.618068987090670774e+01
3.820198515415191650e+03 3.016092043824579516e+00 1.619569032868434988e+01
3.820211915493011475e+03 3.018092104861598735e+00 1.621069078646198847e+01
3.820223750114440918e+03 2.988091189306314455e+00 1.598568391979735814e+01
3.820236566543579102e+03 3.012091921750541523e+00 1.616568941312905849e+01
3.820249591350555420e+03 3.006091738639485200e+00 1.612068803979613563e+01
3.820294861793518066e+03 3.024092287972655502e+00 1.625569215979491844e+01
3.820320636749267578e+03 3.024092287972655502e+00 1.625569215979491844e+01
3.820335138320922852e+03 2.966090517899106160e+00 1.582067888424329638e+01
3.820348279237747192e+03 3.018092104861598735e+00 1.621069078646198847e+01
3.820362388134002686e+03 3.022092226935636727e+00 1.624069170201727630e+01
3.820376026630401611e+03 3.020092165898617509e+00 1.622569124423963061e+01
3.820388674020767212e+03 3.022092226935636727e+00 1.624069170201727630e+01
3.820410684108734131e+03 3.012091921750541523e+00 1.616568941312905849e+01
3.820441224098205566e+03 3.016092043824579516e+00 1.619569032868434988e+01
3.820466476202011108e+03 3.044092898342845022e+00 1.640569673757133984e+01
3.820522990703582764e+03 2.988091189306314455e+00 1.598568391979735814e+01
3.820535980939865112e+03 2.972090701010162483e+00 1.586568025757621925e+01
3.820565964460372925e+03 3.018092104861598735e+00 1.621069078646198847e+01
3.820599826574325562e+03 3.004091677602465982e+00 1.610568758201849704e+01
3.820612540721893311e+03 3.004091677602465982e+00 1.610568758201849704e+01
3.820628568649291992e+03 3.020092165898617509e+00 1.622569124423963061e+01
3.820642239093780518e+03 3.022092226935636727e+00 1.624069170201727630e+01
3.820667721033096313e+03 3.002091616565447207e+00 1.609068712424085490e+01
3.820711339950561523e+03 3.018092104861598735e+00 1.621069078646198847e+01
3.820724788188934326e+03 3.034092593157750262e+00 1.633069444868312914e+01
3.820742639064788818e+03 2.978090884121219695e+00 1.591068163090914744e+01
3.820757590293884277e+03 2.990091250343333229e+00 1.600068437757499851e+01
3.820770655155181885e+03 3.020092165898617509e+00 1.622569124423963061e+01
3.820784293413162231e+03 3.018092104861598735e+00 1.621069078646198847e+01
3.820796852827072144e+03 3.022092226935636727e+00 1.624069170201727630e+01
3.820834645271301270e+03 2.976090823084200476e+00 1.589568117313150353e+01
3.820860590219497681e+03 3.022092226935636727e+00 1.624069170201727630e+01
3.820918088912963867e+03 3.000091555528427989e+00 1.607568666646320921e+01
3.820937265157699585e+03 2.984091067232276462e+00 1.595568300424207386e+01
3.820973727941513062e+03 3.012091921750541523e+00 1.616568941312905849e+01
3.820998905181884766e+03 3.018092104861598735e+00 1.621069078646198847e+01
3.821014533519744873e+03 2.998091494491409215e+00 1.606068620868556707e+01
3.821027303457260132e+03 2.998091494491409215e+00 1.606068620868556707e+01
3.821043068647384644e+03 3.010091860713523193e+00 1.615068895535142701e+01
3.821091684103012085e+03 3.022092226935636727e+00 1.624069170201727630e+01
3.821105376005172729e+03 3.012091921750541523e+00 1.616568941312905849e+01
3.821132064580917358e+03 3.000091555528427989e+00 1.607568666646320921e+01
3.821146923065185547e+03 3.024092287972655502e+00 1.625569215979491844e+01
3.821161192655563354e+03 3.008091799676503975e+00 1.613568849757377777e+01
3.821175005197525024e+03 3.000091555528427989e+00 1.607568666646320921e+01
3.821197148799896240e+03 3.006091738639485200e+00 1.612068803979613563e+01
3.821233057022094727e+03 3.022092226935636727e+00 1.624069170201727630e+01
3.821253056526184082e+03 3.006091738639485200e+00 1.612068803979613563e+01
3.821307474136352539e+03 3.000091555528427989e+00 1.607568666646320921e+01
3.821321573734283447e+03 2.980090945158238469e+00 1.592568208868678781e+01
3.821344212532043457e+03 3.014091982787560742e+00 1.618068987090670774e+01
3.821373471260070801e+03 3.026092349009674720e+00 1.627069261757255703e+01
3.821403735637664795e+03 3.026092349009674720e+00 1.627069261757255703e+01
3.821435143947601318e+03 3.022092226935636727e+00 1.624069170201727630e+01
3.821467772245407104e+03 3.008091799676503975e+00 1.613568849757377777e+01
3.821487449645996094e+03 3.020092165898617509e+00 1.622569124423963061e+01
3.821536387681961060e+03 3.022092226935636727e+00 1.624069170201727630e+01
3.821551751136779785e+03 3.024092287972655502e+00 1.625569215979491844e+01
3.821564114332199097e+03 3.022092226935636727e+00 1.624069170201727630e+01
3.821575529575347900e+03 3.020092165898617509e+00 1.622569124423963061e+01
3.821601563453674316e+03 3.014091982787560742e+00 1.618068987090670774e+01
3.821635837316513062e+03 3.020092165898617509e+00 1.622569124423963061e+01
3.821650913238525391e+03 3.010091860713523193e+00 1.615068895535142701e+01
3.821666182041168213e+03 3.022092226935636727e+00 1.624069170201727630e+01
3.821679721593856812e+03 2.998091494491409215e+00 1.606068620868556707e+01
3.821696814298629761e+03 3.022092226935636727e+00 1.624069170201727630e+01
3.821715339183807373e+03 3.020092165898617509e+00 1.622569124423963061e+01
3.821729600429534912e+03 3.014091982787560742e+00 1.618068987090670774e+01
3.821770130395889282e+03 3.002091616565447207e+00 1.609068712424085490e+01
3.821794851541519165e+03 3.026092349009674720e+00 1.627069261757255703e+01
3.821851882457733154e+03 2.982091006195257687e+00 1.594068254646443350e+01
3.821865334987640381e+03 2.986091128269295680e+00 1.597068346201971778e+01
3.821886168479919434e+03 3.000091555528427989e+00 1.607568666646320921e+01
3.821926426649093628e+03 3.018092104861598735e+00 1.621069078646198847e+01
3.821940167188644409e+03 3.024092287972655502e+00 1.625569215979491844e+01
3.821951747655868530e+03 2.974090762047181702e+00 1.588068071535386316e+01
3.821963486909866333e+03 3.014091982787560742e+00 1.618068987090670774e+01
3.821974679470062256e+03 3.012091921750541523e+00 1.616568941312905849e+01
3.821993792057037354e+03 2.994091372417371222e+00 1.603068529313028634e+01
3.822036299228668213e+03 3.022092226935636727e+00 1.624069170201727630e+01
3.822050397396087646e+03 3.014091982787560742e+00 1.618068987090670774e+01
3.822065997600555420e+03 3.022092226935636727e+00 1.624069170201727630e+01
3.822083168029785156e+03 2.992091311380352003e+00 1.601568483535263709e+01
3.822102455615997314e+03 3.010091860713523193e+00 1.615068895535142701e+01
3.822117153406143188e+03 3.026092349009674720e+00 1.627069261757255703e+01
3.822130568981170654e+03 3.010091860713523193e+00 1.615068895535142701e+01
3.822177355289459229e+03 3.006091738639485200e+00 1.612068803979613563e+01
3.822195015430450439e+03 3.020092165898617509e+00 1.622569124423963061e+01
3.822249969005584717e+03 2.998091494491409215e+00 1.606068620868556707e+01
3.822268527269363403e+03 2.962090395825068168e+00 1.579067796868801210e+01
3.822308280706405640e+03 3.014091982787560742e+00 1.618068987090670774e+01
3.822330384731292725e+03 3.018092104861598735e+00 1.621069078646198847e+01
3.822344002723693848e+03 3.022092226935636727e+00 1.624069170201727630e+01
3.822361848592758179e+03 3.018092104861598735e+00 1.621069078646198847e+01
3.822374949693679810e+03 3.024092287972655502e+00 1.625569215979491844e+01
3.822423153638839722e+03 3.022092226935636727e+00 1.624069170201727630e+01
3.822439587354660034e+03 3.012091921750541523e+00 1.616568941312905849e+01
3.822457265377044678e+03 3.026092349009674720e+00 1.627069261757255703e+01
3.822468673229217529e+03 3.024092287972655502e+00 1.625569215979491844e+01
3.822481957674026489e+03 3.020092165898617509e+00 1.622569124423963061e+01
3.822495312452316284e+03 3.010091860713523193e+00 1.615068895535142701e+01
3.822508634805679321e+03 3.022092226935636727e+00 1.624069170201727630e+01
3.822522557973861694e+03 3.020092165898617509e+00 1.622569124423963061e+01
3.822559588670730591e+03 3.016092043824579516e+00 1.619569032868434988e+01
3.822585088968276978e+03 3.032092532120731043e+00 1.631569399090547989e+01
3.822642576217651367e+03 2.958090273751030175e+00 1.576067705313272604e+01
3.822656050443649292e+03 2.982091006195257687e+00 1.594068254646443350e+01
3.822678794145584106e+03 3.018092104861598735e+00 1.621069078646198847e+01
3.822708171844482422e+03 3.024092287972655502e+00 1.625569215979491844e+01
3.822738211631774902e+03 3.012091921750541523e+00 1.616568941312905849e+01
3.822788958787918091e+03 3.022092226935636727e+00 1.624069170201727630e+01
3.822805768728256226e+03 2.990091250343333229e+00 1.600068437757499851e+01
3.822842115163803101e+03 3.024092287972655502e+00 1.625569215979491844e+01
3.822863809347152710e+03 3.024092287972655502e+00 1.625569215979491844e+01
3.822876685619354248e+03 3.014091982787560742e+00 1.618068987090670774e+01
3.822892227172851562e+03 3.026092349009674720e+00 1.627069261757255703e+01
3.822907561302185059e+03 3.004091677602465982e+00 1.610568758201849704e+01
3.822949367046356201e+03 3.024092287972655502e+00 1.625569215979491844e+01
3.822978005647659302e+03 3.008091799676503975e+00 1.613568849757377777e+01
3.822992871999740601e+03 3.016092043824579516e+00 1.619569032868434988e+01
3.823010132312774658e+03 3.016092043824579516e+00 1.619569032868434988e+01
3.823026623249053955e+03 2.982091006195257687e+00 1.594068254646443350e+01
3.823044446468353271e+03 3.012091921750541523e+00 1.616568941312905849e+01
3.823063518047332764e+03 3.020092165898617509e+00 1.622569124423963061e+01
3.823111256361007690e+03 3.002091616565447207e+00 1.609068712424085490e+01
3.823123495101928711e+03 2.994091372417371222e+00 1.603068529313028634e+01
3.823177682399749756e+03 2.984091067232276462e+00 1.595568300424207386e+01
3.823191331386566162e+03 2.982091006195257687e+00 1.594068254646443350e+01
3.823212849617004395e+03 3.014091982787560742e+00 1.618068987090670774e+01
3.823244729757308960e+03 3.004091677602465982e+00 1.610568758201849704e+01
