5.949085369110107422e+02 1.306039857173375784e+00 3.370298928800318450e+00
5.949246413707733154e+02 1.258038392284920759e+00 3.010287942136905759e+00
5.949366278648376465e+02 1.838056093020417059e+00 7.360420697653127675e+00
5.949491109848022461e+02 1.488045411542100238e+00 4.735340586565751408e+00
5.949611937999725342e+02 1.432043702505569671e+00 4.315327768791772378e+00
5.949764287471771240e+02 1.840056154057435833e+00 7.375421155430768927e+00
5.949905667304992676e+02 1.540046998504593034e+00 5.125352488784447935e+00
5.950075459480285645e+02 1.440043946653645435e+00 4.375329599902340938e+00
5.950259182453155518e+02 1.358041444135868581e+00 3.760310831019014532e+00
5.950703778266906738e+02 1.354041322061830588e+00 3.730309915463729364e+00
5.950931556224822998e+02 1.430043641468550675e+00 4.300327311014130238e+00
5.951096520423889160e+02 1.298039613025299799e+00 3.310297097689748558e+00
5.951271951198577881e+02 1.266038636432996523e+00 3.070289773247473875e+00
5.951406114101409912e+02 1.608049073763237580e+00 5.635368053224281581e+00
5.951543052196502686e+02 1.860056764427625353e+00 7.525425733207190326e+00
5.951665964126586914e+02 1.326040467543565304e+00 3.520303506576739849e+00
5.951856138706207275e+02 1.342040955839716831e+00 3.640307168797876081e+00
5.952200350761413574e+02 1.238037781914731239e+00 2.860283364360484359e+00
5.953257753849029541e+02 1.262038514358958752e+00 3.040288857692190483e+00
5.953849542140960693e+02 1.836056031983398062e+00 7.345420239875485535e+00
5.953982064723968506e+02 1.846056337168492822e+00 7.420422528763696235e+00
5.954208548069000244e+02 1.742053163243507230e+00 6.640398724326304070e+00
5.954519066810607910e+02 1.836056031983398062e+00 7.345420239875485535e+00
5.954816443920135498e+02 1.334040711691641068e+00 3.580305337687307965e+00
5.955011548995971680e+02 1.850056459242530593e+00 7.450423444318979627e+00
5.955167093276977539e+02 1.836056031983398062e+00 7.345420239875485535e+00
5.955660510063171387e+02 1.660050660725730376e+00 6.025379955442978108e+00
5.955830531120300293e+02 1.498045716727194998e+00 4.810342875453962108e+00
5.956010596752166748e+02 1.860056764427625353e+00 7.525425733207190326e+00
5.956169116497039795e+02 1.910058290353099375e+00 7.900437177648245601e+00
5.956350772380828857e+02 1.954059633167515964e+00 8.230447248756370016e+00
5.956492774486541748e+02 1.376041993469039104e+00 3.895314951017793348e+00
5.956623053550720215e+02 1.422043397320474689e+00 4.240325479903560790e+00
5.956793575286865234e+02 1.858056703390606579e+00 7.510425275429549075e+00
5.957252290248870850e+02 1.700051881466109194e+00 6.325389110995819131e+00
5.958313112258911133e+02 1.552047364726706791e+00 5.215355235450300775e+00
5.958910179138183594e+02 1.352041261024811591e+00 3.715309457686086780e+00
5.959046754837036133e+02 1.318040223395489319e+00 3.460301675466169957e+00
5.959401714801788330e+02 1.326040467543565304e+00 3.520303506576739849e+00
5.959696197509765625e+02 1.840056154057435833e+00 7.375421155430768927e+00
5.960000696182250977e+02 1.304039796136356788e+00 3.355298471022675866e+00
5.960516507625579834e+02 1.836056031983398062e+00 7.345420239875485535e+00
5.960643792152404785e+02 1.324040406506546308e+00 3.505303048799097265e+00
5.960872721672058105e+02 1.444044068727683205e+00 4.405330515457624330e+00
5.961174037456512451e+02 1.536046876430555264e+00 5.095351573229164543e+00
5.961413965225219727e+02 1.904058107242042386e+00 7.855435804315318293e+00
5.961568620204925537e+02 1.956059694204534960e+00 8.245447706534012156e+00
5.961718771457672119e+02 1.424043458357493686e+00 4.255325937681202930e+00
5.961891372203826904e+02 1.318040223395489319e+00 3.460301675466169957e+00
5.962334108352661133e+02 1.234037659840693468e+00 2.830282448805200968e+00
5.962500982284545898e+02 1.396042603839228624e+00 4.045319528794214747e+00
5.962655925750732422e+02 1.438043885616626438e+00 4.360329142124697910e+00
5.962789409160614014e+02 1.820055543687246313e+00 7.225416577654347527e+00
5.962988679409027100e+02 1.754053529465620986e+00 6.730401470992157797e+00
5.963154621124267578e+02 1.840056154057435833e+00 7.375421155430768927e+00
5.963301346302032471e+02 1.324040406506546308e+00 3.505303048799097265e+00
5.963533117771148682e+02 1.316040162358470544e+00 3.445301217688529150e+00
5.964630653858184814e+02 1.752053468428601990e+00 6.715401013214514769e+00
5.964949877262115479e+02 1.352041261024811591e+00 3.715309457686086780e+00
5.965502843856811523e+02 1.692051637318033430e+00 6.265387279885250571e+00
5.965636200904846191e+02 1.398042664876247620e+00 4.060319986571856887e+00
5.965885159969329834e+02 1.428043580431531678e+00 4.285326853236487210e+00
5.966210491657257080e+02 1.324040406506546308e+00 3.505303048799097265e+00
5.966438775062561035e+02 1.830055848872341073e+00 7.300418866542558227e+00
5.966646308898925781e+02 1.786054506057924263e+00 6.970408795434432037e+00
5.966826107501983643e+02 1.842056215094454830e+00 7.390421613208411067e+00
5.967349264621734619e+02 1.324040406506546308e+00 3.505303048799097265e+00
5.967517828941345215e+02 1.306039857173375784e+00 3.370298928800318450e+00
5.967670454978942871e+02 1.326040467543565304e+00 3.520303506576739849e+00
5.967804110050201416e+02 1.624049562059389107e+00 5.755371715445418701e+00
5.967943148612976074e+02 1.848056398205511819e+00 7.435422986541338375e+00
5.968065645694732666e+02 1.306039857173375784e+00 3.370298928800318450e+00
5.968211662769317627e+02 1.616049317911313343e+00 5.695369884334850141e+00
5.968356332778930664e+02 1.862056825464644350e+00 7.540426190984832466e+00
5.968539025783538818e+02 1.524046510208441507e+00 5.005348826563311704e+00
5.968891258239746094e+02 1.646050233466597623e+00 5.920376750999482240e+00
5.969938461780548096e+02 1.762053773613696750e+00 6.790403302102725469e+00
5.970529890060424805e+02 1.308039918210394559e+00 3.385299386577959257e+00
5.970667850971221924e+02 1.308039918210394559e+00 3.385299386577959257e+00
5.970934641361236572e+02 1.326040467543565304e+00 3.520303506576739849e+00
5.971230759620666504e+02 1.524046510208441507e+00 5.005348826563311704e+00
5.971516866683959961e+02 1.834055970946379066e+00 7.330419782097843395e+00
5.971821002960205078e+02 1.390042420728171857e+00 4.000318155461289216e+00
5.972180562019348145e+02 1.846056337168492822e+00 7.420422528763696235e+00
5.972440378665924072e+02 1.502045838801232991e+00 4.840343791009247276e+00
5.972784831523895264e+02 1.512046143986327751e+00 4.915346079897457976e+00
5.973000180721282959e+02 1.848056398205511819e+00 7.435422986541338375e+00
5.973166151046752930e+02 1.770054017761772513e+00 6.850405133213294029e+00
5.973320534229278564e+02 1.598048768578142820e+00 5.560365764336070882e+00
5.973492958545684814e+02 1.222037293618579712e+00 2.740279702139347684e+00
5.974014272689819336e+02 1.452044312875759191e+00 4.465332346568193778e+00
5.974213285446166992e+02 1.866056947538682342e+00 7.570427106540117634e+00
5.974366574287414551e+02 1.874057191686758106e+00 7.630428937650686194e+00
5.974508342742919922e+02 1.502045838801232991e+00 4.840343791009247276e+00
5.974642143249511719e+02 1.250038148136844995e+00 2.950286111026337643e+00
5.974814405441284180e+02 1.844056276131473826e+00 7.405422070986054095e+00
5.974954011440277100e+02 1.806055116428113783e+00 7.120413373210853436e+00
5.975218312740325928e+02 1.304039796136356788e+00 3.355298471022675866e+00
5.976408815383911133e+02 1.302039735099337792e+00 3.340298013245033282e+00
5.976562242507934570e+02 1.836056031983398062e+00 7.345420239875485535e+00
5.977119181156158447e+02 1.716052369762260721e+00 6.445392773216955362e+00
5.977251803874969482e+02 1.298039613025299799e+00 3.310297097689748558e+00
5.977543663978576660e+02 1.316040162358470544e+00 3.445301217688529150e+00
5.977836055755615234e+02 1.858056703390606579e+00 7.510425275429549075e+00
5.978065385818481445e+02 1.610049134800256354e+00 5.650368511001922833e+00
5.978253304958343506e+02 1.566047791985839543e+00 5.320358439893796643e+00
5.978423891067504883e+02 1.834055970946379066e+00 7.330419782097843395e+00
5.978850286006927490e+02 1.754053529465620986e+00 6.730401470992157797e+00
5.979144785404205322e+02 1.458044495986815958e+00 4.510333719901119309e+00
5.979293875694274902e+02 1.392042481765190631e+00 4.015318613238929579e+00
5.979431991577148438e+02 1.440043946653645435e+00 4.375329599902340938e+00
5.979565744400024414e+02 1.852056520279549590e+00 7.465423902096621767e+00
5.979700658321380615e+02 1.448044190801721198e+00 4.435331431012908610e+00
5.979859843254089355e+02 1.236037720877712243e+00 2.845282906582841775e+00
5.980021104812622070e+02 1.638049989318521860e+00 5.860374919888913681e+00
5.980278985500335693e+02 1.866056947538682342e+00 7.570427106540117634e+00
5.981523108482360840e+02 1.574048036133915307e+00 5.380360271004365202e+00
5.982119898796081543e+02 1.310039979247413555e+00 3.400299844355601842e+00
5.982252507209777832e+02 1.306039857173375784e+00 3.370298928800318450e+00
5.982513957023620605e+02 1.310039979247413555e+00 3.400299844355601842e+00
5.982811923027038574e+02 1.330040589617603075e+00 3.550304422132023241e+00
5.983098151683807373e+02 1.934059022797326444e+00 8.080442670979948616e+00
5.983399951457977295e+02 1.318040223395489319e+00 3.460301675466169957e+00
5.983766772747039795e+02 1.832055909909360070e+00 7.315419324320200367e+00
5.984022481441497803e+02 1.332040650654622072e+00 3.565304879909665381e+00
5.984505522251129150e+02 1.432043702505569671e+00 4.315327768791772378e+00
5.984665961265563965e+02 1.454044373912777965e+00 4.480332804345835029e+00
5.984796943664550781e+02 1.826055726798303303e+00 7.270417950987274835e+00
5.984970588684082031e+02 1.750053407391582994e+00 6.700400555436872629e+00
5.985552375316619873e+02 1.610049134800256354e+00 5.650368511001922833e+00
5.985753993988037109e+02 1.408042970061342158e+00 4.135322275460065811e+00
5.985949571132659912e+02 1.300039674062318795e+00 3.325297555467391142e+00
5.986088256835937500e+02 1.308039918210394559e+00 3.385299386577959257e+00
5.986234865188598633e+02 1.610049134800256354e+00 5.650368511001922833e+00
5.986391255855560303e+02 1.838056093020417059e+00 7.360420697653127675e+00
5.986556587219238281e+02 1.796054811243019023e+00 7.045411084322642736e+00
5.986854488849639893e+02 1.314040101321451548e+00 3.430300759910886566e+00
5.988110790252685547e+02 1.322040345469527312e+00 3.490302591021454681e+00
5.988692040443420410e+02 1.472044923245948711e+00 4.615336924344615177e+00
5.988826417922973633e+02 1.462044618060853951e+00 4.540334635456404477e+00
5.989069612026214600e+02 1.636049928281502863e+00 5.845374462111271541e+00
5.989501130580902100e+02 1.326040467543565304e+00 3.520303506576739849e+00
5.989664289951324463e+02 1.428043580431531678e+00 4.285326853236487210e+00
5.989819045066833496e+02 1.844056276131473826e+00 7.405422070986054095e+00
5.989946696758270264e+02 1.850056459242530593e+00 7.450423444318979627e+00
5.990114121437072754e+02 1.316040162358470544e+00 3.445301217688529150e+00
5.990624275207519531e+02 1.432043702505569671e+00 4.315327768791772378e+00
5.990751864910125732e+02 1.866056947538682342e+00 7.570427106540117634e+00
5.990887963771820068e+02 1.328040528580584301e+00 3.535303964354382433e+00
5.991020183563232422e+02 1.610049134800256354e+00 5.650368511001922833e+00
5.991153383255004883e+02 1.868057008575701339e+00 7.585427564317759774e+00
5.991291842460632324e+02 1.328040528580584301e+00 3.535303964354382433e+00
5.991423268318176270e+02 1.488045411542100238e+00 4.735340586565751408e+00
5.991560316085815430e+02 1.952059572130497189e+00 8.215446790978727876e+00
5.991771016120910645e+02 1.538046937467574038e+00 5.110352031006804907e+00
5.992886250019073486e+02 1.880057374797815095e+00 7.675430310983613502e+00
5.993189597129821777e+02 1.646050233466597623e+00 5.920376750999482240e+00
5.993753750324249268e+02 1.916058473464156142e+00 7.945438550981171133e+00
5.993949699401855469e+02 1.420043336283455915e+00 4.225325022125919538e+00
5.994165685176849365e+02 1.316040162358470544e+00 3.445301217688529150e+00
5.994459960460662842e+02 1.682051332132938670e+00 6.190384990997039871e+00
5.994771430492401123e+02 1.436043824579607442e+00 4.345328684347055770e+00
5.995316390991210938e+02 1.844056276131473826e+00 7.405422070986054095e+00
5.995525574684143066e+02 1.302039735099337792e+00 3.340298013245033282e+00
5.995889856815338135e+02 1.410043031098361155e+00 4.150322733237708839e+00
5.996152625083923340e+02 1.372041871395001111e+00 3.865314035462508180e+00
5.996279339790344238e+02 1.304039796136356788e+00 3.355298471022675866e+00
5.996416296958923340e+02 1.604048951689199587e+00 5.605367137668997302e+00
5.996570019721984863e+02 1.722052552873317710e+00 6.490394146549882670e+00
5.996982607841491699e+02 1.520046388134403514e+00 4.975347911008026536e+00
5.997218770980834961e+02 1.954059633167515964e+00 8.230447248756370016e+00
5.997356526851654053e+02 1.754053529465620986e+00 6.730401470992157797e+00
5.997493383884429932e+02 1.298039613025299799e+00 3.310297097689748558e+00
5.997612709999084473e+02 1.626049623096408103e+00 5.770372173223060841e+00
5.997811777591705322e+02 1.832055909909360070e+00 7.315419324320200367e+00
5.998017287254333496e+02 1.858056703390606579e+00 7.510425275429549075e+00
5.998161826133728027e+02 1.720052491836298714e+00 6.475393688772240530e+00
5.998625652790069580e+02 1.322040345469527312e+00 3.490302591021454681e+00
5.999678776264190674e+02 1.320040284432508315e+00 3.475302133243812541e+00
6.000293691158294678e+02 1.716052369762260721e+00 6.445392773216955362e+00
6.000431108474731445e+02 1.484045289468062467e+00 4.705339671010468905e+00
6.000718715190887451e+02 1.832055909909360070e+00 7.315419324320200367e+00
6.001042919158935547e+02 1.856056642353587582e+00 7.495424817651906935e+00
6.001244838237762451e+02 1.644050172429578627e+00 5.905376293221840101e+00
6.001419155597686768e+02 1.832055909909360070e+00 7.315419324320200367e+00
6.001575233936309814e+02 1.840056154057435833e+00 7.375421155430768927e+00
6.001703701019287109e+02 1.436043824579607442e+00 4.345328684347055770e+00
6.002202713489532471e+02 1.368041749320963341e+00 3.835313119907225232e+00
6.002448666095733643e+02 1.910058290353099375e+00 7.900437177648245601e+00
6.002750153541564941e+02 1.830055848872341073e+00 7.300418866542558227e+00
6.002895119190216064e+02 1.324040406506546308e+00 3.505303048799097265e+00
6.003062617778778076e+02 1.318040223395489319e+00 3.460301675466169957e+00
6.003211226463317871e+02 1.836056031983398062e+00 7.345420239875485535e+00
6.003354294300079346e+02 1.868057008575701339e+00 7.585427564317759774e+00
6.003545370101928711e+02 1.320040284432508315e+00 3.475302133243812541e+00
6.004854302406311035e+02 1.834055970946379066e+00 7.330419782097843395e+00
6.004995541572570801e+02 1.652050416577654390e+00 5.965378124332407772e+00
6.005545115470886230e+02 1.934059022797326444e+00 8.080442670979948616e+00
6.005686843395233154e+02 1.328040528580584301e+00 3.535303964354382433e+00
6.005873961448669434e+02 1.228037476729636479e+00 2.785281075472273660e+00
6.006158714294433594e+02 1.392042481765190631e+00 4.015318613238929579e+00
6.006442801952362061e+02 1.734052919095431466e+00 6.580396893215736398e+00
6.006741888523101807e+02 1.450044251838740195e+00 4.450331888790551638e+00
6.007153277397155762e+02 1.520046388134403514e+00 4.975347911008026536e+00
6.007353365421295166e+02 1.300039674062318795e+00 3.325297555467391142e+00
6.007650151252746582e+02 1.592048585467085831e+00 5.515364391003143574e+00
6.007930457592010498e+02 1.436043824579607442e+00 4.345328684347055770e+00
6.008084330558776855e+02 1.334040711691641068e+00 3.580305337687307965e+00
6.008233690261840820e+02 1.424043458357493686e+00 4.255325937681202930e+00
6.008395512104034424e+02 1.870057069612720113e+00 7.600428022095401026e+00
6.008937904834747314e+02 1.732052858058412470e+00 6.565396435438093370e+00
6.009097139835357666e+02 1.360041505172887355e+00 3.775311288796655340e+00
6.009254059791564941e+02 1.496045655690176002e+00 4.795342417676319968e+00
6.009427869319915771e+02 1.836056031983398062e+00 7.345420239875485535e+00
6.009611182212829590e+02 1.726052674947355481e+00 6.520395062105166062e+00
6.009766280651092529e+02 1.918058534501175139e+00 7.960439008758813273e+00
6.009877126216888428e+02 1.324040406506546308e+00 3.505303048799097265e+00
6.010182950496673584e+02 1.420043336283455915e+00 4.225325022125919538e+00
6.011364381313323975e+02 1.350041199987792595e+00 3.700308999908444640e+00
6.011502430438995361e+02 1.538046937467574038e+00 5.110352031006804907e+00
6.012076718807220459e+02 1.326040467543565304e+00 3.520303506576739849e+00
6.012211778163909912e+02 1.686051454206976441e+00 6.220385906552323263e+00
6.012488374710083008e+02 1.742053163243507230e+00 6.640398724326304070e+00
6.012939138412475586e+02 1.842056215094454830e+00 7.390421613208411067e+00
6.013070297241210938e+02 1.264038575395977748e+00 3.055289315469833067e+00
6.013199024200439453e+02 1.726052674947355481e+00 6.520395062105166062e+00
6.013316028118133545e+02 1.542047059541612031e+00 5.140352946562090075e+00
6.013469915390014648e+02 1.422043397320474689e+00 4.240325479903560790e+00
6.014066081047058105e+02 1.450044251838740195e+00 4.450331888790551638e+00
6.014270746707916260e+02 1.736052980132450241e+00 6.595397350993376762e+00
6.014422695636749268e+02 1.720052491836298714e+00 6.475393688772240530e+00
6.014628798961639404e+02 1.854056581316568586e+00 7.480424359874264795e+00
6.014798221588134766e+02 1.852056520279549590e+00 7.465423902096621767e+00
6.014941527843475342e+02 1.734052919095431466e+00 6.580396893215736398e+00
6.015129425525665283e+02 1.364041627246925348e+00 3.805312204351940064e+00
6.016253268718719482e+02 1.462044618060853951e+00 4.540334635456404477e+00
6.016571049690246582e+02 1.456044434949796962e+00 4.495333262123477169e+00
6.017128629684448242e+02 1.724052613910336706e+00 6.505394604327525698e+00
6.017268116474151611e+02 1.300039674062318795e+00 3.325297555467391142e+00
6.017437739372253418e+02 1.454044373912777965e+00 4.480332804345835029e+00
6.017731878757476807e+02 1.688051515243995437e+00 6.235386364329965403e+00
6.018017818927764893e+02 1.432043702505569671e+00 4.315327768791772378e+00
6.018302259445190430e+02 1.946059389019440200e+00 8.170445417645801456e+00
6.018734123706817627e+02 1.320040284432508315e+00 3.475302133243812541e+00
6.018936281204223633e+02 1.228037476729636479e+00 2.785281075472273660e+00
6.019447822570800781e+02 1.850056459242530593e+00 7.450423444318979627e+00
6.019602293968200684e+02 1.728052735984374477e+00 6.535395519882808202e+00
6.019755058288574219e+02 1.540046998504593034e+00 5.125352488784447935e+00
6.019884772300720215e+02 1.322040345469527312e+00 3.490302591021454681e+00
6.019995136260986328e+02 1.654050477614673387e+00 5.980378582110050800e+00
6.020401556491851807e+02 1.738053041169469237e+00 6.610397808771018902e+00
6.020676372051239014e+02 1.632049806207464870e+00 5.815373546555986373e+00
6.020820262432098389e+02 1.632049806207464870e+00 5.815373546555986373e+00
6.020953466892242432e+02 1.864056886501663346e+00 7.555426648762475494e+00
6.021089107990264893e+02 1.322040345469527312e+00 3.490302591021454681e+00
6.021222748756408691e+02 1.610049134800256354e+00 5.650368511001922833e+00
6.021395370960235596e+02 1.852056520279549590e+00 7.465423902096621767e+00
6.021534264087677002e+02 1.662050721762749150e+00 6.040380413220618472e+00
6.021798362731933594e+02 1.316040162358470544e+00 3.445301217688529150e+00
6.022812561988830566e+02 1.350041199987792595e+00 3.700308999908444640e+00
6.023121919631958008e+02 1.340040894802697835e+00 3.625306711020233941e+00
6.023679003715515137e+02 1.324040406506546308e+00 3.505303048799097265e+00
6.023812730312347412e+02 1.700051881466109194e+00 6.325389110995819131e+00
6.024055371284484863e+02 1.842056215094454830e+00 7.390421613208411067e+00
6.024350476264953613e+02 1.420043336283455915e+00 4.225325022125919538e+00
6.024565436840057373e+02 1.866056947538682342e+00 7.570427106540117634e+00
6.024725105762481689e+02 1.312040040284432552e+00 3.415300302133243981e+00
6.024886603355407715e+02 1.278039002655110279e+00 3.160292519913327158e+00
6.025031144618988037e+02 1.628049684133427100e+00 5.785372631000702981e+00
6.025431785583496094e+02 1.950059511093478193e+00 8.200446333201085736e+00
6.025730898380279541e+02 1.700051881466109194e+00 6.325389110995819131e+00
6.025876441001892090e+02 1.316040162358470544e+00 3.445301217688529150e+00
6.026020522117614746e+02 1.664050782799768147e+00 6.055380870998261500e+00
6.026152012348175049e+02 1.758053651539658757e+00 6.760402386547440301e+00
6.026295299530029297e+02 1.306039857173375784e+00 3.370298928800318450e+00
6.026421766281127930e+02 1.638049989318521860e+00 5.860374919888913681e+00
6.026595048904418945e+02 1.864056886501663346e+00 7.555426648762475494e+00
6.026778597831726074e+02 1.516046266060365522e+00 4.945346995452741368e+00
6.027881298065185547e+02 1.866056947538682342e+00 7.570427106540117634e+00
6.028195738792419434e+02 1.848056398205511819e+00 7.435422986541338375e+00
6.028754482269287109e+02 1.896057863093966622e+00 7.795433973204749734e+00
6.028891193866729736e+02 1.328040528580584301e+00 3.535303964354382433e+00
6.029121408462524414e+02 1.264038575395977748e+00 3.055289315469833067e+00
6.029414436817169189e+02 1.322040345469527312e+00 3.490302591021454681e+00
6.029700682163238525e+02 1.896057863093966622e+00 7.795433973204749734e+00
6.030007140636444092e+02 1.276038941618091505e+00 3.145292062135686351e+00
6.030365419387817383e+02 1.932058961760307669e+00 8.065442213202306476e+00
6.030628232955932617e+02 1.306039857173375784e+00 3.370298928800318450e+00
6.031100203990936279e+02 1.302039735099337792e+00 3.340298013245033282e+00
6.031239614486694336e+02 1.632049806207464870e+00 5.815373546555986373e+00
6.031393437385559082e+02 1.870057069612720113e+00 7.600428022095401026e+00
6.031566002368927002e+02 1.534046815393536267e+00 5.080351115451522404e+00
6.032178311347961426e+02 1.610049134800256354e+00 5.650368511001922833e+00
6.032340090274810791e+02 1.340040894802697835e+00 3.625306711020233941e+00
6.032540421485900879e+02 1.468044801171910718e+00 4.585336008789330009e+00
6.032673258781433105e+02 1.322040345469527312e+00 3.490302591021454681e+00
6.032821328639984131e+02 1.798054872280037797e+00 7.060411542100283100e+00
6.032989175319671631e+02 1.832055909909360070e+00 7.315419324320200367e+00
6.033154926300048828e+02 1.728052735984374477e+00 6.535395519882808202e+00
6.034342622756958008e+02 1.638049989318521860e+00 5.860374919888913681e+00
6.034657626152038574e+02 1.838056093020417059e+00 7.360420697653127675e+00
6.035212240219116211e+02 1.610049134800256354e+00 5.650368511001922833e+00
6.035348637104034424e+02 1.750053407391582994e+00 6.700400555436872629e+00
6.035601418018341064e+02 1.754053529465620986e+00 6.730401470992157797e+00
6.035931222438812256e+02 1.314040101321451548e+00 3.430300759910886566e+00
6.036164524555206299e+02 1.350041199987792595e+00 3.700308999908444640e+00
6.036282010078430176e+02 1.322040345469527312e+00 3.490302591021454681e+00
6.036396250724792480e+02 1.708052125614184957e+00 6.385390942106386802e+00
6.036521072387695312e+02 1.520046388134403514e+00 4.975347911008026536e+00
6.036957993507385254e+02 1.434043763542588446e+00 4.330328226569413630e+00
6.037181165218353271e+02 1.704052003540146965e+00 6.355390026551102522e+00
6.037346072196960449e+02 1.476045045319986482e+00 4.645337839899898569e+00
6.037485518455505371e+02 1.284039185766167268e+00 3.205293893246254466e+00
6.037620282173156738e+02 1.744053224280526226e+00 6.655399182103947098e+00
6.037804789543151855e+02 1.752053468428601990e+00 6.715401013214514769e+00
6.037971394062042236e+02 1.756053590502639761e+00 6.745401928769798161e+00
6.038151023387908936e+02 1.516046266060365522e+00 4.945346995452741368e+00
6.038437268733978271e+02 1.320040284432508315e+00 3.475302133243812541e+00
6.039677164554595947e+02 1.228037476729636479e+00 2.785281075472273660e+00
6.040271594524383545e+02 1.838056093020417059e+00 7.360420697653127675e+00
6.040409016609191895e+02 1.834055970946379066e+00 7.330419782097843395e+00
6.040660145282745361e+02 1.846056337168492822e+00 7.420422528763696235e+00
6.040958344936370850e+02 1.578048158207953300e+00 5.410361186559649482e+00
6.041243996620178223e+02 1.404042847987304388e+00 4.105321359904783307e+00
6.041552183628082275e+02 1.690051576281014434e+00 6.250386822107608431e+00
6.041911218166351318e+02 1.458044495986815958e+00 4.510333719901119309e+00
6.042172970771789551e+02 1.556047486800744784e+00 5.245356151005585943e+00
6.042614119052886963e+02 1.758053651539658757e+00 6.760402386547440301e+00
6.042787783145904541e+02 1.902058046205023389e+00 7.840435346537675265e+00
6.042978570461273193e+02 1.826055726798303303e+00 7.270417950987274835e+00
6.043220326900482178e+02 1.868057008575701339e+00 7.585427564317759774e+00
6.043745460510253906e+02 1.226037415692617483e+00 2.770280617694631076e+00
6.043882181644439697e+02 1.246038026062807003e+00 2.920285195471052475e+00
6.044034881591796875e+02 1.832055909909360070e+00 7.315419324320200367e+00
6.044204118251800537e+02 1.856056642353587582e+00 7.495424817651906935e+00
6.044347605705261230e+02 1.734052919095431466e+00 6.580396893215736398e+00
6.044575247764587402e+02 1.252038209173863992e+00 2.965286568803979783e+00
6.044730279445648193e+02 1.328040528580584301e+00 3.535303964354382433e+00
6.045126287937164307e+02 1.306039857173375784e+00 3.370298928800318450e+00
6.046125454902648926e+02 1.888057618945890859e+00 7.735432142094181174e+00
6.046266026496887207e+02 1.318040223395489319e+00 3.460301675466169957e+00
6.046815483570098877e+02 1.614049256874294347e+00 5.680369426557208001e+00
6.046949214935302734e+02 1.754053529465620986e+00 6.730401470992157797e+00
6.047196784019470215e+02 1.584048341319010067e+00 5.455362559892575902e+00
6.047533214092254639e+02 1.304039796136356788e+00 3.355298471022675866e+00
6.047715256214141846e+02 1.328040528580584301e+00 3.535303964354382433e+00
6.047868952751159668e+02 1.534046815393536267e+00 5.080351115451522404e+00
6.047991976737976074e+02 1.860056764427625353e+00 7.525425733207190326e+00
6.048171997070312500e+02 1.530046693319498274e+00 5.050350199896237235e+00
6.048708183765411377e+02 1.582048280281991071e+00 5.440362102114932874e+00
6.048870115280151367e+02 1.440043946653645435e+00 4.375329599902340938e+00
6.049013652801513672e+02 1.786054506057924263e+00 6.970408795434432037e+00
6.049152622222900391e+02 1.896057863093966622e+00 7.795433973204749734e+00
6.049276976585388184e+02 1.228037476729636479e+00 2.785281075472273660e+00
6.049437918663024902e+02 1.532046754356517271e+00 5.065350657673879375e+00
6.049585480690002441e+02 1.884057496871852866e+00 7.705431226538896894e+00
6.049756340980529785e+02 1.362041566209906351e+00 3.790311746574297480e+00
6.050044944286346436e+02 1.738053041169469237e+00 6.610397808771018902e+00
6.051200621128082275e+02 1.316040162358470544e+00 3.445301217688529150e+00
6.051344113349914551e+02 1.836056031983398062e+00 7.345420239875485535e+00
6.051899142265319824e+02 1.344041016876735828e+00 3.655307626575518665e+00
6.052037627696990967e+02 1.422043397320474689e+00 4.240325479903560790e+00
6.052269878387451172e+02 1.776054200872829503e+00 6.895406506546221337e+00
6.052569773197174072e+02 1.450044251838740195e+00 4.450331888790551638e+00
6.052858145236968994e+02 1.478045106357005478e+00 4.660338297677540709e+00
6.053163084983825684e+02 1.616049317911313343e+00 5.695369884334850141e+00
6.053520991802215576e+02 1.510046082949308754e+00 4.900345622119815836e+00
6.053718268871307373e+02 1.452044312875759191e+00 4.465332346568193778e+00
6.054083981513977051e+02 1.312040040284432552e+00 3.415300302133243981e+00
6.054354469776153564e+02 1.300039674062318795e+00 3.325297555467391142e+00
6.054474439620971680e+02 1.318040223395489319e+00 3.460301675466169957e+00
6.054621293544769287e+02 1.834055970946379066e+00 7.330419782097843395e+00
6.054781577587127686e+02 1.884057496871852866e+00 7.705431226538896894e+00
6.055278506278991699e+02 1.484045289468062467e+00 4.705339671010468905e+00
6.055423791408538818e+02 1.836056031983398062e+00 7.345420239875485535e+00
6.055586547851562500e+02 1.916058473464156142e+00 7.945438550981171133e+00
6.055792279243469238e+02 1.854056581316568586e+00 7.480424359874264795e+00
6.055918190479278564e+02 1.424043458357493686e+00 4.255325937681202930e+00
6.056052281856536865e+02 1.532046754356517271e+00 5.065350657673879375e+00
6.056200549602508545e+02 1.928058839686269677e+00 8.035441297647022196e+00
6.056361029148101807e+02 1.484045289468062467e+00 4.705339671010468905e+00
6.056793286800384521e+02 1.480045167394024475e+00 4.675338755455183737e+00
6.057887041568756104e+02 1.430043641468550675e+00 4.300327311014130238e+00
6.058460965156555176e+02 1.286039246803186265e+00 3.220294351023897050e+00
6.058593828678131104e+02 1.850056459242530593e+00 7.450423444318979627e+00
6.058879282474517822e+02 1.946059389019440200e+00 8.170445417645801456e+00
6.059277620315551758e+02 1.378042054506058101e+00 3.910315408795435932e+00
6.059416663646697998e+02 1.786054506057924263e+00 6.970408795434432037e+00
6.059595487117767334e+02 1.752053468428601990e+00 6.715401013214514769e+00
6.059726495742797852e+02 1.438043885616626438e+00 4.360329142124697910e+00
6.060002026557922363e+02 1.454044373912777965e+00 4.480332804345835029e+00
6.060341703891754150e+02 1.436043824579607442e+00 4.345328684347055770e+00
6.060545899868011475e+02 1.438043885616626438e+00 4.360329142124697910e+00
6.060705401897430420e+02 1.298039613025299799e+00 3.310297097689748558e+00
6.060859100818634033e+02 1.678051210058900677e+00 6.160384075441754703e+00
6.061037592887878418e+02 1.746053285317545001e+00 6.670399639881587461e+00
6.061172118186950684e+02 1.874057191686758106e+00 7.630428937650686194e+00
6.061307795047760010e+02 1.328040528580584301e+00 3.535303964354382433e+00
6.061504244804382324e+02 1.490045472579119235e+00 4.750341044343394437e+00
6.062624135017395020e+02 1.322040345469527312e+00 3.490302591021454681e+00
6.062951643466949463e+02 1.494045594653157227e+00 4.780341959898679605e+00
6.063498055934906006e+02 1.338040833765679061e+00 3.610306253242593133e+00
6.063701310157775879e+02 1.430043641468550675e+00 4.300327311014130238e+00
6.063920094966888428e+02 1.710052186651203954e+00 6.400391399884029831e+00
6.064213070869445801e+02 1.272038819544053512e+00 3.115291146580401183e+00
6.064518465995788574e+02 1.904058107242042386e+00 7.855435804315318293e+00
6.065113227367401123e+02 1.322040345469527312e+00 3.490302591021454681e+00
6.065304205417633057e+02 1.620049439985351114e+00 5.725370799890133533e+00
6.065707828998565674e+02 1.248038087099825999e+00 2.935285653248695059e+00
6.065942323207855225e+02 1.384042237617114868e+00 3.955316782128361464e+00
6.066097261905670166e+02 1.300039674062318795e+00 3.325297555467391142e+00
6.066244840621948242e+02 1.660050660725730376e+00 6.025379955442978108e+00
6.066395113468170166e+02 1.844056276131473826e+00 7.405422070986054095e+00
6.066804838180541992e+02 1.450044251838740195e+00 4.450331888790551638e+00
6.067059152126312256e+02 1.842056215094454830e+00 7.390421613208411067e+00
6.067228507995605469e+02 1.782054383983886270e+00 6.940407879879146869e+00
6.067442042827606201e+02 1.870057069612720113e+00 7.600428022095401026e+00
6.067611806392669678e+02 1.792054689168981030e+00 7.015410168767357568e+00
6.067754600048065186e+02 1.752053468428601990e+00 6.715401013214514769e+00
6.067881641387939453e+02 1.316040162358470544e+00 3.445301217688529150e+00
6.068025896549224854e+02 1.754053529465620986e+00 6.730401470992157797e+00
6.069201221466064453e+02 1.912058351390118149e+00 7.915437635425885965e+00
6.069519367218017578e+02 1.422043397320474689e+00 4.240325479903560790e+00
6.070074956417083740e+02 1.294039490951262028e+00 3.280296182134465166e+00
6.070213227272033691e+02 1.836056031983398062e+00 7.345420239875485535e+00
6.070458114147186279e+02 1.856056642353587582e+00 7.495424817651906935e+00
6.070983445644378662e+02 1.348041138950773821e+00 3.685308542130803833e+00
6.071113021373748779e+02 1.322040345469527312e+00 3.490302591021454681e+00
6.071242938041687012e+02 1.558047547837763558e+00 5.260356608783226307e+00
6.071366612911224365e+02 1.792054689168981030e+00 7.015410168767357568e+00
6.071628916263580322e+02 1.246038026062807003e+00 2.920285195471052475e+00
6.072004284858703613e+02 1.448044190801721198e+00 4.435331431012908610e+00
6.072132823467254639e+02 1.456044434949796962e+00 4.495333262123477169e+00
6.072270853519439697e+02 1.448044190801721198e+00 4.435331431012908610e+00
6.072396144866943359e+02 1.848056398205511819e+00 7.435422986541338375e+00
6.072571399211883545e+02 1.508046021912289758e+00 4.885345164342172808e+00
6.072714259624481201e+02 1.318040223395489319e+00 3.460301675466169957e+00
6.072846951484680176e+02 1.644050172429578627e+00 5.905376293221840101e+00
6.072994403839111328e+02 1.820055543687246313e+00 7.225416577654347527e+00
6.073447775840759277e+02 1.348041138950773821e+00 3.685308542130803833e+00
6.074688210487365723e+02 1.232037598803674472e+00 2.815281991027558384e+00
6.075287246704101562e+02 1.834055970946379066e+00 7.330419782097843395e+00
6.075417718887329102e+02 1.830055848872341073e+00 7.300418866542558227e+00
6.075669984817504883e+02 1.852056520279549590e+00 7.465423902096621767e+00
6.075965578556060791e+02 1.608049073763237580e+00 5.635368053224281581e+00
6.076253583431243896e+02 1.336040772728660064e+00 3.595305795464950549e+00
6.076855497360229492e+02 1.730052797021393474e+00 6.550395977660451230e+00
6.076979146003723145e+02 1.868057008575701339e+00 7.585427564317759774e+00
6.077229564189910889e+02 1.682051332132938670e+00 6.190384990997039871e+00
6.077723839282989502e+02 1.430043641468550675e+00 4.300327311014130238e+00
6.077852373123168945e+02 1.556047486800744784e+00 5.245356151005585943e+00
6.078022866249084473e+02 1.872057130649739110e+00 7.615428479873043166e+00
6.078149223327636719e+02 1.582048280281991071e+00 5.440362102114932874e+00
6.078645331859588623e+02 1.844056276131473826e+00 7.405422070986054095e+00
6.078831098079681396e+02 1.844056276131473826e+00 7.405422070986054095e+00
6.078973464965820312e+02 1.806055116428113783e+00 7.120413373210853436e+00
6.079111149311065674e+02 1.324040406506546308e+00 3.505303048799097265e+00
6.079243931770324707e+02 1.630049745170446096e+00 5.800373088778346009e+00
6.079386408329010010e+02 1.870057069612720113e+00 7.600428022095401026e+00
6.079519162178039551e+02 1.326040467543565304e+00 3.520303506576739849e+00
6.079691789150238037e+02 1.570047914059877314e+00 5.350359355449080034e+00
6.079842867851257324e+02 1.838056093020417059e+00 7.360420697653127675e+00
6.080196368694305420e+02 1.784054445020905266e+00 6.955408337656789897e+00
6.081236677169799805e+02 1.690051576281014434e+00 6.250386822107608431e+00
6.081836066246032715e+02 1.752053468428601990e+00 6.715401013214514769e+00
6.081969223022460938e+02 1.720052491836298714e+00 6.475393688772240530e+00
6.082273771762847900e+02 1.822055604724265310e+00 7.240417035431989667e+00
6.082609770298004150e+02 1.326040467543565304e+00 3.520303506576739849e+00
6.082814266681671143e+02 1.736052980132450241e+00 6.595397350993376762e+00
6.082982027530670166e+02 1.874057191686758106e+00 7.630428937650686194e+00
6.083137907981872559e+02 1.472044923245948711e+00 4.615336924344615177e+00
6.083249068260192871e+02 1.438043885616626438e+00 4.360329142124697910e+00
6.083658442497253418e+02 1.420043336283455915e+00 4.225325022125919538e+00
6.083876001834869385e+02 1.836056031983398062e+00 7.345420239875485535e+00
6.084024333953857422e+02 1.846056337168492822e+00 7.420422528763696235e+00
6.084159619808197021e+02 1.546047181615650024e+00 5.170353862117375243e+00
6.084282898902893066e+02 1.302039735099337792e+00 3.340298013245033282e+00
6.084473128318786621e+02 1.854056581316568586e+00 7.480424359874264795e+00
6.084611806869506836e+02 1.858056703390606579e+00 7.510425275429549075e+00
6.084763076305389404e+02 1.748053346354563997e+00 6.685400097659229601e+00
6.084955523014068604e+02 1.320040284432508315e+00 3.475302133243812541e+00
6.086076838970184326e+02 1.530046693319498274e+00 5.050350199896237235e+00
6.086393547058105469e+02 1.438043885616626438e+00 4.360329142124697910e+00
6.086951742172241211e+02 1.720052491836298714e+00 6.475393688772240530e+00
6.087089107036590576e+02 1.230037537766655475e+00 2.800281533249916244e+00
6.087270271778106689e+02 1.452044312875759191e+00 4.465332346568193778e+00
6.087556138038635254e+02 1.636049928281502863e+00 5.845374462111271541e+00
6.087840397357940674e+02 1.400042725913266617e+00 4.075320444349499915e+00
6.088123042583465576e+02 1.908058229316080379e+00 7.885436719870602573e+00
6.088538107872009277e+02 1.278039002655110279e+00 3.160292519913327158e+00
6.088750810623168945e+02 1.318040223395489319e+00 3.460301675466169957e+00
6.089053072929382324e+02 1.344041016876735828e+00 3.655307626575518665e+00
6.089371507167816162e+02 1.328040528580584301e+00 3.535303964354382433e+00
6.089499785900115967e+02 1.278039002655110279e+00 3.160292519913327158e+00
6.089647598266601562e+02 1.770054017761772513e+00 6.850405133213294029e+00
6.089987676143646240e+02 1.882057435834833869e+00 7.690430768761253866e+00
6.090379374027252197e+02 1.634049867244483867e+00 5.830374004333629401e+00
6.090556426048278809e+02 1.318040223395489319e+00 3.460301675466169957e+00
6.090688543319702148e+02 1.360041505172887355e+00 3.775311288796655340e+00
6.090823066234588623e+02 1.854056581316568586e+00 7.480424359874264795e+00
6.091015496253967285e+02 1.544047120578631027e+00 5.155353404339733103e+00
6.091166129112243652e+02 1.502045838801232991e+00 4.840343791009247276e+00
6.091308073997497559e+02 1.304039796136356788e+00 3.355298471022675866e+00
6.091443779468536377e+02 1.640050050355540856e+00 5.875375377666556709e+00
6.091837909221649170e+02 1.718052430799279717e+00 6.460393230994597502e+00
6.092899358272552490e+02 1.232037598803674472e+00 2.815281991027558384e+00
6.093488826751708984e+02 1.838056093020417059e+00 7.360420697653127675e+00
6.093620369434356689e+02 1.838056093020417059e+00 7.360420697653127675e+00
6.093839604854583740e+02 1.694051698355052205e+00 6.280387737662891823e+00
6.094231445789337158e+02 1.950059511093478193e+00 8.200446333201085736e+00
6.094464116096496582e+02 1.830055848872341073e+00 7.300418866542558227e+00
6.094658949375152588e+02 1.836056031983398062e+00 7.345420239875485535e+00
6.094817893505096436e+02 1.840056154057435833e+00 7.375421155430768927e+00
6.095277831554412842e+02 1.868057008575701339e+00 7.585427564317759774e+00
6.095511634349822998e+02 1.796054811243019023e+00 7.045411084322642736e+00
6.095684125423431396e+02 1.426043519394512682e+00 4.270326395458845070e+00
6.095820865631103516e+02 1.852056520279549590e+00 7.465423902096621767e+00
6.095964074134826660e+02 1.726052674947355481e+00 6.520395062105166062e+00
6.096179196834564209e+02 1.330040589617603075e+00 3.550304422132023241e+00
6.096327805519104004e+02 1.306039857173375784e+00 3.370298928800318450e+00
6.096481516361236572e+02 1.450044251838740195e+00 4.450331888790551638e+00
6.097847232818603516e+02 1.358041444135868581e+00 3.760310831019014532e+00
6.097992489337921143e+02 1.856056642353587582e+00 7.495424817651906935e+00
6.098543500900268555e+02 1.562047669911801551e+00 5.290357524338511475e+00
6.098743739128112793e+02 1.284039185766167268e+00 3.205293893246254466e+00
6.098960959911346436e+02 1.428043580431531678e+00 4.285326853236487210e+00
6.099275927543640137e+02 1.738053041169469237e+00 6.610397808771018902e+00
6.099560308456420898e+02 1.632049806207464870e+00 5.815373546555986373e+00
6.099830660820007324e+02 1.402042786950285391e+00 4.090320902127140279e+00
6.100139281749725342e+02 1.498045716727194998e+00 4.810342875453962108e+00
6.100404770374298096e+02 1.432043702505569671e+00 4.315327768791772378e+00
6.100727200508117676e+02 1.858056703390606579e+00 7.510425275429549075e+00
6.100954730510711670e+02 1.228037476729636479e+00 2.785281075472273660e+00
6.101081237792968750e+02 1.422043397320474689e+00 4.240325479903560790e+00
6.101196355819702148e+02 1.858056703390606579e+00 7.510425275429549075e+00
6.101340343952178955e+02 1.324040406506546308e+00 3.505303048799097265e+00
6.101892554759979248e+02 1.846056337168492822e+00 7.420422528763696235e+00
6.102068867683410645e+02 1.858056703390606579e+00 7.510425275429549075e+00
6.102205653190612793e+02 1.870057069612720113e+00 7.600428022095401026e+00
6.102343926429748535e+02 1.438043885616626438e+00 4.360329142124697910e+00
6.102473211288452148e+02 1.454044373912777965e+00 4.480332804345835029e+00
6.102705543041229248e+02 1.830055848872341073e+00 7.300418866542558227e+00
6.102852716445922852e+02 1.630049745170446096e+00 5.800373088778346009e+00
6.102985086441040039e+02 1.942059266945402429e+00 8.140444502090517176e+00
6.103380529880523682e+02 1.310039979247413555e+00 3.400299844355601842e+00
6.104440932273864746e+02 1.736052980132450241e+00 6.595397350993376762e+00
6.105033113956451416e+02 1.676051149021881681e+00 6.145383617664112563e+00
6.105169029235839844e+02 1.600048829615161594e+00 5.575366222113712134e+00
6.105476074218750000e+02 1.752053468428601990e+00 6.715401013214514769e+00
6.105807459354400635e+02 1.316040162358470544e+00 3.445301217688529150e+00
6.106010513305664062e+02 1.518046327097384518e+00 4.960347453230383508e+00
6.106133873462677002e+02 1.378042054506058101e+00 3.910315408795435932e+00
6.106289880275726318e+02 1.436043824579607442e+00 4.345328684347055770e+00
6.106440641880035400e+02 1.720052491836298714e+00 6.475393688772240530e+00
6.106940946578979492e+02 1.726052674947355481e+00 6.520395062105166062e+00
6.107091622352600098e+02 1.498045716727194998e+00 4.810342875453962108e+00
6.107259345054626465e+02 1.742053163243507230e+00 6.640398724326304070e+00
6.107406554222106934e+02 1.866056947538682342e+00 7.570427106540117634e+00
6.107546579837799072e+02 1.448044190801721198e+00 4.435331431012908610e+00
6.107676184177398682e+02 1.450044251838740195e+00 4.450331888790551638e+00
6.107814598083496094e+02 1.840056154057435833e+00 7.375421155430768927e+00
6.108010504245758057e+02 1.736052980132450241e+00 6.595397350993376762e+00
6.109230377674102783e+02 1.840056154057435833e+00 7.375421155430768927e+00
6.109542598724365234e+02 1.404042847987304388e+00 4.105321359904783307e+00
6.110102849006652832e+02 1.314040101321451548e+00 3.430300759910886566e+00
6.110242459774017334e+02 1.666050843836786921e+00 6.070381328775901864e+00
6.110478112697601318e+02 1.852056520279549590e+00 7.465423902096621767e+00
6.110774285793304443e+02 1.642050111392559630e+00 5.890375835444197072e+00
6.111059610843658447e+02 1.324040406506546308e+00 3.505303048799097265e+00
6.111656672954559326e+02 1.834055970946379066e+00 7.330419782097843395e+00
6.111849732398986816e+02 1.724052613910336706e+00 6.505394604327525698e+00
6.112200868129730225e+02 1.842056215094454830e+00 7.390421613208411067e+00
6.112504055500030518e+02 1.604048951689199587e+00 5.605367137668997302e+00
6.112655863761901855e+02 1.634049867244483867e+00 5.830374004333629401e+00
6.112802290916442871e+02 1.840056154057435833e+00 7.375421155430768927e+00
6.112962920665740967e+02 1.510046082949308754e+00 4.900345622119815836e+00
6.113367292881011963e+02 1.732052858058412470e+00 6.565396435438093370e+00
6.113566236495971680e+02 1.322040345469527312e+00 3.490302591021454681e+00
6.113681092262268066e+02 1.314040101321451548e+00 3.430300759910886566e+00
6.113810603618621826e+02 1.850056459242530593e+00 7.450423444318979627e+00
6.113954029083251953e+02 1.460044557023834955e+00 4.525334177678762337e+00
6.114084992408752441e+02 1.456044434949796962e+00 4.495333262123477169e+00
6.114219012260437012e+02 1.852056520279549590e+00 7.465423902096621767e+00
6.114374306201934814e+02 1.730052797021393474e+00 6.550395977660451230e+00
6.114523804187774658e+02 1.300039674062318795e+00 3.325297555467391142e+00
6.114704694747924805e+02 1.702051942503128190e+00 6.340389568773461271e+00
6.115830597877502441e+02 1.304039796136356788e+00 3.355298471022675866e+00
6.116143040657043457e+02 1.430043641468550675e+00 4.300327311014130238e+00
6.116704952716827393e+02 1.298039613025299799e+00 3.310297097689748558e+00
6.116838712692260742e+02 1.806055116428113783e+00 7.120413373210853436e+00
6.117128276824951172e+02 1.836056031983398062e+00 7.345420239875485535e+00
6.117531080245971680e+02 1.600048829615161594e+00 5.575366222113712134e+00
6.117704911231994629e+02 1.384042237617114868e+00 3.955316782128361464e+00
6.117855839729309082e+02 1.624049562059389107e+00 5.755371715445418701e+00
6.118037114143371582e+02 1.912058351390118149e+00 7.915437635425885965e+00
6.118457224369049072e+02 1.718052430799279717e+00 6.460393230994597502e+00
6.118745718002319336e+02 1.858056703390606579e+00 7.510425275429549075e+00
6.118949611186981201e+02 1.456044434949796962e+00 4.495333262123477169e+00
6.119114367961883545e+02 1.418043275246436918e+00 4.210324564348276510e+00
6.119258935451507568e+02 1.798054872280037797e+00 7.060411542100283100e+00
6.119445266723632812e+02 1.836056031983398062e+00 7.345420239875485535e+00
6.119567835330963135e+02 1.592048585467085831e+00 5.515364391003143574e+00
6.119887151718139648e+02 1.288039307840205039e+00 3.235294808801537858e+00
6.120856258869171143e+02 1.938059144871364436e+00 8.110443586535232896e+00
6.121168076992034912e+02 1.490045472579119235e+00 4.750341044343394437e+00
6.121714284420013428e+02 1.322040345469527312e+00 3.490302591021454681e+00
6.121850459575653076e+02 1.646050233466597623e+00 5.920376750999482240e+00
6.122032186985015869e+02 1.848056398205511819e+00 7.435422986541338375e+00
6.122320072650909424e+02 1.944059327982421204e+00 8.155444959868159316e+00
6.122607309818267822e+02 1.330040589617603075e+00 3.550304422132023241e+00
6.122891490459442139e+02 1.504045899838251987e+00 4.855344248786890304e+00
6.123318438529968262e+02 1.610049134800256354e+00 5.650368511001922833e+00
6.123588781356811523e+02 1.696051759392071201e+00 6.295388195440533963e+00
6.124064712524414062e+02 1.518046327097384518e+00 4.960347453230383508e+00
6.124196496009826660e+02 1.870057069612720113e+00 7.600428022095401026e+00
6.124350321292877197e+02 1.316040162358470544e+00 3.445301217688529150e+00
6.124543454647064209e+02 1.256038331247901763e+00 2.995287484359263175e+00
6.124769804477691650e+02 1.396042603839228624e+00 4.045319528794214747e+00
6.125139610767364502e+02 1.814055360576189546e+00 7.180415204321421996e+00
6.125321867465972900e+02 1.236037720877712243e+00 2.845282906582841775e+00
6.125520212650299072e+02 1.770054017761772513e+00 6.850405133213294029e+00
6.125668671131134033e+02 1.618049378948332340e+00 5.710370342112492281e+00
6.125840039253234863e+02 1.908058229316080379e+00 7.885436719870602573e+00
6.126031663417816162e+02 1.612049195837275350e+00 5.665368968779564973e+00
6.126185984611511230e+02 1.722052552873317710e+00 6.490394146549882670e+00
6.127374901771545410e+02 1.584048341319010067e+00 5.455362559892575902e+00
6.127694206237792969e+02 1.850056459242530593e+00 7.450423444318979627e+00
6.128256616592407227e+02 1.576048097170934303e+00 5.395360728782007342e+00
6.128391444683074951e+02 1.740053102206488234e+00 6.625398266548661930e+00
6.128665235042572021e+02 1.748053346354563997e+00 6.685400097659229601e+00
6.128965423107147217e+02 1.308039918210394559e+00 3.385299386577959257e+00
6.129201714992523193e+02 1.354041322061830588e+00 3.730309915463729364e+00
6.129324500560760498e+02 1.324040406506546308e+00 3.505303048799097265e+00
6.129491612911224365e+02 1.692051637318033430e+00 6.265387279885250571e+00
6.129625995159149170e+02 1.844056276131473826e+00 7.405422070986054095e+00
6.130114002227783203e+02 1.444044068727683205e+00 4.405330515457624330e+00
6.130305776596069336e+02 1.836056031983398062e+00 7.345420239875485535e+00
6.130488426685333252e+02 1.634049867244483867e+00 5.830374004333629401e+00
6.130608055591583252e+02 1.946059389019440200e+00 8.170445417645801456e+00
6.130753684043884277e+02 1.332040650654622072e+00 3.565304879909665381e+00
6.130944778919219971e+02 1.434043763542588446e+00 4.330328226569413630e+00
6.131142659187316895e+02 1.316040162358470544e+00 3.445301217688529150e+00
6.131589620113372803e+02 1.616049317911313343e+00 5.695369884334850141e+00
6.132653028964996338e+02 1.730052797021393474e+00 6.550395977660451230e+00
6.133241713047027588e+02 1.672051026947843688e+00 6.115382702108827395e+00
6.133385140895843506e+02 1.752053468428601990e+00 6.715401013214514769e+00
6.133661370277404785e+02 1.858056703390606579e+00 7.510425275429549075e+00
6.134008436203002930e+02 1.536046876430555264e+00 5.095351573229164543e+00
6.134316322803497314e+02 1.750053407391582994e+00 6.700400555436872629e+00
6.134854650497436523e+02 1.310039979247413555e+00 3.400299844355601842e+00
6.135064940452575684e+02 1.798054872280037797e+00 7.060411542100283100e+00
6.135420939922332764e+02 1.900057985168004615e+00 7.825434888760034902e+00
6.135689098834991455e+02 1.398042664876247620e+00 4.060319986571856887e+00
6.135852324962615967e+02 1.838056093020417059e+00 7.360420697653127675e+00
6.136009016036987305e+02 1.858056703390606579e+00 7.510425275429549075e+00
6.136116182804107666e+02 1.320040284432508315e+00 3.475302133243812541e+00
6.136506581306457520e+02 1.636049928281502863e+00 5.845374462111271541e+00
6.136801824569702148e+02 1.598048768578142820e+00 5.560365764336070882e+00
6.136948268413543701e+02 1.322040345469527312e+00 3.490302591021454681e+00
6.137113511562347412e+02 1.238037781914731239e+00 2.860283364360484359e+00
6.137231259346008301e+02 1.838056093020417059e+00 7.360420697653127675e+00
6.137383184432983398e+02 1.750053407391582994e+00 6.700400555436872629e+00
6.137588083744049072e+02 1.296039551988281024e+00 3.295296639912107750e+00
6.137730650901794434e+02 1.320040284432508315e+00 3.475302133243812541e+00
6.138152437210083008e+02 1.370041810357982115e+00 3.850313577684866040e+00
6.139229633808135986e+02 1.904058107242042386e+00 7.855435804315318293e+00
6.139850776195526123e+02 1.626049623096408103e+00 5.770372173223060841e+00
6.139989018440246582e+02 1.738053041169469237e+00 6.610397808771018902e+00
6.140240511894226074e+02 1.734052919095431466e+00 6.580396893215736398e+00
6.140768878459930420e+02 1.730052797021393474e+00 6.550395977660451230e+00
6.140893251895904541e+02 1.454044373912777965e+00 4.480332804345835029e+00
6.141035439968109131e+02 1.944059327982421204e+00 8.155444959868159316e+00
6.141189117431640625e+02 1.740053102206488234e+00 6.625398266548661930e+00
6.141711440086364746e+02 1.280039063692129275e+00 3.175292977690969742e+00
6.142025895118713379e+02 1.296039551988281024e+00 3.295296639912107750e+00
6.142173063755035400e+02 1.378042054506058101e+00 3.910315408795435932e+00
6.142314922809600830e+02 1.230037537766655475e+00 2.800281533249916244e+00
6.142481899261474609e+02 1.722052552873317710e+00 6.490394146549882670e+00
6.142640833854675293e+02 1.856056642353587582e+00 7.495424817651906935e+00
6.142811367511749268e+02 1.620049439985351114e+00 5.725370799890133533e+00
6.142978272438049316e+02 1.336040772728660064e+00 3.595305795464950549e+00
6.143287847042083740e+02 1.252038209173863992e+00 2.965286568803979783e+00
6.144236419200897217e+02 1.714052308725241724e+00 6.430392315439313222e+00
6.144553177356719971e+02 1.518046327097384518e+00 4.960347453230383508e+00
6.145124557018280029e+02 1.298039613025299799e+00 3.310297097689748558e+00
6.145262575149536133e+02 1.618049378948332340e+00 5.710370342112492281e+00
6.145435373783111572e+02 1.838056093020417059e+00 7.360420697653127675e+00
6.145743672847747803e+02 1.880057374797815095e+00 7.675430310983613502e+00
6.146032304763793945e+02 1.230037537766655475e+00 2.800281533249916244e+00
6.146322600841522217e+02 1.750053407391582994e+00 6.700400555436872629e+00
6.146758515834808350e+02 1.446044129764702202e+00 4.420330973235266470e+00
6.146960527896881104e+02 1.434043763542588446e+00 4.330328226569413630e+00
6.147276277542114258e+02 1.940059205908383433e+00 8.125444044312875036e+00
6.147618222236633301e+02 1.446044129764702202e+00 4.420330973235266470e+00
6.147745447158813477e+02 1.330040589617603075e+00 3.550304422132023241e+00
6.147874937057495117e+02 1.470044862208929715e+00 4.600336466566973037e+00
6.148031921386718750e+02 1.856056642353587582e+00 7.495424817651906935e+00
6.148198788166046143e+02 1.418043275246436918e+00 4.210324564348276510e+00
6.148753311634063721e+02 1.736052980132450241e+00 6.595397350993376762e+00
6.148915376663208008e+02 1.412043092135379929e+00 4.165323191015350091e+00
6.149033384323120117e+02 1.854056581316568586e+00 7.480424359874264795e+00
6.149242808818817139e+02 1.574048036133915307e+00 5.380360271004365202e+00
6.149492545127868652e+02 1.528046632282479278e+00 5.035349742118594207e+00
6.149642448425292969e+02 1.946059389019440200e+00 8.170445417645801456e+00
6.149791049957275391e+02 1.742053163243507230e+00 6.640398724326304070e+00
6.150992972850799561e+02 1.846056337168492822e+00 7.420422528763696235e+00
6.151311655044555664e+02 1.832055909909360070e+00 7.315419324320200367e+00
6.151881742477416992e+02 1.454044373912777965e+00 4.480332804345835029e+00
6.152016103267669678e+02 1.884057496871852866e+00 7.705431226538896894e+00
6.152271876335144043e+02 1.870057069612720113e+00 7.600428022095401026e+00
6.152852139472961426e+02 1.562047669911801551e+00 5.290357524338511475e+00
6.153077940940856934e+02 1.924058717612231684e+00 8.005440382091737916e+00
6.153210496902465820e+02 1.750053407391582994e+00 6.700400555436872629e+00
6.153332362174987793e+02 1.304039796136356788e+00 3.355298471022675866e+00
6.153491404056549072e+02 1.762053773613696750e+00 6.790403302102725469e+00
6.154049119949340820e+02 1.450044251838740195e+00 4.450331888790551638e+00
6.154228575229644775e+02 1.848056398205511819e+00 7.435422986541338375e+00
6.154403340816497803e+02 1.456044434949796962e+00 4.495333262123477169e+00
6.154593458175659180e+02 1.272038819544053512e+00 3.115291146580401183e+00
6.154791538715362549e+02 1.328040528580584301e+00 3.535303964354382433e+00
6.154924776554107666e+02 1.294039490951262028e+00 3.280296182134465166e+00
6.155400094985961914e+02 1.834055970946379066e+00 7.330419782097843395e+00
6.156442356109619141e+02 1.858056703390606579e+00 7.510425275429549075e+00
6.157036285400390625e+02 1.470044862208929715e+00 4.600336466566973037e+00
6.157171313762664795e+02 1.492045533616138231e+00 4.765341502121036577e+00
6.157437031269073486e+02 1.498045716727194998e+00 4.810342875453962108e+00
6.157738015651702881e+02 1.862056825464644350e+00 7.540426190984832466e+00
6.158024270534515381e+02 1.436043824579607442e+00 4.345328684347055770e+00
6.158376564979553223e+02 1.720052491836298714e+00 6.475393688772240530e+00
6.158691902160644531e+02 1.446044129764702202e+00 4.420330973235266470e+00
6.158895263671875000e+02 1.876057252723777102e+00 7.645429395428328334e+00
6.159255239963531494e+02 1.700051881466109194e+00 6.325389110995819131e+00
6.159524717330932617e+02 1.658050599688711380e+00 6.010379497665335080e+00
6.159651029109954834e+02 1.836056031983398062e+00 7.345420239875485535e+00
6.159831638336181641e+02 1.748053346354563997e+00 6.685400097659229601e+00
6.159957218170166016e+02 1.362041566209906351e+00 3.790311746574297480e+00
6.160453910827636719e+02 1.556047486800744784e+00 5.245356151005585943e+00
6.160637578964233398e+02 1.936059083834345440e+00 8.095443128757590756e+00
6.160779225826263428e+02 1.538046937467574038e+00 5.110352031006804907e+00
6.160953719615936279e+02 1.310039979247413555e+00 3.400299844355601842e+00
6.161102495193481445e+02 1.624049562059389107e+00 5.755371715445418701e+00
6.161238942146301270e+02 1.926058778649250680e+00 8.020440839869380056e+00
6.161391031742095947e+02 1.452044312875759191e+00 4.465332346568193778e+00
6.161562809944152832e+02 1.304039796136356788e+00 3.355298471022675866e+00
6.161982569694519043e+02 1.446044129764702202e+00 4.420330973235266470e+00
6.163032286167144775e+02 1.908058229316080379e+00 7.885436719870602573e+00
6.163659939765930176e+02 1.340040894802697835e+00 3.625306711020233941e+00
6.163793151378631592e+02 1.656050538651692383e+00 5.995379039887692940e+00
6.164018714427947998e+02 1.296039551988281024e+00 3.295296639912107750e+00
6.164309694766998291e+02 1.494045594653157227e+00 4.780341959898679605e+00
6.164632387161254883e+02 1.456044434949796962e+00 4.495333262123477169e+00
6.164795486927032471e+02 1.342040955839716831e+00 3.640307168797876081e+00
6.164951248168945312e+02 1.324040406506546308e+00 3.505303048799097265e+00
6.165410475730895996e+02 1.598048768578142820e+00 5.560365764336070882e+00
6.165653386116027832e+02 1.752053468428601990e+00 6.715401013214514769e+00
6.165804679393768311e+02 1.708052125614184957e+00 6.385390942106386802e+00
6.165983531475067139e+02 1.230037537766655475e+00 2.800281533249916244e+00
6.166124241352081299e+02 1.414043153172398926e+00 4.180323648792992230e+00
6.166258430480957031e+02 1.838056093020417059e+00 7.360420697653127675e+00
6.166414046287536621e+02 1.868057008575701339e+00 7.585427564317759774e+00
6.166551551818847656e+02 1.322040345469527312e+00 3.490302591021454681e+00
6.166851317882537842e+02 1.622049501022370110e+00 5.740371257667775673e+00
6.168077118396759033e+02 1.472044923245948711e+00 4.615336924344615177e+00
6.168220181465148926e+02 1.840056154057435833e+00 7.375421155430768927e+00
6.168759119510650635e+02 1.492045533616138231e+00 4.765341502121036577e+00
6.168901896476745605e+02 1.456044434949796962e+00 4.495333262123477169e+00
6.169139757156372070e+02 1.628049684133427100e+00 5.785372631000702981e+00
6.169486582279205322e+02 1.344041016876735828e+00 3.655307626575518665e+00
6.169796679019927979e+02 1.826055726798303303e+00 7.270417950987274835e+00
6.170070776939392090e+02 1.450044251838740195e+00 4.450331888790551638e+00
6.170388724803924561e+02 1.648050294503616620e+00 5.935377208777124380e+00
6.170647921562194824e+02 1.410043031098361155e+00 4.150322733237708839e+00
6.170935323238372803e+02 1.918058534501175139e+00 7.960439008758813273e+00
6.171201956272125244e+02 1.726052674947355481e+00 6.520395062105166062e+00
6.171369953155517578e+02 1.246038026062807003e+00 2.920285195471052475e+00
6.171590597629547119e+02 1.300039674062318795e+00 3.325297555467391142e+00
6.172016205787658691e+02 1.308039918210394559e+00 3.385299386577959257e+00
6.172241592407226562e+02 1.850056459242530593e+00 7.450423444318979627e+00
6.172364859580993652e+02 1.424043458357493686e+00 4.255325937681202930e+00
6.172555372714996338e+02 1.608049073763237580e+00 5.635368053224281581e+00
6.172767579555511475e+02 1.258038392284920759e+00 3.010287942136905759e+00
6.172940926551818848e+02 1.320040284432508315e+00 3.475302133243812541e+00
6.173096327781677246e+02 1.738053041169469237e+00 6.610397808771018902e+00
6.173224539756774902e+02 1.902058046205023389e+00 7.840435346537675265e+00
6.173634920120239258e+02 1.516046266060365522e+00 4.945346995452741368e+00
6.174678180217742920e+02 1.690051576281014434e+00 6.250386822107608431e+00
6.175271246433258057e+02 1.752053468428601990e+00 6.715401013214514769e+00
6.175400116443634033e+02 1.746053285317545001e+00 6.670399639881587461e+00
6.175702264308929443e+02 1.946059389019440200e+00 8.170445417645801456e+00
6.175993261337280273e+02 1.650050355540635616e+00 5.950377666554767409e+00
6.176232118606567383e+02 1.750053407391582994e+00 6.700400555436872629e+00
6.176417586803436279e+02 1.716052369762260721e+00 6.445392773216955362e+00
6.176577277183532715e+02 1.448044190801721198e+00 4.435331431012908610e+00
6.176740081310272217e+02 1.442044007690664431e+00 4.390330057679983078e+00
6.177176704406738281e+02 1.432043702505569671e+00 4.315327768791772378e+00
6.177349646091461182e+02 1.446044129764702202e+00 4.420330973235266470e+00
6.177499368190765381e+02 1.642050111392559630e+00 5.890375835444197072e+00
6.177634637355804443e+02 1.946059389019440200e+00 8.170445417645801456e+00
6.177770440578460693e+02 1.370041810357982115e+00 3.850313577684866040e+00
6.177902998924255371e+02 1.428043580431531678e+00 4.285326853236487210e+00
6.178038864135742188e+02 1.892057741019928629e+00 7.765433057649464565e+00
6.178181819915771484e+02 1.450044251838740195e+00 4.450331888790551638e+00
6.178309450149536133e+02 1.456044434949796962e+00 4.495333262123477169e+00
6.179491546154022217e+02 1.816055421613208543e+00 7.195415662099064136e+00
6.179805827140808105e+02 1.312040040284432552e+00 3.415300302133243981e+00
6.180363268852233887e+02 1.480045167394024475e+00 4.675338755455183737e+00
6.180504865646362305e+02 1.446044129764702202e+00 4.420330973235266470e+00
6.180682923793792725e+02 1.642050111392559630e+00 5.890375835444197072e+00
6.180976998805999756e+02 1.844056276131473826e+00 7.405422070986054095e+00
6.181262812614440918e+02 1.302039735099337792e+00 3.340298013245033282e+00
6.181545252799987793e+02 1.720052491836298714e+00 6.475393688772240530e+00
6.181975369453430176e+02 1.352041261024811591e+00 3.715309457686086780e+00
6.182175247669219971e+02 1.428043580431531678e+00 4.285326853236487210e+00
6.182472381591796875e+02 1.312040040284432552e+00 3.415300302133243981e+00
6.182755491733551025e+02 1.880057374797815095e+00 7.675430310983613502e+00
6.182908494472503662e+02 1.710052186651203954e+00 6.400391399884029831e+00
6.183035097122192383e+02 1.948059450056459196e+00 8.185445875423443596e+00
6.183215234279632568e+02 1.508046021912289758e+00 4.885345164342172808e+00
6.183418295383453369e+02 1.322040345469527312e+00 3.490302591021454681e+00
6.183768112659454346e+02 1.722052552873317710e+00 6.490394146549882670e+00
6.183982419967651367e+02 1.310039979247413555e+00 3.400299844355601842e+00
6.184127674102783203e+02 1.424043458357493686e+00 4.255325937681202930e+00
6.184265289306640625e+02 1.854056581316568586e+00 7.480424359874264795e+00
6.184462907314300537e+02 1.534046815393536267e+00 5.080351115451522404e+00
6.184615526199340820e+02 1.764053834650715746e+00 6.805403759880368497e+00
6.184729034900665283e+02 1.280039063692129275e+00 3.175292977690969742e+00
6.184862859249114990e+02 1.838056093020417059e+00 7.360420697653127675e+00
6.185128095149993896e+02 1.518046327097384518e+00 4.960347453230383508e+00
6.186079781055450439e+02 1.354041322061830588e+00 3.730309915463729364e+00
6.186387982368469238e+02 1.336040772728660064e+00 3.595305795464950549e+00
6.186942334175109863e+02 1.308039918210394559e+00 3.385299386577959257e+00
6.187075991630554199e+02 1.734052919095431466e+00 6.580396893215736398e+00
6.187328836917877197e+02 1.828055787835322299e+00 7.285418408764916975e+00
6.187767891883850098e+02 1.550047303689687794e+00 5.200354777672658635e+00
6.187968232631683350e+02 1.310039979247413555e+00 3.400299844355601842e+00
6.188093833923339844e+02 1.594048646504104827e+00 5.530364848780786602e+00
6.188229184150695801e+02 1.870057069612720113e+00 7.600428022095401026e+00
6.188401687145233154e+02 1.306039857173375784e+00 3.370298928800318450e+00
6.188819506168365479e+02 1.310039979247413555e+00 3.400299844355601842e+00
6.188964655399322510e+02 1.318040223395489319e+00 3.460301675466169957e+00
6.189127199649810791e+02 1.556047486800744784e+00 5.245356151005585943e+00
6.189279592037200928e+02 1.838056093020417059e+00 7.360420697653127675e+00
6.189420392513275146e+02 1.724052613910336706e+00 6.505394604327525698e+00
6.189560260772705078e+02 1.316040162358470544e+00 3.445301217688529150e+00
6.189736669063568115e+02 1.666050843836786921e+00 6.070381328775901864e+00
6.189921123981475830e+02 1.618049378948332340e+00 5.710370342112492281e+00
6.190340497493743896e+02 1.834055970946379066e+00 7.330419782097843395e+00
6.191386704444885254e+02 1.476045045319986482e+00 4.645337839899898569e+00
6.191983876228332520e+02 1.422043397320474689e+00 4.240325479903560790e+00
6.192116804122924805e+02 1.456044434949796962e+00 4.495333262123477169e+00
6.192320680618286133e+02 1.450044251838740195e+00 4.450331888790551638e+00
6.192646584510803223e+02 1.364041627246925348e+00 3.805312204351940064e+00
6.192932009696960449e+02 1.738053041169469237e+00 6.610397808771018902e+00
6.193214461803436279e+02 1.718052430799279717e+00 6.460393230994597502e+00
6.193648405075073242e+02 1.508046021912289758e+00 4.885345164342172808e+00
6.193850536346435547e+02 1.338040833765679061e+00 3.610306253242593133e+00
6.194150588512420654e+02 1.748053346354563997e+00 6.685400097659229601e+00
6.194397132396697998e+02 1.428043580431531678e+00 4.285326853236487210e+00
6.194516367912292480e+02 1.316040162358470544e+00 3.445301217688529150e+00
6.194665515422821045e+02 1.838056093020417059e+00 7.360420697653127675e+00
6.194806363582611084e+02 1.480045167394024475e+00 4.675338755455183737e+00
6.194942891597747803e+02 1.290039368877224035e+00 3.250295266579180442e+00
6.195512185096740723e+02 1.656050538651692383e+00 5.995379039887692940e+00
6.195685915946960449e+02 1.880057374797815095e+00 7.675430310983613502e+00
6.195845420360565186e+02 1.872057130649739110e+00 7.615428479873043166e+00
6.196003122329711914e+02 1.450044251838740195e+00 4.450331888790551638e+00
6.196185145378112793e+02 1.296039551988281024e+00 3.295296639912107750e+00
6.196361713409423828e+02 1.436043824579607442e+00 4.345328684347055770e+00
6.196604034900665283e+02 1.254038270210882988e+00 2.980287026581622367e+00
6.196920392513275146e+02 1.336040772728660064e+00 3.595305795464950549e+00
6.197968928813934326e+02 1.326040467543565304e+00 3.520303506576739849e+00
6.198571944236755371e+02 1.650050355540635616e+00 5.950377666554767409e+00
6.198706254959106445e+02 1.532046754356517271e+00 5.065350657673879375e+00
6.199013299942016602e+02 1.504045899838251987e+00 4.855344248786890304e+00
6.199315929412841797e+02 1.888057618945890859e+00 7.735432142094181174e+00
6.199567472934722900e+02 1.676051149021881681e+00 6.145383617664112563e+00
6.199674758911132812e+02 1.640050050355540856e+00 5.875375377666556709e+00
6.199801840782165527e+02 1.598048768578142820e+00 5.560365764336070882e+00
6.199955618381500244e+02 1.392042481765190631e+00 4.015318613238929579e+00
6.200382437705993652e+02 1.618049378948332340e+00 5.710370342112492281e+00
6.200588774681091309e+02 1.316040162358470544e+00 3.445301217688529150e+00
6.200721538066864014e+02 1.456044434949796962e+00 4.495333262123477169e+00
6.200831990242004395e+02 1.940059205908383433e+00 8.125444044312875036e+00
6.200973997116088867e+02 1.320040284432508315e+00 3.475302133243812541e+00
6.201102068424224854e+02 1.594048646504104827e+00 5.530364848780786602e+00
6.201309413909912109e+02 1.870057069612720113e+00 7.600428022095401026e+00
6.201473250389099121e+02 1.946059389019440200e+00 8.170445417645801456e+00
6.201679043769836426e+02 1.914058412427137146e+00 7.930438093203528993e+00
6.202993228435516357e+02 1.842056215094454830e+00 7.390421613208411067e+00
6.203140947818756104e+02 1.302039735099337792e+00 3.340298013245033282e+00
6.203695936203002930e+02 1.476045045319986482e+00 4.645337839899898569e+00
6.203894550800323486e+02 1.906058168279061382e+00 7.870436262092960433e+00
6.204061136245727539e+02 1.754053529465620986e+00 6.730401470992157797e+00
6.204349365234375000e+02 1.864056886501663346e+00 7.555426648762475494e+00
6.204635219573974609e+02 1.632049806207464870e+00 5.815373546555986373e+00
6.204938654899597168e+02 1.604048951689199587e+00 5.605367137668997302e+00
6.205294113159179688e+02 1.618049378948332340e+00 5.710370342112492281e+00
6.205559530258178711e+02 1.752053468428601990e+00 6.715401013214514769e+00
6.205911567211151123e+02 1.280039063692129275e+00 3.175292977690969742e+00
6.206114132404327393e+02 1.860056764427625353e+00 7.525425733207190326e+00
6.206242115497589111e+02 1.878057313760796099e+00 7.660429853205970474e+00
6.206388475894927979e+02 1.326040467543565304e+00 3.520303506576739849e+00
6.206542336940765381e+02 1.304039796136356788e+00 3.355298471022675866e+00
6.206962141990661621e+02 1.836056031983398062e+00 7.345420239875485535e+00
6.207222325801849365e+02 1.478045106357005478e+00 4.660338297677540709e+00
6.207369973659515381e+02 1.224037354655598708e+00 2.755280159916990268e+00
6.207521963119506836e+02 1.462044618060853951e+00 4.540334635456404477e+00
6.207646408081054688e+02 1.938059144871364436e+00 8.110443586535232896e+00
6.207783071994781494e+02 1.374041932432020108e+00 3.880314493240150764e+00
6.207982528209686279e+02 1.298039613025299799e+00 3.310297097689748558e+00
6.208155457973480225e+02 1.246038026062807003e+00 2.920285195471052475e+00
6.208566660881042480e+02 1.420043336283455915e+00 4.225325022125919538e+00
6.209615314006805420e+02 1.630049745170446096e+00 5.800373088778346009e+00
6.210208663940429688e+02 1.318040223395489319e+00 3.460301675466169957e+00
6.210340359210968018e+02 1.320040284432508315e+00 3.475302133243812541e+00
6.210619668960571289e+02 1.304039796136356788e+00 3.355298471022675866e+00
6.210971727371215820e+02 1.494045594653157227e+00 4.780341959898679605e+00
6.211192369461059570e+02 1.418043275246436918e+00 4.210324564348276510e+00
6.211344146728515625e+02 1.420043336283455915e+00 4.225325022125919538e+00
6.211500687599182129e+02 1.612049195837275350e+00 5.665368968779564973e+00
6.211615629196166992e+02 1.802054994354075790e+00 7.090412457655568268e+00
6.212141461372375488e+02 1.846056337168492822e+00 7.420422528763696235e+00
6.212288653850555420e+02 1.854056581316568586e+00 7.480424359874264795e+00
6.212432885169982910e+02 1.804055055391094786e+00 7.105412915433211296e+00
6.212573473453521729e+02 1.300039674062318795e+00 3.325297555467391142e+00
6.212741720676422119e+02 1.640050050355540856e+00 5.875375377666556709e+00
6.212902441024780273e+02 1.856056642353587582e+00 7.495424817651906935e+00
6.213079917430877686e+02 1.838056093020417059e+00 7.360420697653127675e+00
6.213217914104461670e+02 1.730052797021393474e+00 6.550395977660451230e+00
6.213619775772094727e+02 1.310039979247413555e+00 3.400299844355601842e+00
6.214670789241790771e+02 1.848056398205511819e+00 7.435422986541338375e+00
6.215254197120666504e+02 1.456044434949796962e+00 4.495333262123477169e+00
6.215389618873596191e+02 1.352041261024811591e+00 3.715309457686086780e+00
6.215595088005065918e+02 1.582048280281991071e+00 5.440362102114932874e+00
6.215877327919006348e+02 1.298039613025299799e+00 3.310297097689748558e+00
6.216161780357360840e+02 1.940059205908383433e+00 8.125444044312875036e+00
6.216445832252502441e+02 1.608049073763237580e+00 5.635368053224281581e+00
6.216869807243347168e+02 1.698051820429090197e+00 6.310388653218176103e+00
6.217066175937652588e+02 1.464044679097872725e+00 4.555335093234045729e+00
6.217431375980377197e+02 1.456044434949796962e+00 4.495333262123477169e+00
6.217681624889373779e+02 1.238037781914731239e+00 2.860283364360484359e+00
6.217872703075408936e+02 1.868057008575701339e+00 7.585427564317759774e+00
6.218000171184539795e+02 1.466044740134891722e+00 4.570335551011687869e+00
6.218150737285614014e+02 1.244037965025788228e+00 2.905284737693411667e+00
6.218761377334594727e+02 1.836056031983398062e+00 7.345420239875485535e+00
6.218917124271392822e+02 1.824055665761284306e+00 7.255417493209632696e+00
6.219096591472625732e+02 1.840056154057435833e+00 7.375421155430768927e+00
6.219304227828979492e+02 1.870057069612720113e+00 7.600428022095401026e+00
6.219505102634429932e+02 1.840056154057435833e+00 7.375421155430768927e+00
6.219618864059448242e+02 1.724052613910336706e+00 6.505394604327525698e+00
6.219755947589874268e+02 1.250038148136844995e+00 2.950286111026337643e+00
6.220949597358703613e+02 1.660050660725730376e+00 6.025379955442978108e+00
6.221340928077697754e+02 1.832055909909360070e+00 7.315419324320200367e+00
6.222068822383880615e+02 1.832055909909360070e+00 7.315419324320200367e+00
6.222201085090637207e+02 1.476045045319986482e+00 4.645337839899898569e+00
6.222447433471679688e+02 1.376041993469039104e+00 3.895314951017793348e+00
6.222782499790191650e+02 1.496045655690176002e+00 4.795342417676319968e+00
6.222981765270233154e+02 1.270038758507034515e+00 3.100290688802759043e+00
6.223175783157348633e+02 1.584048341319010067e+00 5.455362559892575902e+00
6.223366489410400391e+02 1.434043763542588446e+00 4.330328226569413630e+00
6.223790850639343262e+02 1.448044190801721198e+00 4.435331431012908610e+00
6.224085655212402344e+02 1.308039918210394559e+00 3.385299386577959257e+00
6.224323778152465820e+02 1.876057252723777102e+00 7.645429395428328334e+00
6.224468972682952881e+02 1.852056520279549590e+00 7.465423902096621767e+00
6.224653260707855225e+02 1.522046449171422511e+00 4.990348368785668676e+00
6.224798572063446045e+02 1.358041444135868581e+00 3.760310831019014532e+00
6.224966359138488770e+02 1.456044434949796962e+00 4.495333262123477169e+00
6.225261411666870117e+02 1.454044373912777965e+00 4.480332804345835029e+00
6.226395044326782227e+02 1.852056520279549590e+00 7.465423902096621767e+00
6.227027781009674072e+02 1.284039185766167268e+00 3.205293893246254466e+00
6.227178568840026855e+02 1.260038453321939755e+00 3.025288399914548343e+00
6.227436089515686035e+02 1.320040284432508315e+00 3.475302133243812541e+00
6.227796673774719238e+02 1.934059022797326444e+00 8.080442670979948616e+00
6.228107597827911377e+02 1.318040223395489319e+00 3.460301675466169957e+00
6.228641629219055176e+02 1.846056337168492822e+00 7.420422528763696235e+00
6.228764252662658691e+02 1.290039368877224035e+00 3.250295266579180442e+00
6.229002125263214111e+02 1.456044434949796962e+00 4.495333262123477169e+00
6.229479680061340332e+02 1.642050111392559630e+00 5.890375835444197072e+00
6.229632039070129395e+02 1.448044190801721198e+00 4.435331431012908610e+00
6.229761304855346680e+02 1.242037903988769232e+00 2.890284279915769083e+00
6.229877009391784668e+02 1.812055299539170550e+00 7.165414746543778968e+00
6.230042130947113037e+02 1.514046205023346747e+00 4.930346537675101004e+00
6.230504918098449707e+02 1.520046388134403514e+00 4.975347911008026536e+00
6.230683095455169678e+02 1.782054383983886270e+00 6.940407879879146869e+00
6.230912199020385742e+02 1.758053651539658757e+00 6.760402386547440301e+00
6.231068952083587646e+02 1.860056764427625353e+00 7.525425733207190326e+00
6.231209905147552490e+02 1.486045350505081242e+00 4.720340128788109268e+00
6.231345882415771484e+02 1.442044007690664431e+00 4.390330057679983078e+00
6.231553771495819092e+02 1.856056642353587582e+00 7.495424817651906935e+00
6.231979870796203613e+02 1.608049073763237580e+00 5.635368053224281581e+00
6.233083939552307129e+02 1.832055909909360070e+00 7.315419324320200367e+00
6.233793866634368896e+02 1.492045533616138231e+00 4.765341502121036577e+00
6.233927371501922607e+02 1.498045716727194998e+00 4.810342875453962108e+00
6.234177758693695068e+02 1.454044373912777965e+00 4.480332804345835029e+00
6.234506261348724365e+02 1.724052613910336706e+00 6.505394604327525698e+00
6.234734575748443604e+02 1.862056825464644350e+00 7.540426190984832466e+00
6.234861319065093994e+02 1.928058839686269677e+00 8.035441297647022196e+00
6.234991250038146973e+02 1.370041810357982115e+00 3.850313577684866040e+00
6.235157158374786377e+02 1.618049378948332340e+00 5.710370342112492281e+00
