1.556018400430679321e+03 2.482075746940519689e+00 1.219056810205389851e+01
1.556033264160156250e+03 2.540077517014069031e+00 1.262558137760551702e+01
1.556044759511947632e+03 2.488075930051576456e+00 1.223556947538682316e+01
1.556057086467742920e+03 2.518076845606860736e+00 1.246057634205145526e+01
1.556069257497787476e+03 2.546077700125126242e+00 1.267058275093844699e+01
1.556080041646957397e+03 2.530077211828974715e+00 1.255057908871730987e+01
1.556093506336212158e+03 2.546077700125126242e+00 1.267058275093844699e+01
1.556105488300323486e+03 2.538077455977050256e+00 1.261058091982787666e+01
1.556116136550903320e+03 2.544077639088107023e+00 1.265558229316080308e+01
1.556130932331085205e+03 2.530077211828974715e+00 1.255057908871730987e+01
1.556146188497543335e+03 2.552077883236183009e+00 1.271558412427137341e+01
1.556170561552047729e+03 2.530077211828974715e+00 1.255057908871730987e+01
1.556205850601196289e+03 2.502076357310709209e+00 1.234057267983031991e+01
1.556221279859542847e+03 2.524077028717917504e+00 1.250557771538438168e+01
1.556239806890487671e+03 2.514076723532822744e+00 1.243057542649617098e+01
1.556256069421768188e+03 2.542077578051088249e+00 1.264058183538316271e+01
1.556280280828475952e+03 2.542077578051088249e+00 1.264058183538316271e+01
1.556339617967605591e+03 2.536077394940031038e+00 1.259558046205023274e+01
1.556353715181350708e+03 2.522076967680898729e+00 1.249057725760674131e+01
1.556409115314483643e+03 2.508076540421765976e+00 1.238557405316324456e+01
1.556422759294509888e+03 2.484075807977538464e+00 1.220556855983153888e+01
1.556445605754852295e+03 2.520076906643879511e+00 1.247557679982909562e+01
1.556481647491455078e+03 2.552077883236183009e+00 1.271558412427137341e+01
1.556510367870330811e+03 2.524077028717917504e+00 1.250557771538438168e+01
1.556522627115249634e+03 2.530077211828974715e+00 1.255057908871730987e+01
1.556535965681076050e+03 2.512076662495803525e+00 1.241557496871852706e+01
1.556548927307128906e+03 2.530077211828974715e+00 1.255057908871730987e+01
1.556563115835189819e+03 2.548077761162145016e+00 1.268558320871608736e+01
1.556616868972778320e+03 2.546077700125126242e+00 1.267058275093844699e+01
1.556632281780242920e+03 2.532077272865993045e+00 1.256557954649494846e+01
1.556646922588348389e+03 2.542077578051088249e+00 1.264058183538316271e+01
1.556660427093505859e+03 2.530077211828974715e+00 1.255057908871730987e+01
1.556675734519958496e+03 2.542077578051088249e+00 1.264058183538316271e+01
1.556742546558380127e+03 2.534077333903012264e+00 1.258058000427259238e+01
1.556773722410202026e+03 2.554077944273201783e+00 1.273058458204901378e+01
1.556830604791641235e+03 2.496076174199651998e+00 1.229557130649738994e+01
1.556844633579254150e+03 2.462075136570330169e+00 1.204056352427747711e+01
1.556870249509811401e+03 2.554077944273201783e+00 1.273058458204901378e+01
1.556922968626022339e+03 2.540077517014069031e+00 1.262558137760551702e+01
1.556936668395996094e+03 2.548077761162145016e+00 1.268558320871608736e+01
1.556947727441787720e+03 2.544077639088107023e+00 1.265558229316080308e+01
1.556958598136901855e+03 2.548077761162145016e+00 1.268558320871608736e+01
1.556973479986190796e+03 2.466075258644368162e+00 1.207056443983276139e+01
1.557017787933349609e+03 2.534077333903012264e+00 1.258058000427259238e+01
1.557043340682983398e+03 2.522076967680898729e+00 1.249057725760674131e+01
1.557063321113586426e+03 2.514076723532822744e+00 1.243057542649617098e+01
1.557079154014587402e+03 2.544077639088107023e+00 1.265558229316080308e+01
1.557092709302902222e+03 2.526077089754936722e+00 1.252057817316202559e+01
1.557150301218032837e+03 2.534077333903012264e+00 1.258058000427259238e+01
1.557192887306213379e+03 2.474075502792443704e+00 1.213056627094332818e+01
1.557393517494201660e+03 2.412073610644855925e+00 1.166555207983642006e+01
1.557407367229461670e+03 2.438074404126102657e+00 1.186055803094576966e+01
1.557420388698577881e+03 2.498076235236671216e+00 1.231057176427503386e+01
1.557432295799255371e+03 2.436074343089083438e+00 1.184555757316812574e+01
1.557454708337783813e+03 2.470075380718405711e+00 1.210056535538804212e+01
1.557483803987503052e+03 2.518076845606860736e+00 1.246057634205145526e+01
1.557512839317321777e+03 2.466075258644368162e+00 1.207056443983276139e+01
1.557542074918746948e+03 2.516076784569841518e+00 1.244557588427381134e+01
1.557587957382202148e+03 2.428074098941007453e+00 1.178555574205755541e+01
1.557609169960021973e+03 2.536077394940031038e+00 1.259558046205023274e+01
1.557651724338531494e+03 2.468075319681386937e+00 1.208556489761040176e+01
1.557676873445510864e+03 2.548077761162145016e+00 1.268558320871608736e+01
1.557692472696304321e+03 2.516076784569841518e+00 1.244557588427381134e+01
1.557708159446716309e+03 2.518076845606860736e+00 1.246057634205145526e+01
1.557720067977905273e+03 2.512076662495803525e+00 1.241557496871852706e+01
1.557739724636077881e+03 2.480075685903500471e+00 1.217556764427625282e+01
1.557781553745269775e+03 2.510076601458785195e+00 1.240057451094088847e+01
1.557798474073410034e+03 2.472075441755424485e+00 1.211556581316568426e+01
1.557811767816543579e+03 2.524077028717917504e+00 1.250557771538438168e+01
1.557824146509170532e+03 2.534077333903012264e+00 1.258058000427259238e+01
1.557838928937911987e+03 2.478075624866481697e+00 1.216056718649861246e+01
1.557857424974441528e+03 2.502076357310709209e+00 1.234057267983031991e+01
1.557908982276916504e+03 2.524077028717917504e+00 1.250557771538438168e+01
1.557942907810211182e+03 2.526077089754936722e+00 1.252057817316202559e+01
1.558001905202865601e+03 2.484075807977538464e+00 1.220556855983153888e+01
1.558015152215957642e+03 2.480075685903500471e+00 1.217556764427625282e+01
1.558044425249099731e+03 2.544077639088107023e+00 1.265558229316080308e+01
1.558092100381851196e+03 2.504076418347727984e+00 1.235557313760796028e+01
1.558106177806854248e+03 2.546077700125126242e+00 1.267058275093844699e+01
1.558119062185287476e+03 2.552077883236183009e+00 1.271558412427137341e+01
1.558130651473999023e+03 2.544077639088107023e+00 1.265558229316080308e+01
1.558142065763473511e+03 2.546077700125126242e+00 1.267058275093844699e+01
1.558158846616744995e+03 2.494076113162633224e+00 1.228057084871974958e+01
1.558215849637985229e+03 2.478075624866481697e+00 1.216056718649861246e+01
1.558233097314834595e+03 2.552077883236183009e+00 1.271558412427137341e+01
1.558249078273773193e+03 2.554077944273201783e+00 1.273058458204901378e+01
1.558265407323837280e+03 2.542077578051088249e+00 1.264058183538316271e+01
1.558322680950164795e+03 2.536077394940031038e+00 1.259558046205023274e+01
1.558353981256484985e+03 2.524077028717917504e+00 1.250557771538438168e+01
1.558409849643707275e+03 2.516076784569841518e+00 1.244557588427381134e+01
1.558423798561096191e+03 2.472075441755424485e+00 1.211556581316568426e+01
1.558446161508560181e+03 2.554077944273201783e+00 1.273058458204901378e+01
1.558480787038803101e+03 2.520076906643879511e+00 1.247557679982909562e+01
1.558503095865249634e+03 2.560078127384258551e+00 1.277558595538193842e+01
1.558517106771469116e+03 2.494076113162633224e+00 1.228057084871974958e+01
1.558528029918670654e+03 2.546077700125126242e+00 1.267058275093844699e+01
1.558540959119796753e+03 2.542077578051088249e+00 1.264058183538316271e+01
1.558558181762695312e+03 2.538077455977050256e+00 1.261058091982787666e+01
1.558619122505187988e+03 2.546077700125126242e+00 1.267058275093844699e+01
1.558635792016983032e+03 2.550077822199164235e+00 1.270058366649373127e+01
1.558651820182800293e+03 2.536077394940031038e+00 1.259558046205023274e+01
1.558664930343627930e+03 2.490075991088595231e+00 1.225056993316446352e+01
1.558727807760238647e+03 2.550077822199164235e+00 1.270058366649373127e+01
1.558758712291717529e+03 2.528077150791955496e+00 1.253557863093966596e+01
1.558814602613449097e+03 2.520076906643879511e+00 1.247557679982909562e+01
1.558828356504440308e+03 2.470075380718405711e+00 1.210056535538804212e+01
1.558846341609954834e+03 2.560078127384258551e+00 1.277558595538193842e+01
1.558874795913696289e+03 2.534077333903012264e+00 1.258058000427259238e+01
1.558903091669082642e+03 2.548077761162145016e+00 1.268558320871608736e+01
1.558931163311004639e+03 2.550077822199164235e+00 1.270058366649373127e+01
1.558972874641418457e+03 2.540077517014069031e+00 1.262558137760551702e+01
1.558993967056274414e+03 2.522076967680898729e+00 1.249057725760674131e+01
1.559024113893508911e+03 2.526077089754936722e+00 1.252057817316202559e+01
1.559052019357681274e+03 2.548077761162145016e+00 1.268558320871608736e+01
1.559068591117858887e+03 2.526077089754936722e+00 1.252057817316202559e+01
1.559082143545150757e+03 2.550077822199164235e+00 1.270058366649373127e+01
1.559095021724700928e+03 2.518076845606860736e+00 1.246057634205145526e+01
1.559112148284912109e+03 2.522076967680898729e+00 1.249057725760674131e+01
1.559152821540832520e+03 2.522076967680898729e+00 1.249057725760674131e+01
1.559175823211669922e+03 2.536077394940031038e+00 1.259558046205023274e+01
1.559192150831222534e+03 2.536077394940031038e+00 1.259558046205023274e+01
1.559211442232131958e+03 2.528077150791955496e+00 1.253557863093966596e+01
1.559227678298950195e+03 2.544077639088107023e+00 1.265558229316080308e+01
1.559285155296325684e+03 2.524077028717917504e+00 1.250557771538438168e+01
1.559316105365753174e+03 2.522076967680898729e+00 1.249057725760674131e+01
1.559371909856796265e+03 2.486075869014557682e+00 1.222056901760918279e+01
1.559385217905044556e+03 2.488075930051576456e+00 1.223556947538682316e+01
1.559411319255828857e+03 2.542077578051088249e+00 1.264058183538316271e+01
1.559440597772598267e+03 2.534077333903012264e+00 1.258058000427259238e+01
1.559461472749710083e+03 2.528077150791955496e+00 1.253557863093966596e+01
1.559474909305572510e+03 2.500076296273689991e+00 1.232557222205267422e+01
1.559487432479858398e+03 2.542077578051088249e+00 1.264058183538316271e+01
1.559503116607666016e+03 2.546077700125126242e+00 1.267058275093844699e+01
1.559514877557754517e+03 2.536077394940031038e+00 1.259558046205023274e+01
1.559526213407516479e+03 2.482075746940519689e+00 1.219056810205389851e+01
1.559576661348342896e+03 2.538077455977050256e+00 1.261058091982787666e+01
1.559595250606536865e+03 2.540077517014069031e+00 1.262558137760551702e+01
1.559613390684127808e+03 2.530077211828974715e+00 1.255057908871730987e+01
1.559629630565643311e+03 2.492076052125614005e+00 1.226557039094210566e+01
1.559645081520080566e+03 2.492076052125614005e+00 1.226557039094210566e+01
1.559697815656661987e+03 2.530077211828974715e+00 1.255057908871730987e+01
1.559728883028030396e+03 2.480075685903500471e+00 1.217556764427625282e+01
1.559783721446990967e+03 2.486075869014557682e+00 1.222056901760918279e+01
1.559798490524291992e+03 2.466075258644368162e+00 1.207056443983276139e+01
1.559826481819152832e+03 2.438074404126102657e+00 1.186055803094576966e+01
1.559871053457260132e+03 2.480075685903500471e+00 1.217556764427625282e+01
1.559887584209442139e+03 2.482075746940519689e+00 1.219056810205389851e+01
1.559899183988571167e+03 2.486075869014557682e+00 1.222056901760918279e+01
1.559909887790679932e+03 2.484075807977538464e+00 1.220556855983153888e+01
1.559925152301788330e+03 2.462075136570330169e+00 1.204056352427747711e+01
1.559942119121551514e+03 2.488075930051576456e+00 1.223556947538682316e+01
1.560003349781036377e+03 2.128064943388165098e+00 9.535487075411237967e+00
1.560019415378570557e+03 2.494076113162633224e+00 1.228057084871974958e+01
1.560035557746887207e+03 2.472075441755424485e+00 1.211556581316568426e+01
1.560050179958343506e+03 2.492076052125614005e+00 1.226557039094210566e+01
1.560092019081115723e+03 2.454074892422254184e+00 1.198056169316690678e+01
1.560146382808685303e+03 2.504076418347727984e+00 1.235557313760796028e+01
1.560204282760620117e+03 2.442074526200140649e+00 1.189055894650105571e+01
1.560225068330764771e+03 2.082063539536728847e+00 9.190476546525466972e+00
1.560247240304946899e+03 2.486075869014557682e+00 1.222056901760918279e+01
1.560277768611907959e+03 2.466075258644368162e+00 1.207056443983276139e+01
1.560308831691741943e+03 2.478075624866481697e+00 1.216056718649861246e+01
1.560362152814865112e+03 2.154065736869411385e+00 9.730493026520585786e+00
1.560373642206192017e+03 2.466075258644368162e+00 1.207056443983276139e+01
1.560398279666900635e+03 2.412073610644855925e+00 1.166555207983642006e+01
1.560440088748931885e+03 2.440074465163121431e+00 1.187555848872341002e+01
1.560453886985778809e+03 2.456074953459272958e+00 1.199556215094454714e+01
1.560466183423995972e+03 2.474075502792443704e+00 1.213056627094332818e+01
1.560478846311569214e+03 2.450074770348216191e+00 1.195056077761162072e+01
1.560495047807693481e+03 2.466075258644368162e+00 1.207056443983276139e+01
1.560508523941040039e+03 2.474075502792443704e+00 1.213056627094332818e+01
1.560559862136840820e+03 2.456074953459272958e+00 1.199556215094454714e+01
1.560575046062469482e+03 2.470075380718405711e+00 1.210056535538804212e+01
1.560591958999633789e+03 2.476075563829462478e+00 1.214556672872096854e+01
1.560606236219406128e+03 2.478075624866481697e+00 1.216056718649861246e+01
1.560624191045761108e+03 2.472075441755424485e+00 1.211556581316568426e+01
1.560684783220291138e+03 2.476075563829462478e+00 1.214556672872096854e+01
1.560716039419174194e+03 2.474075502792443704e+00 1.213056627094332818e+01
1.560772376060485840e+03 2.402073305459761610e+00 1.159054979094821292e+01
1.560785776138305664e+03 2.422073915829951130e+00 1.174055436872463432e+01
1.560811867237091064e+03 2.472075441755424485e+00 1.211556581316568426e+01
1.560848431587219238e+03 2.462075136570330169e+00 1.204056352427747711e+01
1.560865644454956055e+03 2.486075869014557682e+00 1.222056901760918279e+01
1.560878889083862305e+03 2.462075136570330169e+00 1.204056352427747711e+01
1.560895219564437866e+03 2.488075930051576456e+00 1.223556947538682316e+01
1.560908495187759399e+03 2.426074037903989122e+00 1.177055528427991860e+01
1.560924395322799683e+03 2.466075258644368162e+00 1.207056443983276139e+01
1.560969556331634521e+03 2.466075258644368162e+00 1.207056443983276139e+01
1.560988331079483032e+03 2.464075197607348944e+00 1.205556398205511748e+01
1.561004750967025757e+03 2.422073915829951130e+00 1.174055436872463432e+01
1.561020124912261963e+03 2.476075563829462478e+00 1.214556672872096854e+01
1.561037954092025757e+03 2.476075563829462478e+00 1.214556672872096854e+01
1.561063720226287842e+03 2.446074648274178642e+00 1.192055986205633999e+01
1.561108083248138428e+03 2.454074892422254184e+00 1.198056169316690678e+01
1.561138261318206787e+03 2.442074526200140649e+00 1.189055894650105571e+01
1.561195510625839233e+03 2.452074831385234965e+00 1.196556123538926286e+01
1.561215603113174438e+03 2.418073793755913137e+00 1.171055345316934826e+01
1.561241968393325806e+03 2.450074770348216191e+00 1.195056077761162072e+01
1.561274404525756836e+03 2.476075563829462478e+00 1.214556672872096854e+01
1.561289037704467773e+03 2.470075380718405711e+00 1.210056535538804212e+01
1.561302758932113647e+03 2.468075319681386937e+00 1.208556489761040176e+01
1.561319973230361938e+03 2.470075380718405711e+00 1.210056535538804212e+01
1.561335824489593506e+03 2.442074526200140649e+00 1.189055894650105571e+01
1.561384891033172607e+03 2.482075746940519689e+00 1.219056810205389851e+01
1.561403004169464111e+03 2.468075319681386937e+00 1.208556489761040176e+01
1.561418899059295654e+03 2.466075258644368162e+00 1.207056443983276139e+01
1.561434416055679321e+03 2.476075563829462478e+00 1.214556672872096854e+01
1.561450950145721436e+03 2.476075563829462478e+00 1.214556672872096854e+01
1.561469877481460571e+03 2.482075746940519689e+00 1.219056810205389851e+01
1.561520772695541382e+03 2.470075380718405711e+00 1.210056535538804212e+01
1.561551671504974365e+03 2.458075014496292177e+00 1.201056260872219106e+01
1.561608774662017822e+03 2.442074526200140649e+00 1.189055894650105571e+01
1.561629112243652344e+03 2.412073610644855925e+00 1.166555207983642006e+01
1.561645991086959839e+03 2.466075258644368162e+00 1.207056443983276139e+01
1.561675263881683350e+03 2.492076052125614005e+00 1.226557039094210566e+01
1.561703836202621460e+03 2.474075502792443704e+00 1.213056627094332818e+01
1.561734430074691772e+03 2.482075746940519689e+00 1.219056810205389851e+01
1.561772256612777710e+03 2.476075563829462478e+00 1.214556672872096854e+01
1.561799511909484863e+03 2.460075075533310951e+00 1.202556306649983142e+01
1.561829588174819946e+03 2.452074831385234965e+00 1.196556123538926286e+01
1.561854102849960327e+03 2.470075380718405711e+00 1.210056535538804212e+01
1.561869866371154785e+03 2.428074098941007453e+00 1.178555574205755541e+01
1.561882992982864380e+03 2.456074953459272958e+00 1.199556215094454714e+01
1.561895568132400513e+03 2.478075624866481697e+00 1.216056718649861246e+01
1.561912478685379028e+03 2.414073671681875144e+00 1.168055253761406398e+01
1.561976972818374634e+03 2.466075258644368162e+00 1.207056443983276139e+01
1.561999817848205566e+03 2.474075502792443704e+00 1.213056627094332818e+01
1.562014788389205933e+03 2.408073488570817933e+00 1.163555116428113401e+01
1.562036440134048462e+03 2.482075746940519689e+00 1.219056810205389851e+01
1.562105822086334229e+03 2.408073488570817933e+00 1.163555116428113401e+01
1.562120566606521606e+03 2.428074098941007453e+00 1.178555574205755541e+01
1.562193404912948608e+03 2.480075685903500471e+00 1.217556764427625282e+01
1.562206824541091919e+03 2.468075319681386937e+00 1.208556489761040176e+01
1.562233469009399414e+03 2.546077700125126242e+00 1.267058275093844699e+01
1.562265760660171509e+03 2.526077089754936722e+00 1.252057817316202559e+01
1.562291498899459839e+03 2.536077394940031038e+00 1.259558046205023274e+01
1.562302871942520142e+03 2.546077700125126242e+00 1.267058275093844699e+01
1.562314619064331055e+03 2.538077455977050256e+00 1.261058091982787666e+01
1.562330760240554810e+03 2.518076845606860736e+00 1.246057634205145526e+01
1.562346479415893555e+03 2.530077211828974715e+00 1.255057908871730987e+01
1.562398924350738525e+03 2.540077517014069031e+00 1.262558137760551702e+01
1.562415079593658447e+03 2.554077944273201783e+00 1.273058458204901378e+01
1.562431471586227417e+03 2.538077455977050256e+00 1.261058091982787666e+01
1.562445182800292969e+03 2.520076906643879511e+00 1.247557679982909562e+01
1.562459551811218262e+03 2.554077944273201783e+00 1.273058458204901378e+01
1.562497818470001221e+03 2.518076845606860736e+00 1.246057634205145526e+01
1.562551197052001953e+03 2.548077761162145016e+00 1.268558320871608736e+01
1.562609590291976929e+03 2.520076906643879511e+00 1.247557679982909562e+01
1.562623626708984375e+03 2.490075991088595231e+00 1.225056993316446352e+01
1.562650844573974609e+03 2.480075685903500471e+00 1.217556764427625282e+01
1.562696331024169922e+03 2.542077578051088249e+00 1.264058183538316271e+01
1.562709234476089478e+03 2.532077272865993045e+00 1.256557954649494846e+01
1.562729195117950439e+03 2.506076479384747202e+00 1.237057359538560419e+01
1.562747336626052856e+03 2.520076906643879511e+00 1.247557679982909562e+01
1.562772357940673828e+03 2.542077578051088249e+00 1.264058183538316271e+01
1.562813639402389526e+03 2.540077517014069031e+00 1.262558137760551702e+01
1.562829551935195923e+03 2.520076906643879511e+00 1.247557679982909562e+01
1.562844974756240845e+03 2.526077089754936722e+00 1.252057817316202559e+01
1.562861007690429688e+03 2.542077578051088249e+00 1.264058183538316271e+01
1.562886872529983521e+03 2.440074465163121431e+00 1.187555848872341002e+01
1.562929540395736694e+03 2.520076906643879511e+00 1.247557679982909562e+01
1.562960412740707397e+03 2.546077700125126242e+00 1.267058275093844699e+01
1.563014729261398315e+03 2.518076845606860736e+00 1.246057634205145526e+01
1.563034542083740234e+03 2.488075930051576456e+00 1.223556947538682316e+01
1.563050064802169800e+03 2.540077517014069031e+00 1.262558137760551702e+01
1.563079176187515259e+03 2.540077517014069031e+00 1.262558137760551702e+01
1.563107788324356079e+03 2.534077333903012264e+00 1.258058000427259238e+01
1.563137313604354858e+03 2.546077700125126242e+00 1.267058275093844699e+01
1.563172887802124023e+03 2.546077700125126242e+00 1.267058275093844699e+01
1.563198770046234131e+03 2.486075869014557682e+00 1.222056901760918279e+01
1.563234447479248047e+03 2.542077578051088249e+00 1.264058183538316271e+01
1.563257452964782715e+03 2.530077211828974715e+00 1.255057908871730987e+01
1.563269713401794434e+03 2.548077761162145016e+00 1.268558320871608736e+01
1.563282561063766479e+03 2.522076967680898729e+00 1.249057725760674131e+01
1.563298847436904907e+03 2.544077639088107023e+00 1.265558229316080308e+01
1.563311863899230957e+03 2.552077883236183009e+00 1.271558412427137341e+01
1.563361933708190918e+03 2.542077578051088249e+00 1.264058183538316271e+01
1.563377449035644531e+03 2.522076967680898729e+00 1.249057725760674131e+01
1.563395486593246460e+03 2.546077700125126242e+00 1.267058275093844699e+01
1.563409822463989258e+03 2.546077700125126242e+00 1.267058275093844699e+01
1.563425366640090942e+03 2.536077394940031038e+00 1.259558046205023274e+01
1.563483847856521606e+03 2.514076723532822744e+00 1.243057542649617098e+01
1.563514613628387451e+03 2.530077211828974715e+00 1.255057908871730987e+01
1.563570361137390137e+03 2.484075807977538464e+00 1.220556855983153888e+01
1.563583465814590454e+03 2.484075807977538464e+00 1.220556855983153888e+01
1.563610499143600464e+03 2.538077455977050256e+00 1.261058091982787666e+01
1.563645927906036377e+03 2.526077089754936722e+00 1.252057817316202559e+01
1.563667047500610352e+03 2.540077517014069031e+00 1.262558137760551702e+01
1.563680803537368774e+03 2.552077883236183009e+00 1.271558412427137341e+01
1.563692342281341553e+03 2.544077639088107023e+00 1.265558229316080308e+01
1.563705071449279785e+03 2.510076601458785195e+00 1.240057451094088847e+01
1.563720694065093994e+03 2.546077700125126242e+00 1.267058275093844699e+01
1.563765450716018677e+03 2.534077333903012264e+00 1.258058000427259238e+01
1.563788093328475952e+03 2.558078066347239776e+00 1.276058549760429806e+01
1.563801710367202759e+03 2.534077333903012264e+00 1.258058000427259238e+01
1.563819099187850952e+03 2.546077700125126242e+00 1.267058275093844699e+01
1.563831750631332397e+03 2.548077761162145016e+00 1.268558320871608736e+01
1.563858628273010254e+03 2.512076662495803525e+00 1.241557496871852706e+01
1.563915831565856934e+03 2.502076357310709209e+00 1.234057267983031991e+01
1.563929968595504761e+03 2.504076418347727984e+00 1.235557313760796028e+01
1.563984314918518066e+03 2.496076174199651998e+00 1.229557130649738994e+01
1.563998209714889526e+03 2.486075869014557682e+00 1.222056901760918279e+01
1.564021552085876465e+03 2.552077883236183009e+00 1.271558412427137341e+01
1.564057209730148315e+03 2.530077211828974715e+00 1.255057908871730987e+01
1.564078202486038208e+03 2.542077578051088249e+00 1.264058183538316271e+01
1.564091511726379395e+03 2.536077394940031038e+00 1.259558046205023274e+01
1.564107268333435059e+03 2.498076235236671216e+00 1.231057176427503386e+01
1.564122457265853882e+03 2.550077822199164235e+00 1.270058366649373127e+01
1.564134464979171753e+03 2.538077455977050256e+00 1.261058091982787666e+01
1.564186516523361206e+03 2.542077578051088249e+00 1.264058183538316271e+01
1.564200696229934692e+03 2.518076845606860736e+00 1.246057634205145526e+01
1.564216412067413330e+03 2.560078127384258551e+00 1.277558595538193842e+01
1.564229851961135864e+03 2.526077089754936722e+00 1.252057817316202559e+01
1.564244444847106934e+03 2.548077761162145016e+00 1.268558320871608736e+01
1.564281497240066528e+03 2.528077150791955496e+00 1.253557863093966596e+01
1.564336234092712402e+03 2.560078127384258551e+00 1.277558595538193842e+01
1.564393404960632324e+03 2.502076357310709209e+00 1.234057267983031991e+01
1.564413727521896362e+03 2.488075930051576456e+00 1.223556947538682316e+01
1.564430327177047729e+03 2.514076723532822744e+00 1.243057542649617098e+01
1.564458570957183838e+03 2.476075563829462478e+00 1.214556672872096854e+01
1.564486785411834717e+03 2.548077761162145016e+00 1.268558320871608736e+01
1.564516329050064087e+03 2.544077639088107023e+00 1.265558229316080308e+01
1.564552655935287476e+03 2.544077639088107023e+00 1.265558229316080308e+01
1.564578901767730713e+03 2.542077578051088249e+00 1.264058183538316271e+01
1.564611477375030518e+03 2.550077822199164235e+00 1.270058366649373127e+01
1.564632867574691772e+03 2.536077394940031038e+00 1.259558046205023274e+01
1.564648379802703857e+03 2.548077761162145016e+00 1.268558320871608736e+01
1.564660567760467529e+03 2.546077700125126242e+00 1.267058275093844699e+01
1.564671380043029785e+03 2.530077211828974715e+00 1.255057908871730987e+01
1.564682509899139404e+03 2.508076540421765976e+00 1.238557405316324456e+01
1.564708945512771606e+03 2.518076845606860736e+00 1.246057634205145526e+01
1.564757669210433960e+03 2.558078066347239776e+00 1.276058549760429806e+01
1.564776381254196167e+03 2.544077639088107023e+00 1.265558229316080308e+01
1.564791259288787842e+03 2.526077089754936722e+00 1.252057817316202559e+01
1.564808445692062378e+03 2.490075991088595231e+00 1.225056993316446352e+01
1.564842678070068359e+03 2.534077333903012264e+00 1.258058000427259238e+01
1.564895810365676880e+03 2.532077272865993045e+00 1.256557954649494846e+01
1.564952743530273438e+03 2.454074892422254184e+00 1.198056169316690678e+01
1.564966294288635254e+03 2.448074709311197417e+00 1.193556031983398036e+01
1.564996204137802124e+03 2.544077639088107023e+00 1.265558229316080308e+01
1.565036624193191528e+03 2.540077517014069031e+00 1.262558137760551702e+01
1.565051069974899292e+03 2.546077700125126242e+00 1.267058275093844699e+01
1.565064609050750732e+03 2.508076540421765976e+00 1.238557405316324456e+01
1.565077294588088989e+03 2.540077517014069031e+00 1.262558137760551702e+01
1.565093116998672485e+03 2.540077517014069031e+00 1.262558137760551702e+01
1.565110284090042114e+03 2.504076418347727984e+00 1.235557313760796028e+01
1.565159793138504028e+03 2.536077394940031038e+00 1.259558046205023274e+01
1.565172900676727295e+03 2.526077089754936722e+00 1.252057817316202559e+01
1.565189397811889648e+03 2.540077517014069031e+00 1.262558137760551702e+01
1.565206394433975220e+03 2.512076662495803525e+00 1.241557496871852706e+01
1.565224489450454712e+03 2.504076418347727984e+00 1.235557313760796028e+01
1.565300194740295410e+03 2.522076967680898729e+00 1.249057725760674131e+01
1.565359046936035156e+03 2.522076967680898729e+00 1.249057725760674131e+01
1.565372859954833984e+03 2.474075502792443704e+00 1.213056627094332818e+01
1.565402427196502686e+03 2.548077761162145016e+00 1.268558320871608736e+01
1.565442568540573120e+03 2.538077455977050256e+00 1.261058091982787666e+01
1.565456378221511841e+03 2.550077822199164235e+00 1.270058366649373127e+01
1.565470249891281128e+03 2.514076723532822744e+00 1.243057542649617098e+01
1.565486102581024170e+03 2.522076967680898729e+00 1.249057725760674131e+01
1.565498757839202881e+03 2.550077822199164235e+00 1.270058366649373127e+01
1.565510858535766602e+03 2.530077211828974715e+00 1.255057908871730987e+01
1.565564038991928101e+03 2.542077578051088249e+00 1.264058183538316271e+01
1.565580699443817139e+03 2.556078005310220558e+00 1.274558503982665414e+01
1.565593545436859131e+03 2.518076845606860736e+00 1.246057634205145526e+01
1.565609207630157471e+03 2.544077639088107023e+00 1.265558229316080308e+01
1.565626566648483276e+03 2.550077822199164235e+00 1.270058366649373127e+01
1.565683578014373779e+03 2.536077394940031038e+00 1.259558046205023274e+01
1.565715452432632446e+03 2.530077211828974715e+00 1.255057908871730987e+01
1.565769806861877441e+03 2.486075869014557682e+00 1.222056901760918279e+01
1.565784237623214722e+03 2.454074892422254184e+00 1.198056169316690678e+01
1.565803685188293457e+03 2.550077822199164235e+00 1.270058366649373127e+01
1.565832002162933350e+03 2.546077700125126242e+00 1.267058275093844699e+01
1.565860482931137085e+03 2.472075441755424485e+00 1.211556581316568426e+01
1.565888484239578247e+03 2.550077822199164235e+00 1.270058366649373127e+01
1.565930794954299927e+03 2.532077272865993045e+00 1.256557954649494846e+01
1.565951065063476562e+03 2.520076906643879511e+00 1.247557679982909562e+01
1.565980905532836914e+03 2.546077700125126242e+00 1.267058275093844699e+01
1.566012226819992065e+03 2.482075746940519689e+00 1.219056810205389851e+01
1.566027629137039185e+03 2.534077333903012264e+00 1.258058000427259238e+01
1.566041776657104492e+03 2.506076479384747202e+00 1.237057359538560419e+01
1.566057369470596313e+03 2.546077700125126242e+00 1.267058275093844699e+01
1.566071152448654175e+03 2.528077150791955496e+00 1.253557863093966596e+01
1.566112643241882324e+03 2.532077272865993045e+00 1.256557954649494846e+01
1.566133438825607300e+03 2.520076906643879511e+00 1.247557679982909562e+01
1.566149960517883301e+03 2.538077455977050256e+00 1.261058091982787666e+01
1.566166522741317749e+03 2.470075380718405711e+00 1.210056535538804212e+01
1.566180128335952759e+03 2.534077333903012264e+00 1.258058000427259238e+01
1.566219987154006958e+03 2.534077333903012264e+00 1.258058000427259238e+01
1.566270121335983276e+03 2.508076540421765976e+00 1.238557405316324456e+01
1.566329596996307373e+03 2.508076540421765976e+00 1.238557405316324456e+01
1.566342912912368774e+03 2.490075991088595231e+00 1.225056993316446352e+01
1.566371778964996338e+03 2.536077394940031038e+00 1.259558046205023274e+01
1.566421507596969604e+03 2.524077028717917504e+00 1.250557771538438168e+01
1.566436927556991577e+03 2.538077455977050256e+00 1.261058091982787666e+01
1.566450684547424316e+03 2.552077883236183009e+00 1.271558412427137341e+01
1.566462093114852905e+03 2.478075624866481697e+00 1.216056718649861246e+01
1.566472766637802124e+03 2.534077333903012264e+00 1.258058000427259238e+01
1.566483996629714966e+03 2.504076418347727984e+00 1.235557313760796028e+01
1.566526524543762207e+03 2.478075624866481697e+00 1.216056718649861246e+01
1.566544991970062256e+03 2.526077089754936722e+00 1.252057817316202559e+01
1.566559600114822388e+03 2.548077761162145016e+00 1.268558320871608736e+01
1.566574994087219238e+03 2.538077455977050256e+00 1.261058091982787666e+01
1.566592371225357056e+03 2.532077272865993045e+00 1.256557954649494846e+01
1.566631957769393921e+03 2.532077272865993045e+00 1.256557954649494846e+01
1.566686869859695435e+03 2.558078066347239776e+00 1.276058549760429806e+01
1.566744420766830444e+03 2.512076662495803525e+00 1.241557496871852706e+01
1.566758422613143921e+03 2.492076052125614005e+00 1.226557039094210566e+01
1.566781085968017578e+03 2.542077578051088249e+00 1.264058183538316271e+01
1.566813746929168701e+03 2.530077211828974715e+00 1.255057908871730987e+01
1.566839282274246216e+03 2.542077578051088249e+00 1.264058183538316271e+01
1.566850666284561157e+03 2.544077639088107023e+00 1.265558229316080308e+01
1.566862268924713135e+03 2.546077700125126242e+00 1.267058275093844699e+01
1.566876842260360718e+03 2.522076967680898729e+00 1.249057725760674131e+01
1.566898493528366089e+03 2.502076357310709209e+00 1.234057267983031991e+01
1.566948505401611328e+03 2.538077455977050256e+00 1.261058091982787666e+01
1.566962627410888672e+03 2.540077517014069031e+00 1.262558137760551702e+01
1.566973777770996094e+03 2.522076967680898729e+00 1.249057725760674131e+01
1.566990320920944214e+03 2.510076601458785195e+00 1.240057451094088847e+01
1.567006779670715332e+03 2.544077639088107023e+00 1.265558229316080308e+01
1.567040586709976196e+03 2.532077272865993045e+00 1.256557954649494846e+01
1.567091861009597778e+03 2.520076906643879511e+00 1.247557679982909562e+01
1.567151129722595215e+03 2.522076967680898729e+00 1.249057725760674131e+01
1.567164205312728882e+03 2.458075014496292177e+00 1.201056260872219106e+01
1.567188638210296631e+03 2.460075075533310951e+00 1.202556306649983142e+01
1.567223276138305664e+03 2.472075441755424485e+00 1.211556581316568426e+01
1.567252568960189819e+03 2.162065981017486926e+00 9.790494857631152570e+00
1.567291360139846802e+03 2.442074526200140649e+00 1.189055894650105571e+01
1.567323154211044312e+03 2.468075319681386937e+00 1.208556489761040176e+01
1.567342450141906738e+03 2.458075014496292177e+00 1.201056260872219106e+01
1.567373589515686035e+03 2.472075441755424485e+00 1.211556581316568426e+01
1.567404360771179199e+03 2.480075685903500471e+00 1.217556764427625282e+01
1.567421131610870361e+03 2.436074343089083438e+00 1.184555757316812574e+01
1.567432383537292480e+03 2.444074587237159424e+00 1.190555940427869608e+01
1.567446744441986084e+03 2.448074709311197417e+00 1.193556031983398036e+01
1.567459875583648682e+03 2.450074770348216191e+00 1.195056077761162072e+01
1.567514149427413940e+03 2.486075869014557682e+00 1.222056901760918279e+01
1.567540406703948975e+03 2.480075685903500471e+00 1.217556764427625282e+01
1.567558193922042847e+03 2.488075930051576456e+00 1.223556947538682316e+01
1.567574517726898193e+03 2.476075563829462478e+00 1.214556672872096854e+01
1.567635207653045654e+03 2.126064882351145879e+00 9.520486617633594051e+00
1.567667722463607788e+03 2.484075807977538464e+00 1.220556855983153888e+01
1.567730548620223999e+03 2.238068300424207457e+00 1.036051225318155566e+01
1.567748949766159058e+03 2.398073183385723617e+00 1.156054887539292686e+01
1.567775941848754883e+03 2.466075258644368162e+00 1.207056443983276139e+01
1.567799745321273804e+03 2.438074404126102657e+00 1.186055803094576966e+01
1.567818917989730835e+03 2.474075502792443704e+00 1.213056627094332818e+01
1.567835621118545532e+03 2.474075502792443704e+00 1.213056627094332818e+01
1.567846324443817139e+03 2.460075075533310951e+00 1.202556306649983142e+01
1.567857643365859985e+03 2.406073427533799602e+00 1.162055070650349720e+01
1.567868385076522827e+03 2.452074831385234965e+00 1.196556123538926286e+01
1.567888224601745605e+03 2.458075014496292177e+00 1.201056260872219106e+01
1.567930998086929321e+03 2.462075136570330169e+00 1.204056352427747711e+01
1.567951457738876343e+03 2.464075197607348944e+00 1.205556398205511748e+01
1.567968411207199097e+03 2.412073610644855925e+00 1.166555207983642006e+01
1.567991568565368652e+03 2.362072084719382570e+00 1.129054063539537012e+01
1.568067398786544800e+03 2.464075197607348944e+00 1.205556398205511748e+01
1.568082358598709106e+03 2.442074526200140649e+00 1.189055894650105571e+01
1.568137011528015137e+03 2.440074465163121431e+00 1.187555848872341002e+01
1.568150935888290405e+03 2.412073610644855925e+00 1.166555207983642006e+01
1.568173952817916870e+03 2.454074892422254184e+00 1.198056169316690678e+01
1.568218139410018921e+03 2.452074831385234965e+00 1.196556123538926286e+01
1.568233476638793945e+03 2.444074587237159424e+00 1.190555940427869608e+01
1.568250449419021606e+03 2.462075136570330169e+00 1.204056352427747711e+01
1.568267575979232788e+03 2.420073854792931911e+00 1.172555391094698862e+01
1.568282264232635498e+03 2.420073854792931911e+00 1.172555391094698862e+01
1.568333451986312866e+03 2.476075563829462478e+00 1.214556672872096854e+01
1.568359161138534546e+03 2.484075807977538464e+00 1.220556855983153888e+01
1.568376648664474487e+03 2.470075380718405711e+00 1.210056535538804212e+01
1.568392604112625122e+03 2.458075014496292177e+00 1.201056260872219106e+01
1.568429941892623901e+03 2.434074282052064664e+00 1.183055711539048538e+01
1.568484383821487427e+03 2.476075563829462478e+00 1.214556672872096854e+01
1.568544938087463379e+03 2.424073976866969904e+00 1.175555482650227468e+01
1.568569346904754639e+03 2.360072023682363351e+00 1.127554017761772442e+01
1.568591655254364014e+03 2.458075014496292177e+00 1.201056260872219106e+01
1.568622889518737793e+03 2.474075502792443704e+00 1.213056627094332818e+01
1.568653112173080444e+03 2.460075075533310951e+00 1.202556306649983142e+01
1.568679376363754272e+03 2.462075136570330169e+00 1.204056352427747711e+01
1.568712115049362183e+03 2.474075502792443704e+00 1.213056627094332818e+01
1.568731600522994995e+03 2.448074709311197417e+00 1.193556031983398036e+01
1.568768218278884888e+03 2.464075197607348944e+00 1.205556398205511748e+01
1.568792941093444824e+03 2.466075258644368162e+00 1.207056443983276139e+01
1.568807153224945068e+03 2.464075197607348944e+00 1.205556398205511748e+01
1.568820308685302734e+03 2.468075319681386937e+00 1.208556489761040176e+01
1.568832300901412964e+03 2.462075136570330169e+00 1.204056352427747711e+01
1.568847419023513794e+03 2.472075441755424485e+00 1.211556581316568426e+01
1.568906625509262085e+03 2.472075441755424485e+00 1.211556581316568426e+01
1.568922638654708862e+03 2.468075319681386937e+00 1.208556489761040176e+01
1.568940643310546875e+03 2.480075685903500471e+00 1.217556764427625282e+01
1.568960827350616455e+03 2.472075441755424485e+00 1.211556581316568426e+01
1.569000942230224609e+03 2.442074526200140649e+00 1.189055894650105571e+01
1.569051714897155762e+03 2.470075380718405711e+00 1.210056535538804212e+01
1.569111594676971436e+03 2.432074221015045445e+00 1.181555665761284146e+01
1.569124974966049194e+03 2.404073366496780384e+00 1.160555024872585328e+01
1.569157102584838867e+03 2.434074282052064664e+00 1.183055711539048538e+01
1.569188724756240845e+03 2.404073366496780384e+00 1.160555024872585328e+01
1.569208907127380371e+03 2.446074648274178642e+00 1.192055986205633999e+01
1.569223211526870728e+03 2.468075319681386937e+00 1.208556489761040176e+01
1.569234748363494873e+03 2.462075136570330169e+00 1.204056352427747711e+01
1.569246147394180298e+03 2.440074465163121431e+00 1.187555848872341002e+01
1.569256857872009277e+03 2.466075258644368162e+00 1.207056443983276139e+01
1.569268056869506836e+03 2.464075197607348944e+00 1.205556398205511748e+01
1.569320148944854736e+03 2.462075136570330169e+00 1.204056352427747711e+01
1.569337872028350830e+03 2.458075014496292177e+00 1.201056260872219106e+01
1.569356647253036499e+03 2.424073976866969904e+00 1.175555482650227468e+01
1.569374501466751099e+03 2.390072939237647631e+00 1.150054704428235652e+01
1.569415791749954224e+03 2.394073061311685624e+00 1.153054795983764258e+01
1.569467928171157837e+03 2.446074648274178642e+00 1.192055986205633999e+01
1.569531353473663330e+03 2.432074221015045445e+00 1.181555665761284146e+01
1.569545011043548584e+03 2.434074282052064664e+00 1.183055711539048538e+01
1.569570531368255615e+03 2.458075014496292177e+00 1.201056260872219106e+01
1.569621934890747070e+03 2.516076784569841518e+00 1.244557588427381134e+01
1.569637872219085693e+03 2.516076784569841518e+00 1.244557588427381134e+01
1.569655667066574097e+03 2.506076479384747202e+00 1.237057359538560419e+01
1.569670886278152466e+03 2.506076479384747202e+00 1.237057359538560419e+01
1.569687579631805420e+03 2.500076296273689991e+00 1.232557222205267422e+01
1.569747863054275513e+03 2.502076357310709209e+00 1.234057267983031991e+01
1.569765146017074585e+03 2.516076784569841518e+00 1.244557588427381134e+01
1.569781537294387817e+03 2.544077639088107023e+00 1.265558229316080308e+01
1.569800759553909302e+03 2.544077639088107023e+00 1.265558229316080308e+01
1.569839863300323486e+03 2.472075441755424485e+00 1.211556581316568426e+01
1.569883163690567017e+03 2.510076601458785195e+00 1.240057451094088847e+01
1.569897316455841064e+03 2.504076418347727984e+00 1.235557313760796028e+01
1.569963107585906982e+03 2.434074282052064664e+00 1.183055711539048538e+01
1.569976907730102539e+03 2.472075441755424485e+00 1.211556581316568426e+01
1.569995886564254761e+03 2.522076967680898729e+00 1.249057725760674131e+01
1.570026213169097900e+03 2.480075685903500471e+00 1.217556764427625282e+01
1.570055120944976807e+03 2.516076784569841518e+00 1.244557588427381134e+01
1.570085960626602173e+03 2.528077150791955496e+00 1.253557863093966596e+01
1.570128549098968506e+03 2.528077150791955496e+00 1.253557863093966596e+01
1.570149426937103271e+03 2.514076723532822744e+00 1.243057542649617098e+01
1.570178903579711914e+03 2.520076906643879511e+00 1.247557679982909562e+01
1.570211887598037720e+03 2.522076967680898729e+00 1.249057725760674131e+01
1.570225951910018921e+03 2.538077455977050256e+00 1.261058091982787666e+01
1.570239406585693359e+03 2.544077639088107023e+00 1.265558229316080308e+01
1.570251199007034302e+03 2.540077517014069031e+00 1.262558137760551702e+01
1.570269010305404663e+03 2.452074831385234965e+00 1.196556123538926286e+01
1.570330430030822754e+03 2.482075746940519689e+00 1.219056810205389851e+01
1.570345246791839600e+03 2.532077272865993045e+00 1.256557954649494846e+01
1.570362864255905151e+03 2.540077517014069031e+00 1.262558137760551702e+01
1.570381910085678101e+03 2.542077578051088249e+00 1.264058183538316271e+01
1.570403882503509521e+03 2.532077272865993045e+00 1.256557954649494846e+01
1.570445911169052124e+03 2.514076723532822744e+00 1.243057542649617098e+01
1.570477709054946899e+03 2.520076906643879511e+00 1.247557679982909562e+01
1.570533691167831421e+03 2.496076174199651998e+00 1.229557130649738994e+01
1.570547388553619385e+03 2.492076052125614005e+00 1.226557039094210566e+01
1.570573940515518188e+03 2.548077761162145016e+00 1.268558320871608736e+01
1.570603506803512573e+03 2.510076601458785195e+00 1.240057451094088847e+01
1.570629322290420532e+03 2.544077639088107023e+00 1.265558229316080308e+01
1.570643693923950195e+03 2.546077700125126242e+00 1.267058275093844699e+01
1.570657812595367432e+03 2.512076662495803525e+00 1.241557496871852706e+01
1.570670798063278198e+03 2.460075075533310951e+00 1.202556306649983142e+01
1.570682258605957031e+03 2.536077394940031038e+00 1.259558046205023274e+01
1.570699232339859009e+03 2.548077761162145016e+00 1.268558320871608736e+01
1.570744740486145020e+03 2.524077028717917504e+00 1.250557771538438168e+01
1.570765456914901733e+03 2.548077761162145016e+00 1.268558320871608736e+01
1.570783439397811890e+03 2.532077272865993045e+00 1.256557954649494846e+01
1.570800731182098389e+03 2.556078005310220558e+00 1.274558503982665414e+01
1.570845386028289795e+03 2.554077944273201783e+00 1.273058458204901378e+01
1.570908628463745117e+03 2.478075624866481697e+00 1.216056718649861246e+01
1.570968411445617676e+03 2.510076601458785195e+00 1.240057451094088847e+01
1.570982331991195679e+03 2.498076235236671216e+00 1.231057176427503386e+01
1.571004908561706543e+03 2.534077333903012264e+00 1.258058000427259238e+01
1.571058614730834961e+03 2.542077578051088249e+00 1.264058183538316271e+01
1.571071538448333740e+03 2.538077455977050256e+00 1.261058091982787666e+01
1.571091310739517212e+03 2.540077517014069031e+00 1.262558137760551702e+01
1.571103202342987061e+03 2.542077578051088249e+00 1.264058183538316271e+01
1.571114080905914307e+03 2.544077639088107023e+00 1.265558229316080308e+01
1.571153286218643188e+03 2.542077578051088249e+00 1.264058183538316271e+01
1.571176559925079346e+03 2.536077394940031038e+00 1.259558046205023274e+01
1.571193524599075317e+03 2.526077089754936722e+00 1.252057817316202559e+01
1.571210306406021118e+03 2.532077272865993045e+00 1.256557954649494846e+01
1.571228679895401001e+03 2.544077639088107023e+00 1.265558229316080308e+01
1.571288454771041870e+03 2.496076174199651998e+00 1.229557130649738994e+01
1.571318078994750977e+03 2.548077761162145016e+00 1.268558320871608736e+01
1.571373813629150391e+03 2.476075563829462478e+00 1.214556672872096854e+01
1.571387820720672607e+03 2.484075807977538464e+00 1.220556855983153888e+01
1.571418110132217407e+03 2.530077211828974715e+00 1.255057908871730987e+01
1.571447543382644653e+03 2.554077944273201783e+00 1.273058458204901378e+01
1.571476620435714722e+03 2.546077700125126242e+00 1.267058275093844699e+01
1.571503177881240845e+03 2.552077883236183009e+00 1.271558412427137341e+01
1.571534886360168457e+03 2.526077089754936722e+00 1.252057817316202559e+01
1.571561285257339478e+03 2.536077394940031038e+00 1.259558046205023274e+01
1.571609060525894165e+03 2.532077272865993045e+00 1.256557954649494846e+01
1.571620217561721802e+03 2.512076662495803525e+00 1.241557496871852706e+01
1.571631480693817139e+03 2.542077578051088249e+00 1.264058183538316271e+01
1.571642280340194702e+03 2.536077394940031038e+00 1.259558046205023274e+01
1.571653700828552246e+03 2.544077639088107023e+00 1.265558229316080308e+01
1.571664413928985596e+03 2.538077455977050256e+00 1.261058091982787666e+01
1.571675457954406738e+03 2.548077761162145016e+00 1.268558320871608736e+01
1.571725096225738525e+03 2.538077455977050256e+00 1.261058091982787666e+01
1.571741816759109497e+03 2.536077394940031038e+00 1.259558046205023274e+01
1.571758272171020508e+03 2.518076845606860736e+00 1.246057634205145526e+01
1.571777235269546509e+03 2.542077578051088249e+00 1.264058183538316271e+01
1.571795590400695801e+03 2.550077822199164235e+00 1.270058366649373127e+01
1.571871838092803955e+03 2.536077394940031038e+00 1.259558046205023274e+01
1.571931564807891846e+03 2.520076906643879511e+00 1.247557679982909562e+01
1.571944815635681152e+03 2.484075807977538464e+00 1.220556855983153888e+01
1.571973906517028809e+03 2.524077028717917504e+00 1.250557771538438168e+01
1.572017337083816528e+03 2.534077333903012264e+00 1.258058000427259238e+01
1.572030545711517334e+03 2.556078005310220558e+00 1.274558503982665414e+01
1.572043091535568237e+03 2.520076906643879511e+00 1.247557679982909562e+01
1.572054194450378418e+03 2.548077761162145016e+00 1.268558320871608736e+01
1.572067081451416016e+03 2.528077150791955496e+00 1.253557863093966596e+01
1.572082921504974365e+03 2.560078127384258551e+00 1.277558595538193842e+01
1.572128163814544678e+03 2.532077272865993045e+00 1.256557954649494846e+01
1.572150491237640381e+03 2.538077455977050256e+00 1.261058091982787666e+01
1.572167812585830688e+03 2.540077517014069031e+00 1.262558137760551702e+01
1.572186692237854004e+03 2.526077089754936722e+00 1.252057817316202559e+01
1.572203724384307861e+03 2.534077333903012264e+00 1.258058000427259238e+01
1.572261477947235107e+03 2.520076906643879511e+00 1.247557679982909562e+01
1.572291421651840210e+03 2.486075869014557682e+00 1.222056901760918279e+01
1.572347046613693237e+03 2.512076662495803525e+00 1.241557496871852706e+01
1.572361067056655884e+03 2.488075930051576456e+00 1.223556947538682316e+01
1.572383582115173340e+03 2.548077761162145016e+00 1.268558320871608736e+01
1.572436545610427856e+03 2.512076662495803525e+00 1.241557496871852706e+01
1.572452901124954224e+03 2.528077150791955496e+00 1.253557863093966596e+01
1.572464508771896362e+03 2.526077089754936722e+00 1.252057817316202559e+01
1.572475863933563232e+03 2.472075441755424485e+00 1.211556581316568426e+01
1.572487246990203857e+03 2.526077089754936722e+00 1.252057817316202559e+01
1.572506874084472656e+03 2.496076174199651998e+00 1.229557130649738994e+01
1.572541687250137329e+03 2.526077089754936722e+00 1.252057817316202559e+01
1.572566858053207397e+03 2.526077089754936722e+00 1.252057817316202559e+01
1.572583363533020020e+03 2.530077211828974715e+00 1.255057908871730987e+01
1.572596943616867065e+03 2.520076906643879511e+00 1.247557679982909562e+01
1.572616395235061646e+03 2.544077639088107023e+00 1.265558229316080308e+01
1.572675500869750977e+03 2.526077089754936722e+00 1.252057817316202559e+01
1.572706920862197876e+03 2.454074892422254184e+00 1.198056169316690678e+01
1.572767125368118286e+03 2.534077333903012264e+00 1.258058000427259238e+01
1.572782560110092163e+03 2.448074709311197417e+00 1.193556031983398036e+01
1.572799567222595215e+03 2.518076845606860736e+00 1.246057634205145526e+01
1.572827871084213257e+03 2.524077028717917504e+00 1.250557771538438168e+01
1.572856376171112061e+03 2.520076906643879511e+00 1.247557679982909562e+01
1.572884776830673218e+03 2.526077089754936722e+00 1.252057817316202559e+01
1.572926773786544800e+03 2.512076662495803525e+00 1.241557496871852706e+01
1.572953763961791992e+03 2.536077394940031038e+00 1.259558046205023274e+01
1.572989139795303345e+03 2.524077028717917504e+00 1.250557771538438168e+01
1.573011990070343018e+03 2.514076723532822744e+00 1.243057542649617098e+01
1.573023767471313477e+03 2.530077211828974715e+00 1.255057908871730987e+01
1.573035383701324463e+03 2.528077150791955496e+00 1.253557863093966596e+01
1.573049901008605957e+03 2.530077211828974715e+00 1.255057908871730987e+01
1.573063896894454956e+03 2.528077150791955496e+00 1.253557863093966596e+01
1.573117205858230591e+03 2.518076845606860736e+00 1.246057634205145526e+01
1.573132972240447998e+03 2.478075624866481697e+00 1.216056718649861246e+01
1.573154122352600098e+03 2.528077150791955496e+00 1.253557863093966596e+01
1.573167978763580322e+03 2.528077150791955496e+00 1.253557863093966596e+01
1.573184950113296509e+03 2.526077089754936722e+00 1.252057817316202559e+01
1.573238280057907104e+03 2.528077150791955496e+00 1.253557863093966596e+01
1.573268354892730713e+03 2.490075991088595231e+00 1.225056993316446352e+01
1.573324192047119141e+03 2.486075869014557682e+00 1.222056901760918279e+01
1.573337129831314087e+03 2.448074709311197417e+00 1.193556031983398036e+01
1.573361620664596558e+03 2.554077944273201783e+00 1.273058458204901378e+01
1.573398682117462158e+03 2.544077639088107023e+00 1.265558229316080308e+01
1.573426904439926147e+03 2.528077150791955496e+00 1.253557863093966596e+01
1.573439403057098389e+03 2.554077944273201783e+00 1.273058458204901378e+01
1.573450476169586182e+03 2.538077455977050256e+00 1.261058091982787666e+01
1.573461346626281738e+03 2.530077211828974715e+00 1.255057908871730987e+01
1.573472312211990356e+03 2.534077333903012264e+00 1.258058000427259238e+01
1.573483176708221436e+03 2.534077333903012264e+00 1.258058000427259238e+01
1.573523188114166260e+03 2.508076540421765976e+00 1.238557405316324456e+01
1.573546076536178589e+03 2.466075258644368162e+00 1.207056443983276139e+01
1.573561535596847534e+03 2.480075685903500471e+00 1.217556764427625282e+01
1.573577547073364258e+03 2.556078005310220558e+00 1.274558503982665414e+01
1.573596869707107544e+03 2.550077822199164235e+00 1.270058366649373127e+01
1.573656862497329712e+03 2.552077883236183009e+00 1.271558412427137341e+01
1.573686611890792847e+03 2.550077822199164235e+00 1.270058366649373127e+01
1.573742962360382080e+03 2.484075807977538464e+00 1.220556855983153888e+01
1.573759628772735596e+03 2.492076052125614005e+00 1.226557039094210566e+01
1.573783359050750732e+03 2.548077761162145016e+00 1.268558320871608736e+01
1.573815484285354614e+03 2.522076967680898729e+00 1.249057725760674131e+01
1.573841934204101562e+03 2.548077761162145016e+00 1.268558320871608736e+01
1.573855261802673340e+03 2.520076906643879511e+00 1.247557679982909562e+01
1.573868041276931763e+03 2.516076784569841518e+00 1.244557588427381134e+01
1.573882315874099731e+03 2.546077700125126242e+00 1.267058275093844699e+01
1.573895091533660889e+03 2.542077578051088249e+00 1.264058183538316271e+01
1.573934552431106567e+03 2.544077639088107023e+00 1.265558229316080308e+01
1.573953486442565918e+03 2.548077761162145016e+00 1.268558320871608736e+01
1.573965956687927246e+03 2.538077455977050256e+00 1.261058091982787666e+01
1.573980774164199829e+03 2.546077700125126242e+00 1.267058275093844699e+01
1.573999435186386108e+03 2.538077455977050256e+00 1.261058091982787666e+01
1.574067100524902344e+03 2.550077822199164235e+00 1.270058366649373127e+01
1.574097856760025024e+03 2.566078310495315318e+00 1.282058732871486484e+01
1.574153358936309814e+03 2.454074892422254184e+00 1.198056169316690678e+01
1.574167206525802612e+03 2.486075869014557682e+00 1.222056901760918279e+01
1.574184201955795288e+03 2.530077211828974715e+00 1.255057908871730987e+01
1.574218584299087524e+03 2.534077333903012264e+00 1.258058000427259238e+01
1.574247606754302979e+03 2.538077455977050256e+00 1.261058091982787666e+01
1.574277494430541992e+03 2.548077761162145016e+00 1.268558320871608736e+01
1.574313279390335083e+03 2.550077822199164235e+00 1.270058366649373127e+01
1.574332636117935181e+03 2.536077394940031038e+00 1.259558046205023274e+01
1.574357566356658936e+03 2.524077028717917504e+00 1.250557771538438168e+01
1.574385877370834351e+03 2.544077639088107023e+00 1.265558229316080308e+01
1.574399591445922852e+03 2.550077822199164235e+00 1.270058366649373127e+01
1.574410925388336182e+03 2.538077455977050256e+00 1.261058091982787666e+01
1.574422608375549316e+03 2.546077700125126242e+00 1.267058275093844699e+01
1.574437191009521484e+03 2.548077761162145016e+00 1.268558320871608736e+01
1.574464475870132446e+03 2.502076357310709209e+00 1.234057267983031991e+01
1.574516116142272949e+03 2.530077211828974715e+00 1.255057908871730987e+01
1.574533065319061279e+03 2.536077394940031038e+00 1.259558046205023274e+01
1.574554811954498291e+03 2.532077272865993045e+00 1.256557954649494846e+01
1.574569477558135986e+03 2.314070619830927544e+00 1.093052964873195698e+01
1.574628886222839355e+03 2.460075075533310951e+00 1.202556306649983142e+01
1.574658592462539673e+03 2.174066347239600905e+00 9.880497604297007186e+00
1.574714313983917236e+03 2.380072634052552871e+00 1.142554475539414582e+01
1.574727481842041016e+03 2.402073305459761610e+00 1.159054979094821292e+01
1.574757571697235107e+03 2.496076174199651998e+00 1.229557130649738994e+01
1.574797707080841064e+03 2.488075930051576456e+00 1.223556947538682316e+01
1.574813261270523071e+03 2.436074343089083438e+00 1.184555757316812574e+01
1.574825138330459595e+03 2.460075075533310951e+00 1.202556306649983142e+01
1.574836369752883911e+03 2.478075624866481697e+00 1.216056718649861246e+01
1.574847200393676758e+03 2.470075380718405711e+00 1.210056535538804212e+01
1.574858359098434448e+03 2.210067445905941952e+00 1.015050584429456393e+01
1.574875266075134277e+03 2.462075136570330169e+00 1.204056352427747711e+01
1.574925055265426636e+03 2.478075624866481697e+00 1.216056718649861246e+01
1.574942434549331665e+03 2.474075502792443704e+00 1.213056627094332818e+01
1.574957851886749268e+03 2.466075258644368162e+00 1.207056443983276139e+01
1.574972470760345459e+03 2.456074953459272958e+00 1.199556215094454714e+01
1.574989932060241699e+03 2.210067445905941952e+00 1.015050584429456393e+01
1.575059936523437500e+03 2.422073915829951130e+00 1.174055436872463432e+01
1.575074357509613037e+03 2.460075075533310951e+00 1.202556306649983142e+01
1.575129457235336304e+03 2.444074587237159424e+00 1.190555940427869608e+01
1.575143138408660889e+03 2.428074098941007453e+00 1.178555574205755541e+01
1.575166150808334351e+03 2.474075502792443704e+00 1.213056627094332818e+01
1.575211960792541504e+03 2.474075502792443704e+00 1.213056627094332818e+01
1.575224117994308472e+03 2.444074587237159424e+00 1.190555940427869608e+01
1.575237819910049438e+03 2.430074159978026671e+00 1.180055619983519932e+01
1.575254213094711304e+03 2.476075563829462478e+00 1.214556672872096854e+01
1.575265841960906982e+03 2.476075563829462478e+00 1.214556672872096854e+01
1.575277900457382202e+03 2.468075319681386937e+00 1.208556489761040176e+01
1.575320020914077759e+03 2.444074587237159424e+00 1.190555940427869608e+01
1.575339067459106445e+03 2.478075624866481697e+00 1.216056718649861246e+01
1.575351748704910278e+03 2.470075380718405711e+00 1.210056535538804212e+01
1.575366455078125000e+03 2.466075258644368162e+00 1.207056443983276139e+01
1.575381974697113037e+03 2.398073183385723617e+00 1.156054887539292686e+01
1.575400989770889282e+03 2.456074953459272958e+00 1.199556215094454714e+01
1.575454583644866943e+03 2.454074892422254184e+00 1.198056169316690678e+01
1.575484544992446899e+03 2.466075258644368162e+00 1.207056443983276139e+01
1.575540691375732422e+03 2.442074526200140649e+00 1.189055894650105571e+01
1.575560626268386841e+03 2.414073671681875144e+00 1.168055253761406398e+01
1.575577143907546997e+03 2.452074831385234965e+00 1.196556123538926286e+01
1.575611223697662354e+03 2.482075746940519689e+00 1.219056810205389851e+01
1.575640924453735352e+03 2.458075014496292177e+00 1.201056260872219106e+01
1.575666853427886963e+03 2.468075319681386937e+00 1.208556489761040176e+01
1.575698979377746582e+03 2.470075380718405711e+00 1.210056535538804212e+01
1.575724822998046875e+03 2.480075685903500471e+00 1.217556764427625282e+01
1.575769247293472290e+03 2.474075502792443704e+00 1.213056627094332818e+01
1.575783466100692749e+03 2.466075258644368162e+00 1.207056443983276139e+01
1.575798612117767334e+03 2.460075075533310951e+00 1.202556306649983142e+01
1.575813729047775269e+03 2.482075746940519689e+00 1.219056810205389851e+01
1.575827653646469116e+03 2.464075197607348944e+00 1.205556398205511748e+01
1.575842559814453125e+03 2.400073244422742391e+00 1.157554933317056722e+01
1.575897183656692505e+03 2.464075197607348944e+00 1.205556398205511748e+01
1.575912871837615967e+03 2.478075624866481697e+00 1.216056718649861246e+01
1.575930572748184204e+03 2.476075563829462478e+00 1.214556672872096854e+01
1.575944349527359009e+03 2.460075075533310951e+00 1.202556306649983142e+01
1.575983923196792603e+03 2.456074953459272958e+00 1.199556215094454714e+01
1.576033967018127441e+03 2.466075258644368162e+00 1.207056443983276139e+01
1.576092769384384155e+03 2.464075197607348944e+00 1.205556398205511748e+01
1.576106154680252075e+03 2.414073671681875144e+00 1.168055253761406398e+01
1.576135057687759399e+03 2.462075136570330169e+00 1.204056352427747711e+01
1.576178612947463989e+03 2.474075502792443704e+00 1.213056627094332818e+01
1.576195714473724365e+03 2.396073122348704398e+00 1.154554841761528294e+01
1.576208481311798096e+03 2.462075136570330169e+00 1.204056352427747711e+01
1.576224223136901855e+03 2.464075197607348944e+00 1.205556398205511748e+01
1.576238845109939575e+03 2.402073305459761610e+00 1.159054979094821292e+01
1.576285600662231445e+03 2.420073854792931911e+00 1.172555391094698862e+01
1.576305838108062744e+03 2.406073427533799602e+00 1.162055070650349720e+01
1.576321917295455933e+03 2.480075685903500471e+00 1.217556764427625282e+01
1.576339934825897217e+03 2.474075502792443704e+00 1.213056627094332818e+01
1.576355381965637207e+03 2.444074587237159424e+00 1.190555940427869608e+01
1.576392459630966187e+03 2.480075685903500471e+00 1.217556764427625282e+01
1.576446521997451782e+03 2.480075685903500471e+00 1.217556764427625282e+01
1.576504305362701416e+03 2.430074159978026671e+00 1.180055619983519932e+01
1.576524263381958008e+03 2.424073976866969904e+00 1.175555482650227468e+01
1.576550079345703125e+03 2.452074831385234965e+00 1.196556123538926286e+01
1.576571466922760010e+03 2.470075380718405711e+00 1.210056535538804212e+01
1.576595380783081055e+03 2.470075380718405711e+00 1.210056535538804212e+01
1.576608932971954346e+03 2.476075563829462478e+00 1.214556672872096854e+01
1.576626493930816650e+03 2.470075380718405711e+00 1.210056535538804212e+01
1.576640027999877930e+03 2.452074831385234965e+00 1.196556123538926286e+01
1.576688077926635742e+03 2.470075380718405711e+00 1.210056535538804212e+01
1.576708540439605713e+03 2.474075502792443704e+00 1.213056627094332818e+01
1.576721398591995239e+03 2.420073854792931911e+00 1.172555391094698862e+01
1.576732701778411865e+03 2.476075563829462478e+00 1.214556672872096854e+01
1.576747240543365479e+03 2.468075319681386937e+00 1.208556489761040176e+01
1.576761512994766235e+03 2.468075319681386937e+00 1.208556489761040176e+01
1.576803173542022705e+03 2.480075685903500471e+00 1.217556764427625282e+01
1.576854202985763550e+03 2.458075014496292177e+00 1.201056260872219106e+01
1.576924564599990845e+03 2.394073061311685624e+00 1.153054795983764258e+01
1.576935392379760742e+03 2.518076845606860736e+00 1.246057634205145526e+01
1.576951500654220581e+03 2.504076418347727984e+00 1.235557313760796028e+01
1.576976497650146484e+03 2.548077761162145016e+00 1.268558320871608736e+01
1.577011410713195801e+03 2.534077333903012264e+00 1.258058000427259238e+01
1.577046172380447388e+03 2.532077272865993045e+00 1.256557954649494846e+01
1.577092676401138306e+03 2.548077761162145016e+00 1.268558320871608736e+01
1.577112782955169678e+03 2.480075685903500471e+00 1.217556764427625282e+01
1.577147277116775513e+03 2.546077700125126242e+00 1.267058275093844699e+01
1.577170745611190796e+03 2.552077883236183009e+00 1.271558412427137341e+01
1.577185494899749756e+03 2.532077272865993045e+00 1.256557954649494846e+01
1.577203654766082764e+03 2.502076357310709209e+00 1.234057267983031991e+01
1.577217279672622681e+03 2.552077883236183009e+00 1.271558412427137341e+01
1.577234637022018433e+03 2.520076906643879511e+00 1.247557679982909562e+01
1.577287180662155151e+03 2.548077761162145016e+00 1.268558320871608736e+01
1.577302147150039673e+03 2.540077517014069031e+00 1.262558137760551702e+01
1.577317709445953369e+03 2.542077578051088249e+00 1.264058183538316271e+01
1.577332928657531738e+03 2.520076906643879511e+00 1.247557679982909562e+01
1.577350274085998535e+03 2.542077578051088249e+00 1.264058183538316271e+01
1.577385939598083496e+03 2.532077272865993045e+00 1.256557954649494846e+01
1.577435984611511230e+03 2.534077333903012264e+00 1.258058000427259238e+01
1.577495019674301147e+03 2.522076967680898729e+00 1.249057725760674131e+01
1.577508155107498169e+03 2.474075502792443704e+00 1.213056627094332818e+01
1.577530629634857178e+03 2.514076723532822744e+00 1.243057542649617098e+01
1.577567337512969971e+03 2.542077578051088249e+00 1.264058183538316271e+01
1.577591667175292969e+03 2.556078005310220558e+00 1.274558503982665414e+01
1.577606440782546997e+03 2.546077700125126242e+00 1.267058275093844699e+01
1.577618362903594971e+03 2.540077517014069031e+00 1.262558137760551702e+01
1.577630219697952271e+03 2.532077272865993045e+00 1.256557954649494846e+01
1.577641382455825806e+03 2.522076967680898729e+00 1.249057725760674131e+01
1.577652146339416504e+03 2.548077761162145016e+00 1.268558320871608736e+01
1.577711774110794067e+03 2.542077578051088249e+00 1.264058183538316271e+01
1.577727412462234497e+03 2.538077455977050256e+00 1.261058091982787666e+01
1.577744647979736328e+03 2.546077700125126242e+00 1.267058275093844699e+01
1.577758583784103394e+03 2.504076418347727984e+00 1.235557313760796028e+01
1.577782176494598389e+03 2.490075991088595231e+00 1.225056993316446352e+01
1.577825119733810425e+03 2.534077333903012264e+00 1.258058000427259238e+01
1.577855057001113892e+03 2.546077700125126242e+00 1.267058275093844699e+01
1.577921922922134399e+03 2.502076357310709209e+00 1.234057267983031991e+01
1.577935808181762695e+03 2.490075991088595231e+00 1.225056993316446352e+01
1.577978211402893066e+03 2.544077639088107023e+00 1.265558229316080308e+01
1.578004141092300415e+03 2.530077211828974715e+00 1.255057908871730987e+01
1.578017988920211792e+03 2.536077394940031038e+00 1.259558046205023274e+01
1.578032835721969604e+03 2.520076906643879511e+00 1.247557679982909562e+01
1.578049261569976807e+03 2.552077883236183009e+00 1.271558412427137341e+01
1.578064952611923218e+03 2.530077211828974715e+00 1.255057908871730987e+01
1.578109004974365234e+03 2.540077517014069031e+00 1.262558137760551702e+01
1.578135180234909058e+03 2.548077761162145016e+00 1.268558320871608736e+01
1.578152815818786621e+03 2.552077883236183009e+00 1.271558412427137341e+01
1.578168266773223877e+03 2.532077272865993045e+00 1.256557954649494846e+01
1.578183777332305908e+03 2.536077394940031038e+00 1.259558046205023274e+01
1.578241900682449341e+03 2.520076906643879511e+00 1.247557679982909562e+01
1.578273477792739868e+03 2.526077089754936722e+00 1.252057817316202559e+01
1.578329406976699829e+03 2.520076906643879511e+00 1.247557679982909562e+01
1.578349329471588135e+03 2.480075685903500471e+00 1.217556764427625282e+01
1.578365891695022583e+03 2.532077272865993045e+00 1.256557954649494846e+01
1.578394233226776123e+03 2.534077333903012264e+00 1.258058000427259238e+01
1.578422297000885010e+03 2.550077822199164235e+00 1.270058366649373127e+01
1.578451665163040161e+03 2.544077639088107023e+00 1.265558229316080308e+01
1.578488043785095215e+03 2.530077211828974715e+00 1.255057908871730987e+01
1.578513846874237061e+03 2.542077578051088249e+00 1.264058183538316271e+01
1.578549008131027222e+03 2.478075624866481697e+00 1.216056718649861246e+01
1.578566094160079956e+03 2.540077517014069031e+00 1.262558137760551702e+01
1.578581674575805664e+03 2.548077761162145016e+00 1.268558320871608736e+01
1.578595013380050659e+03 2.548077761162145016e+00 1.268558320871608736e+01
1.578607887506484985e+03 2.518076845606860736e+00 1.246057634205145526e+01
1.578623184204101562e+03 2.534077333903012264e+00 1.258058000427259238e+01
1.578643914222717285e+03 2.538077455977050256e+00 1.261058091982787666e+01
1.578685333251953125e+03 2.520076906643879511e+00 1.247557679982909562e+01
1.578698254108428955e+03 2.546077700125126242e+00 1.267058275093844699e+01
1.578716713428497314e+03 2.540077517014069031e+00 1.262558137760551702e+01
1.578733359336853027e+03 2.534077333903012264e+00 1.258058000427259238e+01
1.578748309373855591e+03 2.534077333903012264e+00 1.258058000427259238e+01
1.578799332380294800e+03 2.548077761162145016e+00 1.268558320871608736e+01
1.578829927444458008e+03 2.546077700125126242e+00 1.267058275093844699e+01
1.578885959386825562e+03 2.482075746940519689e+00 1.219056810205389851e+01
1.578899081468582153e+03 2.510076601458785195e+00 1.240057451094088847e+01
1.578925170183181763e+03 2.550077822199164235e+00 1.270058366649373127e+01
1.578976464271545410e+03 2.526077089754936722e+00 1.252057817316202559e+01
1.578991774797439575e+03 2.538077455977050256e+00 1.261058091982787666e+01
1.579005420684814453e+03 2.518076845606860736e+00 1.246057634205145526e+01
1.579020883321762085e+03 2.538077455977050256e+00 1.261058091982787666e+01
1.579034320592880249e+03 2.550077822199164235e+00 1.270058366649373127e+01
1.579077346086502075e+03 2.544077639088107023e+00 1.265558229316080308e+01
1.579098354101181030e+03 2.530077211828974715e+00 1.255057908871730987e+01
1.579113783597946167e+03 2.550077822199164235e+00 1.270058366649373127e+01
1.579133914947509766e+03 2.548077761162145016e+00 1.268558320871608736e+01
1.579158513784408569e+03 2.552077883236183009e+00 1.271558412427137341e+01
1.579211828231811523e+03 2.512076662495803525e+00 1.241557496871852706e+01
1.579242121458053589e+03 2.540077517014069031e+00 1.262558137760551702e+01
1.579297737121582031e+03 2.500076296273689991e+00 1.232557222205267422e+01
1.579323005437850952e+03 2.470075380718405711e+00 1.210056535538804212e+01
1.579358748435974121e+03 2.536077394940031038e+00 1.259558046205023274e+01
1.579383274555206299e+03 2.538077455977050256e+00 1.261058091982787666e+01
1.579397795438766479e+03 2.558078066347239776e+00 1.276058549760429806e+01
1.579415446758270264e+03 2.516076784569841518e+00 1.244557588427381134e+01
1.579429980516433716e+03 2.542077578051088249e+00 1.264058183538316271e+01
1.579442677974700928e+03 2.526077089754936722e+00 1.252057817316202559e+01
1.579484740018844604e+03 2.536077394940031038e+00 1.259558046205023274e+01
1.579507565736770630e+03 2.518076845606860736e+00 1.246057634205145526e+01
1.579525033473968506e+03 2.550077822199164235e+00 1.270058366649373127e+01
1.579540732145309448e+03 2.518076845606860736e+00 1.246057634205145526e+01
1.579556906700134277e+03 2.550077822199164235e+00 1.270058366649373127e+01
1.579614438533782959e+03 2.540077517014069031e+00 1.262558137760551702e+01
1.579646101236343384e+03 2.546077700125126242e+00 1.267058275093844699e+01
1.579702879190444946e+03 2.518076845606860736e+00 1.246057634205145526e+01
1.579716696977615356e+03 2.490075991088595231e+00 1.225056993316446352e+01
1.579735207796096802e+03 2.550077822199164235e+00 1.270058366649373127e+01
1.579763426065444946e+03 2.550077822199164235e+00 1.270058366649373127e+01
1.579797544956207275e+03 2.550077822199164235e+00 1.270058366649373127e+01
1.579827043056488037e+03 2.554077944273201783e+00 1.273058458204901378e+01
1.579862968683242798e+03 2.546077700125126242e+00 1.267058275093844699e+01
1.579889467716217041e+03 2.524077028717917504e+00 1.250557771538438168e+01
1.579921632289886475e+03 2.536077394940031038e+00 1.259558046205023274e+01
1.579947466135025024e+03 2.536077394940031038e+00 1.259558046205023274e+01
1.579959011554718018e+03 2.546077700125126242e+00 1.267058275093844699e+01
1.579969981670379639e+03 2.524077028717917504e+00 1.250557771538438168e+01
1.579984555482864380e+03 2.518076845606860736e+00 1.246057634205145526e+01
1.580000338077545166e+03 2.550077822199164235e+00 1.270058366649373127e+01
1.580060684919357300e+03 2.522076967680898729e+00 1.249057725760674131e+01
1.580076819181442261e+03 2.542077578051088249e+00 1.264058183538316271e+01
1.580094670057296753e+03 2.552077883236183009e+00 1.271558412427137341e+01
1.580111967802047729e+03 2.472075441755424485e+00 1.211556581316568426e+01
1.580194327354431152e+03 2.478075624866481697e+00 1.216056718649861246e+01
1.580252776145935059e+03 2.520076906643879511e+00 1.247557679982909562e+01
1.580266320943832397e+03 2.490075991088595231e+00 1.225056993316446352e+01
1.580288844585418701e+03 2.520076906643879511e+00 1.247557679982909562e+01
1.580324629068374634e+03 2.544077639088107023e+00 1.265558229316080308e+01
1.580351136684417725e+03 2.554077944273201783e+00 1.273058458204901378e+01
1.580364391326904297e+03 2.548077761162145016e+00 1.268558320871608736e+01
1.580375253677368164e+03 2.534077333903012264e+00 1.258058000427259238e+01
1.580388908386230469e+03 2.518076845606860736e+00 1.246057634205145526e+01
1.580404504299163818e+03 2.486075869014557682e+00 1.222056901760918279e+01
1.580457102298736572e+03 2.548077761162145016e+00 1.268558320871608736e+01
1.580476498126983643e+03 2.538077455977050256e+00 1.261058091982787666e+01
1.580494516611099243e+03 2.518076845606860736e+00 1.246057634205145526e+01
1.580510729312896729e+03 2.548077761162145016e+00 1.268558320871608736e+01
1.580536546468734741e+03 2.514076723532822744e+00 1.243057542649617098e+01
1.580579540491104126e+03 2.538077455977050256e+00 1.261058091982787666e+01
1.580609070301055908e+03 2.542077578051088249e+00 1.264058183538316271e+01
1.580665021657943726e+03 2.502076357310709209e+00 1.234057267983031991e+01
1.580679064273834229e+03 2.464075197607348944e+00 1.205556398205511748e+01
1.580701413869857788e+03 2.560078127384258551e+00 1.277558595538193842e+01
1.580734241485595703e+03 2.482075746940519689e+00 1.219056810205389851e+01
1.580753056764602661e+03 2.536077394940031038e+00 1.259558046205023274e+01
1.580769897699356079e+03 2.544077639088107023e+00 1.265558229316080308e+01
1.580783362865447998e+03 2.548077761162145016e+00 1.268558320871608736e+01
1.580798517227172852e+03 2.534077333903012264e+00 1.258058000427259238e+01
1.580813375234603882e+03 2.542077578051088249e+00 1.264058183538316271e+01
1.580872589349746704e+03 2.528077150791955496e+00 1.253557863093966596e+01
1.580890670776367188e+03 2.538077455977050256e+00 1.261058091982787666e+01
1.580903851270675659e+03 2.550077822199164235e+00 1.270058366649373127e+01
1.580919226884841919e+03 2.548077761162145016e+00 1.268558320871608736e+01
1.580934784173965454e+03 2.490075991088595231e+00 1.225056993316446352e+01
1.580986388683319092e+03 2.538077455977050256e+00 1.261058091982787666e+01
1.581018335342407227e+03 2.518076845606860736e+00 1.246057634205145526e+01
1.581072662353515625e+03 2.522076967680898729e+00 1.249057725760674131e+01
1.581092618703842163e+03 2.492076052125614005e+00 1.226557039094210566e+01
1.581108917713165283e+03 2.500076296273689991e+00 1.232557222205267422e+01
1.581137494087219238e+03 2.524077028717917504e+00 1.250557771538438168e+01
1.581165658712387085e+03 2.554077944273201783e+00 1.273058458204901378e+01
1.581195510149002075e+03 2.554077944273201783e+00 1.273058458204901378e+01
1.581231729507446289e+03 2.550077822199164235e+00 1.270058366649373127e+01
1.581257763385772705e+03 2.540077517014069031e+00 1.262558137760551702e+01
1.581293432235717773e+03 2.534077333903012264e+00 1.258058000427259238e+01
1.581315448522567749e+03 2.538077455977050256e+00 1.261058091982787666e+01
1.581328252553939819e+03 2.552077883236183009e+00 1.271558412427137341e+01
1.581339353084564209e+03 2.544077639088107023e+00 1.265558229316080308e+01
1.581350168704986572e+03 2.548077761162145016e+00 1.268558320871608736e+01
1.581365070819854736e+03 2.540077517014069031e+00 1.262558137760551702e+01
1.581420013189315796e+03 2.538077455977050256e+00 1.261058091982787666e+01
1.581435864210128784e+03 2.536077394940031038e+00 1.259558046205023274e+01
1.581451643466949463e+03 2.554077944273201783e+00 1.273058458204901378e+01
1.581465413093566895e+03 2.476075563829462478e+00 1.214556672872096854e+01
1.581482469558715820e+03 2.550077822199164235e+00 1.270058366649373127e+01
1.581521560668945312e+03 2.548077761162145016e+00 1.268558320871608736e+01
1.581573986053466797e+03 2.552077883236183009e+00 1.271558412427137341e+01
1.581631020545959473e+03 2.502076357310709209e+00 1.234057267983031991e+01
1.581644597768783569e+03 2.492076052125614005e+00 1.226557039094210566e+01
1.581669307947158813e+03 2.546077700125126242e+00 1.267058275093844699e+01
1.581717402458190918e+03 2.480075685903500471e+00 1.217556764427625282e+01
1.581730432271957397e+03 2.524077028717917504e+00 1.250557771538438168e+01
1.581741442918777466e+03 2.540077517014069031e+00 1.262558137760551702e+01
1.581756964206695557e+03 2.512076662495803525e+00 1.241557496871852706e+01
1.581769866704940796e+03 2.548077761162145016e+00 1.268558320871608736e+01
1.581790139675140381e+03 2.516076784569841518e+00 1.244557588427381134e+01
1.581833812475204468e+03 2.534077333903012264e+00 1.258058000427259238e+01
1.581852270126342773e+03 2.538077455977050256e+00 1.261058091982787666e+01
1.581867643594741821e+03 2.544077639088107023e+00 1.265558229316080308e+01
1.581883034467697144e+03 2.550077822199164235e+00 1.270058366649373127e+01
1.581904632091522217e+03 2.528077150791955496e+00 1.253557863093966596e+01
1.581957910776138306e+03 2.440074465163121431e+00 1.187555848872341002e+01
1.581989012479782104e+03 2.152065675832392611e+00 9.715492568742945423e+00
1.582046494960784912e+03 2.448074709311197417e+00 1.193556031983398036e+01
1.582061271667480469e+03 2.428074098941007453e+00 1.178555574205755541e+01
1.582088019371032715e+03 2.488075930051576456e+00 1.223556947538682316e+01
1.582129261016845703e+03 2.464075197607348944e+00 1.205556398205511748e+01
1.582142802000045776e+03 2.486075869014557682e+00 1.222056901760918279e+01
1.582157632589340210e+03 2.452074831385234965e+00 1.196556123538926286e+01
1.582173926830291748e+03 2.156065797906430603e+00 9.745493484298229703e+00
1.582185501098632812e+03 2.470075380718405711e+00 1.210056535538804212e+01
1.582234203815460205e+03 2.484075807977538464e+00 1.220556855983153888e+01
1.582252632141113281e+03 2.486075869014557682e+00 1.222056901760918279e+01
1.582265008926391602e+03 2.482075746940519689e+00 1.219056810205389851e+01
1.582284884452819824e+03 2.504076418347727984e+00 1.235557313760796028e+01
1.582302685499191284e+03 2.438074404126102657e+00 1.186055803094576966e+01
1.582344995021820068e+03 2.138065248573259414e+00 9.610489364299445114e+00
1.582394854784011841e+03 2.478075624866481697e+00 1.216056718649861246e+01
1.582454434871673584e+03 2.464075197607348944e+00 1.205556398205511748e+01
1.582467513561248779e+03 2.420073854792931911e+00 1.172555391094698862e+01
1.582490757465362549e+03 2.490075991088595231e+00 1.225056993316446352e+01
1.582520430803298950e+03 2.472075441755424485e+00 1.211556581316568426e+01
