1.663835584402084351e+03 1.672051026947843688e+00 6.115382702108827395e+00
1.663850177526473999e+03 1.704052003540146965e+00 6.355390026551102522e+00
1.663861953973770142e+03 1.676051149021881681e+00 6.145383617664112563e+00
1.663874323606491089e+03 1.658050599688711380e+00 6.010379497665335080e+00
1.663886144876480103e+03 1.700051881466109194e+00 6.325389110995819131e+00
1.663896916627883911e+03 1.706052064577165961e+00 6.370390484328744662e+00
1.663912850379943848e+03 1.688051515243995437e+00 6.235386364329965403e+00
1.663928317308425903e+03 1.672051026947843688e+00 6.115382702108827395e+00
1.663942983627319336e+03 1.706052064577165961e+00 6.370390484328744662e+00
1.663955812215805054e+03 1.704052003540146965e+00 6.355390026551102522e+00
1.664008968353271484e+03 1.708052125614184957e+00 6.385390942106386802e+00
1.664022650718688965e+03 1.700051881466109194e+00 6.325389110995819131e+00
1.664038774967193604e+03 1.644050172429578627e+00 5.905376293221840101e+00
1.664056569099426270e+03 1.706052064577165961e+00 6.370390484328744662e+00
1.664070207834243774e+03 1.698051820429090197e+00 6.310388653218176103e+00
1.664092308044433594e+03 1.702051942503128190e+00 6.340389568773461271e+00
1.664109939336776733e+03 1.700051881466109194e+00 6.325389110995819131e+00
1.664169196128845215e+03 1.698051820429090197e+00 6.310388653218176103e+00
1.664198960781097412e+03 1.702051942503128190e+00 6.340389568773461271e+00
1.664254456043243408e+03 1.682051332132938670e+00 6.190384990997039871e+00
1.664268413782119751e+03 1.666050843836786921e+00 6.070381328775901864e+00
1.664306958436965942e+03 1.714052308725241724e+00 6.430392315439313222e+00
1.664328181982040405e+03 1.700051881466109194e+00 6.325389110995819131e+00
1.664346782684326172e+03 1.708052125614184957e+00 6.385390942106386802e+00
1.664359541416168213e+03 1.700051881466109194e+00 6.325389110995819131e+00
1.664374873638153076e+03 1.708052125614184957e+00 6.385390942106386802e+00
1.664393264055252075e+03 1.692051637318033430e+00 6.265387279885250571e+00
1.664445413112640381e+03 1.710052186651203954e+00 6.400391399884029831e+00
1.664463362455368042e+03 1.668050904873805917e+00 6.085381786553544003e+00
1.664482270240783691e+03 1.710052186651203954e+00 6.400391399884029831e+00
1.664495990276336670e+03 1.696051759392071201e+00 6.295388195440533963e+00
1.664513806581497192e+03 1.710052186651203954e+00 6.400391399884029831e+00
1.664528395414352417e+03 1.716052369762260721e+00 6.445392773216955362e+00
1.664542275190353394e+03 1.702051942503128190e+00 6.340389568773461271e+00
1.664601262092590332e+03 1.694051698355052205e+00 6.280387737662891823e+00
1.664632519483566284e+03 1.706052064577165961e+00 6.370390484328744662e+00
1.664688624143600464e+03 1.690051576281014434e+00 6.250386822107608431e+00
1.664709098577499390e+03 1.658050599688711380e+00 6.010379497665335080e+00
1.664735413312911987e+03 1.704052003540146965e+00 6.355390026551102522e+00
1.664767783641815186e+03 1.702051942503128190e+00 6.340389568773461271e+00
1.664781027078628540e+03 1.700051881466109194e+00 6.325389110995819131e+00
1.664800642251968384e+03 1.702051942503128190e+00 6.340389568773461271e+00
1.664812795162200928e+03 1.714052308725241724e+00 6.430392315439313222e+00
1.664823835134506226e+03 1.702051942503128190e+00 6.340389568773461271e+00
1.664879893541336060e+03 1.706052064577165961e+00 6.370390484328744662e+00
1.664893278598785400e+03 1.708052125614184957e+00 6.385390942106386802e+00
1.664906502962112427e+03 1.700051881466109194e+00 6.325389110995819131e+00
1.664923551559448242e+03 1.690051576281014434e+00 6.250386822107608431e+00
1.664941235303878784e+03 1.704052003540146965e+00 6.355390026551102522e+00
1.664954743623733521e+03 1.696051759392071201e+00 6.295388195440533963e+00
1.664974618911743164e+03 1.688051515243995437e+00 6.235386364329965403e+00
1.665027617454528809e+03 1.708052125614184957e+00 6.385390942106386802e+00
1.665058292627334595e+03 1.688051515243995437e+00 6.235386364329965403e+00
1.665112789392471313e+03 1.688051515243995437e+00 6.235386364329965403e+00
1.665132909774780273e+03 1.662050721762749150e+00 6.040380413220618472e+00
1.665149516105651855e+03 1.698051820429090197e+00 6.310388653218176103e+00
1.665178241491317749e+03 1.704052003540146965e+00 6.355390026551102522e+00
1.665206574440002441e+03 1.710052186651203954e+00 6.400391399884029831e+00
1.665236624479293823e+03 1.702051942503128190e+00 6.340389568773461271e+00
1.665273146629333496e+03 1.706052064577165961e+00 6.370390484328744662e+00
1.665298973798751831e+03 1.712052247688222950e+00 6.415391857661671970e+00
1.665331735849380493e+03 1.698051820429090197e+00 6.310388653218176103e+00
1.665352324008941650e+03 1.702051942503128190e+00 6.340389568773461271e+00
1.665368133783340454e+03 1.710052186651203954e+00 6.400391399884029831e+00
1.665379213809967041e+03 1.706052064577165961e+00 6.370390484328744662e+00
1.665390072584152222e+03 1.706052064577165961e+00 6.370390484328744662e+00
1.665401834726333618e+03 1.688051515243995437e+00 6.235386364329965403e+00
1.665439409494400024e+03 1.710052186651203954e+00 6.400391399884029831e+00
1.665465294837951660e+03 1.704052003540146965e+00 6.355390026551102522e+00
1.665483006238937378e+03 1.704052003540146965e+00 6.355390026551102522e+00
1.665503245353698730e+03 1.702051942503128190e+00 6.340389568773461271e+00
1.665520264148712158e+03 1.706052064577165961e+00 6.370390484328744662e+00
1.665534772396087646e+03 1.702051942503128190e+00 6.340389568773461271e+00
1.665567321777343750e+03 1.674051087984862685e+00 6.130383159886470423e+00
1.665632395982742310e+03 1.670050965910824914e+00 6.100382244331187032e+00
1.665689360618591309e+03 1.690051576281014434e+00 6.250386822107608431e+00
1.665702783346176147e+03 1.674051087984862685e+00 6.130383159886470423e+00
1.665731240749359131e+03 1.690051576281014434e+00 6.250386822107608431e+00
1.665772124290466309e+03 1.704052003540146965e+00 6.355390026551102522e+00
1.665784664392471313e+03 1.702051942503128190e+00 6.340389568773461271e+00
1.665796206235885620e+03 1.710052186651203954e+00 6.400391399884029831e+00
1.665810997247695923e+03 1.702051942503128190e+00 6.340389568773461271e+00
1.665827253818511963e+03 1.712052247688222950e+00 6.415391857661671970e+00
1.665867806196212769e+03 1.706052064577165961e+00 6.370390484328744662e+00
1.665888830900192261e+03 1.708052125614184957e+00 6.385390942106386802e+00
1.665906523227691650e+03 1.708052125614184957e+00 6.385390942106386802e+00
1.665922207832336426e+03 1.708052125614184957e+00 6.385390942106386802e+00
1.665935172080993652e+03 1.708052125614184957e+00 6.385390942106386802e+00
1.665952340364456177e+03 1.714052308725241724e+00 6.430392315439313222e+00
1.665964246988296509e+03 1.696051759392071201e+00 6.295388195440533963e+00
1.665983731031417847e+03 1.704052003540146965e+00 6.355390026551102522e+00
1.666032828330993652e+03 1.700051881466109194e+00 6.325389110995819131e+00
1.666063836336135864e+03 1.700051881466109194e+00 6.325389110995819131e+00
1.666120010614395142e+03 1.658050599688711380e+00 6.010379497665335080e+00
1.666133956670761108e+03 1.676051149021881681e+00 6.145383617664112563e+00
1.666160471439361572e+03 1.712052247688222950e+00 6.415391857661671970e+00
1.666189187288284302e+03 1.704052003540146965e+00 6.355390026551102522e+00
1.666213825464248657e+03 1.708052125614184957e+00 6.385390942106386802e+00
1.666229316234588623e+03 1.706052064577165961e+00 6.370390484328744662e+00
1.666240524291992188e+03 1.704052003540146965e+00 6.355390026551102522e+00
1.666251883745193481e+03 1.698051820429090197e+00 6.310388653218176103e+00
1.666262863874435425e+03 1.706052064577165961e+00 6.370390484328744662e+00
1.666303563833236694e+03 1.700051881466109194e+00 6.325389110995819131e+00
1.666326494216918945e+03 1.704052003540146965e+00 6.355390026551102522e+00
1.666344198465347290e+03 1.696051759392071201e+00 6.295388195440533963e+00
1.666364625692367554e+03 1.674051087984862685e+00 6.130383159886470423e+00
1.666382350683212280e+03 1.706052064577165961e+00 6.370390484328744662e+00
1.666400365114212036e+03 1.656050538651692383e+00 5.995379039887692940e+00
1.666415469169616699e+03 1.714052308725241724e+00 6.430392315439313222e+00
1.666467812776565552e+03 1.702051942503128190e+00 6.340389568773461271e+00
1.666497083663940430e+03 1.706052064577165961e+00 6.370390484328744662e+00
1.666553322792053223e+03 1.688051515243995437e+00 6.235386364329965403e+00
1.666567604780197144e+03 1.662050721762749150e+00 6.040380413220618472e+00
1.666592606067657471e+03 1.704052003540146965e+00 6.355390026551102522e+00
1.666620829105377197e+03 1.658050599688711380e+00 6.010379497665335080e+00
1.666649075031280518e+03 1.708052125614184957e+00 6.385390942106386802e+00
1.666709101676940918e+03 1.712052247688222950e+00 6.415391857661671970e+00
1.666723063468933105e+03 1.636049928281502863e+00 5.845374462111271541e+00
1.666747751712799072e+03 1.666050843836786921e+00 6.070381328775901864e+00
1.666780040502548218e+03 1.642050111392559630e+00 5.890375835444197072e+00
1.666802262783050537e+03 1.670050965910824914e+00 6.100382244331187032e+00
1.666815923690795898e+03 1.616049317911313343e+00 5.695369884334850141e+00
1.666827189207077026e+03 1.670050965910824914e+00 6.100382244331187032e+00
1.666838619232177734e+03 1.664050782799768147e+00 6.055380870998261500e+00
1.666863347053527832e+03 1.658050599688711380e+00 6.010379497665335080e+00
1.666905816078186035e+03 1.662050721762749150e+00 6.040380413220618472e+00
1.666921712398529053e+03 1.464044679097872725e+00 4.555335093234045729e+00
1.666939179658889771e+03 1.642050111392559630e+00 5.890375835444197072e+00
1.666953523635864258e+03 1.668050904873805917e+00 6.085381786553544003e+00
1.666968401432037354e+03 1.624049562059389107e+00 5.755371715445418701e+00
1.666983731031417847e+03 1.444044068727683205e+00 4.405330515457624330e+00
1.667000453233718872e+03 1.664050782799768147e+00 6.055380870998261500e+00
1.667051776409149170e+03 1.664050782799768147e+00 6.055380870998261500e+00
1.667083507061004639e+03 1.656050538651692383e+00 5.995379039887692940e+00
1.667138768672943115e+03 1.592048585467085831e+00 5.515364391003143574e+00
1.667152137279510498e+03 1.636049928281502863e+00 5.845374462111271541e+00
1.667176850080490112e+03 1.666050843836786921e+00 6.070381328775901864e+00
1.667221523523330688e+03 1.626049623096408103e+00 5.770372173223060841e+00
1.667236294031143188e+03 1.438043885616626438e+00 4.360329142124697910e+00
1.667247620344161987e+03 1.668050904873805917e+00 6.085381786553544003e+00
1.667263113737106323e+03 1.650050355540635616e+00 5.950377666554767409e+00
1.667276235103607178e+03 1.646050233466597623e+00 5.920376750999482240e+00
1.667331297874450684e+03 1.660050660725730376e+00 6.025379955442978108e+00
1.667348381757736206e+03 1.612049195837275350e+00 5.665368968779564973e+00
1.667364402294158936e+03 1.620049439985351114e+00 5.725370799890133533e+00
1.667382122278213501e+03 1.592048585467085831e+00 5.515364391003143574e+00
1.667395397901535034e+03 1.622049501022370110e+00 5.740371257667775673e+00
1.667408592939376831e+03 1.654050477614673387e+00 5.980378582110050800e+00
1.667421921491622925e+03 1.658050599688711380e+00 6.010379497665335080e+00
1.667479663372039795e+03 1.610049134800256354e+00 5.650368511001922833e+00
1.667510545492172241e+03 1.666050843836786921e+00 6.070381328775901864e+00
1.667566476106643677e+03 1.648050294503616620e+00 5.935377208777124380e+00
1.667580119609832764e+03 1.624049562059389107e+00 5.755371715445418701e+00
1.667606786727905273e+03 1.656050538651692383e+00 5.995379039887692940e+00
1.667639259099960327e+03 1.644050172429578627e+00 5.905376293221840101e+00
1.667659495830535889e+03 1.648050294503616620e+00 5.935377208777124380e+00
1.667673288583755493e+03 1.660050660725730376e+00 6.025379955442978108e+00
1.667684198617935181e+03 1.660050660725730376e+00 6.025379955442978108e+00
1.667695451259613037e+03 1.654050477614673387e+00 5.980378582110050800e+00
1.667706561326980591e+03 1.654050477614673387e+00 5.980378582110050800e+00
1.667757097721099854e+03 1.652050416577654390e+00 5.965378124332407772e+00
1.667773277282714844e+03 1.664050782799768147e+00 6.055380870998261500e+00
1.667788726568222046e+03 1.658050599688711380e+00 6.010379497665335080e+00
1.667803749799728394e+03 1.654050477614673387e+00 5.980378582110050800e+00
1.667815649747848511e+03 1.658050599688711380e+00 6.010379497665335080e+00
1.667828930377960205e+03 1.656050538651692383e+00 5.995379039887692940e+00
1.667844672203063965e+03 1.630049745170446096e+00 5.800373088778346009e+00
1.667861643552780151e+03 1.616049317911313343e+00 5.695369884334850141e+00
1.667929000854492188e+03 1.656050538651692383e+00 5.995379039887692940e+00
1.667943106651306152e+03 1.648050294503616620e+00 5.935377208777124380e+00
1.667997174501419067e+03 1.634049867244483867e+00 5.830374004333629401e+00
1.668011543273925781e+03 1.604048951689199587e+00 5.605367137668997302e+00
1.668035097837448120e+03 1.668050904873805917e+00 6.085381786553544003e+00
1.668069617271423340e+03 1.642050111392559630e+00 5.890375835444197072e+00
1.668105644941329956e+03 1.662050721762749150e+00 6.040380413220618472e+00
1.668153945207595825e+03 1.656050538651692383e+00 5.995379039887692940e+00
1.668175501108169556e+03 1.660050660725730376e+00 6.025379955442978108e+00
1.668211891412734985e+03 1.660050660725730376e+00 6.025379955442978108e+00
1.668239498138427734e+03 1.666050843836786921e+00 6.070381328775901864e+00
1.668251516580581665e+03 1.662050721762749150e+00 6.040380413220618472e+00
1.668262542724609375e+03 1.666050843836786921e+00 6.070381328775901864e+00
1.668279613494873047e+03 1.626049623096408103e+00 5.770372173223060841e+00
1.668330714702606201e+03 1.664050782799768147e+00 6.055380870998261500e+00
1.668346890211105347e+03 1.654050477614673387e+00 5.980378582110050800e+00
1.668360177040100098e+03 1.660050660725730376e+00 6.025379955442978108e+00
1.668379673004150391e+03 1.630049745170446096e+00 5.800373088778346009e+00
1.668394434690475464e+03 1.622049501022370110e+00 5.740371257667775673e+00
1.668412219047546387e+03 1.658050599688711380e+00 6.010379497665335080e+00
1.668432916879653931e+03 1.664050782799768147e+00 6.055380870998261500e+00
1.668485707283020020e+03 1.652050416577654390e+00 5.965378124332407772e+00
1.668514967679977417e+03 1.664050782799768147e+00 6.055380870998261500e+00
1.668571892976760864e+03 1.590048524430066834e+00 5.500363933225501434e+00
1.668585172891616821e+03 1.602048890652180591e+00 5.590366679891354273e+00
1.668622877836227417e+03 1.646050233466597623e+00 5.920376750999482240e+00
1.668643587112426758e+03 1.650050355540635616e+00 5.950377666554767409e+00
1.668669595003128052e+03 1.656050538651692383e+00 5.995379039887692940e+00
1.668683243989944458e+03 1.660050660725730376e+00 6.025379955442978108e+00
1.668694561958312988e+03 1.662050721762749150e+00 6.040380413220618472e+00
1.668711759328842163e+03 1.642050111392559630e+00 5.890375835444197072e+00
1.668763232231140137e+03 1.616049317911313343e+00 5.695369884334850141e+00
1.668780834436416626e+03 1.654050477614673387e+00 5.980378582110050800e+00
1.668794455289840698e+03 1.646050233466597623e+00 5.920376750999482240e+00
1.668811627864837646e+03 1.666050843836786921e+00 6.070381328775901864e+00
1.668828617811203003e+03 1.634049867244483867e+00 5.830374004333629401e+00
1.668845471143722534e+03 1.640050050355540856e+00 5.875375377666556709e+00
1.668894679784774780e+03 1.620049439985351114e+00 5.725370799890133533e+00
1.668942352056503296e+03 1.626049623096408103e+00 5.770372173223060841e+00
1.669002439737319946e+03 1.634049867244483867e+00 5.830374004333629401e+00
1.669016122579574585e+03 1.630049745170446096e+00 5.800373088778346009e+00
1.669041632652282715e+03 1.646050233466597623e+00 5.920376750999482240e+00
1.669094591617584229e+03 1.644050172429578627e+00 5.905376293221840101e+00
1.669108606815338135e+03 1.658050599688711380e+00 6.010379497665335080e+00
1.669119539976119995e+03 1.658050599688711380e+00 6.010379497665335080e+00
1.669132672309875488e+03 1.586048402356029063e+00 5.470363017670218042e+00
1.669146440267562866e+03 1.660050660725730376e+00 6.025379955442978108e+00
1.669206653594970703e+03 1.656050538651692383e+00 5.995379039887692940e+00
1.669222710132598877e+03 1.690051576281014434e+00 6.250386822107608431e+00
1.669239835977554321e+03 1.680051271095919674e+00 6.175384533219397731e+00
1.669254358053207397e+03 1.708052125614184957e+00 6.385390942106386802e+00
1.669267528533935547e+03 1.694051698355052205e+00 6.280387737662891823e+00
1.669281482458114624e+03 1.708052125614184957e+00 6.385390942106386802e+00
1.669300346612930298e+03 1.702051942503128190e+00 6.340389568773461271e+00
1.669353626251220703e+03 1.688051515243995437e+00 6.235386364329965403e+00
1.669384227275848389e+03 1.692051637318033430e+00 6.265387279885250571e+00
1.669438938379287720e+03 1.676051149021881681e+00 6.145383617664112563e+00
1.669459506273269653e+03 1.668050904873805917e+00 6.085381786553544003e+00
1.669475274562835693e+03 1.702051942503128190e+00 6.340389568773461271e+00
1.669504525184631348e+03 1.708052125614184957e+00 6.385390942106386802e+00
1.669533205270767212e+03 1.708052125614184957e+00 6.385390942106386802e+00
1.669563662290573120e+03 1.710052186651203954e+00 6.400391399884029831e+00
1.669599619626998901e+03 1.706052064577165961e+00 6.370390484328744662e+00
1.669625709772109985e+03 1.704052003540146965e+00 6.355390026551102522e+00
1.669660948753356934e+03 1.696051759392071201e+00 6.295388195440533963e+00
1.669681479215621948e+03 1.696051759392071201e+00 6.295388195440533963e+00
1.669695121526718140e+03 1.702051942503128190e+00 6.340389568773461271e+00
1.669706772089004517e+03 1.708052125614184957e+00 6.385390942106386802e+00
1.669721530914306641e+03 1.642050111392559630e+00 5.890375835444197072e+00
1.669764361143112183e+03 1.700051881466109194e+00 6.325389110995819131e+00
1.669792393684387207e+03 1.664050782799768147e+00 6.055380870998261500e+00
1.669806488990783691e+03 1.708052125614184957e+00 6.385390942106386802e+00
1.669821806669235229e+03 1.702051942503128190e+00 6.340389568773461271e+00
1.669837449073791504e+03 1.708052125614184957e+00 6.385390942106386802e+00
1.669852841854095459e+03 1.708052125614184957e+00 6.385390942106386802e+00
1.669867557764053345e+03 1.700051881466109194e+00 6.325389110995819131e+00
1.669892995357513428e+03 1.714052308725241724e+00 6.430392315439313222e+00
1.669951229095458984e+03 1.708052125614184957e+00 6.385390942106386802e+00
1.669965279340744019e+03 1.696051759392071201e+00 6.295388195440533963e+00
1.670019829988479614e+03 1.676051149021881681e+00 6.145383617664112563e+00
1.670033263206481934e+03 1.658050599688711380e+00 6.010379497665335080e+00
1.670062494754791260e+03 1.708052125614184957e+00 6.385390942106386802e+00
1.670103871583938599e+03 1.694051698355052205e+00 6.280387737662891823e+00
1.670117020368576050e+03 1.706052064577165961e+00 6.370390484328744662e+00
1.670135171175003052e+03 1.704052003540146965e+00 6.355390026551102522e+00
1.670148147344589233e+03 1.706052064577165961e+00 6.370390484328744662e+00
1.670167351722717285e+03 1.704052003540146965e+00 6.355390026551102522e+00
1.670215702772140503e+03 1.700051881466109194e+00 6.325389110995819131e+00
1.670230561971664429e+03 1.698051820429090197e+00 6.310388653218176103e+00
1.670247453927993774e+03 1.682051332132938670e+00 6.190384990997039871e+00
1.670264872550964355e+03 1.712052247688222950e+00 6.415391857661671970e+00
1.670278513669967651e+03 1.692051637318033430e+00 6.265387279885250571e+00
1.670296297788619995e+03 1.712052247688222950e+00 6.415391857661671970e+00
1.670311497688293457e+03 1.710052186651203954e+00 6.400391399884029831e+00
1.670363468408584595e+03 1.704052003540146965e+00 6.355390026551102522e+00
1.670395040750503540e+03 1.710052186651203954e+00 6.400391399884029831e+00
1.670451776027679443e+03 1.656050538651692383e+00 5.995379039887692940e+00
1.670465392112731934e+03 1.684051393169957445e+00 6.205385448774681123e+00
1.670491606950759888e+03 1.708052125614184957e+00 6.385390942106386802e+00
1.670540537357330322e+03 1.708052125614184957e+00 6.385390942106386802e+00
1.670554102420806885e+03 1.664050782799768147e+00 6.055380870998261500e+00
1.670567391395568848e+03 1.694051698355052205e+00 6.280387737662891823e+00
1.670583049297332764e+03 1.710052186651203954e+00 6.400391399884029831e+00
1.670644880533218384e+03 1.708052125614184957e+00 6.385390942106386802e+00
1.670658669948577881e+03 1.708052125614184957e+00 6.385390942106386802e+00
1.670671917676925659e+03 1.708052125614184957e+00 6.385390942106386802e+00
1.670688446760177612e+03 1.706052064577165961e+00 6.370390484328744662e+00
1.670705080270767212e+03 1.678051210058900677e+00 6.160384075441754703e+00
1.670718315124511719e+03 1.710052186651203954e+00 6.400391399884029831e+00
1.670748020887374878e+03 1.708052125614184957e+00 6.385390942106386802e+00
1.670789443254470825e+03 1.696051759392071201e+00 6.295388195440533963e+00
1.670820197343826294e+03 1.708052125614184957e+00 6.385390942106386802e+00
1.670876194000244141e+03 1.692051637318033430e+00 6.265387279885250571e+00
1.670890536785125732e+03 1.684051393169957445e+00 6.205385448774681123e+00
1.670913908004760742e+03 1.712052247688222950e+00 6.415391857661671970e+00
1.670948761701583862e+03 1.664050782799768147e+00 6.055380870998261500e+00
1.670979307413101196e+03 1.710052186651203954e+00 6.400391399884029831e+00
1.671033200740814209e+03 1.718052430799279717e+00 6.460393230994597502e+00
1.671054606437683105e+03 1.694051698355052205e+00 6.280387737662891823e+00
1.671087990999221802e+03 1.702051942503128190e+00 6.340389568773461271e+00
1.671113723278045654e+03 1.708052125614184957e+00 6.385390942106386802e+00
1.671127848625183105e+03 1.688051515243995437e+00 6.235386364329965403e+00
1.671144272565841675e+03 1.700051881466109194e+00 6.325389110995819131e+00
1.671160945653915405e+03 1.704052003540146965e+00 6.355390026551102522e+00
1.671224118232727051e+03 1.658050599688711380e+00 6.010379497665335080e+00
1.671239353656768799e+03 1.706052064577165961e+00 6.370390484328744662e+00
1.671255261659622192e+03 1.710052186651203954e+00 6.400391399884029831e+00
1.671275673389434814e+03 1.688051515243995437e+00 6.235386364329965403e+00
1.671290968656539917e+03 1.708052125614184957e+00 6.385390942106386802e+00
1.671308669090270996e+03 1.700051881466109194e+00 6.325389110995819131e+00
1.671366894960403442e+03 1.674051087984862685e+00 6.130383159886470423e+00
1.671398137807846069e+03 1.712052247688222950e+00 6.415391857661671970e+00
1.671454306125640869e+03 1.674051087984862685e+00 6.130383159886470423e+00
1.671468042850494385e+03 1.654050477614673387e+00 5.980378582110050800e+00
1.671504372596740723e+03 1.700051881466109194e+00 6.325389110995819131e+00
1.671541248559951782e+03 1.698051820429090197e+00 6.310388653218176103e+00
1.671556447267532349e+03 1.706052064577165961e+00 6.370390484328744662e+00
1.671569596290588379e+03 1.680051271095919674e+00 6.175384533219397731e+00
1.671585486412048340e+03 1.686051454206976441e+00 6.220385906552323263e+00
1.671644060134887695e+03 1.706052064577165961e+00 6.370390484328744662e+00
1.671662549257278442e+03 1.706052064577165961e+00 6.370390484328744662e+00
1.671675721168518066e+03 1.706052064577165961e+00 6.370390484328744662e+00
1.671689282894134521e+03 1.664050782799768147e+00 6.055380870998261500e+00
1.671707747936248779e+03 1.708052125614184957e+00 6.385390942106386802e+00
1.671723230600357056e+03 1.700051881466109194e+00 6.325389110995819131e+00
1.671745616197586060e+03 1.684051393169957445e+00 6.205385448774681123e+00
1.671795334100723267e+03 1.686051454206976441e+00 6.220385906552323263e+00
1.671826487064361572e+03 1.704052003540146965e+00 6.355390026551102522e+00
1.671882369518280029e+03 1.678051210058900677e+00 6.160384075441754703e+00
1.671896993875503540e+03 1.662050721762749150e+00 6.040380413220618472e+00
1.671923624992370605e+03 1.698051820429090197e+00 6.310388653218176103e+00
1.671955819845199585e+03 1.708052125614184957e+00 6.385390942106386802e+00
1.671978530883789062e+03 1.706052064577165961e+00 6.370390484328744662e+00
1.671990998744964600e+03 1.694051698355052205e+00 6.280387737662891823e+00
1.672004183769226074e+03 1.668050904873805917e+00 6.085381786553544003e+00
1.672020936965942383e+03 1.702051942503128190e+00 6.340389568773461271e+00
1.672071971416473389e+03 1.700051881466109194e+00 6.325389110995819131e+00
1.672089589595794678e+03 1.710052186651203954e+00 6.400391399884029831e+00
1.672103617191314697e+03 1.710052186651203954e+00 6.400391399884029831e+00
1.672126304864883423e+03 1.688051515243995437e+00 6.235386364329965403e+00
1.672140620470046997e+03 1.706052064577165961e+00 6.370390484328744662e+00
1.672154240846633911e+03 1.702051942503128190e+00 6.340389568773461271e+00
1.672185064792633057e+03 1.644050172429578627e+00 5.905376293221840101e+00
1.672226475954055786e+03 1.706052064577165961e+00 6.370390484328744662e+00
1.672257007122039795e+03 1.706052064577165961e+00 6.370390484328744662e+00
1.672316526412963867e+03 1.718052430799279717e+00 6.460393230994597502e+00
1.672339818477630615e+03 1.712052247688222950e+00 6.415391857661671970e+00
1.672368861198425293e+03 1.710052186651203954e+00 6.400391399884029831e+00
1.672397139072418213e+03 1.708052125614184957e+00 6.385390942106386802e+00
1.672427080631256104e+03 1.728052735984374477e+00 6.535395519882808202e+00
1.672470440864562988e+03 1.666050843836786921e+00 6.070381328775901864e+00
1.672491303443908691e+03 1.664050782799768147e+00 6.055380870998261500e+00
1.672533643722534180e+03 1.704052003540146965e+00 6.355390026551102522e+00
1.672554828405380249e+03 1.712052247688222950e+00 6.415391857661671970e+00
1.672573715686798096e+03 1.682051332132938670e+00 6.190384990997039871e+00
1.672591502189636230e+03 1.710052186651203954e+00 6.400391399884029831e+00
1.672617074012756348e+03 1.696051759392071201e+00 6.295388195440533963e+00
1.672653667926788330e+03 1.704052003540146965e+00 6.355390026551102522e+00
1.672673247098922729e+03 1.710052186651203954e+00 6.400391399884029831e+00
1.672691231727600098e+03 1.712052247688222950e+00 6.415391857661671970e+00
1.672706527948379517e+03 1.712052247688222950e+00 6.415391857661671970e+00
1.672725887298583984e+03 1.710052186651203954e+00 6.400391399884029831e+00
1.672743763446807861e+03 1.708052125614184957e+00 6.385390942106386802e+00
1.672782281398773193e+03 1.678051210058900677e+00 6.160384075441754703e+00
1.672829902172088623e+03 1.696051759392071201e+00 6.295388195440533963e+00
1.672889079809188843e+03 1.696051759392071201e+00 6.295388195440533963e+00
1.672903334379196167e+03 1.672051026947843688e+00 6.115382702108827395e+00
1.672934477567672729e+03 1.714052308725241724e+00 6.430392315439313222e+00
1.672963727712631226e+03 1.700051881466109194e+00 6.325389110995819131e+00
1.672987322092056274e+03 1.702051942503128190e+00 6.340389568773461271e+00
1.673000234603881836e+03 1.704052003540146965e+00 6.355390026551102522e+00
1.673015246391296387e+03 1.690051576281014434e+00 6.250386822107608431e+00
1.673030429601669312e+03 1.706052064577165961e+00 6.370390484328744662e+00
1.673087590217590332e+03 1.698051820429090197e+00 6.310388653218176103e+00
1.673101937055587769e+03 1.698051820429090197e+00 6.310388653218176103e+00
1.673117348432540894e+03 1.708052125614184957e+00 6.385390942106386802e+00
1.673129624843597412e+03 1.714052308725241724e+00 6.430392315439313222e+00
1.673142135381698608e+03 1.706052064577165961e+00 6.370390484328744662e+00
1.673156858444213867e+03 1.690051576281014434e+00 6.250386822107608431e+00
1.673170172929763794e+03 1.702051942503128190e+00 6.340389568773461271e+00
1.673197649240493774e+03 1.706052064577165961e+00 6.370390484328744662e+00
1.673239612340927124e+03 1.706052064577165961e+00 6.370390484328744662e+00
1.673270282506942749e+03 1.710052186651203954e+00 6.400391399884029831e+00
1.673326743125915527e+03 1.686051454206976441e+00 6.220385906552323263e+00
1.673340383291244507e+03 1.676051149021881681e+00 6.145383617664112563e+00
1.673375119686126709e+03 1.698051820429090197e+00 6.310388653218176103e+00
1.673398787498474121e+03 1.696051759392071201e+00 6.295388195440533963e+00
1.673421087265014648e+03 1.710052186651203954e+00 6.400391399884029831e+00
1.673434266805648804e+03 1.688051515243995437e+00 6.235386364329965403e+00
1.673449979305267334e+03 1.702051942503128190e+00 6.340389568773461271e+00
1.673466492176055908e+03 1.688051515243995437e+00 6.235386364329965403e+00
1.673486528158187866e+03 1.704052003540146965e+00 6.355390026551102522e+00
1.673529166936874390e+03 1.688051515243995437e+00 6.235386364329965403e+00
1.673542713165283203e+03 1.690051576281014434e+00 6.250386822107608431e+00
1.673560079574584961e+03 1.688051515243995437e+00 6.235386364329965403e+00
1.673574386358261108e+03 1.702051942503128190e+00 6.340389568773461271e+00
1.673590260267257690e+03 1.708052125614184957e+00 6.385390942106386802e+00
1.673611828565597534e+03 1.686051454206976441e+00 6.220385906552323263e+00
1.673670567750930786e+03 1.704052003540146965e+00 6.355390026551102522e+00
1.673701100349426270e+03 1.706052064577165961e+00 6.370390484328744662e+00
1.673757901430130005e+03 1.714052308725241724e+00 6.430392315439313222e+00
1.673771956443786621e+03 1.680051271095919674e+00 6.175384533219397731e+00
1.673795075416564941e+03 1.714052308725241724e+00 6.430392315439313222e+00
1.673824445962905884e+03 1.692051637318033430e+00 6.265387279885250571e+00
1.673852594614028931e+03 1.710052186651203954e+00 6.400391399884029831e+00
1.673882295131683350e+03 1.702051942503128190e+00 6.340389568773461271e+00
1.673919007062911987e+03 1.708052125614184957e+00 6.385390942106386802e+00
1.673945064783096313e+03 1.706052064577165961e+00 6.370390484328744662e+00
1.673987861633300781e+03 1.704052003540146965e+00 6.355390026551102522e+00
1.674002209186553955e+03 1.714052308725241724e+00 6.430392315439313222e+00
1.674019846200942993e+03 1.670050965910824914e+00 6.100382244331187032e+00
1.674032675981521606e+03 1.704052003540146965e+00 6.355390026551102522e+00
1.674044892311096191e+03 1.714052308725241724e+00 6.430392315439313222e+00
1.674095668077468872e+03 1.710052186651203954e+00 6.400391399884029831e+00
1.674123658418655396e+03 1.692051637318033430e+00 6.265387279885250571e+00
1.674136888027191162e+03 1.708052125614184957e+00 6.385390942106386802e+00
1.674150529146194458e+03 1.702051942503128190e+00 6.340389568773461271e+00
1.674164311408996582e+03 1.710052186651203954e+00 6.400391399884029831e+00
1.674177639245986938e+03 1.704052003540146965e+00 6.355390026551102522e+00
1.674192177534103394e+03 1.636049928281502863e+00 5.845374462111271541e+00
1.674251303434371948e+03 1.658050599688711380e+00 6.010379497665335080e+00
1.674280873775482178e+03 1.660050660725730376e+00 6.025379955442978108e+00
1.674336237430572510e+03 1.636049928281502863e+00 5.845374462111271541e+00
1.674349349975585938e+03 1.410043031098361155e+00 4.150322733237708839e+00
1.674378813505172729e+03 1.664050782799768147e+00 6.055380870998261500e+00
1.674408635854721069e+03 1.660050660725730376e+00 6.025379955442978108e+00
1.674428949117660522e+03 1.670050965910824914e+00 6.100382244331187032e+00
1.674444845438003540e+03 1.674051087984862685e+00 6.130383159886470423e+00
1.674456761360168457e+03 1.658050599688711380e+00 6.010379497665335080e+00
1.674468306303024292e+03 1.670050965910824914e+00 6.100382244331187032e+00
1.674494316101074219e+03 1.608049073763237580e+00 5.635368053224281581e+00
1.674535677909851074e+03 1.652050416577654390e+00 5.965378124332407772e+00
1.674549091339111328e+03 1.670050965910824914e+00 6.100382244331187032e+00
1.674569286823272705e+03 1.578048158207953300e+00 5.410361186559649482e+00
1.674584716320037842e+03 1.644050172429578627e+00 5.905376293221840101e+00
1.674599406957626343e+03 1.670050965910824914e+00 6.100382244331187032e+00
1.674617338657379150e+03 1.668050904873805917e+00 6.085381786553544003e+00
1.674682388305664062e+03 1.646050233466597623e+00 5.920376750999482240e+00
1.674714100360870361e+03 1.424043458357493686e+00 4.255325937681202930e+00
1.674769705057144165e+03 1.588048463393048060e+00 5.485363475447860182e+00
1.674795493841171265e+03 1.604048951689199587e+00 5.605367137668997302e+00
1.674825645208358765e+03 1.652050416577654390e+00 5.965378124332407772e+00
1.674855649232864380e+03 1.642050111392559630e+00 5.890375835444197072e+00
1.674871641874313354e+03 1.652050416577654390e+00 5.965378124332407772e+00
1.674883443355560303e+03 1.664050782799768147e+00 6.055380870998261500e+00
1.674894307613372803e+03 1.668050904873805917e+00 6.085381786553544003e+00
1.674905584096908569e+03 1.654050477614673387e+00 5.980378582110050800e+00
1.674961259841918945e+03 1.662050721762749150e+00 6.040380413220618472e+00
1.674974791049957275e+03 1.640050050355540856e+00 5.875375377666556709e+00
1.674992053985595703e+03 1.642050111392559630e+00 5.890375835444197072e+00
1.675010393857955933e+03 1.664050782799768147e+00 6.055380870998261500e+00
1.675028018474578857e+03 1.666050843836786921e+00 6.070381328775901864e+00
1.675044491529464722e+03 1.630049745170446096e+00 5.800373088778346009e+00
1.675087491512298584e+03 1.648050294503616620e+00 5.935377208777124380e+00
1.675133763551712036e+03 1.580048219244972074e+00 5.425361644337290734e+00
1.675192857742309570e+03 1.652050416577654390e+00 5.965378124332407772e+00
1.675206550121307373e+03 1.628049684133427100e+00 5.785372631000702981e+00
1.675227684259414673e+03 1.638049989318521860e+00 5.860374919888913681e+00
1.675255837440490723e+03 1.666050843836786921e+00 6.070381328775901864e+00
1.675284119367599487e+03 1.660050660725730376e+00 6.025379955442978108e+00
1.675312024593353271e+03 1.664050782799768147e+00 6.055380870998261500e+00
1.675354471445083618e+03 1.668050904873805917e+00 6.085381786553544003e+00
1.675374534130096436e+03 1.632049806207464870e+00 5.815373546555986373e+00
1.675405061006546021e+03 1.652050416577654390e+00 5.965378124332407772e+00
1.675437631607055664e+03 1.658050599688711380e+00 6.010379497665335080e+00
1.675450796127319336e+03 1.664050782799768147e+00 6.055380870998261500e+00
1.675462721109390259e+03 1.658050599688711380e+00 6.010379497665335080e+00
1.675477377653121948e+03 1.638049989318521860e+00 5.860374919888913681e+00
1.675519053936004639e+03 1.646050233466597623e+00 5.920376750999482240e+00
1.675549179792404175e+03 1.658050599688711380e+00 6.010379497665335080e+00
1.675562549591064453e+03 1.670050965910824914e+00 6.100382244331187032e+00
1.675576442956924438e+03 1.660050660725730376e+00 6.025379955442978108e+00
1.675590307712554932e+03 1.664050782799768147e+00 6.055380870998261500e+00
1.675603435754776001e+03 1.648050294503616620e+00 5.935377208777124380e+00
1.675620725393295288e+03 1.658050599688711380e+00 6.010379497665335080e+00
1.675666469335556030e+03 1.650050355540635616e+00 5.950377666554767409e+00
1.675716089487075806e+03 1.658050599688711380e+00 6.010379497665335080e+00
1.675773521184921265e+03 1.628049684133427100e+00 5.785372631000702981e+00
1.675787109613418579e+03 1.630049745170446096e+00 5.800373088778346009e+00
1.675815372943878174e+03 1.660050660725730376e+00 6.025379955442978108e+00
1.675864798784255981e+03 1.598048768578142820e+00 5.560365764336070882e+00
1.675883265972137451e+03 1.620049439985351114e+00 5.725370799890133533e+00
1.675905749559402466e+03 1.590048524430066834e+00 5.500363933225501434e+00
1.675922580480575562e+03 1.638049989318521860e+00 5.860374919888913681e+00
1.675947337865829468e+03 1.638049989318521860e+00 5.860374919888913681e+00
1.675980173587799072e+03 1.654050477614673387e+00 5.980378582110050800e+00
1.675997389793395996e+03 1.662050721762749150e+00 6.040380413220618472e+00
1.676014891386032104e+03 1.660050660725730376e+00 6.025379955442978108e+00
1.676029884815216064e+03 1.638049989318521860e+00 5.860374919888913681e+00
1.676044651031494141e+03 1.660050660725730376e+00 6.025379955442978108e+00
1.676058398723602295e+03 1.656050538651692383e+00 5.995379039887692940e+00
1.676071854114532471e+03 1.654050477614673387e+00 5.980378582110050800e+00
1.676115357398986816e+03 1.654050477614673387e+00 5.980378582110050800e+00
1.676162346601486206e+03 1.638049989318521860e+00 5.860374919888913681e+00
1.676221742391586304e+03 1.638049989318521860e+00 5.860374919888913681e+00
1.676235255479812622e+03 1.620049439985351114e+00 5.725370799890133533e+00
1.676265227079391479e+03 1.636049928281502863e+00 5.845374462111271541e+00
1.676297455072402954e+03 1.660050660725730376e+00 6.025379955442978108e+00
1.676319120645523071e+03 1.534046815393536267e+00 5.080351115451522404e+00
1.676331457853317261e+03 1.662050721762749150e+00 6.040380413220618472e+00
1.676343302011489868e+03 1.650050355540635616e+00 5.950377666554767409e+00
1.676354447603225708e+03 1.632049806207464870e+00 5.815373546555986373e+00
1.676365696430206299e+03 1.662050721762749150e+00 6.040380413220618472e+00
1.676422365665435791e+03 1.664050782799768147e+00 6.055380870998261500e+00
1.676435515165328979e+03 1.636049928281502863e+00 5.845374462111271541e+00
1.676448761701583862e+03 1.662050721762749150e+00 6.040380413220618472e+00
1.676468770742416382e+03 1.664050782799768147e+00 6.055380870998261500e+00
1.676484680414199829e+03 1.666050843836786921e+00 6.070381328775901864e+00
1.676502871990203857e+03 1.662050721762749150e+00 6.040380413220618472e+00
1.676552069664001465e+03 1.652050416577654390e+00 5.965378124332407772e+00
1.676602889299392700e+03 1.708052125614184957e+00 6.385390942106386802e+00
1.676660003900527954e+03 1.698051820429090197e+00 6.310388653218176103e+00
1.676671224832534790e+03 1.684051393169957445e+00 6.205385448774681123e+00
1.676682597637176514e+03 1.674051087984862685e+00 6.130383159886470423e+00
1.676706072568893433e+03 1.686051454206976441e+00 6.220385906552323263e+00
1.676735437631607056e+03 1.710052186651203954e+00 6.400391399884029831e+00
1.676765380859375000e+03 1.672051026947843688e+00 6.115382702108827395e+00
1.676797878265380859e+03 1.700051881466109194e+00 6.325389110995819131e+00
1.676829842567443848e+03 1.696051759392071201e+00 6.295388195440533963e+00
1.676849433183670044e+03 1.688051515243995437e+00 6.235386364329965403e+00
1.676885793685913086e+03 1.712052247688222950e+00 6.415391857661671970e+00
1.676911491632461548e+03 1.698051820429090197e+00 6.310388653218176103e+00
1.676926872491836548e+03 1.686051454206976441e+00 6.220385906552323263e+00
1.676942461252212524e+03 1.700051881466109194e+00 6.325389110995819131e+00
1.676955504179000854e+03 1.706052064577165961e+00 6.370390484328744662e+00
1.677011970281600952e+03 1.696051759392071201e+00 6.295388195440533963e+00
1.677031811952590942e+03 1.662050721762749150e+00 6.040380413220618472e+00
1.677049128532409668e+03 1.688051515243995437e+00 6.235386364329965403e+00
1.677062415361404419e+03 1.680051271095919674e+00 6.175384533219397731e+00
1.677080233335494995e+03 1.674051087984862685e+00 6.130383159886470423e+00
1.677098238468170166e+03 1.692051637318033430e+00 6.265387279885250571e+00
1.677155599117279053e+03 1.700051881466109194e+00 6.325389110995819131e+00
1.677186264038085938e+03 1.714052308725241724e+00 6.430392315439313222e+00
1.677243066549301147e+03 1.680051271095919674e+00 6.175384533219397731e+00
1.677256953001022339e+03 1.682051332132938670e+00 6.190384990997039871e+00
1.677286621093750000e+03 1.688051515243995437e+00 6.235386364329965403e+00
1.677326951980590820e+03 1.700051881466109194e+00 6.325389110995819131e+00
1.677340384244918823e+03 1.702051942503128190e+00 6.340389568773461271e+00
1.677351243257522583e+03 1.702051942503128190e+00 6.340389568773461271e+00
1.677362538814544678e+03 1.700051881466109194e+00 6.325389110995819131e+00
1.677375283718109131e+03 1.678051210058900677e+00 6.160384075441754703e+00
1.677391880273818970e+03 1.704052003540146965e+00 6.355390026551102522e+00
1.677445171117782593e+03 1.704052003540146965e+00 6.355390026551102522e+00
1.677463020086288452e+03 1.710052186651203954e+00 6.400391399884029831e+00
1.677478624582290649e+03 1.682051332132938670e+00 6.190384990997039871e+00
1.677494280815124512e+03 1.708052125614184957e+00 6.385390942106386802e+00
1.677509601593017578e+03 1.712052247688222950e+00 6.415391857661671970e+00
1.677527835607528687e+03 1.706052064577165961e+00 6.370390484328744662e+00
1.677585476636886597e+03 1.698051820429090197e+00 6.310388653218176103e+00
1.677616811513900757e+03 1.708052125614184957e+00 6.385390942106386802e+00
1.677674114942550659e+03 1.692051637318033430e+00 6.265387279885250571e+00
1.677693620920181274e+03 1.676051149021881681e+00 6.145383617664112563e+00
1.677728412151336670e+03 1.710052186651203954e+00 6.400391399884029831e+00
1.677757499456405640e+03 1.706052064577165961e+00 6.370390484328744662e+00
1.677770591974258423e+03 1.688051515243995437e+00 6.235386364329965403e+00
1.677785954713821411e+03 1.704052003540146965e+00 6.355390026551102522e+00
1.677799496650695801e+03 1.688051515243995437e+00 6.235386364329965403e+00
1.677826440334320068e+03 1.698051820429090197e+00 6.310388653218176103e+00
1.677860381364822388e+03 1.706052064577165961e+00 6.370390484328744662e+00
1.677875313758850098e+03 1.678051210058900677e+00 6.160384075441754703e+00
1.677889568090438843e+03 1.708052125614184957e+00 6.385390942106386802e+00
1.677903738737106323e+03 1.700051881466109194e+00 6.325389110995819131e+00
1.677922345876693726e+03 1.644050172429578627e+00 5.905376293221840101e+00
1.677937360525131226e+03 1.698051820429090197e+00 6.310388653218176103e+00
1.677955299615859985e+03 1.704052003540146965e+00 6.355390026551102522e+00
1.678013895511627197e+03 1.678051210058900677e+00 6.160384075441754703e+00
1.678044035196304321e+03 1.706052064577165961e+00 6.370390484328744662e+00
1.678099967718124390e+03 1.688051515243995437e+00 6.235386364329965403e+00
1.678125788688659668e+03 1.670050965910824914e+00 6.100382244331187032e+00
1.678156799077987671e+03 1.710052186651203954e+00 6.400391399884029831e+00
1.678185040712356567e+03 1.674051087984862685e+00 6.130383159886470423e+00
1.678213388681411743e+03 1.710052186651203954e+00 6.400391399884029831e+00
1.678256575584411621e+03 1.702051942503128190e+00 6.340389568773461271e+00
1.678276923894882202e+03 1.700051881466109194e+00 6.325389110995819131e+00
1.678305659532546997e+03 1.704052003540146965e+00 6.355390026551102522e+00
1.678340625286102295e+03 1.686051454206976441e+00 6.220385906552323263e+00
1.678354980707168579e+03 1.706052064577165961e+00 6.370390484328744662e+00
1.678366413116455078e+03 1.708052125614184957e+00 6.385390942106386802e+00
1.678381173849105835e+03 1.686051454206976441e+00 6.220385906552323263e+00
1.678404210090637207e+03 1.702051942503128190e+00 6.340389568773461271e+00
1.678440023660659790e+03 1.696051759392071201e+00 6.295388195440533963e+00
1.678455019235610962e+03 1.706052064577165961e+00 6.370390484328744662e+00
1.678469315052032471e+03 1.710052186651203954e+00 6.400391399884029831e+00
1.678489790201187134e+03 1.708052125614184957e+00 6.385390942106386802e+00
1.678507530212402344e+03 1.714052308725241724e+00 6.430392315439313222e+00
1.678527422189712524e+03 1.698051820429090197e+00 6.310388653218176103e+00
1.678555544376373291e+03 1.702051942503128190e+00 6.340389568773461271e+00
1.678592886686325073e+03 1.704052003540146965e+00 6.355390026551102522e+00
1.678623042583465576e+03 1.708052125614184957e+00 6.385390942106386802e+00
1.678678745508193970e+03 1.678051210058900677e+00 6.160384075441754703e+00
1.678692390680313110e+03 1.668050904873805917e+00 6.085381786553544003e+00
1.678716968536376953e+03 1.710052186651203954e+00 6.400391399884029831e+00
1.678760518312454224e+03 1.702051942503128190e+00 6.340389568773461271e+00
1.678773673295974731e+03 1.706052064577165961e+00 6.370390484328744662e+00
1.678791692495346069e+03 1.680051271095919674e+00 6.175384533219397731e+00
1.678805007696151733e+03 1.710052186651203954e+00 6.400391399884029831e+00
1.678816547155380249e+03 1.708052125614184957e+00 6.385390942106386802e+00
1.678857850790023804e+03 1.696051759392071201e+00 6.295388195440533963e+00
1.678878597497940063e+03 1.704052003540146965e+00 6.355390026551102522e+00
1.678896456003189087e+03 1.676051149021881681e+00 6.145383617664112563e+00
1.678917932033538818e+03 1.708052125614184957e+00 6.385390942106386802e+00
1.678934550762176514e+03 1.684051393169957445e+00 6.205385448774681123e+00
1.678949023485183716e+03 1.714052308725241724e+00 6.430392315439313222e+00
1.678963376998901367e+03 1.706052064577165961e+00 6.370390484328744662e+00
1.679023524522781372e+03 1.704052003540146965e+00 6.355390026551102522e+00
1.679052297592163086e+03 1.714052308725241724e+00 6.430392315439313222e+00
1.679108047008514404e+03 1.692051637318033430e+00 6.265387279885250571e+00
1.679122336149215698e+03 1.676051149021881681e+00 6.145383617664112563e+00
1.679145106792449951e+03 1.708052125614184957e+00 6.385390942106386802e+00
1.679194159984588623e+03 1.712052247688222950e+00 6.415391857661671970e+00
1.679207131147384644e+03 1.706052064577165961e+00 6.370390484328744662e+00
1.679224913120269775e+03 1.696051759392071201e+00 6.295388195440533963e+00
1.679236190795898438e+03 1.698051820429090197e+00 6.310388653218176103e+00
1.679253768920898438e+03 1.710052186651203954e+00 6.400391399884029831e+00
1.679294802188873291e+03 1.708052125614184957e+00 6.385390942106386802e+00
1.679308042287826538e+03 1.708052125614184957e+00 6.385390942106386802e+00
1.679324689149856567e+03 1.708052125614184957e+00 6.385390942106386802e+00
1.679341295480728149e+03 1.706052064577165961e+00 6.370390484328744662e+00
1.679352281808853149e+03 1.698051820429090197e+00 6.310388653218176103e+00
1.679366278171539307e+03 1.712052247688222950e+00 6.415391857661671970e+00
1.679385350227355957e+03 1.668050904873805917e+00 6.085381786553544003e+00
1.679448587656021118e+03 1.708052125614184957e+00 6.385390942106386802e+00
1.679478083610534668e+03 1.710052186651203954e+00 6.400391399884029831e+00
1.679533745527267456e+03 1.688051515243995437e+00 6.235386364329965403e+00
1.679548069715499878e+03 1.678051210058900677e+00 6.160384075441754703e+00
1.679571635484695435e+03 1.714052308725241724e+00 6.430392315439313222e+00
1.679600547075271606e+03 1.700051881466109194e+00 6.325389110995819131e+00
1.679628547906875610e+03 1.712052247688222950e+00 6.415391857661671970e+00
1.679687366008758545e+03 1.712052247688222950e+00 6.415391857661671970e+00
1.679699668884277344e+03 1.696051759392071201e+00 6.295388195440533963e+00
1.679724306344985962e+03 1.702051942503128190e+00 6.340389568773461271e+00
1.679765136480331421e+03 1.702051942503128190e+00 6.340389568773461271e+00
1.679778731584548950e+03 1.710052186651203954e+00 6.400391399884029831e+00
1.679796264886856079e+03 1.708052125614184957e+00 6.385390942106386802e+00
1.679809505701065063e+03 1.706052064577165961e+00 6.370390484328744662e+00
1.679829587459564209e+03 1.690051576281014434e+00 6.250386822107608431e+00
1.679871020078659058e+03 1.702051942503128190e+00 6.340389568773461271e+00
1.679888315916061401e+03 1.712052247688222950e+00 6.415391857661671970e+00
1.679904158830642700e+03 1.714052308725241724e+00 6.430392315439313222e+00
1.679918782711029053e+03 1.700051881466109194e+00 6.325389110995819131e+00
1.679930770635604858e+03 1.670050965910824914e+00 6.100382244331187032e+00
1.679943762540817261e+03 1.692051637318033430e+00 6.265387279885250571e+00
1.679962830543518066e+03 1.688051515243995437e+00 6.235386364329965403e+00
1.680003131866455078e+03 1.702051942503128190e+00 6.340389568773461271e+00
1.680050283670425415e+03 1.696051759392071201e+00 6.295388195440533963e+00
1.680109381675720215e+03 1.692051637318033430e+00 6.265387279885250571e+00
1.680122844457626343e+03 1.660050660725730376e+00 6.025379955442978108e+00
1.680150820732116699e+03 1.678051210058900677e+00 6.160384075441754703e+00
1.680193910121917725e+03 1.702051942503128190e+00 6.340389568773461271e+00
1.680208129644393921e+03 1.676051149021881681e+00 6.145383617664112563e+00
1.680221093416213989e+03 1.692051637318033430e+00 6.265387279885250571e+00
1.680236914396286011e+03 1.694051698355052205e+00 6.280387737662891823e+00
1.680250211000442505e+03 1.674051087984862685e+00 6.130383159886470423e+00
1.680299610614776611e+03 1.706052064577165961e+00 6.370390484328744662e+00
1.680321512699127197e+03 1.708052125614184957e+00 6.385390942106386802e+00
1.680335041046142578e+03 1.694051698355052205e+00 6.280387737662891823e+00
1.680354120254516602e+03 1.698051820429090197e+00 6.310388653218176103e+00
1.680375870943069458e+03 1.702051942503128190e+00 6.340389568773461271e+00
1.680392799377441406e+03 1.700051881466109194e+00 6.325389110995819131e+00
1.680469031333923340e+03 1.704052003540146965e+00 6.355390026551102522e+00
1.680483158588409424e+03 1.684051393169957445e+00 6.205385448774681123e+00
1.680538386583328247e+03 1.686051454206976441e+00 6.220385906552323263e+00
1.680558164596557617e+03 1.658050599688711380e+00 6.010379497665335080e+00
1.680584192514419556e+03 1.690051576281014434e+00 6.250386822107608431e+00
1.680616212606430054e+03 1.698051820429090197e+00 6.310388653218176103e+00
1.680634670972824097e+03 1.678051210058900677e+00 6.160384075441754703e+00
1.680650604009628296e+03 1.704052003540146965e+00 6.355390026551102522e+00
1.680663705110549927e+03 1.694051698355052205e+00 6.280387737662891823e+00
1.680711473226547241e+03 1.650050355540635616e+00 5.950377666554767409e+00
1.680731730461120605e+03 1.720052491836298714e+00 6.475393688772240530e+00
1.680744191884994507e+03 1.704052003540146965e+00 6.355390026551102522e+00
1.680757639408111572e+03 1.710052186651203954e+00 6.400391399884029831e+00
1.680770693540573120e+03 1.704052003540146965e+00 6.355390026551102522e+00
1.680784570455551147e+03 1.712052247688222950e+00 6.415391857661671970e+00
1.680797750234603882e+03 1.712052247688222950e+00 6.415391857661671970e+00
1.680813527345657349e+03 1.702051942503128190e+00 6.340389568773461271e+00
1.680859204769134521e+03 1.672051026947843688e+00 6.115382702108827395e+00
1.680911306858062744e+03 1.712052247688222950e+00 6.415391857661671970e+00
1.680966575384140015e+03 1.694051698355052205e+00 6.280387737662891823e+00
1.680981235742568970e+03 1.654050477614673387e+00 5.980378582110050800e+00
1.681005468130111694e+03 1.702051942503128190e+00 6.340389568773461271e+00
1.681034107208251953e+03 1.704052003540146965e+00 6.355390026551102522e+00
1.681062101840972900e+03 1.712052247688222950e+00 6.415391857661671970e+00
1.681091670751571655e+03 1.672051026947843688e+00 6.115382702108827395e+00
1.681127427577972412e+03 1.710052186651203954e+00 6.400391399884029831e+00
1.681153574466705322e+03 1.698051820429090197e+00 6.310388653218176103e+00
1.681196570158004761e+03 1.708052125614184957e+00 6.385390942106386802e+00
1.681210610866546631e+03 1.710052186651203954e+00 6.400391399884029831e+00
1.681228443622589111e+03 1.698051820429090197e+00 6.310388653218176103e+00
1.681241503953933716e+03 1.700051881466109194e+00 6.325389110995819131e+00
1.681261523008346558e+03 1.682051332132938670e+00 6.190384990997039871e+00
1.681291341304779053e+03 1.690051576281014434e+00 6.250386822107608431e+00
1.681316709041595459e+03 1.708052125614184957e+00 6.385390942106386802e+00
1.681334569215774536e+03 1.698051820429090197e+00 6.310388653218176103e+00
1.681350343227386475e+03 1.708052125614184957e+00 6.385390942106386802e+00
1.681366268634796143e+03 1.686051454206976441e+00 6.220385906552323263e+00
1.681378889560699463e+03 1.700051881466109194e+00 6.325389110995819131e+00
1.681398154020309448e+03 1.688051515243995437e+00 6.235386364329965403e+00
1.681437069177627563e+03 1.702051942503128190e+00 6.340389568773461271e+00
1.681487272262573242e+03 1.708052125614184957e+00 6.385390942106386802e+00
1.681545018672943115e+03 1.662050721762749150e+00 6.040380413220618472e+00
1.681558578491210938e+03 1.636049928281502863e+00 5.845374462111271541e+00
1.681585234642028809e+03 1.438043885616626438e+00 4.360329142124697910e+00
1.681620931625366211e+03 1.650050355540635616e+00 5.950377666554767409e+00
1.681641481876373291e+03 1.658050599688711380e+00 6.010379497665335080e+00
1.681655376911163330e+03 1.666050843836786921e+00 6.070381328775901864e+00
1.681668256521224976e+03 1.644050172429578627e+00 5.905376293221840101e+00
1.681683974742889404e+03 1.656050538651692383e+00 5.995379039887692940e+00
1.681708271265029907e+03 1.656050538651692383e+00 5.995379039887692940e+00
1.681737558841705322e+03 1.664050782799768147e+00 6.055380870998261500e+00
1.681755397558212280e+03 1.670050965910824914e+00 6.100382244331187032e+00
1.681769422769546509e+03 1.664050782799768147e+00 6.055380870998261500e+00
1.681783410787582397e+03 1.668050904873805917e+00 6.085381786553544003e+00
1.681803220987319946e+03 1.646050233466597623e+00 5.920376750999482240e+00
1.681820385694503784e+03 1.658050599688711380e+00 6.010379497665335080e+00
1.681841885089874268e+03 1.648050294503616620e+00 5.935377208777124380e+00
1.681894216775894165e+03 1.662050721762749150e+00 6.040380413220618472e+00
1.681926741600036621e+03 1.670050965910824914e+00 6.100382244331187032e+00
1.681982524633407593e+03 1.652050416577654390e+00 5.965378124332407772e+00
1.682002044677734375e+03 1.620049439985351114e+00 5.725370799890133533e+00
1.682028506278991699e+03 1.616049317911313343e+00 5.695369884334850141e+00
1.682070891141891479e+03 1.666050843836786921e+00 6.070381328775901864e+00
1.682083515405654907e+03 1.432043702505569671e+00 4.315327768791772378e+00
1.682096446990966797e+03 1.660050660725730376e+00 6.025379955442978108e+00
1.682109180450439453e+03 1.666050843836786921e+00 6.070381328775901864e+00
1.682134223937988281e+03 1.652050416577654390e+00 5.965378124332407772e+00
1.682170353651046753e+03 1.644050172429578627e+00 5.905376293221840101e+00
1.682184365749359131e+03 1.628049684133427100e+00 5.785372631000702981e+00
1.682197211980819702e+03 1.642050111392559630e+00 5.890375835444197072e+00
1.682214883804321289e+03 1.662050721762749150e+00 6.040380413220618472e+00
1.682233516454696655e+03 1.662050721762749150e+00 6.040380413220618472e+00
1.682248493432998657e+03 1.640050050355540856e+00 5.875375377666556709e+00
1.682262399196624756e+03 1.654050477614673387e+00 5.980378582110050800e+00
1.682301595926284790e+03 1.638049989318521860e+00 5.860374919888913681e+00
1.682347811698913574e+03 1.654050477614673387e+00 5.980378582110050800e+00
1.682407021045684814e+03 1.632049806207464870e+00 5.815373546555986373e+00
1.682420635700225830e+03 1.606049012726218583e+00 5.620367595446639442e+00
1.682445655822753906e+03 1.610049134800256354e+00 5.650368511001922833e+00
1.682475000858306885e+03 1.678051210058900677e+00 6.160384075441754703e+00
1.682503316640853882e+03 1.656050538651692383e+00 5.995379039887692940e+00
1.682537494182586670e+03 1.654050477614673387e+00 5.980378582110050800e+00
1.682569591522216797e+03 1.664050782799768147e+00 6.055380870998261500e+00
1.682595723390579224e+03 1.664050782799768147e+00 6.055380870998261500e+00
1.682628756046295166e+03 1.634049867244483867e+00 5.830374004333629401e+00
1.682651452779769897e+03 1.662050721762749150e+00 6.040380413220618472e+00
1.682664602756500244e+03 1.666050843836786921e+00 6.070381328775901864e+00
1.682676149368286133e+03 1.654050477614673387e+00 5.980378582110050800e+00
1.682687335729598999e+03 1.646050233466597623e+00 5.920376750999482240e+00
1.682704509973526001e+03 1.640050050355540856e+00 5.875375377666556709e+00
1.682747597217559814e+03 1.654050477614673387e+00 5.980378582110050800e+00
1.682764843702316284e+03 1.662050721762749150e+00 6.040380413220618472e+00
1.682778730869293213e+03 1.612049195837275350e+00 5.665368968779564973e+00
1.682793533563613892e+03 1.662050721762749150e+00 6.040380413220618472e+00
1.682807418346405029e+03 1.664050782799768147e+00 6.055380870998261500e+00
1.682821088075637817e+03 1.664050782799768147e+00 6.055380870998261500e+00
1.682834244489669800e+03 1.648050294503616620e+00 5.935377208777124380e+00
1.682864118337631226e+03 1.664050782799768147e+00 6.055380870998261500e+00
1.682929055213928223e+03 1.656050538651692383e+00 5.995379039887692940e+00
1.682987931251525879e+03 1.648050294503616620e+00 5.935377208777124380e+00
1.683001055717468262e+03 1.620049439985351114e+00 5.725370799890133533e+00
1.683023365736007690e+03 1.662050721762749150e+00 6.040380413220618472e+00
1.683062586784362793e+03 1.662050721762749150e+00 6.040380413220618472e+00
1.683089531421661377e+03 1.662050721762749150e+00 6.040380413220618472e+00
1.683103653192520142e+03 1.632049806207464870e+00 5.815373546555986373e+00
1.683119272470474243e+03 1.658050599688711380e+00 6.010379497665335080e+00
1.683131468296051025e+03 1.650050355540635616e+00 5.950377666554767409e+00
1.683173935413360596e+03 1.658050599688711380e+00 6.010379497665335080e+00
1.683196317434310913e+03 1.656050538651692383e+00 5.995379039887692940e+00
1.683214147329330444e+03 1.658050599688711380e+00 6.010379497665335080e+00
1.683236994981765747e+03 1.646050233466597623e+00 5.920376750999482240e+00
1.683251550674438477e+03 1.656050538651692383e+00 5.995379039887692940e+00
1.683265959978103638e+03 1.628049684133427100e+00 5.785372631000702981e+00
1.683295672416687012e+03 1.660050660725730376e+00 6.025379955442978108e+00
1.683354256629943848e+03 1.630049745170446096e+00 5.800373088778346009e+00
1.683368513822555542e+03 1.636049928281502863e+00 5.845374462111271541e+00
1.683422705411911011e+03 1.642050111392559630e+00 5.890375835444197072e+00
1.683436773538589478e+03 1.604048951689199587e+00 5.605367137668997302e+00
1.683460086584091187e+03 1.656050538651692383e+00 5.995379039887692940e+00
1.683504144906997681e+03 1.654050477614673387e+00 5.980378582110050800e+00
1.683517506361007690e+03 1.652050416577654390e+00 5.965378124332407772e+00
1.683533056735992432e+03 1.642050111392559630e+00 5.890375835444197072e+00
1.683548404455184937e+03 1.666050843836786921e+00 6.070381328775901864e+00
1.683577180624008179e+03 1.632049806207464870e+00 5.815373546555986373e+00
1.683618663311004639e+03 1.650050355540635616e+00 5.950377666554767409e+00
1.683634465694427490e+03 1.652050416577654390e+00 5.965378124332407772e+00
1.683652182340621948e+03 1.652050416577654390e+00 5.965378124332407772e+00
1.683672273159027100e+03 1.638049989318521860e+00 5.860374919888913681e+00
1.683688745498657227e+03 1.644050172429578627e+00 5.905376293221840101e+00
1.683701398849487305e+03 1.646050233466597623e+00 5.920376750999482240e+00
1.683762513637542725e+03 1.658050599688711380e+00 6.010379497665335080e+00
1.683793880701065063e+03 1.662050721762749150e+00 6.040380413220618472e+00
1.683848930120468140e+03 1.640050050355540856e+00 5.875375377666556709e+00
1.683863069295883179e+03 1.606049012726218583e+00 5.620367595446639442e+00
1.683881182670593262e+03 1.644050172429578627e+00 5.905376293221840101e+00
1.683909539461135864e+03 1.662050721762749150e+00 6.040380413220618472e+00
1.683937723875045776e+03 1.618049378948332340e+00 5.710370342112492281e+00
1.683965773820877075e+03 1.662050721762749150e+00 6.040380413220618472e+00
1.684011808633804321e+03 1.656050538651692383e+00 5.995379039887692940e+00
1.684044857263565063e+03 1.650050355540635616e+00 5.950377666554767409e+00
1.684078196525573730e+03 1.700051881466109194e+00 6.325389110995819131e+00
1.684098608255386353e+03 1.708052125614184957e+00 6.385390942106386802e+00
1.684111456871032715e+03 1.708052125614184957e+00 6.385390942106386802e+00
1.684123328208923340e+03 1.706052064577165961e+00 6.370390484328744662e+00
1.684136068344116211e+03 1.684051393169957445e+00 6.205385448774681123e+00
1.684150937318801880e+03 1.680051271095919674e+00 6.175384533219397731e+00
1.684194370985031128e+03 1.708052125614184957e+00 6.385390942106386802e+00
1.684211301803588867e+03 1.710052186651203954e+00 6.400391399884029831e+00
1.684232953548431396e+03 1.702051942503128190e+00 6.340389568773461271e+00
1.684250250101089478e+03 1.690051576281014434e+00 6.250386822107608431e+00
1.684264411687850952e+03 1.712052247688222950e+00 6.415391857661671970e+00
1.684278330802917480e+03 1.696051759392071201e+00 6.295388195440533963e+00
1.684291667699813843e+03 1.702051942503128190e+00 6.340389568773461271e+00
1.684348975419998169e+03 1.702051942503128190e+00 6.340389568773461271e+00
1.684379836320877075e+03 1.694051698355052205e+00 6.280387737662891823e+00
1.684449359655380249e+03 1.654050477614673387e+00 5.980378582110050800e+00
1.684463230848312378e+03 1.674051087984862685e+00 6.130383159886470423e+00
1.684492015123367310e+03 1.710052186651203954e+00 6.400391399884029831e+00
1.684524070262908936e+03 1.700051881466109194e+00 6.325389110995819131e+00
1.684544158697128296e+03 1.702051942503128190e+00 6.340389568773461271e+00
1.684557378053665161e+03 1.664050782799768147e+00 6.055380870998261500e+00
1.684572839736938477e+03 1.690051576281014434e+00 6.250386822107608431e+00
1.684593581676483154e+03 1.694051698355052205e+00 6.280387737662891823e+00
1.684641784667968750e+03 1.682051332132938670e+00 6.190384990997039871e+00
1.684656340599060059e+03 1.710052186651203954e+00 6.400391399884029831e+00
1.684673389911651611e+03 1.710052186651203954e+00 6.400391399884029831e+00
1.684685220956802368e+03 1.706052064577165961e+00 6.370390484328744662e+00
1.684696376323699951e+03 1.700051881466109194e+00 6.325389110995819131e+00
1.684713502168655396e+03 1.694051698355052205e+00 6.280387737662891823e+00
1.684729899644851685e+03 1.706052064577165961e+00 6.370390484328744662e+00
1.684792263984680176e+03 1.702051942503128190e+00 6.340389568773461271e+00
1.684822706699371338e+03 1.698051820429090197e+00 6.310388653218176103e+00
1.684878917455673218e+03 1.686051454206976441e+00 6.220385906552323263e+00
1.684892849922180176e+03 1.662050721762749150e+00 6.040380413220618472e+00
1.684919146060943604e+03 1.702051942503128190e+00 6.340389568773461271e+00
1.684966392755508423e+03 1.688051515243995437e+00 6.235386364329965403e+00
1.684981613636016846e+03 1.696051759392071201e+00 6.295388195440533963e+00
1.684992930889129639e+03 1.706052064577165961e+00 6.370390484328744662e+00
1.685004121065139771e+03 1.710052186651203954e+00 6.400391399884029831e+00
1.685016109466552734e+03 1.700051881466109194e+00 6.325389110995819131e+00
1.685052324056625366e+03 1.700051881466109194e+00 6.325389110995819131e+00
1.685081351280212402e+03 1.704052003540146965e+00 6.355390026551102522e+00
1.685096114397048950e+03 1.686051454206976441e+00 6.220385906552323263e+00
1.685110912322998047e+03 1.712052247688222950e+00 6.415391857661671970e+00
1.685123732566833496e+03 1.706052064577165961e+00 6.370390484328744662e+00
1.685137821435928345e+03 1.688051515243995437e+00 6.235386364329965403e+00
1.685151091575622559e+03 1.704052003540146965e+00 6.355390026551102522e+00
1.685164805650711060e+03 1.712052247688222950e+00 6.415391857661671970e+00
1.685223454236984253e+03 1.698051820429090197e+00 6.310388653218176103e+00
1.685253049373626709e+03 1.714052308725241724e+00 6.430392315439313222e+00
1.685309009790420532e+03 1.688051515243995437e+00 6.235386364329965403e+00
1.685323155164718628e+03 1.658050599688711380e+00 6.010379497665335080e+00
1.685346436262130737e+03 1.712052247688222950e+00 6.415391857661671970e+00
1.685381525754928589e+03 1.714052308725241724e+00 6.430392315439313222e+00
1.685411467313766479e+03 1.708052125614184957e+00 6.385390942106386802e+00
1.685438098907470703e+03 1.710052186651203954e+00 6.400391399884029831e+00
1.685469539165496826e+03 1.704052003540146965e+00 6.355390026551102522e+00
1.685489045858383179e+03 1.688051515243995437e+00 6.235386364329965403e+00
1.685518632650375366e+03 1.706052064577165961e+00 6.370390484328744662e+00
1.685554850578308105e+03 1.720052491836298714e+00 6.475393688772240530e+00
1.685568725585937500e+03 1.700051881466109194e+00 6.325389110995819131e+00
1.685580149650573730e+03 1.688051515243995437e+00 6.235386364329965403e+00
1.685591150999069214e+03 1.704052003540146965e+00 6.355390026551102522e+00
1.685601986885070801e+03 1.666050843836786921e+00 6.070381328775901864e+00
1.685651480913162231e+03 1.698051820429090197e+00 6.310388653218176103e+00
1.685665457487106323e+03 1.702051942503128190e+00 6.340389568773461271e+00
1.685685610055923462e+03 1.702051942503128190e+00 6.340389568773461271e+00
1.685701451539993286e+03 1.708052125614184957e+00 6.385390942106386802e+00
1.685718223333358765e+03 1.706052064577165961e+00 6.370390484328744662e+00
1.685734148979187012e+03 1.672051026947843688e+00 6.115382702108827395e+00
1.685764463424682617e+03 1.688051515243995437e+00 6.235386364329965403e+00
1.685829332828521729e+03 1.694051698355052205e+00 6.280387737662891823e+00
1.685887626647949219e+03 1.692051637318033430e+00 6.265387279885250571e+00
1.685901035308837891e+03 1.638049989318521860e+00 5.860374919888913681e+00
1.685924014806747437e+03 1.682051332132938670e+00 6.190384990997039871e+00
1.685953929901123047e+03 1.708052125614184957e+00 6.385390942106386802e+00
1.685984034538269043e+03 1.706052064577165961e+00 6.370390484328744662e+00
1.685998478889465332e+03 1.706052064577165961e+00 6.370390484328744662e+00
1.686017539978027344e+03 1.702051942503128190e+00 6.340389568773461271e+00
1.686039673328399658e+03 1.692051637318033430e+00 6.265387279885250571e+00
1.686087574243545532e+03 1.696051759392071201e+00 6.295388195440533963e+00
1.686100580453872681e+03 1.706052064577165961e+00 6.370390484328744662e+00
1.686116107225418091e+03 1.666050843836786921e+00 6.070381328775901864e+00
1.686133975028991699e+03 1.704052003540146965e+00 6.355390026551102522e+00
1.686149372577667236e+03 1.696051759392071201e+00 6.295388195440533963e+00
1.686163199901580811e+03 1.722052552873317710e+00 6.490394146549882670e+00
1.686176558256149292e+03 1.708052125614184957e+00 6.385390942106386802e+00
1.686251774311065674e+03 1.700051881466109194e+00 6.325389110995819131e+00
1.686266227245330811e+03 1.692051637318033430e+00 6.265387279885250571e+00
1.686321023702621460e+03 1.692051637318033430e+00 6.265387279885250571e+00
1.686341324090957642e+03 1.668050904873805917e+00 6.085381786553544003e+00
1.686359719038009644e+03 1.698051820429090197e+00 6.310388653218176103e+00
1.686399703025817871e+03 1.702051942503128190e+00 6.340389568773461271e+00
1.686415672779083252e+03 1.676051149021881681e+00 6.145383617664112563e+00
1.686431292295455933e+03 1.700051881466109194e+00 6.325389110995819131e+00
1.686444918870925903e+03 1.706052064577165961e+00 6.370390484328744662e+00
1.686456797599792480e+03 1.704052003540146965e+00 6.355390026551102522e+00
1.686506242990493774e+03 1.688051515243995437e+00 6.235386364329965403e+00
1.686523535966873169e+03 1.704052003540146965e+00 6.355390026551102522e+00
1.686536888837814331e+03 1.704052003540146965e+00 6.355390026551102522e+00
1.686550968885421753e+03 1.696051759392071201e+00 6.295388195440533963e+00
1.686567873954772949e+03 1.710052186651203954e+00 6.400391399884029831e+00
1.686586621046066284e+03 1.690051576281014434e+00 6.250386822107608431e+00
1.686602569341659546e+03 1.704052003540146965e+00 6.355390026551102522e+00
1.686623525857925415e+03 1.702051942503128190e+00 6.340389568773461271e+00
1.686680086612701416e+03 1.696051759392071201e+00 6.295388195440533963e+00
1.686694435834884644e+03 1.700051881466109194e+00 6.325389110995819131e+00
1.686750207185745239e+03 1.656050538651692383e+00 5.995379039887692940e+00
1.686769634723663330e+03 1.670050965910824914e+00 6.100382244331187032e+00
1.686791123628616333e+03 1.696051759392071201e+00 6.295388195440533963e+00
1.686820316553115845e+03 1.702051942503128190e+00 6.340389568773461271e+00
1.686850238323211670e+03 1.704052003540146965e+00 6.355390026551102522e+00
1.686903566598892212e+03 1.704052003540146965e+00 6.355390026551102522e+00
1.686924671649932861e+03 1.692051637318033430e+00 6.265387279885250571e+00
1.686960856914520264e+03 1.664050782799768147e+00 6.055380870998261500e+00
1.686984165430068970e+03 1.696051759392071201e+00 6.295388195440533963e+00
1.686999578475952148e+03 1.704052003540146965e+00 6.355390026551102522e+00
1.687011244058609009e+03 1.692051637318033430e+00 6.265387279885250571e+00
1.687022300481796265e+03 1.708052125614184957e+00 6.385390942106386802e+00
1.687037798881530762e+03 1.692051637318033430e+00 6.265387279885250571e+00
1.687082132339477539e+03 1.700051881466109194e+00 6.325389110995819131e+00
1.687099188089370728e+03 1.694051698355052205e+00 6.280387737662891823e+00
1.687114813804626465e+03 1.708052125614184957e+00 6.385390942106386802e+00
1.687135467767715454e+03 1.682051332132938670e+00 6.190384990997039871e+00
1.687152738809585571e+03 1.708052125614184957e+00 6.385390942106386802e+00
1.687166716337203979e+03 1.696051759392071201e+00 6.295388195440533963e+00
1.687179713249206543e+03 1.716052369762260721e+00 6.445392773216955362e+00
1.687217142581939697e+03 1.696051759392071201e+00 6.295388195440533963e+00
1.687264311552047729e+03 1.694051698355052205e+00 6.280387737662891823e+00
1.687322988033294678e+03 1.690051576281014434e+00 6.250386822107608431e+00
1.687336323499679565e+03 1.666050843836786921e+00 6.070381328775901864e+00
1.687367017507553101e+03 1.706052064577165961e+00 6.370390484328744662e+00
1.687407936096191406e+03 1.702051942503128190e+00 6.340389568773461271e+00
1.687422173738479614e+03 1.708052125614184957e+00 6.385390942106386802e+00
1.687437003612518311e+03 1.676051149021881681e+00 6.145383617664112563e+00
1.687452965974807739e+03 1.706052064577165961e+00 6.370390484328744662e+00
1.687472979784011841e+03 1.688051515243995437e+00 6.235386364329965403e+00
1.687528156518936157e+03 1.700051881466109194e+00 6.325389110995819131e+00
1.687541555166244507e+03 1.704052003540146965e+00 6.355390026551102522e+00
1.687556547164916992e+03 1.700051881466109194e+00 6.325389110995819131e+00
1.687569405555725098e+03 1.708052125614184957e+00 6.385390942106386802e+00
1.687583128213882446e+03 1.700051881466109194e+00 6.325389110995819131e+00
1.687601100206375122e+03 1.708052125614184957e+00 6.385390942106386802e+00
1.687629294872283936e+03 1.708052125614184957e+00 6.385390942106386802e+00
1.687685524940490723e+03 1.708052125614184957e+00 6.385390942106386802e+00
1.687748618125915527e+03 1.692051637318033430e+00 6.265387279885250571e+00
1.687761571884155273e+03 1.666050843836786921e+00 6.070381328775901864e+00
1.687791050195693970e+03 1.702051942503128190e+00 6.340389568773461271e+00
1.687820122003555298e+03 1.696051759392071201e+00 6.295388195440533963e+00
1.687840772151947021e+03 1.692051637318033430e+00 6.265387279885250571e+00
1.687852905035018921e+03 1.686051454206976441e+00 6.220385906552323263e+00
1.687872222423553467e+03 1.700051881466109194e+00 6.325389110995819131e+00
1.687888597488403320e+03 1.684051393169957445e+00 6.205385448774681123e+00
1.687944380283355713e+03 1.708052125614184957e+00 6.385390942106386802e+00
1.687960046052932739e+03 1.696051759392071201e+00 6.295388195440533963e+00
1.687976605415344238e+03 1.670050965910824914e+00 6.100382244331187032e+00
1.687991443157196045e+03 1.704052003540146965e+00 6.355390026551102522e+00
1.688007611513137817e+03 1.646050233466597623e+00 5.920376750999482240e+00
1.688025442361831665e+03 1.700051881466109194e+00 6.325389110995819131e+00
1.688039009571075439e+03 1.702051942503128190e+00 6.340389568773461271e+00
1.688097597360610962e+03 1.692051637318033430e+00 6.265387279885250571e+00
1.688128179550170898e+03 1.700051881466109194e+00 6.325389110995819131e+00
1.688182788133621216e+03 1.688051515243995437e+00 6.235386364329965403e+00
1.688196670770645142e+03 1.654050477614673387e+00 5.980378582110050800e+00
1.688220551729202271e+03 1.702051942503128190e+00 6.340389568773461271e+00
1.688249772787094116e+03 1.684051393169957445e+00 6.205385448774681123e+00
1.688277935743331909e+03 1.698051820429090197e+00 6.310388653218176103e+00
1.688311861753463745e+03 1.664050782799768147e+00 6.055380870998261500e+00
1.688344326019287109e+03 1.710052186651203954e+00 6.400391399884029831e+00
1.688370171785354614e+03 1.706052064577165961e+00 6.370390484328744662e+00
1.688398873567581177e+03 1.694051698355052205e+00 6.280387737662891823e+00
1.688425270557403564e+03 1.700051881466109194e+00 6.325389110995819131e+00
1.688438568592071533e+03 1.680051271095919674e+00 6.175384533219397731e+00
1.688450213432312012e+03 1.704052003540146965e+00 6.355390026551102522e+00
1.688465243816375732e+03 1.700051881466109194e+00 6.325389110995819131e+00
1.688507969617843628e+03 1.704052003540146965e+00 6.355390026551102522e+00
1.688539954900741577e+03 1.708052125614184957e+00 6.385390942106386802e+00
1.688558172941207886e+03 1.658050599688711380e+00 6.010379497665335080e+00
1.688571182250976562e+03 1.678051210058900677e+00 6.160384075441754703e+00
1.688589188575744629e+03 1.702051942503128190e+00 6.340389568773461271e+00
1.688605958461761475e+03 1.710052186651203954e+00 6.400391399884029831e+00
1.688620573997497559e+03 1.694051698355052205e+00 6.280387737662891823e+00
1.688677495718002319e+03 1.700051881466109194e+00 6.325389110995819131e+00
1.688709441661834717e+03 1.698051820429090197e+00 6.310388653218176103e+00
1.688771140813827515e+03 1.658050599688711380e+00 6.010379497665335080e+00
1.688794331312179565e+03 1.676051149021881681e+00 6.145383617664112563e+00
1.688824688673019409e+03 1.690051576281014434e+00 6.250386822107608431e+00
1.688854888200759888e+03 1.694051698355052205e+00 6.280387737662891823e+00
1.688870252847671509e+03 1.706052064577165961e+00 6.370390484328744662e+00
1.688888888120651245e+03 1.710052186651203954e+00 6.400391399884029831e+00
1.688901747941970825e+03 1.706052064577165961e+00 6.370390484328744662e+00
1.688960578203201294e+03 1.658050599688711380e+00 6.010379497665335080e+00
1.688979233264923096e+03 1.708052125614184957e+00 6.385390942106386802e+00
1.688993350505828857e+03 1.708052125614184957e+00 6.385390942106386802e+00
1.689006803274154663e+03 1.698051820429090197e+00 6.310388653218176103e+00
1.689020234823226929e+03 1.708052125614184957e+00 6.385390942106386802e+00
1.689038520097732544e+03 1.620049439985351114e+00 5.725370799890133533e+00
1.689084579944610596e+03 1.640050050355540856e+00 5.875375377666556709e+00
1.689131393671035767e+03 1.652050416577654390e+00 5.965378124332407772e+00
1.689190352916717529e+03 1.654050477614673387e+00 5.980378582110050800e+00
1.689203774690628052e+03 1.624049562059389107e+00 5.755371715445418701e+00
1.689227758646011353e+03 1.662050721762749150e+00 6.040380413220618472e+00
1.689260122060775757e+03 1.652050416577654390e+00 5.965378124332407772e+00
1.689282976388931274e+03 1.666050843836786921e+00 6.070381328775901864e+00
1.689296390533447266e+03 1.676051149021881681e+00 6.145383617664112563e+00
1.689308501720428467e+03 1.664050782799768147e+00 6.055380870998261500e+00
1.689323329448699951e+03 1.650050355540635616e+00 5.950377666554767409e+00
1.689377700567245483e+03 1.668050904873805917e+00 6.085381786553544003e+00
1.689400133848190308e+03 1.672051026947843688e+00 6.115382702108827395e+00
1.689414124727249146e+03 1.672051026947843688e+00 6.115382702108827395e+00
1.689427990674972534e+03 1.652050416577654390e+00 5.965378124332407772e+00
1.689441433668136597e+03 1.666050843836786921e+00 6.070381328775901864e+00
