1.742015588760375977e+03 1.172035767693105690e+00 2.365268257698292853e+00
1.742031639575958252e+03 1.188036255989257439e+00 2.485271919919430861e+00
1.742045595407485962e+03 1.206036805322427963e+00 2.620276039918209676e+00
1.742056936740875244e+03 1.202036683248390192e+00 2.590275124362926285e+00
1.742067881822586060e+03 1.200036622211371196e+00 2.575274666585284145e+00
1.742080174684524536e+03 1.200036622211371196e+00 2.575274666585284145e+00
1.742092316150665283e+03 1.206036805322427963e+00 2.620276039918209676e+00
1.742103916645050049e+03 1.202036683248390192e+00 2.590275124362926285e+00
1.742121313571929932e+03 1.198036561174352199e+00 2.560274208807641561e+00
1.742134130239486694e+03 1.204036744285408966e+00 2.605275582140567536e+00
1.742175690889358521e+03 1.196036500137333203e+00 2.545273751029998976e+00
1.742191762685775757e+03 1.194036439100314206e+00 2.530273293252356837e+00
1.742207733392715454e+03 1.188036255989257439e+00 2.485271919919430861e+00
1.742221135854721069e+03 1.178035950804162679e+00 2.410269631031220161e+00
1.742241069793701172e+03 1.198036561174352199e+00 2.560274208807641561e+00
1.742258399724960327e+03 1.196036500137333203e+00 2.545273751029998976e+00
1.742275546073913574e+03 1.204036744285408966e+00 2.605275582140567536e+00
1.742289215087890625e+03 1.194036439100314206e+00 2.530273293252356837e+00
1.742301277399063110e+03 1.196036500137333203e+00 2.545273751029998976e+00
1.742317472219467163e+03 1.194036439100314206e+00 2.530273293252356837e+00
1.742388331174850464e+03 1.206036805322427963e+00 2.620276039918209676e+00
1.742402323484420776e+03 1.188036255989257439e+00 2.485271919919430861e+00
1.742459432363510132e+03 1.184036133915219446e+00 2.455271004364146137e+00
1.742472727775573730e+03 1.170035706656086916e+00 2.350267799920652045e+00
1.742501182794570923e+03 1.206036805322427963e+00 2.620276039918209676e+00
1.742546896457672119e+03 1.204036744285408966e+00 2.605275582140567536e+00
1.742559594154357910e+03 1.204036744285408966e+00 2.605275582140567536e+00
1.742573324680328369e+03 1.190036317026276436e+00 2.500272377697073445e+00
1.742587086200714111e+03 1.198036561174352199e+00 2.560274208807641561e+00
1.742611436843872070e+03 1.188036255989257439e+00 2.485271919919430861e+00
1.742653339147567749e+03 1.190036317026276436e+00 2.500272377697073445e+00
1.742675029039382935e+03 1.200036622211371196e+00 2.575274666585284145e+00
1.742688509464263916e+03 1.202036683248390192e+00 2.590275124362926285e+00
1.742701635360717773e+03 1.206036805322427963e+00 2.620276039918209676e+00
1.742714302301406860e+03 1.208036866359446959e+00 2.635276497695852260e+00
1.742728074550628662e+03 1.198036561174352199e+00 2.560274208807641561e+00
1.742742924690246582e+03 1.198036561174352199e+00 2.560274208807641561e+00
1.742757021665573120e+03 1.194036439100314206e+00 2.530273293252356837e+00
1.742770396232604980e+03 1.200036622211371196e+00 2.575274666585284145e+00
1.742785688877105713e+03 1.196036500137333203e+00 2.545273751029998976e+00
1.742828765869140625e+03 1.202036683248390192e+00 2.590275124362926285e+00
1.742879627704620361e+03 1.204036744285408966e+00 2.605275582140567536e+00
1.742938477993011475e+03 1.180036011841181676e+00 2.425270088808862745e+00
1.742952145814895630e+03 1.182036072878200672e+00 2.440270546586504885e+00
1.742970749616622925e+03 1.198036561174352199e+00 2.560274208807641561e+00
1.742999428749084473e+03 1.200036622211371196e+00 2.575274666585284145e+00
1.743033292770385742e+03 1.200036622211371196e+00 2.575274666585284145e+00
1.743064339160919189e+03 1.202036683248390192e+00 2.590275124362926285e+00
1.743101780891418457e+03 1.202036683248390192e+00 2.590275124362926285e+00
1.743128586530685425e+03 1.210036927396465956e+00 2.650276955473494844e+00
1.743164232015609741e+03 1.200036622211371196e+00 2.575274666585284145e+00
1.743185852050781250e+03 1.200036622211371196e+00 2.575274666585284145e+00
1.743201354265213013e+03 1.206036805322427963e+00 2.620276039918209676e+00
1.743217273473739624e+03 1.190036317026276436e+00 2.500272377697073445e+00
1.743234581232070923e+03 1.202036683248390192e+00 2.590275124362926285e+00
1.743289755344390869e+03 1.190036317026276436e+00 2.500272377697073445e+00
1.743304474115371704e+03 1.198036561174352199e+00 2.560274208807641561e+00
1.743318959236145020e+03 1.206036805322427963e+00 2.620276039918209676e+00
1.743333056211471558e+03 1.180036011841181676e+00 2.425270088808862745e+00
1.743353279590606689e+03 1.204036744285408966e+00 2.605275582140567536e+00
1.743370251893997192e+03 1.206036805322427963e+00 2.620276039918209676e+00
1.743384365797042847e+03 1.170035706656086916e+00 2.350267799920652045e+00
1.743403089761734009e+03 1.198036561174352199e+00 2.560274208807641561e+00
1.743419721364974976e+03 1.204036744285408966e+00 2.605275582140567536e+00
1.743468074321746826e+03 1.228037476729636479e+00 2.785281075472273660e+00
1.743519345998764038e+03 1.240037842951750235e+00 2.875283822138126943e+00
1.743578210353851318e+03 1.218037171544541719e+00 2.710278786584062960e+00
1.743592002868652344e+03 1.214037049470503726e+00 2.680277871028778236e+00
1.743617218971252441e+03 1.238037781914731239e+00 2.860283364360484359e+00
1.743647351503372192e+03 1.234037659840693468e+00 2.830282448805200968e+00
1.743675275564193726e+03 1.238037781914731239e+00 2.860283364360484359e+00
1.743691279172897339e+03 1.196036500137333203e+00 2.545273751029998976e+00
1.743706491231918335e+03 1.234037659840693468e+00 2.830282448805200968e+00
1.743718436002731323e+03 1.236037720877712243e+00 2.845282906582841775e+00
1.743780612230300903e+03 1.232037598803674472e+00 2.815281991027558384e+00
1.743796364784240723e+03 1.222037293618579712e+00 2.740279702139347684e+00
1.743814440011978149e+03 1.242037903988769232e+00 2.890284279915769083e+00
1.743832834720611572e+03 1.234037659840693468e+00 2.830282448805200968e+00
1.743844287157058716e+03 1.224037354655598708e+00 2.755280159916990268e+00
1.743860216617584229e+03 1.212036988433484952e+00 2.665277413251136984e+00
1.743875791311264038e+03 1.236037720877712243e+00 2.845282906582841775e+00
1.743892892599105835e+03 1.230037537766655475e+00 2.800281533249916244e+00
1.743935021400451660e+03 1.230037537766655475e+00 2.800281533249916244e+00
1.743984574556350708e+03 1.206036805322427963e+00 2.620276039918209676e+00
1.744043545007705688e+03 1.200036622211371196e+00 2.575274666585284145e+00
1.744057279825210571e+03 1.218037171544541719e+00 2.710278786584062960e+00
1.744079827547073364e+03 1.232037598803674472e+00 2.815281991027558384e+00
1.744116299629211426e+03 1.230037537766655475e+00 2.800281533249916244e+00
1.744137869119644165e+03 1.238037781914731239e+00 2.860283364360484359e+00
1.744152128934860229e+03 1.218037171544541719e+00 2.710278786584062960e+00
1.744164834260940552e+03 1.236037720877712243e+00 2.845282906582841775e+00
1.744179749727249146e+03 1.240037842951750235e+00 2.875283822138126943e+00
1.744233817100524902e+03 1.206036805322427963e+00 2.620276039918209676e+00
1.744251401424407959e+03 1.246038026062807003e+00 2.920285195471052475e+00
1.744264948844909668e+03 1.234037659840693468e+00 2.830282448805200968e+00
1.744279925584793091e+03 1.234037659840693468e+00 2.830282448805200968e+00
1.744294429063796997e+03 1.242037903988769232e+00 2.890284279915769083e+00
1.744308021068572998e+03 1.236037720877712243e+00 2.845282906582841775e+00
1.744321339130401611e+03 1.240037842951750235e+00 2.875283822138126943e+00
1.744334903001785278e+03 1.230037537766655475e+00 2.800281533249916244e+00
1.744349853992462158e+03 1.212036988433484952e+00 2.665277413251136984e+00
1.744371832847595215e+03 1.226037415692617483e+00 2.770280617694631076e+00
1.744423454046249390e+03 1.238037781914731239e+00 2.860283364360484359e+00
1.744455683946609497e+03 1.242037903988769232e+00 2.890284279915769083e+00
1.744512137651443481e+03 1.230037537766655475e+00 2.800281533249916244e+00
1.744526470661163330e+03 1.186036194952238443e+00 2.470271462141788277e+00
1.744544678688049316e+03 1.236037720877712243e+00 2.845282906582841775e+00
1.744573758125305176e+03 1.240037842951750235e+00 2.875283822138126943e+00
1.744602157354354858e+03 1.226037415692617483e+00 2.770280617694631076e+00
1.744630967855453491e+03 1.242037903988769232e+00 2.890284279915769083e+00
1.744674206256866455e+03 1.240037842951750235e+00 2.875283822138126943e+00
1.744695585489273071e+03 1.230037537766655475e+00 2.800281533249916244e+00
1.744735877752304077e+03 1.224037354655598708e+00 2.755280159916990268e+00
1.744759629487991333e+03 1.242037903988769232e+00 2.890284279915769083e+00
1.744772388696670532e+03 1.240037842951750235e+00 2.875283822138126943e+00
1.744786273002624512e+03 1.218037171544541719e+00 2.710278786584062960e+00
1.744803347110748291e+03 1.216037110507522723e+00 2.695278328806420376e+00
1.744862987756729126e+03 1.238037781914731239e+00 2.860283364360484359e+00
1.744874621868133545e+03 1.240037842951750235e+00 2.875283822138126943e+00
1.744888018846511841e+03 1.238037781914731239e+00 2.860283364360484359e+00
1.744902228593826294e+03 1.238037781914731239e+00 2.860283364360484359e+00
1.744922831773757935e+03 1.226037415692617483e+00 2.770280617694631076e+00
1.744938429594039917e+03 1.240037842951750235e+00 2.875283822138126943e+00
1.744955261707305908e+03 1.228037476729636479e+00 2.785281075472273660e+00
1.744969328403472900e+03 1.238037781914731239e+00 2.860283364360484359e+00
1.744983158349990845e+03 1.240037842951750235e+00 2.875283822138126943e+00
1.745043081283569336e+03 1.228037476729636479e+00 2.785281075472273660e+00
1.745074461698532104e+03 1.240037842951750235e+00 2.875283822138126943e+00
1.745130373954772949e+03 1.212036988433484952e+00 2.665277413251136984e+00
1.745143884181976318e+03 1.204036744285408966e+00 2.605275582140567536e+00
1.745169096469879150e+03 1.232037598803674472e+00 2.815281991027558384e+00
1.745218250751495361e+03 1.236037720877712243e+00 2.845282906582841775e+00
1.745230179786682129e+03 1.232037598803674472e+00 2.815281991027558384e+00
1.745246250629425049e+03 1.232037598803674472e+00 2.815281991027558384e+00
1.745260857582092285e+03 1.218037171544541719e+00 2.710278786584062960e+00
1.745271646976470947e+03 1.238037781914731239e+00 2.860283364360484359e+00
1.745313404798507690e+03 1.234037659840693468e+00 2.830282448805200968e+00
1.745337094068527222e+03 1.240037842951750235e+00 2.875283822138126943e+00
1.745356811285018921e+03 1.238037781914731239e+00 2.860283364360484359e+00
1.745371009349822998e+03 1.238037781914731239e+00 2.860283364360484359e+00
1.745392242193222046e+03 1.218037171544541719e+00 2.710278786584062960e+00
1.745410886049270630e+03 1.228037476729636479e+00 2.785281075472273660e+00
1.745426334857940674e+03 1.238037781914731239e+00 2.860283364360484359e+00
1.745438979148864746e+03 1.238037781914731239e+00 2.860283364360484359e+00
1.745452946901321411e+03 1.234037659840693468e+00 2.830282448805200968e+00
1.745531147003173828e+03 1.228037476729636479e+00 2.785281075472273660e+00
1.745545130968093872e+03 1.226037415692617483e+00 2.770280617694631076e+00
1.745601392269134521e+03 1.218037171544541719e+00 2.710278786584062960e+00
1.745615604877471924e+03 1.192036378063295432e+00 2.515272835474715585e+00
1.745642174959182739e+03 1.224037354655598708e+00 2.755280159916990268e+00
1.745672307491302490e+03 1.230037537766655475e+00 2.800281533249916244e+00
1.745696519136428833e+03 1.228037476729636479e+00 2.785281075472273660e+00
1.745709131479263306e+03 1.236037720877712243e+00 2.845282906582841775e+00
1.745724595785140991e+03 1.212036988433484952e+00 2.665277413251136984e+00
1.745740800619125366e+03 1.238037781914731239e+00 2.860283364360484359e+00
1.745782951831817627e+03 1.232037598803674472e+00 2.815281991027558384e+00
1.745799892187118530e+03 1.238037781914731239e+00 2.860283364360484359e+00
1.745814318656921387e+03 1.238037781914731239e+00 2.860283364360484359e+00
1.745837270021438599e+03 1.226037415692617483e+00 2.770280617694631076e+00
1.745852272748947144e+03 1.238037781914731239e+00 2.860283364360484359e+00
1.745867432832717896e+03 1.222037293618579712e+00 2.740279702139347684e+00
1.745885594367980957e+03 1.238037781914731239e+00 2.860283364360484359e+00
1.745900699377059937e+03 1.236037720877712243e+00 2.845282906582841775e+00
1.745914471626281738e+03 1.242037903988769232e+00 2.890284279915769083e+00
1.745960448741912842e+03 1.236037720877712243e+00 2.845282906582841775e+00
1.746008733272552490e+03 1.232037598803674472e+00 2.815281991027558384e+00
1.746067165851593018e+03 1.212036988433484952e+00 2.665277413251136984e+00
1.746087687492370605e+03 1.210036927396465956e+00 2.650276955473494844e+00
1.746109642505645752e+03 1.236037720877712243e+00 2.845282906582841775e+00
1.746139121294021606e+03 1.232037598803674472e+00 2.815281991027558384e+00
1.746169886589050293e+03 1.242037903988769232e+00 2.890284279915769083e+00
1.746227119922637939e+03 1.236037720877712243e+00 2.845282906582841775e+00
1.746239408016204834e+03 1.228037476729636479e+00 2.785281075472273660e+00
1.746264953613281250e+03 1.238037781914731239e+00 2.860283364360484359e+00
1.746292002439498901e+03 1.216037110507522723e+00 2.695278328806420376e+00
1.746318630933761597e+03 1.246038026062807003e+00 2.920285195471052475e+00
1.746332513570785522e+03 1.240037842951750235e+00 2.875283822138126943e+00
1.746343329668045044e+03 1.236037720877712243e+00 2.845282906582841775e+00
1.746360708951950073e+03 1.224037354655598708e+00 2.755280159916990268e+00
1.746404619932174683e+03 1.234037659840693468e+00 2.830282448805200968e+00
1.746432302474975586e+03 1.236037720877712243e+00 2.845282906582841775e+00
1.746448312044143677e+03 1.240037842951750235e+00 2.875283822138126943e+00
1.746461306095123291e+03 1.240037842951750235e+00 2.875283822138126943e+00
1.746480250358581543e+03 1.240037842951750235e+00 2.875283822138126943e+00
1.746496973276138306e+03 1.238037781914731239e+00 2.860283364360484359e+00
1.746514692306518555e+03 1.222037293618579712e+00 2.740279702139347684e+00
1.746528325080871582e+03 1.238037781914731239e+00 2.860283364360484359e+00
1.746543013811111450e+03 1.240037842951750235e+00 2.875283822138126943e+00
1.746569525003433228e+03 1.234037659840693468e+00 2.830282448805200968e+00
1.746605509757995605e+03 1.236037720877712243e+00 2.845282906582841775e+00
1.746636731624603271e+03 1.234037659840693468e+00 2.830282448805200968e+00
1.746691750288009644e+03 1.210036927396465956e+00 2.650276955473494844e+00
1.746704969167709351e+03 1.206036805322427963e+00 2.620276039918209676e+00
1.746733069419860840e+03 1.238037781914731239e+00 2.860283364360484359e+00
1.746774369001388550e+03 1.236037720877712243e+00 2.845282906582841775e+00
1.746787634134292603e+03 1.234037659840693468e+00 2.830282448805200968e+00
1.746805442094802856e+03 1.234037659840693468e+00 2.830282448805200968e+00
1.746818604707717896e+03 1.228037476729636479e+00 2.785281075472273660e+00
1.746864340543746948e+03 1.222037293618579712e+00 2.740279702139347684e+00
1.746890697956085205e+03 1.234037659840693468e+00 2.830282448805200968e+00
1.746904541969299316e+03 1.238037781914731239e+00 2.860283364360484359e+00
1.746919583082199097e+03 1.238037781914731239e+00 2.860283364360484359e+00
1.746936473131179810e+03 1.228037476729636479e+00 2.785281075472273660e+00
1.746951301097869873e+03 1.240037842951750235e+00 2.875283822138126943e+00
1.746964148283004761e+03 1.230037537766655475e+00 2.800281533249916244e+00
1.746977393627166748e+03 1.242037903988769232e+00 2.890284279915769083e+00
1.747000330924987793e+03 1.220037232581560716e+00 2.725279244361705544e+00
1.747025590419769287e+03 1.234037659840693468e+00 2.830282448805200968e+00
1.747064415693283081e+03 1.232037598803674472e+00 2.815281991027558384e+00
1.747095124006271362e+03 1.240037842951750235e+00 2.875283822138126943e+00
1.747150450706481934e+03 1.220037232581560716e+00 2.725279244361705544e+00
1.747164120197296143e+03 1.214037049470503726e+00 2.680277871028778236e+00
1.747186589956283569e+03 1.238037781914731239e+00 2.860283364360484359e+00
1.747221535444259644e+03 1.238037781914731239e+00 2.860283364360484359e+00
1.747239703893661499e+03 1.240037842951750235e+00 2.875283822138126943e+00
1.747254908800125122e+03 1.244037965025788228e+00 2.905284737693411667e+00
1.747270218849182129e+03 1.238037781914731239e+00 2.860283364360484359e+00
1.747285300254821777e+03 1.238037781914731239e+00 2.860283364360484359e+00
1.747347383022308350e+03 1.230037537766655475e+00 2.800281533249916244e+00
1.747362767457962036e+03 1.234037659840693468e+00 2.830282448805200968e+00
1.747389481544494629e+03 1.246038026062807003e+00 2.920285195471052475e+00
1.747411362171173096e+03 1.216037110507522723e+00 2.695278328806420376e+00
1.747428864002227783e+03 1.230037537766655475e+00 2.800281533249916244e+00
1.747442991018295288e+03 1.234037659840693468e+00 2.830282448805200968e+00
1.747461248874664307e+03 1.226037415692617483e+00 2.770280617694631076e+00
1.747496257305145264e+03 1.244037965025788228e+00 2.905284737693411667e+00
1.747544611454010010e+03 1.228037476729636479e+00 2.785281075472273660e+00
1.747602692365646362e+03 1.220037232581560716e+00 2.725279244361705544e+00
1.747616450071334839e+03 1.216037110507522723e+00 2.695278328806420376e+00
1.747634809255599976e+03 1.240037842951750235e+00 2.875283822138126943e+00
1.747663045406341553e+03 1.242037903988769232e+00 2.890284279915769083e+00
1.747691248893737793e+03 1.244037965025788228e+00 2.905284737693411667e+00
1.747719261169433594e+03 1.198036561174352199e+00 2.560274208807641561e+00
1.747767832756042480e+03 1.242037903988769232e+00 2.890284279915769083e+00
1.747789092302322388e+03 1.226037415692617483e+00 2.770280617694631076e+00
1.747831268310546875e+03 1.236037720877712243e+00 2.845282906582841775e+00
1.747851334571838379e+03 1.240037842951750235e+00 2.875283822138126943e+00
1.747864864826202393e+03 1.240037842951750235e+00 2.875283822138126943e+00
1.747876058101654053e+03 1.234037659840693468e+00 2.830282448805200968e+00
1.747886984348297119e+03 1.232037598803674472e+00 2.815281991027558384e+00
1.747902550697326660e+03 1.226037415692617483e+00 2.770280617694631076e+00
1.747950402975082397e+03 1.208036866359446959e+00 2.635276497695852260e+00
1.747970849514007568e+03 1.238037781914731239e+00 2.860283364360484359e+00
1.747987434148788452e+03 1.230037537766655475e+00 2.800281533249916244e+00
1.748004959821701050e+03 1.212036988433484952e+00 2.665277413251136984e+00
1.748022511959075928e+03 1.234037659840693468e+00 2.830282448805200968e+00
1.748038713455200195e+03 1.232037598803674472e+00 2.815281991027558384e+00
1.748055612802505493e+03 1.236037720877712243e+00 2.845282906582841775e+00
1.748070767641067505e+03 1.234037659840693468e+00 2.830282448805200968e+00
1.748128982782363892e+03 1.232037598803674472e+00 2.815281991027558384e+00
1.748160246133804321e+03 1.240037842951750235e+00 2.875283822138126943e+00
1.748215850591659546e+03 1.192036378063295432e+00 2.515272835474715585e+00
1.748228841781616211e+03 1.216037110507522723e+00 2.695278328806420376e+00
1.748254350900650024e+03 1.240037842951750235e+00 2.875283822138126943e+00
1.748286621093750000e+03 1.232037598803674472e+00 2.815281991027558384e+00
1.748311032056808472e+03 1.226037415692617483e+00 2.770280617694631076e+00
1.748323008537292480e+03 1.236037720877712243e+00 2.845282906582841775e+00
1.748333851575851440e+03 1.228037476729636479e+00 2.785281075472273660e+00
1.748347012042999268e+03 1.226037415692617483e+00 2.770280617694631076e+00
1.748391177892684937e+03 1.230037537766655475e+00 2.800281533249916244e+00
1.748422919511795044e+03 1.234037659840693468e+00 2.830282448805200968e+00
1.748446199178695679e+03 1.192036378063295432e+00 2.515272835474715585e+00
1.748463966131210327e+03 1.214037049470503726e+00 2.680277871028778236e+00
1.748478225469589233e+03 1.214037049470503726e+00 2.680277871028778236e+00
1.748491998672485352e+03 1.184036133915219446e+00 2.455271004364146137e+00
1.748505280256271362e+03 1.206036805322427963e+00 2.620276039918209676e+00
1.748521167278289795e+03 1.212036988433484952e+00 2.665277413251136984e+00
1.748534321546554565e+03 1.180036011841181676e+00 2.425270088808862745e+00
1.748595705509185791e+03 1.210036927396465956e+00 2.650276955473494844e+00
1.748626402616500854e+03 1.202036683248390192e+00 2.590275124362926285e+00
1.748682652235031128e+03 1.160035401470992156e+00 2.275265511032441346e+00
1.748702400207519531e+03 1.076032837916196305e+00 1.645246284371472356e+00
1.748727808475494385e+03 1.194036439100314206e+00 2.530273293252356837e+00
1.748748611927032471e+03 1.206036805322427963e+00 2.620276039918209676e+00
1.748772115945816040e+03 1.204036744285408966e+00 2.605275582140567536e+00
1.748784272909164429e+03 1.126034363841670105e+00 2.020257728812525855e+00
1.748796241521835327e+03 1.212036988433484952e+00 2.665277413251136984e+00
1.748807976961135864e+03 1.208036866359446959e+00 2.635276497695852260e+00
1.748818760156631470e+03 1.208036866359446959e+00 2.635276497695852260e+00
1.748869017362594604e+03 1.138034730063783861e+00 2.110260475478379139e+00
1.748888194799423218e+03 1.200036622211371196e+00 2.575274666585284145e+00
1.748902444601058960e+03 1.210036927396465956e+00 2.650276955473494844e+00
1.748915360927581787e+03 1.210036927396465956e+00 2.650276955473494844e+00
1.748935476541519165e+03 1.190036317026276436e+00 2.500272377697073445e+00
1.748951231956481934e+03 1.112033936582537352e+00 1.915254524369030209e+00
1.748966774702072144e+03 1.202036683248390192e+00 2.590275124362926285e+00
1.748979703903198242e+03 1.214037049470503726e+00 2.680277871028778236e+00
1.748992923021316528e+03 1.194036439100314206e+00 2.530273293252356837e+00
1.749051270961761475e+03 1.188036255989257439e+00 2.485271919919430861e+00
1.749082214117050171e+03 1.208036866359446959e+00 2.635276497695852260e+00
1.749137550354003906e+03 1.174035828730124686e+00 2.380268715475935437e+00
1.749151855945587158e+03 1.162035462508010930e+00 2.290265968810082153e+00
1.749170487880706787e+03 1.204036744285408966e+00 2.605275582140567536e+00
1.749198974609375000e+03 1.190036317026276436e+00 2.500272377697073445e+00
1.749227232694625854e+03 1.174035828730124686e+00 2.380268715475935437e+00
1.749255285978317261e+03 1.206036805322427963e+00 2.620276039918209676e+00
1.749297494649887085e+03 1.208036866359446959e+00 2.635276497695852260e+00
1.749318824529647827e+03 1.180036011841181676e+00 2.425270088808862745e+00
1.749354647159576416e+03 1.210036927396465956e+00 2.650276955473494844e+00
1.749380888938903809e+03 1.202036683248390192e+00 2.590275124362926285e+00
1.749394168615341187e+03 1.204036744285408966e+00 2.605275582140567536e+00
1.749405788898468018e+03 1.198036561174352199e+00 2.560274208807641561e+00
1.749416597604751587e+03 1.196036500137333203e+00 2.545273751029998976e+00
1.749427649259567261e+03 1.208036866359446959e+00 2.635276497695852260e+00
1.749476612329483032e+03 1.168035645619067919e+00 2.335267342143009461e+00
1.749496011257171631e+03 1.200036622211371196e+00 2.575274666585284145e+00
1.749512802600860596e+03 1.206036805322427963e+00 2.620276039918209676e+00
1.749529723644256592e+03 1.204036744285408966e+00 2.605275582140567536e+00
1.749546140909194946e+03 1.196036500137333203e+00 2.545273751029998976e+00
1.749560528278350830e+03 1.198036561174352199e+00 2.560274208807641561e+00
1.749580847501754761e+03 1.206036805322427963e+00 2.620276039918209676e+00
1.749615545988082886e+03 1.206036805322427963e+00 2.620276039918209676e+00
1.749674147129058838e+03 1.200036622211371196e+00 2.575274666585284145e+00
1.749688445091247559e+03 1.192036378063295432e+00 2.515272835474715585e+00
1.749742827892303467e+03 1.180036011841181676e+00 2.425270088808862745e+00
1.749756583213806152e+03 1.174035828730124686e+00 2.380268715475935437e+00
1.749780812025070190e+03 1.198036561174352199e+00 2.560274208807641561e+00
1.749815376520156860e+03 1.200036622211371196e+00 2.575274666585284145e+00
1.749837205648422241e+03 1.190036317026276436e+00 2.500272377697073445e+00
1.749850256443023682e+03 1.178035950804162679e+00 2.410269631031220161e+00
1.749861038208007812e+03 1.206036805322427963e+00 2.620276039918209676e+00
1.749874660253524780e+03 1.202036683248390192e+00 2.590275124362926285e+00
1.749901124954223633e+03 1.196036500137333203e+00 2.545273751029998976e+00
1.749943669319152832e+03 1.198036561174352199e+00 2.560274208807641561e+00
1.749959742784500122e+03 1.168035645619067919e+00 2.335267342143009461e+00
1.749975010156631470e+03 1.202036683248390192e+00 2.590275124362926285e+00
1.749992091894149780e+03 1.204036744285408966e+00 2.605275582140567536e+00
1.750006831884384155e+03 1.194036439100314206e+00 2.530273293252356837e+00
1.750024296045303345e+03 1.190036317026276436e+00 2.500272377697073445e+00
1.750039852619171143e+03 1.204036744285408966e+00 2.605275582140567536e+00
1.750062232732772827e+03 1.210036927396465956e+00 2.650276955473494844e+00
1.750116877079010010e+03 1.184036133915219446e+00 2.455271004364146137e+00
1.750146205663681030e+03 1.200036622211371196e+00 2.575274666585284145e+00
1.750202604532241821e+03 1.188036255989257439e+00 2.485271919919430861e+00
1.750222647428512573e+03 1.170035706656086916e+00 2.350267799920652045e+00
1.750241009473800659e+03 1.176035889767143683e+00 2.395269173253577577e+00
1.750273976325988770e+03 1.194036439100314206e+00 2.530273293252356837e+00
1.750295322656631470e+03 1.198036561174352199e+00 2.560274208807641561e+00
1.750310997724533081e+03 1.170035706656086916e+00 2.350267799920652045e+00
1.750326328754425049e+03 1.204036744285408966e+00 2.605275582140567536e+00
1.750356611728668213e+03 1.176035889767143683e+00 2.395269173253577577e+00
1.750398874521255493e+03 1.196036500137333203e+00 2.545273751029998976e+00
1.750415497064590454e+03 1.204036744285408966e+00 2.605275582140567536e+00
1.750431335449218750e+03 1.190036317026276436e+00 2.500272377697073445e+00
1.750448586463928223e+03 1.172035767693105690e+00 2.365268257698292853e+00
1.750464218378067017e+03 1.198036561174352199e+00 2.560274208807641561e+00
1.750480854272842407e+03 1.196036500137333203e+00 2.545273751029998976e+00
1.750495379686355591e+03 1.202036683248390192e+00 2.590275124362926285e+00
1.750508608341217041e+03 1.176035889767143683e+00 2.395269173253577577e+00
1.750551242828369141e+03 1.196036500137333203e+00 2.545273751029998976e+00
1.750594166040420532e+03 1.174035828730124686e+00 2.380268715475935437e+00
1.750653970241546631e+03 1.192036378063295432e+00 2.515272835474715585e+00
1.750668009281158447e+03 1.164035523545029926e+00 2.305266426587724737e+00
1.750694561243057251e+03 1.204036744285408966e+00 2.605275582140567536e+00
1.750724120855331421e+03 1.206036805322427963e+00 2.620276039918209676e+00
1.750752443552017212e+03 1.188036255989257439e+00 2.485271919919430861e+00
1.750782337427139282e+03 1.192036378063295432e+00 2.515272835474715585e+00
1.750818376302719116e+03 1.204036744285408966e+00 2.605275582140567536e+00
1.750839736461639404e+03 1.200036622211371196e+00 2.575274666585284145e+00
1.750919244527816772e+03 1.196036500137333203e+00 2.545273751029998976e+00
1.750933562040328979e+03 1.206036805322427963e+00 2.620276039918209676e+00
1.750944775342941284e+03 1.230037537766655475e+00 2.800281533249916244e+00
1.750959460735321045e+03 1.226037415692617483e+00 2.770280617694631076e+00
1.751018707513809204e+03 1.226037415692617483e+00 2.770280617694631076e+00
1.751033687353134155e+03 1.240037842951750235e+00 2.875283822138126943e+00
1.751047667026519775e+03 1.236037720877712243e+00 2.845282906582841775e+00
1.751064236879348755e+03 1.242037903988769232e+00 2.890284279915769083e+00
1.751078899383544922e+03 1.234037659840693468e+00 2.830282448805200968e+00
1.751091795682907104e+03 1.232037598803674472e+00 2.815281991027558384e+00
1.751105939865112305e+03 1.224037354655598708e+00 2.755280159916990268e+00
1.751121316909790039e+03 1.238037781914731239e+00 2.860283364360484359e+00
1.751144407272338867e+03 1.224037354655598708e+00 2.755280159916990268e+00
1.751181051492691040e+03 1.228037476729636479e+00 2.785281075472273660e+00
1.751224591970443726e+03 1.232037598803674472e+00 2.815281991027558384e+00
1.751283424854278564e+03 1.228037476729636479e+00 2.785281075472273660e+00
1.751296577453613281e+03 1.206036805322427963e+00 2.620276039918209676e+00
1.751318849086761475e+03 1.238037781914731239e+00 2.860283364360484359e+00
1.751360765933990479e+03 1.232037598803674472e+00 2.815281991027558384e+00
1.751382257223129272e+03 1.240037842951750235e+00 2.875283822138126943e+00
1.751396238565444946e+03 1.246038026062807003e+00 2.920285195471052475e+00
1.751411846160888672e+03 1.238037781914731239e+00 2.860283364360484359e+00
1.751424435377120972e+03 1.236037720877712243e+00 2.845282906582841775e+00
1.751465028524398804e+03 1.238037781914731239e+00 2.860283364360484359e+00
1.751490754604339600e+03 1.234037659840693468e+00 2.830282448805200968e+00
1.751515492439270020e+03 1.224037354655598708e+00 2.755280159916990268e+00
1.751538193941116333e+03 1.224037354655598708e+00 2.755280159916990268e+00
1.751556083440780640e+03 1.234037659840693468e+00 2.830282448805200968e+00
1.751570471048355103e+03 1.238037781914731239e+00 2.860283364360484359e+00
1.751588689804077148e+03 1.232037598803674472e+00 2.815281991027558384e+00
1.751604163408279419e+03 1.240037842951750235e+00 2.875283822138126943e+00
1.751658200979232788e+03 1.242037903988769232e+00 2.890284279915769083e+00
1.751687692880630493e+03 1.232037598803674472e+00 2.815281991027558384e+00
1.751743658542633057e+03 1.224037354655598708e+00 2.755280159916990268e+00
1.751764453172683716e+03 1.210036927396465956e+00 2.650276955473494844e+00
1.751783065319061279e+03 1.234037659840693468e+00 2.830282448805200968e+00
1.751831846952438354e+03 1.228037476729636479e+00 2.785281075472273660e+00
1.751844862937927246e+03 1.230037537766655475e+00 2.800281533249916244e+00
1.751856933116912842e+03 1.206036805322427963e+00 2.620276039918209676e+00
1.751867872714996338e+03 1.236037720877712243e+00 2.845282906582841775e+00
1.751883323431015015e+03 1.196036500137333203e+00 2.545273751029998976e+00
1.751932269334793091e+03 1.212036988433484952e+00 2.665277413251136984e+00
1.751954770088195801e+03 1.228037476729636479e+00 2.785281075472273660e+00
1.751972191810607910e+03 1.240037842951750235e+00 2.875283822138126943e+00
1.751985431432723999e+03 1.228037476729636479e+00 2.785281075472273660e+00
1.751998521804809570e+03 1.238037781914731239e+00 2.860283364360484359e+00
1.752018812894821167e+03 1.238037781914731239e+00 2.860283364360484359e+00
1.752036051988601685e+03 1.240037842951750235e+00 2.875283822138126943e+00
1.752050321578979492e+03 1.210036927396465956e+00 2.650276955473494844e+00
1.752107949733734131e+03 1.230037537766655475e+00 2.800281533249916244e+00
1.752138961315155029e+03 1.238037781914731239e+00 2.860283364360484359e+00
1.752195303916931152e+03 1.230037537766655475e+00 2.800281533249916244e+00
1.752209487676620483e+03 1.204036744285408966e+00 2.605275582140567536e+00
1.752239144802093506e+03 1.232037598803674472e+00 2.815281991027558384e+00
1.752272146224975586e+03 1.240037842951750235e+00 2.875283822138126943e+00
1.752308135986328125e+03 1.242037903988769232e+00 2.890284279915769083e+00
1.752354078292846680e+03 1.238037781914731239e+00 2.860283364360484359e+00
1.752366602420806885e+03 1.232037598803674472e+00 2.815281991027558384e+00
1.752391498327255249e+03 1.228037476729636479e+00 2.785281075472273660e+00
1.752422743558883667e+03 1.208036866359446959e+00 2.635276497695852260e+00
1.752444264650344849e+03 1.240037842951750235e+00 2.875283822138126943e+00
1.752456191301345825e+03 1.240037842951750235e+00 2.875283822138126943e+00
1.752468117475509644e+03 1.230037537766655475e+00 2.800281533249916244e+00
1.752480929136276245e+03 1.218037171544541719e+00 2.710278786584062960e+00
1.752527349233627319e+03 1.234037659840693468e+00 2.830282448805200968e+00
1.752552048683166504e+03 1.236037720877712243e+00 2.845282906582841775e+00
1.752573609828948975e+03 1.236037720877712243e+00 2.845282906582841775e+00
1.752585692644119263e+03 1.224037354655598708e+00 2.755280159916990268e+00
1.752601364612579346e+03 1.226037415692617483e+00 2.770280617694631076e+00
1.752616492748260498e+03 1.236037720877712243e+00 2.845282906582841775e+00
1.752634628057479858e+03 1.230037537766655475e+00 2.800281533249916244e+00
1.752647706747055054e+03 1.238037781914731239e+00 2.860283364360484359e+00
1.752677601337432861e+03 1.240037842951750235e+00 2.875283822138126943e+00
1.752720425844192505e+03 1.230037537766655475e+00 2.800281533249916244e+00
1.752750262498855591e+03 1.236037720877712243e+00 2.845282906582841775e+00
1.752806206464767456e+03 1.206036805322427963e+00 2.620276039918209676e+00
1.752820020914077759e+03 1.212036988433484952e+00 2.665277413251136984e+00
1.752844830513000488e+03 1.240037842951750235e+00 2.875283822138126943e+00
1.752879986047744751e+03 1.234037659840693468e+00 2.830282448805200968e+00
1.752900300979614258e+03 1.238037781914731239e+00 2.860283364360484359e+00
1.752913181543350220e+03 1.242037903988769232e+00 2.890284279915769083e+00
1.752927217721939087e+03 1.234037659840693468e+00 2.830282448805200968e+00
1.752942638158798218e+03 1.202036683248390192e+00 2.590275124362926285e+00
1.752984554290771484e+03 1.240037842951750235e+00 2.875283822138126943e+00
1.753008719682693481e+03 1.232037598803674472e+00 2.815281991027558384e+00
1.753026745080947876e+03 1.242037903988769232e+00 2.890284279915769083e+00
1.753041319370269775e+03 1.234037659840693468e+00 2.830282448805200968e+00
1.753055501699447632e+03 1.236037720877712243e+00 2.845282906582841775e+00
1.753068834781646729e+03 1.234037659840693468e+00 2.830282448805200968e+00
1.753082765817642212e+03 1.242037903988769232e+00 2.890284279915769083e+00
1.753099610805511475e+03 1.238037781914731239e+00 2.860283364360484359e+00
1.753113866090774536e+03 1.236037720877712243e+00 2.845282906582841775e+00
1.753141887903213501e+03 1.230037537766655475e+00 2.800281533249916244e+00
1.753181906461715698e+03 1.232037598803674472e+00 2.815281991027558384e+00
1.753211455345153809e+03 1.240037842951750235e+00 2.875283822138126943e+00
1.753267359733581543e+03 1.224037354655598708e+00 2.755280159916990268e+00
1.753281877517700195e+03 1.198036561174352199e+00 2.560274208807641561e+00
1.753306844711303711e+03 1.222037293618579712e+00 2.740279702139347684e+00
1.753336983919143677e+03 1.232037598803674472e+00 2.815281991027558384e+00
1.753359916448593140e+03 1.234037659840693468e+00 2.830282448805200968e+00
1.753373569011688232e+03 1.238037781914731239e+00 2.860283364360484359e+00
1.753384783983230591e+03 1.196036500137333203e+00 2.545273751029998976e+00
1.753395761489868164e+03 1.242037903988769232e+00 2.890284279915769083e+00
1.753406956911087036e+03 1.212036988433484952e+00 2.665277413251136984e+00
1.753428814411163330e+03 1.242037903988769232e+00 2.890284279915769083e+00
1.753460024595260620e+03 1.230037537766655475e+00 2.800281533249916244e+00
1.753477244138717651e+03 1.214037049470503726e+00 2.680277871028778236e+00
1.753491832017898560e+03 1.234037659840693468e+00 2.830282448805200968e+00
1.753505834817886353e+03 1.240037842951750235e+00 2.875283822138126943e+00
1.753522923231124878e+03 1.238037781914731239e+00 2.860283364360484359e+00
1.753539360046386719e+03 1.238037781914731239e+00 2.860283364360484359e+00
1.753557110548019409e+03 1.236037720877712243e+00 2.845282906582841775e+00
1.753572812318801880e+03 1.238037781914731239e+00 2.860283364360484359e+00
1.753588915348052979e+03 1.240037842951750235e+00 2.875283822138126943e+00
1.753624061584472656e+03 1.230037537766655475e+00 2.800281533249916244e+00
1.753669120788574219e+03 1.234037659840693468e+00 2.830282448805200968e+00
1.753728030681610107e+03 1.230037537766655475e+00 2.800281533249916244e+00
1.753741470575332642e+03 1.206036805322427963e+00 2.620276039918209676e+00
1.753769521474838257e+03 1.236037720877712243e+00 2.845282906582841775e+00
1.753798058032989502e+03 1.228037476729636479e+00 2.785281075472273660e+00
1.753826203346252441e+03 1.218037171544541719e+00 2.710278786584062960e+00
1.753860529422760010e+03 1.236037720877712243e+00 2.845282906582841775e+00
1.753892217636108398e+03 1.236037720877712243e+00 2.845282906582841775e+00
1.753919023990631104e+03 1.230037537766655475e+00 2.800281533249916244e+00
1.753962884187698364e+03 1.236037720877712243e+00 2.845282906582841775e+00
1.753975768566131592e+03 1.242037903988769232e+00 2.890284279915769083e+00
1.753987643957138062e+03 1.238037781914731239e+00 2.860283364360484359e+00
1.753998728036880493e+03 1.220037232581560716e+00 2.725279244361705544e+00
1.754010150194168091e+03 1.236037720877712243e+00 2.845282906582841775e+00
1.754021124839782715e+03 1.214037049470503726e+00 2.680277871028778236e+00
1.754075329780578613e+03 1.238037781914731239e+00 2.860283364360484359e+00
1.754090418100357056e+03 1.240037842951750235e+00 2.875283822138126943e+00
1.754103705406188965e+03 1.240037842951750235e+00 2.875283822138126943e+00
1.754116998434066772e+03 1.234037659840693468e+00 2.830282448805200968e+00
1.754139701366424561e+03 1.242037903988769232e+00 2.890284279915769083e+00
1.754155217885971069e+03 1.238037781914731239e+00 2.860283364360484359e+00
1.754168679952621460e+03 1.240037842951750235e+00 2.875283822138126943e+00
1.754182276725769043e+03 1.242037903988769232e+00 2.890284279915769083e+00
1.754195619583129883e+03 1.232037598803674472e+00 2.815281991027558384e+00
1.754253556966781616e+03 1.232037598803674472e+00 2.815281991027558384e+00
1.754284429788589478e+03 1.242037903988769232e+00 2.890284279915769083e+00
1.754340318441390991e+03 1.202036683248390192e+00 2.590275124362926285e+00
1.754353521108627319e+03 1.212036988433484952e+00 2.665277413251136984e+00
1.754390531063079834e+03 1.238037781914731239e+00 2.860283364360484359e+00
1.754434238672256470e+03 1.206036805322427963e+00 2.620276039918209676e+00
1.754449434518814087e+03 1.224037354655598708e+00 2.755280159916990268e+00
1.754462299346923828e+03 1.238037781914731239e+00 2.860283364360484359e+00
1.754477514028549194e+03 1.244037965025788228e+00 2.905284737693411667e+00
1.754540547847747803e+03 1.234037659840693468e+00 2.830282448805200968e+00
1.754556914091110229e+03 1.238037781914731239e+00 2.860283364360484359e+00
1.754572197675704956e+03 1.240037842951750235e+00 2.875283822138126943e+00
1.754585557222366333e+03 1.240037842951750235e+00 2.875283822138126943e+00
1.754599347352981567e+03 1.234037659840693468e+00 2.830282448805200968e+00
1.754619703292846680e+03 1.206036805322427963e+00 2.620276039918209676e+00
1.754636103391647339e+03 1.232037598803674472e+00 2.815281991027558384e+00
1.754651023626327515e+03 1.238037781914731239e+00 2.860283364360484359e+00
1.754678109169006348e+03 1.224037354655598708e+00 2.755280159916990268e+00
1.754713533163070679e+03 1.236037720877712243e+00 2.845282906582841775e+00
1.754743481397628784e+03 1.238037781914731239e+00 2.860283364360484359e+00
1.754798622131347656e+03 1.214037049470503726e+00 2.680277871028778236e+00
1.754812509059906006e+03 1.214037049470503726e+00 2.680277871028778236e+00
1.754839368104934692e+03 1.206036805322427963e+00 2.620276039918209676e+00
1.754885493040084839e+03 1.240037842951750235e+00 2.875283822138126943e+00
1.754900367498397827e+03 1.238037781914731239e+00 2.860283364360484359e+00
1.754912873029708862e+03 1.244037965025788228e+00 2.905284737693411667e+00
1.754924331188201904e+03 1.230037537766655475e+00 2.800281533249916244e+00
1.754943497419357300e+03 1.236037720877712243e+00 2.845282906582841775e+00
1.754987387657165527e+03 1.238037781914731239e+00 2.860283364360484359e+00
1.755008558511734009e+03 1.238037781914731239e+00 2.860283364360484359e+00
1.755024363279342651e+03 1.228037476729636479e+00 2.785281075472273660e+00
1.755041477680206299e+03 1.240037842951750235e+00 2.875283822138126943e+00
1.755057961940765381e+03 1.230037537766655475e+00 2.800281533249916244e+00
1.755069185018539429e+03 1.232037598803674472e+00 2.815281991027558384e+00
1.755083132028579712e+03 1.240037842951750235e+00 2.875283822138126943e+00
1.755099702119827271e+03 1.244037965025788228e+00 2.905284737693411667e+00
1.755114523887634277e+03 1.238037781914731239e+00 2.860283364360484359e+00
1.755167974472045898e+03 1.232037598803674472e+00 2.815281991027558384e+00
1.755197472810745239e+03 1.236037720877712243e+00 2.845282906582841775e+00
1.755254194974899292e+03 1.202036683248390192e+00 2.590275124362926285e+00
1.755268077135086060e+03 1.212036988433484952e+00 2.665277413251136984e+00
1.755286517381668091e+03 1.240037842951750235e+00 2.875283822138126943e+00
1.755314661741256714e+03 1.242037903988769232e+00 2.890284279915769083e+00
1.755348627567291260e+03 1.244037965025788228e+00 2.905284737693411667e+00
1.755377911806106567e+03 1.238037781914731239e+00 2.860283364360484359e+00
1.755414085865020752e+03 1.238037781914731239e+00 2.860283364360484359e+00
1.755433643817901611e+03 1.222037293618579712e+00 2.740279702139347684e+00
1.755469958782196045e+03 1.238037781914731239e+00 2.860283364360484359e+00
1.755497358322143555e+03 1.240037842951750235e+00 2.875283822138126943e+00
1.755513362646102905e+03 1.236037720877712243e+00 2.845282906582841775e+00
1.755528938293457031e+03 1.214037049470503726e+00 2.680277871028778236e+00
1.755540647268295288e+03 1.224037354655598708e+00 2.755280159916990268e+00
1.755591382503509521e+03 1.240037842951750235e+00 2.875283822138126943e+00
1.755607550859451294e+03 1.234037659840693468e+00 2.830282448805200968e+00
1.755623407602310181e+03 1.236037720877712243e+00 2.845282906582841775e+00
1.755641334533691406e+03 1.242037903988769232e+00 2.890284279915769083e+00
1.755658776044845581e+03 1.242037903988769232e+00 2.890284279915769083e+00
1.755673202753067017e+03 1.238037781914731239e+00 2.860283364360484359e+00
1.755694623231887817e+03 1.242037903988769232e+00 2.890284279915769083e+00
1.755711264610290527e+03 1.234037659840693468e+00 2.830282448805200968e+00
1.755770924568176270e+03 1.230037537766655475e+00 2.800281533249916244e+00
1.755801655530929565e+03 1.238037781914731239e+00 2.860283364360484359e+00
1.755857330083847046e+03 1.210036927396465956e+00 2.650276955473494844e+00
1.755870649576187134e+03 1.216037110507522723e+00 2.695278328806420376e+00
1.755900145053863525e+03 1.226037415692617483e+00 2.770280617694631076e+00
1.755932294607162476e+03 1.144034913174840629e+00 2.155261848811304670e+00
1.755954607248306274e+03 1.210036927396465956e+00 2.650276955473494844e+00
1.755967106103897095e+03 1.206036805322427963e+00 2.620276039918209676e+00
1.755981852054595947e+03 1.202036683248390192e+00 2.590275124362926285e+00
1.755998144388198853e+03 1.212036988433484952e+00 2.665277413251136984e+00
1.756046699285507202e+03 1.204036744285408966e+00 2.605275582140567536e+00
1.756065057516098022e+03 1.182036072878200672e+00 2.440270546586504885e+00
1.756080472230911255e+03 1.208036866359446959e+00 2.635276497695852260e+00
1.756094442844390869e+03 1.212036988433484952e+00 2.665277413251136984e+00
1.756107165575027466e+03 1.208036866359446959e+00 2.635276497695852260e+00
1.756122841119766235e+03 1.180036011841181676e+00 2.425270088808862745e+00
1.756137091636657715e+03 1.212036988433484952e+00 2.665277413251136984e+00
1.756152102708816528e+03 1.194036439100314206e+00 2.530273293252356837e+00
1.756167433977127075e+03 1.208036866359446959e+00 2.635276497695852260e+00
1.756211896896362305e+03 1.206036805322427963e+00 2.620276039918209676e+00
1.756250702857971191e+03 1.042031800286874033e+00 1.390238502151555311e+00
1.756264571905136108e+03 1.194036439100314206e+00 2.530273293252356837e+00
1.756318826913833618e+03 1.030031434064760276e+00 1.300235755485702249e+00
1.756332631111145020e+03 1.184036133915219446e+00 2.455271004364146137e+00
1.756355722665786743e+03 1.200036622211371196e+00 2.575274666585284145e+00
1.756388484239578247e+03 1.202036683248390192e+00 2.590275124362926285e+00
1.756411523103713989e+03 1.212036988433484952e+00 2.665277413251136984e+00
1.756424245834350586e+03 1.132034546952726872e+00 2.065259102145451386e+00
1.756435329675674438e+03 1.206036805322427963e+00 2.620276039918209676e+00
1.756447360992431641e+03 1.180036011841181676e+00 2.425270088808862745e+00
1.756492183446884155e+03 1.200036622211371196e+00 2.575274666585284145e+00
1.756516054391860962e+03 1.186036194952238443e+00 2.470271462141788277e+00
1.756527519702911377e+03 1.208036866359446959e+00 2.635276497695852260e+00
1.756540287494659424e+03 1.208036866359446959e+00 2.635276497695852260e+00
1.756557225227355957e+03 1.206036805322427963e+00 2.620276039918209676e+00
1.756575879335403442e+03 1.196036500137333203e+00 2.545273751029998976e+00
1.756591139316558838e+03 1.198036561174352199e+00 2.560274208807641561e+00
1.756607343435287476e+03 1.206036805322427963e+00 2.620276039918209676e+00
1.756620638847351074e+03 1.202036683248390192e+00 2.590275124362926285e+00
1.756634707927703857e+03 1.208036866359446959e+00 2.635276497695852260e+00
1.756692633867263794e+03 1.200036622211371196e+00 2.575274666585284145e+00
1.756722686052322388e+03 1.172035767693105690e+00 2.365268257698292853e+00
1.756779571294784546e+03 1.176035889767143683e+00 2.395269173253577577e+00
1.756793300628662109e+03 1.178035950804162679e+00 2.410269631031220161e+00
1.756811472892761230e+03 1.198036561174352199e+00 2.560274208807641561e+00
1.756839871883392334e+03 1.202036683248390192e+00 2.590275124362926285e+00
1.756873277664184570e+03 1.174035828730124686e+00 2.380268715475935437e+00
1.756903865098953247e+03 1.196036500137333203e+00 2.545273751029998976e+00
1.756940330505371094e+03 1.206036805322427963e+00 2.620276039918209676e+00
1.756959760189056396e+03 1.190036317026276436e+00 2.500272377697073445e+00
1.756998361349105835e+03 1.200036622211371196e+00 2.575274666585284145e+00
1.757022449970245361e+03 1.202036683248390192e+00 2.590275124362926285e+00
1.757035521030426025e+03 1.202036683248390192e+00 2.590275124362926285e+00
1.757046767950057983e+03 1.204036744285408966e+00 2.605275582140567536e+00
1.757058203935623169e+03 1.204036744285408966e+00 2.605275582140567536e+00
1.757068784236907959e+03 1.202036683248390192e+00 2.590275124362926285e+00
1.757109900236129761e+03 1.206036805322427963e+00 2.620276039918209676e+00
1.757131358385086060e+03 1.206036805322427963e+00 2.620276039918209676e+00
1.757144783258438110e+03 1.204036744285408966e+00 2.605275582140567536e+00
1.757159835338592529e+03 1.206036805322427963e+00 2.620276039918209676e+00
1.757172107934951782e+03 1.202036683248390192e+00 2.590275124362926285e+00
1.757185485839843750e+03 1.204036744285408966e+00 2.605275582140567536e+00
1.757197328567504883e+03 1.198036561174352199e+00 2.560274208807641561e+00
1.757215305089950562e+03 1.188036255989257439e+00 2.485271919919430861e+00
1.757231274604797363e+03 1.204036744285408966e+00 2.605275582140567536e+00
1.757246379613876343e+03 1.204036744285408966e+00 2.605275582140567536e+00
1.757288305997848511e+03 1.202036683248390192e+00 2.590275124362926285e+00
1.757331895112991333e+03 1.204036744285408966e+00 2.605275582140567536e+00
1.757391052961349487e+03 1.196036500137333203e+00 2.545273751029998976e+00
1.757404109239578247e+03 1.178035950804162679e+00 2.410269631031220161e+00
1.757436166286468506e+03 1.206036805322427963e+00 2.620276039918209676e+00
1.757477324724197388e+03 1.202036683248390192e+00 2.590275124362926285e+00
1.757491833209991455e+03 1.190036317026276436e+00 2.500272377697073445e+00
1.757504575252532959e+03 1.198036561174352199e+00 2.560274208807641561e+00
1.757521076917648315e+03 1.180036011841181676e+00 2.425270088808862745e+00
1.757531891584396362e+03 1.202036683248390192e+00 2.590275124362926285e+00
1.757581773996353149e+03 1.196036500137333203e+00 2.545273751029998976e+00
1.757596582889556885e+03 1.196036500137333203e+00 2.545273751029998976e+00
1.757614602804183960e+03 1.208036866359446959e+00 2.635276497695852260e+00
1.757632177114486694e+03 1.174035828730124686e+00 2.380268715475935437e+00
1.757651154279708862e+03 1.204036744285408966e+00 2.605275582140567536e+00
1.757665706634521484e+03 1.170035706656086916e+00 2.350267799920652045e+00
1.757689675807952881e+03 1.182036072878200672e+00 2.440270546586504885e+00
1.757725127220153809e+03 1.190036317026276436e+00 2.500272377697073445e+00
1.757747570991516113e+03 1.190036317026276436e+00 2.500272377697073445e+00
1.757790528297424316e+03 1.198036561174352199e+00 2.560274208807641561e+00
1.757849689245223999e+03 1.190036317026276436e+00 2.500272377697073445e+00
1.757863150596618652e+03 1.174035828730124686e+00 2.380268715475935437e+00
1.757891235351562500e+03 1.200036622211371196e+00 2.575274666585284145e+00
1.757931554555892944e+03 1.192036378063295432e+00 2.515272835474715585e+00
1.757951655626296997e+03 1.160035401470992156e+00 2.275265511032441346e+00
1.757964690446853638e+03 1.202036683248390192e+00 2.590275124362926285e+00
1.757975841045379639e+03 1.188036255989257439e+00 2.485271919919430861e+00
1.757986890554428101e+03 1.170035706656086916e+00 2.350267799920652045e+00
1.758037279367446899e+03 1.186036194952238443e+00 2.470271462141788277e+00
1.758053806304931641e+03 1.204036744285408966e+00 2.605275582140567536e+00
1.758068211078643799e+03 1.200036622211371196e+00 2.575274666585284145e+00
1.758082618951797485e+03 1.200036622211371196e+00 2.575274666585284145e+00
1.758095783710479736e+03 1.212036988433484952e+00 2.665277413251136984e+00
1.758113109111785889e+03 1.206036805322427963e+00 2.620276039918209676e+00
1.758132489442825317e+03 1.200036622211371196e+00 2.575274666585284145e+00
1.758146977663040161e+03 1.204036744285408966e+00 2.605275582140567536e+00
1.758161476373672485e+03 1.202036683248390192e+00 2.590275124362926285e+00
1.758220856666564941e+03 1.202036683248390192e+00 2.590275124362926285e+00
1.758252160549163818e+03 1.202036683248390192e+00 2.590275124362926285e+00
1.758306777715682983e+03 1.188036255989257439e+00 2.485271919919430861e+00
1.758320490598678589e+03 1.176035889767143683e+00 2.395269173253577577e+00
1.758338883876800537e+03 1.206036805322427963e+00 2.620276039918209676e+00
1.758374709367752075e+03 1.212036988433484952e+00 2.665277413251136984e+00
1.758405836343765259e+03 1.210036927396465956e+00 2.650276955473494844e+00
1.758434596776962280e+03 1.234037659840693468e+00 2.830282448805200968e+00
1.758477076053619385e+03 1.238037781914731239e+00 2.860283364360484359e+00
1.758493254184722900e+03 1.238037781914731239e+00 2.860283364360484359e+00
1.758518321514129639e+03 1.234037659840693468e+00 2.830282448805200968e+00
1.758539473056793213e+03 1.236037720877712243e+00 2.845282906582841775e+00
1.758559680223464966e+03 1.236037720877712243e+00 2.845282906582841775e+00
1.758575385093688965e+03 1.242037903988769232e+00 2.890284279915769083e+00
1.758586884260177612e+03 1.230037537766655475e+00 2.800281533249916244e+00
1.758599720716476440e+03 1.224037354655598708e+00 2.755280159916990268e+00
1.758627668142318726e+03 1.236037720877712243e+00 2.845282906582841775e+00
1.758670583248138428e+03 1.232037598803674472e+00 2.815281991027558384e+00
1.758694885015487671e+03 1.214037049470503726e+00 2.680277871028778236e+00
1.758712846517562866e+03 1.244037965025788228e+00 2.905284737693411667e+00
1.758726205110549927e+03 1.236037720877712243e+00 2.845282906582841775e+00
1.758739581108093262e+03 1.230037537766655475e+00 2.800281533249916244e+00
1.758752933502197266e+03 1.238037781914731239e+00 2.860283364360484359e+00
1.758766621828079224e+03 1.238037781914731239e+00 2.860283364360484359e+00
1.758781407594680786e+03 1.240037842951750235e+00 2.875283822138126943e+00
1.758823331832885742e+03 1.204036744285408966e+00 2.605275582140567536e+00
1.758867906093597412e+03 1.236037720877712243e+00 2.845282906582841775e+00
1.758926766157150269e+03 1.232037598803674472e+00 2.815281991027558384e+00
1.758940146207809448e+03 1.208036866359446959e+00 2.635276497695852260e+00
1.758968702316284180e+03 1.238037781914731239e+00 2.860283364360484359e+00
1.759004572629928589e+03 1.234037659840693468e+00 2.830282448805200968e+00
1.759019152641296387e+03 1.236037720877712243e+00 2.845282906582841775e+00
1.759031318426132202e+03 1.224037354655598708e+00 2.755280159916990268e+00
1.759046723842620850e+03 1.238037781914731239e+00 2.860283364360484359e+00
1.759059732198715210e+03 1.240037842951750235e+00 2.875283822138126943e+00
1.759071404695510864e+03 1.238037781914731239e+00 2.860283364360484359e+00
1.759111322879791260e+03 1.228037476729636479e+00 2.785281075472273660e+00
1.759135209083557129e+03 1.236037720877712243e+00 2.845282906582841775e+00
1.759153225183486938e+03 1.234037659840693468e+00 2.830282448805200968e+00
1.759167743444442749e+03 1.238037781914731239e+00 2.860283364360484359e+00
1.759181748867034912e+03 1.234037659840693468e+00 2.830282448805200968e+00
1.759197368383407593e+03 1.212036988433484952e+00 2.665277413251136984e+00
1.759212457418441772e+03 1.220037232581560716e+00 2.725279244361705544e+00
1.759225945711135864e+03 1.224037354655598708e+00 2.755280159916990268e+00
1.759239555358886719e+03 1.236037720877712243e+00 2.845282906582841775e+00
1.759257576227188110e+03 1.228037476729636479e+00 2.785281075472273660e+00
1.759290518999099731e+03 1.234037659840693468e+00 2.830282448805200968e+00
1.759334743022918701e+03 1.232037598803674472e+00 2.815281991027558384e+00
1.759394342422485352e+03 1.202036683248390192e+00 2.590275124362926285e+00
1.759407772541046143e+03 1.190036317026276436e+00 2.500272377697073445e+00
1.759437774419784546e+03 1.234037659840693468e+00 2.830282448805200968e+00
1.759485063552856445e+03 1.234037659840693468e+00 2.830282448805200968e+00
1.759500369787216187e+03 1.240037842951750235e+00 2.875283822138126943e+00
1.759514380693435669e+03 1.232037598803674472e+00 2.815281991027558384e+00
1.759527276039123535e+03 1.236037720877712243e+00 2.845282906582841775e+00
1.759580443859100342e+03 1.236037720877712243e+00 2.845282906582841775e+00
1.759595983028411865e+03 1.234037659840693468e+00 2.830282448805200968e+00
1.759612544775009155e+03 1.238037781914731239e+00 2.860283364360484359e+00
1.759626984357833862e+03 1.234037659840693468e+00 2.830282448805200968e+00
1.759644857406616211e+03 1.242037903988769232e+00 2.890284279915769083e+00
1.759659492969512939e+03 1.236037720877712243e+00 2.845282906582841775e+00
1.759674757242202759e+03 1.230037537766655475e+00 2.800281533249916244e+00
1.759692160367965698e+03 1.238037781914731239e+00 2.860283364360484359e+00
1.759711613416671753e+03 1.234037659840693468e+00 2.830282448805200968e+00
1.759764519214630127e+03 1.232037598803674472e+00 2.815281991027558384e+00
1.759795794963836670e+03 1.238037781914731239e+00 2.860283364360484359e+00
1.759851997613906860e+03 1.226037415692617483e+00 2.770280617694631076e+00
1.759866234540939331e+03 1.194036439100314206e+00 2.530273293252356837e+00
1.759889591693878174e+03 1.230037537766655475e+00 2.800281533249916244e+00
1.759918995618820190e+03 1.238037781914731239e+00 2.860283364360484359e+00
1.759947228670120239e+03 1.240037842951750235e+00 2.875283822138126943e+00
1.760006315469741821e+03 1.208036866359446959e+00 2.635276497695852260e+00
1.760029461622238159e+03 1.226037415692617483e+00 2.770280617694631076e+00
1.760065134763717651e+03 1.218037171544541719e+00 2.710278786584062960e+00
1.760087822914123535e+03 1.240037842951750235e+00 2.875283822138126943e+00
1.760103081464767456e+03 1.238037781914731239e+00 2.860283364360484359e+00
1.760116724252700806e+03 1.234037659840693468e+00 2.830282448805200968e+00
1.760128207445144653e+03 1.246038026062807003e+00 2.920285195471052475e+00
1.760138897657394409e+03 1.240037842951750235e+00 2.875283822138126943e+00
1.760177057743072510e+03 1.208036866359446959e+00 2.635276497695852260e+00
1.760201833486557007e+03 1.220037232581560716e+00 2.725279244361705544e+00
1.760217013359069824e+03 1.238037781914731239e+00 2.860283364360484359e+00
1.760234844923019409e+03 1.236037720877712243e+00 2.845282906582841775e+00
1.760251831531524658e+03 1.220037232581560716e+00 2.725279244361705544e+00
1.760266369581222534e+03 1.224037354655598708e+00 2.755280159916990268e+00
1.760280137777328491e+03 1.206036805322427963e+00 2.620276039918209676e+00
1.760293344736099243e+03 1.236037720877712243e+00 2.845282906582841775e+00
1.760311326265335083e+03 1.238037781914731239e+00 2.860283364360484359e+00
1.760353824377059937e+03 1.230037537766655475e+00 2.800281533249916244e+00
1.760401598930358887e+03 1.238037781914731239e+00 2.860283364360484359e+00
1.760458541631698608e+03 1.218037171544541719e+00 2.710278786584062960e+00
1.760471960306167603e+03 1.192036378063295432e+00 2.515272835474715585e+00
1.760497654438018799e+03 1.230037537766655475e+00 2.800281533249916244e+00
1.760527128219604492e+03 1.216037110507522723e+00 2.695278328806420376e+00
1.760553136110305786e+03 1.234037659840693468e+00 2.830282448805200968e+00
1.760565963745117188e+03 1.240037842951750235e+00 2.875283822138126943e+00
1.760579699993133545e+03 1.210036927396465956e+00 2.650276955473494844e+00
1.760594898223876953e+03 1.238037781914731239e+00 2.860283364360484359e+00
1.760646848917007446e+03 1.238037781914731239e+00 2.860283364360484359e+00
1.760666295051574707e+03 1.240037842951750235e+00 2.875283822138126943e+00
1.760679436683654785e+03 1.242037903988769232e+00 2.890284279915769083e+00
1.760692807674407959e+03 1.230037537766655475e+00 2.800281533249916244e+00
1.760712672948837280e+03 1.224037354655598708e+00 2.755280159916990268e+00
1.760730738639831543e+03 1.238037781914731239e+00 2.860283364360484359e+00
1.760743878364562988e+03 1.238037781914731239e+00 2.860283364360484359e+00
1.760757428646087646e+03 1.240037842951750235e+00 2.875283822138126943e+00
1.760778604030609131e+03 1.240037842951750235e+00 2.875283822138126943e+00
1.760812711238861084e+03 1.238037781914731239e+00 2.860283364360484359e+00
1.760855866193771362e+03 1.238037781914731239e+00 2.860283364360484359e+00
1.760914561748504639e+03 1.226037415692617483e+00 2.770280617694631076e+00
1.760928193569183350e+03 1.206036805322427963e+00 2.620276039918209676e+00
1.760953565597534180e+03 1.236037720877712243e+00 2.845282906582841775e+00
1.760982693910598755e+03 1.224037354655598708e+00 2.755280159916990268e+00
1.761010250329971313e+03 1.208036866359446959e+00 2.635276497695852260e+00
1.761028501272201538e+03 1.196036500137333203e+00 2.545273751029998976e+00
1.761043560266494751e+03 1.214037049470503726e+00 2.680277871028778236e+00
1.761055553674697876e+03 1.242037903988769232e+00 2.890284279915769083e+00
1.761104732036590576e+03 1.226037415692617483e+00 2.770280617694631076e+00
1.761122828006744385e+03 1.234037659840693468e+00 2.830282448805200968e+00
1.761138154506683350e+03 1.242037903988769232e+00 2.890284279915769083e+00
1.761155584812164307e+03 1.210036927396465956e+00 2.650276955473494844e+00
1.761171942949295044e+03 1.236037720877712243e+00 2.845282906582841775e+00
1.761188627004623413e+03 1.232037598803674472e+00 2.815281991027558384e+00
1.761203750610351562e+03 1.240037842951750235e+00 2.875283822138126943e+00
1.761216801881790161e+03 1.242037903988769232e+00 2.890284279915769083e+00
1.761229479789733887e+03 1.242037903988769232e+00 2.890284279915769083e+00
1.761289323329925537e+03 1.210036927396465956e+00 2.650276955473494844e+00
1.761319268465042114e+03 1.248038087099825999e+00 2.935285653248695059e+00
1.761375246763229370e+03 1.220037232581560716e+00 2.725279244361705544e+00
1.761389241218566895e+03 1.212036988433484952e+00 2.665277413251136984e+00
1.761413100719451904e+03 1.210036927396465956e+00 2.650276955473494844e+00
1.761442390680313110e+03 1.240037842951750235e+00 2.875283822138126943e+00
1.761470455408096313e+03 1.242037903988769232e+00 2.890284279915769083e+00
1.761500388860702515e+03 1.238037781914731239e+00 2.860283364360484359e+00
1.761536834716796875e+03 1.242037903988769232e+00 2.890284279915769083e+00
1.761562800407409668e+03 1.234037659840693468e+00 2.830282448805200968e+00
1.761610765457153320e+03 1.234037659840693468e+00 2.830282448805200968e+00
1.761621823549270630e+03 1.236037720877712243e+00 2.845282906582841775e+00
1.761637505292892456e+03 1.226037415692617483e+00 2.770280617694631076e+00
1.761650701284408569e+03 1.238037781914731239e+00 2.860283364360484359e+00
1.761697157144546509e+03 1.230037537766655475e+00 2.800281533249916244e+00
1.761723330974578857e+03 1.232037598803674472e+00 2.815281991027558384e+00
1.761742071628570557e+03 1.232037598803674472e+00 2.815281991027558384e+00
1.761761317729949951e+03 1.228037476729636479e+00 2.785281075472273660e+00
1.761775984287261963e+03 1.238037781914731239e+00 2.860283364360484359e+00
1.761791475534439087e+03 1.226037415692617483e+00 2.770280617694631076e+00
1.761808072090148926e+03 1.238037781914731239e+00 2.860283364360484359e+00
1.761829761743545532e+03 1.238037781914731239e+00 2.860283364360484359e+00
1.761875320196151733e+03 1.234037659840693468e+00 2.830282448805200968e+00
1.761922372579574585e+03 1.244037965025788228e+00 2.905284737693411667e+00
1.761979361534118652e+03 1.222037293618579712e+00 2.740279702139347684e+00
1.761992740392684937e+03 1.206036805322427963e+00 2.620276039918209676e+00
1.762017968893051147e+03 1.234037659840693468e+00 2.830282448805200968e+00
1.762052413702011108e+03 1.234037659840693468e+00 2.830282448805200968e+00
1.762074257612228394e+03 1.232037598803674472e+00 2.815281991027558384e+00
1.762087002992630005e+03 1.228037476729636479e+00 2.785281075472273660e+00
1.762105264186859131e+03 1.238037781914731239e+00 2.860283364360484359e+00
1.762117305517196655e+03 1.236037720877712243e+00 2.845282906582841775e+00
1.762167632102966309e+03 1.238037781914731239e+00 2.860283364360484359e+00
1.762188903570175171e+03 1.222037293618579712e+00 2.740279702139347684e+00
1.762205772876739502e+03 1.240037842951750235e+00 2.875283822138126943e+00
1.762223502159118652e+03 1.242037903988769232e+00 2.890284279915769083e+00
1.762244243383407593e+03 1.230037537766655475e+00 2.800281533249916244e+00
1.762261008977890015e+03 1.242037903988769232e+00 2.890284279915769083e+00
1.762280458211898804e+03 1.242037903988769232e+00 2.890284279915769083e+00
1.762305747270584106e+03 1.238037781914731239e+00 2.860283364360484359e+00
1.762347226858139038e+03 1.234037659840693468e+00 2.830282448805200968e+00
1.762378680944442749e+03 1.234037659840693468e+00 2.830282448805200968e+00
1.762433425426483154e+03 1.218037171544541719e+00 2.710278786584062960e+00
1.762447624206542969e+03 1.210036927396465956e+00 2.650276955473494844e+00
1.762473878383636475e+03 1.234037659840693468e+00 2.830282448805200968e+00
1.762513736248016357e+03 1.240037842951750235e+00 2.875283822138126943e+00
1.762527771711349487e+03 1.232037598803674472e+00 2.815281991027558384e+00
1.762542708396911621e+03 1.236037720877712243e+00 2.845282906582841775e+00
1.762558289051055908e+03 1.242037903988769232e+00 2.890284279915769083e+00
1.762575297355651855e+03 1.202036683248390192e+00 2.590275124362926285e+00
1.762620588064193726e+03 1.234037659840693468e+00 2.830282448805200968e+00
1.762638569116592407e+03 1.242037903988769232e+00 2.890284279915769083e+00
1.762656953096389771e+03 1.228037476729636479e+00 2.785281075472273660e+00
1.762674803256988525e+03 1.238037781914731239e+00 2.860283364360484359e+00
1.762689049959182739e+03 1.234037659840693468e+00 2.830282448805200968e+00
1.762702796936035156e+03 1.240037842951750235e+00 2.875283822138126943e+00
1.762720909118652344e+03 1.236037720877712243e+00 2.845282906582841775e+00
1.762738268852233887e+03 1.236037720877712243e+00 2.845282906582841775e+00
1.762799032688140869e+03 1.226037415692617483e+00 2.770280617694631076e+00
1.762830330371856689e+03 1.242037903988769232e+00 2.890284279915769083e+00
1.762885790824890137e+03 1.220037232581560716e+00 2.725279244361705544e+00
1.762900041580200195e+03 1.214037049470503726e+00 2.680277871028778236e+00
1.762923218965530396e+03 1.236037720877712243e+00 2.845282906582841775e+00
1.762952620506286621e+03 1.240037842951750235e+00 2.875283822138126943e+00
1.762980912923812866e+03 1.238037781914731239e+00 2.860283364360484359e+00
1.763010485649108887e+03 1.244037965025788228e+00 2.905284737693411667e+00
1.763046611785888672e+03 1.238037781914731239e+00 2.860283364360484359e+00
1.763072829484939575e+03 1.234037659840693468e+00 2.830282448805200968e+00
1.763105272531509399e+03 1.234037659840693468e+00 2.830282448805200968e+00
1.763125349044799805e+03 1.238037781914731239e+00 2.860283364360484359e+00
1.763139772176742554e+03 1.240037842951750235e+00 2.875283822138126943e+00
1.763152788877487183e+03 1.238037781914731239e+00 2.860283364360484359e+00
1.763164566516876221e+03 1.208036866359446959e+00 2.635276497695852260e+00
1.763175466060638428e+03 1.232037598803674472e+00 2.815281991027558384e+00
1.763238220691680908e+03 1.236037720877712243e+00 2.845282906582841775e+00
1.763255588531494141e+03 1.242037903988769232e+00 2.890284279915769083e+00
1.763279030084609985e+03 1.196036500137333203e+00 2.545273751029998976e+00
1.763293024063110352e+03 1.202036683248390192e+00 2.590275124362926285e+00
1.763306250333786011e+03 1.240037842951750235e+00 2.875283822138126943e+00
1.763321896076202393e+03 1.218037171544541719e+00 2.710278786584062960e+00
1.763336699485778809e+03 1.196036500137333203e+00 2.545273751029998976e+00
1.763374156713485718e+03 1.228037476729636479e+00 2.785281075472273660e+00
1.763410284519195557e+03 1.146034974211859625e+00 2.170262306588947254e+00
1.763441985368728638e+03 1.118034119693594342e+00 1.960255897701957739e+00
1.763497442722320557e+03 1.184036133915219446e+00 2.455271004364146137e+00
1.763510904073715210e+03 1.180036011841181676e+00 2.425270088808862745e+00
1.763539023876190186e+03 1.202036683248390192e+00 2.590275124362926285e+00
1.763579509735107422e+03 1.206036805322427963e+00 2.620276039918209676e+00
1.763593035221099854e+03 1.196036500137333203e+00 2.545273751029998976e+00
1.763608714818954468e+03 1.204036744285408966e+00 2.605275582140567536e+00
1.763623552083969116e+03 1.210036927396465956e+00 2.650276955473494844e+00
1.763636894702911377e+03 1.206036805322427963e+00 2.620276039918209676e+00
1.763686477184295654e+03 1.206036805322427963e+00 2.620276039918209676e+00
1.763702499628067017e+03 1.210036927396465956e+00 2.650276955473494844e+00
1.763719612121582031e+03 1.206036805322427963e+00 2.620276039918209676e+00
1.763734390735626221e+03 1.210036927396465956e+00 2.650276955473494844e+00
1.763747600793838501e+03 1.106033753471480585e+00 1.870253151036104455e+00
1.763768168449401855e+03 1.208036866359446959e+00 2.635276497695852260e+00
1.763785091638565063e+03 1.172035767693105690e+00 2.365268257698292853e+00
1.763800512075424194e+03 1.210036927396465956e+00 2.650276955473494844e+00
1.763821838617324829e+03 1.050032044434949796e+00 1.450240333262123649e+00
1.763872987747192383e+03 1.206036805322427963e+00 2.620276039918209676e+00
1.763902827739715576e+03 1.150035096285897618e+00 2.200263222144232422e+00
1.763959231138229370e+03 1.194036439100314206e+00 2.530273293252356837e+00
1.763973447084426880e+03 1.174035828730124686e+00 2.380268715475935437e+00
1.763998545885086060e+03 1.204036744285408966e+00 2.605275582140567536e+00
1.764030844688415527e+03 1.202036683248390192e+00 2.590275124362926285e+00
1.764052197933197021e+03 1.164035523545029926e+00 2.305266426587724737e+00
1.764065087556838989e+03 1.204036744285408966e+00 2.605275582140567536e+00
1.764076666593551636e+03 1.204036744285408966e+00 2.605275582140567536e+00
1.764091562509536743e+03 1.194036439100314206e+00 2.530273293252356837e+00
1.764148264169692993e+03 1.200036622211371196e+00 2.575274666585284145e+00
1.764164929628372192e+03 1.200036622211371196e+00 2.575274666585284145e+00
1.764178627490997314e+03 1.194036439100314206e+00 2.530273293252356837e+00
1.764195818424224854e+03 1.206036805322427963e+00 2.620276039918209676e+00
1.764214882850646973e+03 1.156035279396954163e+00 2.245264595477156178e+00
1.764230202436447144e+03 1.194036439100314206e+00 2.530273293252356837e+00
1.764243814945220947e+03 1.202036683248390192e+00 2.590275124362926285e+00
1.764261085987091064e+03 1.206036805322427963e+00 2.620276039918209676e+00
1.764292149782180786e+03 1.204036744285408966e+00 2.605275582140567536e+00
1.764329071760177612e+03 1.132034546952726872e+00 2.065259102145451386e+00
1.764360826492309570e+03 1.202036683248390192e+00 2.590275124362926285e+00
1.764417351484298706e+03 1.184036133915219446e+00 2.455271004364146137e+00
1.764437427997589111e+03 1.172035767693105690e+00 2.365268257698292853e+00
1.764459426641464233e+03 1.202036683248390192e+00 2.590275124362926285e+00
1.764488591909408569e+03 1.206036805322427963e+00 2.620276039918209676e+00
1.764519424915313721e+03 1.172035767693105690e+00 2.365268257698292853e+00
1.764571071624755859e+03 1.206036805322427963e+00 2.620276039918209676e+00
1.764590364933013916e+03 1.178035950804162679e+00 2.410269631031220161e+00
1.764624249458312988e+03 1.202036683248390192e+00 2.590275124362926285e+00
1.764653204917907715e+03 1.202036683248390192e+00 2.590275124362926285e+00
1.764665947198867798e+03 1.202036683248390192e+00 2.590275124362926285e+00
1.764679857730865479e+03 1.192036378063295432e+00 2.515272835474715585e+00
1.764693405151367188e+03 1.208036866359446959e+00 2.635276497695852260e+00
1.764709748983383179e+03 1.192036378063295432e+00 2.515272835474715585e+00
1.764753614664077759e+03 1.198036561174352199e+00 2.560274208807641561e+00
1.764777267932891846e+03 1.206036805322427963e+00 2.620276039918209676e+00
1.764796968460083008e+03 1.198036561174352199e+00 2.560274208807641561e+00
1.764817662715911865e+03 1.194036439100314206e+00 2.530273293252356837e+00
1.764833940982818604e+03 1.190036317026276436e+00 2.500272377697073445e+00
1.764848745584487915e+03 1.204036744285408966e+00 2.605275582140567536e+00
1.764862652778625488e+03 1.204036744285408966e+00 2.605275582140567536e+00
1.764892725467681885e+03 1.206036805322427963e+00 2.620276039918209676e+00
1.764934871196746826e+03 1.196036500137333203e+00 2.545273751029998976e+00
1.764964462995529175e+03 1.202036683248390192e+00 2.590275124362926285e+00
1.765021065473556519e+03 1.180036011841181676e+00 2.425270088808862745e+00
1.765034588813781738e+03 1.156035279396954163e+00 2.245264595477156178e+00
1.765062236070632935e+03 1.198036561174352199e+00 2.560274208807641561e+00
1.765094268321990967e+03 1.198036561174352199e+00 2.560274208807641561e+00
1.765115379571914673e+03 1.204036744285408966e+00 2.605275582140567536e+00
1.765128207206726074e+03 1.204036744285408966e+00 2.605275582140567536e+00
1.765140670776367188e+03 1.178035950804162679e+00 2.410269631031220161e+00
1.765155152082443237e+03 1.190036317026276436e+00 2.500272377697073445e+00
1.765197724819183350e+03 1.202036683248390192e+00 2.590275124362926285e+00
1.765228900194168091e+03 1.204036744285408966e+00 2.605275582140567536e+00
1.765243333339691162e+03 1.202036683248390192e+00 2.590275124362926285e+00
1.765257552385330200e+03 1.206036805322427963e+00 2.620276039918209676e+00
1.765271532297134399e+03 1.204036744285408966e+00 2.605275582140567536e+00
1.765284688711166382e+03 1.200036622211371196e+00 2.575274666585284145e+00
1.765297954559326172e+03 1.204036744285408966e+00 2.605275582140567536e+00
1.765315215826034546e+03 1.174035828730124686e+00 2.380268715475935437e+00
1.765328799486160278e+03 1.170035706656086916e+00 2.350267799920652045e+00
1.765343391895294189e+03 1.206036805322427963e+00 2.620276039918209676e+00
1.765397294282913208e+03 1.190036317026276436e+00 2.500272377697073445e+00
1.765427191734313965e+03 1.202036683248390192e+00 2.590275124362926285e+00
1.765482505083084106e+03 1.192036378063295432e+00 2.515272835474715585e+00
1.765496370553970337e+03 1.174035828730124686e+00 2.380268715475935437e+00
1.765523404598236084e+03 1.204036744285408966e+00 2.605275582140567536e+00
1.765563357591629028e+03 1.204036744285408966e+00 2.605275582140567536e+00
1.765576308250427246e+03 1.206036805322427963e+00 2.620276039918209676e+00
1.765591241121292114e+03 1.204036744285408966e+00 2.605275582140567536e+00
1.765602115869522095e+03 1.198036561174352199e+00 2.560274208807641561e+00
1.765616876840591431e+03 1.200036622211371196e+00 2.575274666585284145e+00
1.765671491384506226e+03 1.204036744285408966e+00 2.605275582140567536e+00
1.765691007375717163e+03 1.198036561174352199e+00 2.560274208807641561e+00
1.765704337358474731e+03 1.204036744285408966e+00 2.605275582140567536e+00
1.765717841386795044e+03 1.202036683248390192e+00 2.590275124362926285e+00
1.765731025457382202e+03 1.204036744285408966e+00 2.605275582140567536e+00
1.765748028993606567e+03 1.208036866359446959e+00 2.635276497695852260e+00
1.765761394977569580e+03 1.206036805322427963e+00 2.620276039918209676e+00
1.765777662277221680e+03 1.198036561174352199e+00 2.560274208807641561e+00
1.765811813592910767e+03 1.208036866359446959e+00 2.635276497695852260e+00
1.765831501483917236e+03 1.200036622211371196e+00 2.575274666585284145e+00
1.765891293764114380e+03 1.210036927396465956e+00 2.650276955473494844e+00
1.765956920623779297e+03 1.198036561174352199e+00 2.560274208807641561e+00
1.765970319509506226e+03 1.204036744285408966e+00 2.605275582140567536e+00
1.765991743326187134e+03 1.238037781914731239e+00 2.860283364360484359e+00
1.766020953893661499e+03 1.236037720877712243e+00 2.845282906582841775e+00
1.766049223899841309e+03 1.244037965025788228e+00 2.905284737693411667e+00
1.766077247142791748e+03 1.238037781914731239e+00 2.860283364360484359e+00
1.766119521617889404e+03 1.236037720877712243e+00 2.845282906582841775e+00
1.766140737771987915e+03 1.230037537766655475e+00 2.800281533249916244e+00
1.766180504322052002e+03 1.232037598803674472e+00 2.815281991027558384e+00
1.766199314832687378e+03 1.242037903988769232e+00 2.890284279915769083e+00
1.766212464094161987e+03 1.218037171544541719e+00 2.710278786584062960e+00
1.766228745698928833e+03 1.242037903988769232e+00 2.890284279915769083e+00
1.766239619731903076e+03 1.240037842951750235e+00 2.875283822138126943e+00
1.766250633955001831e+03 1.234037659840693468e+00 2.830282448805200968e+00
1.766300612688064575e+03 1.238037781914731239e+00 2.860283364360484359e+00
1.766320387840270996e+03 1.204036744285408966e+00 2.605275582140567536e+00
1.766334635734558105e+03 1.238037781914731239e+00 2.860283364360484359e+00
1.766349646329879761e+03 1.224037354655598708e+00 2.755280159916990268e+00
1.766367721557617188e+03 1.236037720877712243e+00 2.845282906582841775e+00
1.766383636951446533e+03 1.242037903988769232e+00 2.890284279915769083e+00
1.766397764921188354e+03 1.244037965025788228e+00 2.905284737693411667e+00
1.766411926746368408e+03 1.232037598803674472e+00 2.815281991027558384e+00
1.766425383567810059e+03 1.240037842951750235e+00 2.875283822138126943e+00
1.766449037313461304e+03 1.226037415692617483e+00 2.770280617694631076e+00
1.766505070447921753e+03 1.236037720877712243e+00 2.845282906582841775e+00
1.766519186973571777e+03 1.230037537766655475e+00 2.800281533249916244e+00
1.766573668718338013e+03 1.220037232581560716e+00 2.725279244361705544e+00
1.766587200164794922e+03 1.214037049470503726e+00 2.680277871028778236e+00
