1.846632481336593628e+03 7.180219122898037210e-01 -1.039835657826472026e+00
1.846651126623153687e+03 7.340224005859553591e-01 -9.198319956053346846e-01
1.846662513256072998e+03 7.420226447340312337e-01 -8.598301644947656808e-01
1.846673933744430542e+03 7.320223395489363627e-01 -9.348324533829772687e-01
1.846687027931213379e+03 7.300222785119174773e-01 -9.498329111606187425e-01
1.846697947978973389e+03 7.400225836970122373e-01 -8.748306222724080428e-01
1.846712257146835327e+03 7.380225226599932409e-01 -8.898310800500506268e-01
1.846724374771118164e+03 7.380225226599932409e-01 -8.898310800500506268e-01
1.846735143899917603e+03 7.420226447340312337e-01 -8.598301644947656808e-01
1.846748672008514404e+03 7.400225836970122373e-01 -8.748306222724080428e-01
1.846773306369781494e+03 7.440227057710501191e-01 -8.448297067171239849e-01
1.846808799505233765e+03 7.440227057710501191e-01 -8.448297067171239849e-01
1.846820664167404175e+03 7.460227668080691155e-01 -8.298292489394816229e-01
1.846833685636520386e+03 7.320223395489363627e-01 -9.348324533829772687e-01
1.846844958305358887e+03 7.460227668080691155e-01 -8.298292489394816229e-01
1.846856891155242920e+03 7.440227057710501191e-01 -8.448297067171239849e-01
1.846871465682983398e+03 7.380225226599932409e-01 -8.898310800500506268e-01
1.846885028362274170e+03 7.440227057710501191e-01 -8.448297067171239849e-01
1.846897597074508667e+03 7.380225226599932409e-01 -8.898310800500506268e-01
1.846913408994674683e+03 7.460227668080691155e-01 -8.298292489394816229e-01
1.846927455186843872e+03 7.440227057710501191e-01 -8.448297067171239849e-01
1.846940128326416016e+03 7.440227057710501191e-01 -8.448297067171239849e-01
1.846960775375366211e+03 7.400225836970122373e-01 -8.748306222724080428e-01
1.846976891994476318e+03 7.360224616229743555e-01 -9.048315378276923227e-01
1.846990802288055420e+03 7.380225226599932409e-01 -8.898310800500506268e-01
1.847004301548004150e+03 7.420226447340312337e-01 -8.598301644947656808e-01
1.847024807929992676e+03 7.420226447340312337e-01 -8.598301644947656808e-01
1.847059743642807007e+03 7.420226447340312337e-01 -8.598301644947656808e-01
1.847101902008056641e+03 7.380225226599932409e-01 -8.898310800500506268e-01
1.847161087036132812e+03 7.260221564378795955e-01 -9.798338267159030224e-01
1.847174486398696899e+03 7.160218512527848356e-01 -1.054836115604113722e+00
1.847197368621826172e+03 7.200219733268227174e-01 -1.024835200048829442e+00
1.847234266519546509e+03 7.360224616229743555e-01 -9.048315378276923227e-01
1.847261613368988037e+03 7.280222174748984809e-01 -9.648333689382613265e-01
1.847274346351623535e+03 7.400225836970122373e-01 -8.748306222724080428e-01
1.847285443067550659e+03 7.420226447340312337e-01 -8.598301644947656808e-01
1.847296296596527100e+03 7.420226447340312337e-01 -8.598301644947656808e-01
1.847315895795822144e+03 7.140217902157658392e-01 -1.069836573381756306e+00
1.847358425378799438e+03 7.320223395489363627e-01 -9.348324533829772687e-01
1.847376234054565430e+03 7.400225836970122373e-01 -8.748306222724080428e-01
1.847395235061645508e+03 7.140217902157658392e-01 -1.069836573381756306e+00
1.847408875226974487e+03 7.420226447340312337e-01 -8.598301644947656808e-01
1.847424337625503540e+03 7.440227057710501191e-01 -8.448297067171239849e-01
1.847442155838012695e+03 7.380225226599932409e-01 -8.898310800500506268e-01
1.847455930233001709e+03 7.320223395489363627e-01 -9.348324533829772687e-01
1.847471729755401611e+03 7.380225226599932409e-01 -8.898310800500506268e-01
1.847502206325531006e+03 7.340224005859553591e-01 -9.198319956053346846e-01
1.847540276765823364e+03 7.360224616229743555e-01 -9.048315378276923227e-01
1.847571346282958984e+03 7.460227668080691155e-01 -8.298292489394816229e-01
1.847626760721206665e+03 7.340224005859553591e-01 -9.198319956053346846e-01
1.847640721559524536e+03 7.280222174748984809e-01 -9.648333689382613265e-01
1.847664474964141846e+03 7.340224005859553591e-01 -9.198319956053346846e-01
1.847694098949432373e+03 7.300222785119174773e-01 -9.498329111606187425e-01
1.847722456932067871e+03 7.380225226599932409e-01 -8.898310800500506268e-01
1.847752590894699097e+03 7.440227057710501191e-01 -8.448297067171239849e-01
1.847789390563964844e+03 7.380225226599932409e-01 -8.898310800500506268e-01
1.847815016508102417e+03 7.440227057710501191e-01 -8.448297067171239849e-01
1.847883077621459961e+03 7.340224005859553591e-01 -9.198319956053346846e-01
1.847896967649459839e+03 7.620232551042207536e-01 -7.098255867183442813e-01
1.847908198118209839e+03 7.560230719931638754e-01 -7.548269600512709232e-01
1.847924747467041016e+03 7.600231940672017572e-01 -7.248260444959866433e-01
1.847975180625915527e+03 7.600231940672017572e-01 -7.248260444959866433e-01
1.847990864753723145e+03 7.520229499191259936e-01 -7.848278756065549810e-01
1.848006449222564697e+03 7.640233161412396390e-01 -6.948251289407025855e-01
1.848025188922882080e+03 7.400225836970122373e-01 -8.748306222724080428e-01
1.848041279554367065e+03 7.640233161412396390e-01 -6.948251289407025855e-01
1.848057044506072998e+03 7.520229499191259936e-01 -7.848278756065549810e-01
1.848070669412612915e+03 7.600231940672017572e-01 -7.248260444959866433e-01
1.848084247589111328e+03 7.580231330301827608e-01 -7.398265022736292273e-01
1.848130272626876831e+03 7.600231940672017572e-01 -7.248260444959866433e-01
1.848171900510787964e+03 7.540230109561448790e-01 -7.698274178289132852e-01
1.848230524539947510e+03 7.580231330301827608e-01 -7.398265022736292273e-01
1.848242997407913208e+03 7.380225226599932409e-01 -8.898310800500506268e-01
1.848266479253768921e+03 7.480228278450880008e-01 -8.148287911618399271e-01
1.848302774429321289e+03 7.640233161412396390e-01 -6.948251289407025855e-01
1.848324744939804077e+03 7.480228278450880008e-01 -8.148287911618399271e-01
1.848337481021881104e+03 7.600231940672017572e-01 -7.248260444959866433e-01
1.848350803613662720e+03 7.640233161412396390e-01 -6.948251289407025855e-01
1.848367440223693848e+03 7.540230109561448790e-01 -7.698274178289132852e-01
1.848392191886901855e+03 7.640233161412396390e-01 -6.948251289407025855e-01
1.848438582897186279e+03 7.600231940672017572e-01 -7.248260444959866433e-01
1.848456053018569946e+03 7.580231330301827608e-01 -7.398265022736292273e-01
1.848476012706756592e+03 7.500228888821069972e-01 -7.998283333841973430e-01
1.848494444608688354e+03 7.620232551042207536e-01 -7.098255867183442813e-01
1.848507695436477661e+03 7.600231940672017572e-01 -7.248260444959866433e-01
1.848523146629333496e+03 7.660233771782586354e-01 -6.798246711630602235e-01
1.848541210889816284e+03 7.620232551042207536e-01 -7.098255867183442813e-01
1.848586128234863281e+03 7.560230719931638754e-01 -7.548269600512709232e-01
1.848630624055862427e+03 7.680234382152776318e-01 -6.648242133854176394e-01
1.848688521862030029e+03 7.500228888821069972e-01 -7.998283333841973430e-01
1.848702602863311768e+03 7.480228278450880008e-01 -8.148287911618399271e-01
1.848725275516510010e+03 7.600231940672017572e-01 -7.248260444959866433e-01
1.848757610797882080e+03 7.520229499191259936e-01 -7.848278756065549810e-01
1.848777735471725464e+03 7.620232551042207536e-01 -7.098255867183442813e-01
1.848794420242309570e+03 7.500228888821069972e-01 -7.998283333841973430e-01
1.848807693958282471e+03 7.540230109561448790e-01 -7.698274178289132852e-01
1.848820238113403320e+03 7.640233161412396390e-01 -6.948251289407025855e-01
1.848881381511688232e+03 7.580231330301827608e-01 -7.398265022736292273e-01
1.848903776884078979e+03 7.620232551042207536e-01 -7.098255867183442813e-01
1.848918272018432617e+03 7.620232551042207536e-01 -7.098255867183442813e-01
1.848932579755783081e+03 7.620232551042207536e-01 -7.098255867183442813e-01
1.848946114301681519e+03 7.660233771782586354e-01 -6.798246711630602235e-01
1.848961722612380981e+03 7.580231330301827608e-01 -7.398265022736292273e-01
1.848979140758514404e+03 7.520229499191259936e-01 -7.848278756065549810e-01
1.848997105836868286e+03 7.420226447340312337e-01 -8.598301644947656808e-01
1.849052844524383545e+03 7.600231940672017572e-01 -7.248260444959866433e-01
1.849084068059921265e+03 7.660233771782586354e-01 -6.798246711630602235e-01
1.849139197349548340e+03 7.560230719931638754e-01 -7.548269600512709232e-01
1.849164520978927612e+03 7.380225226599932409e-01 -8.898310800500506268e-01
1.849195262432098389e+03 7.640233161412396390e-01 -6.948251289407025855e-01
1.849223556280136108e+03 7.660233771782586354e-01 -6.798246711630602235e-01
1.849251803159713745e+03 7.600231940672017572e-01 -7.248260444959866433e-01
1.849293976545333862e+03 7.620232551042207536e-01 -7.098255867183442813e-01
1.849314281463623047e+03 7.520229499191259936e-01 -7.848278756065549810e-01
1.849366346597671509e+03 7.640233161412396390e-01 -6.948251289407025855e-01
1.849377968549728394e+03 7.640233161412396390e-01 -6.948251289407025855e-01
1.849390272855758667e+03 7.460227668080691155e-01 -8.298292489394816229e-01
1.849403072834014893e+03 7.540230109561448790e-01 -7.698274178289132852e-01
1.849418636083602905e+03 7.600231940672017572e-01 -7.248260444959866433e-01
1.849461361885070801e+03 7.560230719931638754e-01 -7.548269600512709232e-01
1.849488827705383301e+03 7.620232551042207536e-01 -7.098255867183442813e-01
1.849504898309707642e+03 7.640233161412396390e-01 -6.948251289407025855e-01
1.849517612695693970e+03 7.420226447340312337e-01 -8.598301644947656808e-01
1.849530650377273560e+03 7.620232551042207536e-01 -7.098255867183442813e-01
1.849548884391784668e+03 7.640233161412396390e-01 -6.948251289407025855e-01
1.849566594362258911e+03 7.620232551042207536e-01 -7.098255867183442813e-01
1.849581664800643921e+03 7.640233161412396390e-01 -6.948251289407025855e-01
1.849615824460983276e+03 7.560230719931638754e-01 -7.548269600512709232e-01
1.849673938274383545e+03 7.640233161412396390e-01 -6.948251289407025855e-01
1.849734255075454712e+03 7.620232551042207536e-01 -7.098255867183442813e-01
1.849748622894287109e+03 7.480228278450880008e-01 -8.148287911618399271e-01
1.849779227495193481e+03 7.640233161412396390e-01 -6.948251289407025855e-01
1.849819078445434570e+03 7.600231940672017572e-01 -7.248260444959866433e-01
1.849833105802536011e+03 7.620232551042207536e-01 -7.098255867183442813e-01
1.849850100278854370e+03 7.660233771782586354e-01 -6.798246711630602235e-01
1.849861386060714722e+03 7.640233161412396390e-01 -6.948251289407025855e-01
1.849876976013183594e+03 7.580231330301827608e-01 -7.398265022736292273e-01
1.849929530143737793e+03 7.600231940672017572e-01 -7.248260444959866433e-01
1.849947373867034912e+03 7.660233771782586354e-01 -6.798246711630602235e-01
1.849961679220199585e+03 7.640233161412396390e-01 -6.948251289407025855e-01
1.849977375507354736e+03 7.640233161412396390e-01 -6.948251289407025855e-01
1.849994422435760498e+03 7.620232551042207536e-01 -7.098255867183442813e-01
1.850019301891326904e+03 7.520229499191259936e-01 -7.848278756065549810e-01
1.850035291194915771e+03 7.600231940672017572e-01 -7.248260444959866433e-01
1.850049775600433350e+03 7.620232551042207536e-01 -7.098255867183442813e-01
1.850091086387634277e+03 7.600231940672017572e-01 -7.248260444959866433e-01
1.850135632991790771e+03 7.700234992522965172e-01 -6.498237556077759436e-01
1.850192642450332642e+03 7.520229499191259936e-01 -7.848278756065549810e-01
1.850206750154495239e+03 7.500228888821069972e-01 -7.998283333841973430e-01
1.850232899904251099e+03 7.620232551042207536e-01 -7.098255867183442813e-01
1.850272657394409180e+03 7.560230719931638754e-01 -7.548269600512709232e-01
1.850286324977874756e+03 7.560230719931638754e-01 -7.548269600512709232e-01
1.850303841352462769e+03 7.560230719931638754e-01 -7.548269600512709232e-01
1.850321410655975342e+03 7.540230109561448790e-01 -7.698274178289132852e-01
1.850344238758087158e+03 7.580231330301827608e-01 -7.398265022736292273e-01
1.850377554416656494e+03 7.560230719931638754e-01 -7.548269600512709232e-01
1.850395927667617798e+03 7.600231940672017572e-01 -7.248260444959866433e-01
1.850410590410232544e+03 7.640233161412396390e-01 -6.948251289407025855e-01
1.850430228471755981e+03 7.640233161412396390e-01 -6.948251289407025855e-01
1.850445080041885376e+03 7.600231940672017572e-01 -7.248260444959866433e-01
1.850463349103927612e+03 7.500228888821069972e-01 -7.998283333841973430e-01
1.850476228475570679e+03 7.620232551042207536e-01 -7.098255867183442813e-01
1.850493844509124756e+03 7.620232551042207536e-01 -7.098255867183442813e-01
1.850539884567260742e+03 7.660233771782586354e-01 -6.798246711630602235e-01
1.850581557750701904e+03 7.600231940672017572e-01 -7.248260444959866433e-01
1.850640816450119019e+03 7.540230109561448790e-01 -7.698274178289132852e-01
1.850654720067977905e+03 7.440227057710501191e-01 -8.448297067171239849e-01
1.850679329872131348e+03 7.360224616229743555e-01 -9.048315378276923227e-01
1.850708507776260376e+03 7.640233161412396390e-01 -6.948251289407025855e-01
1.850738957881927490e+03 7.620232551042207536e-01 -7.098255867183442813e-01
1.850767050027847290e+03 7.400225836970122373e-01 -8.748306222724080428e-01
1.850803317070007324e+03 7.640233161412396390e-01 -6.948251289407025855e-01
1.850830802440643311e+03 7.620232551042207536e-01 -7.098255867183442813e-01
1.850861295223236084e+03 7.580231330301827608e-01 -7.398265022736292273e-01
1.850890675783157349e+03 7.620232551042207536e-01 -7.098255867183442813e-01
1.850904898643493652e+03 7.660233771782586354e-01 -6.798246711630602235e-01
1.850916149139404297e+03 7.620232551042207536e-01 -7.098255867183442813e-01
1.850928483486175537e+03 7.660233771782586354e-01 -6.798246711630602235e-01
1.850945284366607666e+03 7.560230719931638754e-01 -7.548269600512709232e-01
1.850996144294738770e+03 7.560230719931638754e-01 -7.548269600512709232e-01
1.851009512662887573e+03 7.600231940672017572e-01 -7.248260444959866433e-01
1.851023822546005249e+03 7.560230719931638754e-01 -7.548269600512709232e-01
1.851036277055740356e+03 7.620232551042207536e-01 -7.098255867183442813e-01
1.851049984693527222e+03 7.440227057710501191e-01 -8.448297067171239849e-01
1.851063141107559204e+03 7.700234992522965172e-01 -6.498237556077759436e-01
1.851077174186706543e+03 7.580231330301827608e-01 -7.398265022736292273e-01
1.851095782995223999e+03 7.640233161412396390e-01 -6.948251289407025855e-01
1.851113680601119995e+03 7.640233161412396390e-01 -6.948251289407025855e-01
1.851142277956008911e+03 7.600231940672017572e-01 -7.248260444959866433e-01
1.851177197456359863e+03 7.620232551042207536e-01 -7.098255867183442813e-01
1.851206357240676880e+03 7.600231940672017572e-01 -7.248260444959866433e-01
1.851262810945510864e+03 7.460227668080691155e-01 -8.298292489394816229e-01
1.851276432752609253e+03 7.460227668080691155e-01 -8.298292489394816229e-01
1.851302515029907227e+03 7.640233161412396390e-01 -6.948251289407025855e-01
1.851339974164962769e+03 7.620232551042207536e-01 -7.098255867183442813e-01
1.851356794595718384e+03 7.580231330301827608e-01 -7.398265022736292273e-01
1.851371042966842651e+03 7.640233161412396390e-01 -6.948251289407025855e-01
1.851385773181915283e+03 7.620232551042207536e-01 -7.098255867183442813e-01
1.851400619268417358e+03 7.560230719931638754e-01 -7.548269600512709232e-01
1.851447278261184692e+03 7.640233161412396390e-01 -6.948251289407025855e-01
1.851476673126220703e+03 7.580231330301827608e-01 -7.398265022736292273e-01
1.851497091531753540e+03 7.620232551042207536e-01 -7.098255867183442813e-01
1.851515142679214478e+03 7.640233161412396390e-01 -6.948251289407025855e-01
1.851528705596923828e+03 7.620232551042207536e-01 -7.098255867183442813e-01
1.851543466567993164e+03 7.620232551042207536e-01 -7.098255867183442813e-01
1.851557853698730469e+03 7.600231940672017572e-01 -7.248260444959866433e-01
1.851573173284530640e+03 7.640233161412396390e-01 -6.948251289407025855e-01
1.851588311195373535e+03 7.580231330301827608e-01 -7.398265022736292273e-01
1.851631605386734009e+03 7.560230719931638754e-01 -7.548269600512709232e-01
1.851671994447708130e+03 7.600231940672017572e-01 -7.248260444959866433e-01
1.851732445955276489e+03 7.480228278450880008e-01 -8.148287911618399271e-01
1.851745454311370850e+03 7.480228278450880008e-01 -8.148287911618399271e-01
1.851774492979049683e+03 7.620232551042207536e-01 -7.098255867183442813e-01
1.851823849201202393e+03 7.640233161412396390e-01 -6.948251289407025855e-01
1.851836928367614746e+03 7.620232551042207536e-01 -7.098255867183442813e-01
1.851852939128875732e+03 7.640233161412396390e-01 -6.948251289407025855e-01
1.851865272998809814e+03 7.620232551042207536e-01 -7.098255867183442813e-01
1.851893158197402954e+03 7.540230109561448790e-01 -7.698274178289132852e-01
1.851928786993026733e+03 7.580231330301827608e-01 -7.398265022736292273e-01
1.851946977853775024e+03 7.640233161412396390e-01 -6.948251289407025855e-01
1.851965065717697144e+03 7.620232551042207536e-01 -7.098255867183442813e-01
1.851979041099548340e+03 7.600231940672017572e-01 -7.248260444959866433e-01
1.851992046833038330e+03 7.520229499191259936e-01 -7.848278756065549810e-01
1.852005397796630859e+03 7.640233161412396390e-01 -6.948251289407025855e-01
1.852019213914871216e+03 7.620232551042207536e-01 -7.098255867183442813e-01
1.852032842159271240e+03 7.600231940672017572e-01 -7.248260444959866433e-01
1.852053191423416138e+03 7.640233161412396390e-01 -6.948251289407025855e-01
1.852113279104232788e+03 7.620232551042207536e-01 -7.098255867183442813e-01
1.852145890951156616e+03 7.640233161412396390e-01 -6.948251289407025855e-01
1.852201663970947266e+03 7.380225226599932409e-01 -8.898310800500506268e-01
1.852215764760971069e+03 7.460227668080691155e-01 -8.298292489394816229e-01
1.852233034133911133e+03 7.620232551042207536e-01 -7.098255867183442813e-01
1.852262904167175293e+03 7.660233771782586354e-01 -6.798246711630602235e-01
1.852291476488113403e+03 7.620232551042207536e-01 -7.098255867183442813e-01
1.852320207357406616e+03 7.440227057710501191e-01 -8.448297067171239849e-01
1.852364689826965332e+03 7.580231330301827608e-01 -7.398265022736292273e-01
1.852384857177734375e+03 7.540230109561448790e-01 -7.698274178289132852e-01
1.852425132036209106e+03 7.580231330301827608e-01 -7.398265022736292273e-01
1.852449187040328979e+03 7.640233161412396390e-01 -6.948251289407025855e-01
1.852462683677673340e+03 7.660233771782586354e-01 -6.798246711630602235e-01
1.852476380586624146e+03 7.540230109561448790e-01 -7.698274178289132852e-01
1.852492974758148193e+03 7.600231940672017572e-01 -7.248260444959866433e-01
1.852546264886856079e+03 7.640233161412396390e-01 -6.948251289407025855e-01
1.852564108610153198e+03 7.620232551042207536e-01 -7.098255867183442813e-01
1.852578095197677612e+03 7.600231940672017572e-01 -7.248260444959866433e-01
1.852592623949050903e+03 7.640233161412396390e-01 -6.948251289407025855e-01
1.852609535694122314e+03 7.580231330301827608e-01 -7.398265022736292273e-01
1.852621803522109985e+03 7.560230719931638754e-01 -7.548269600512709232e-01
1.852637739896774292e+03 7.600231940672017572e-01 -7.248260444959866433e-01
1.852651501178741455e+03 7.600231940672017572e-01 -7.248260444959866433e-01
1.852665220737457275e+03 7.600231940672017572e-01 -7.248260444959866433e-01
1.852683377504348755e+03 7.620232551042207536e-01 -7.098255867183442813e-01
1.852716651439666748e+03 7.600231940672017572e-01 -7.248260444959866433e-01
1.852760864019393921e+03 7.640233161412396390e-01 -6.948251289407025855e-01
1.852819602489471436e+03 7.460227668080691155e-01 -8.298292489394816229e-01
1.852832880020141602e+03 7.460227668080691155e-01 -8.298292489394816229e-01
1.852859958410263062e+03 7.620232551042207536e-01 -7.098255867183442813e-01
1.852896237373352051e+03 7.320223395489363627e-01 -9.348324533829772687e-01
1.852915055513381958e+03 7.460227668080691155e-01 -8.298292489394816229e-01
1.852929486036300659e+03 7.440227057710501191e-01 -8.448297067171239849e-01
1.852943020582199097e+03 7.400225836970122373e-01 -8.748306222724080428e-01
1.852958343267440796e+03 7.200219733268227174e-01 -1.024835200048829442e+00
1.853018784046173096e+03 7.280222174748984809e-01 -9.648333689382613265e-01
1.853033312797546387e+03 7.440227057710501191e-01 -8.448297067171239849e-01
1.853051753520965576e+03 7.480228278450880008e-01 -8.148287911618399271e-01
1.853063442230224609e+03 7.480228278450880008e-01 -8.148287911618399271e-01
1.853076117992401123e+03 7.440227057710501191e-01 -8.448297067171239849e-01
1.853093982219696045e+03 7.400225836970122373e-01 -8.748306222724080428e-01
1.853110962867736816e+03 7.440227057710501191e-01 -8.448297067171239849e-01
1.853129054069519043e+03 7.400225836970122373e-01 -8.748306222724080428e-01
1.853146405220031738e+03 6.720205084383679139e-01 -1.384846186712240801e+00
1.853197690725326538e+03 6.900210577715385485e-01 -1.249842066713460653e+00
1.853229097843170166e+03 7.460227668080691155e-01 -8.298292489394816229e-01
1.853284477710723877e+03 7.380225226599932409e-01 -8.898310800500506268e-01
1.853305691719055176e+03 7.240220954008605991e-01 -9.948342844935453844e-01
1.853323398113250732e+03 7.340224005859553591e-01 -9.198319956053346846e-01
1.853353579759597778e+03 7.440227057710501191e-01 -8.448297067171239849e-01
1.853378118038177490e+03 7.400225836970122373e-01 -8.748306222724080428e-01
1.853389309167861938e+03 7.460227668080691155e-01 -8.298292489394816229e-01
1.853407766103744507e+03 7.340224005859553591e-01 -9.198319956053346846e-01
1.853421736240386963e+03 7.440227057710501191e-01 -8.448297067171239849e-01
1.853483915805816650e+03 7.280222174748984809e-01 -9.648333689382613265e-01
1.853500267982482910e+03 7.400225836970122373e-01 -8.748306222724080428e-01
1.853519303083419800e+03 7.400225836970122373e-01 -8.748306222724080428e-01
1.853536444425582886e+03 7.320223395489363627e-01 -9.348324533829772687e-01
1.853552685976028442e+03 7.420226447340312337e-01 -8.598301644947656808e-01
1.853566267728805542e+03 7.460227668080691155e-01 -8.298292489394816229e-01
1.853583438158035278e+03 7.400225836970122373e-01 -8.748306222724080428e-01
1.853602320909500122e+03 7.320223395489363627e-01 -9.348324533829772687e-01
1.853649338245391846e+03 7.320223395489363627e-01 -9.348324533829772687e-01
1.853679765939712524e+03 7.420226447340312337e-01 -8.598301644947656808e-01
1.853735054969787598e+03 7.260221564378795955e-01 -9.798338267159030224e-01
1.853749080181121826e+03 7.260221564378795955e-01 -9.798338267159030224e-01
1.853767048358917236e+03 7.260221564378795955e-01 -9.798338267159030224e-01
1.853796312808990479e+03 7.440227057710501191e-01 -8.448297067171239849e-01
1.853830071687698364e+03 7.460227668080691155e-01 -8.298292489394816229e-01
1.853860760927200317e+03 7.440227057710501191e-01 -8.448297067171239849e-01
1.853897279024124146e+03 7.360224616229743555e-01 -9.048315378276923227e-01
1.853923583745956421e+03 7.420226447340312337e-01 -8.598301644947656808e-01
1.853967084169387817e+03 7.260221564378795955e-01 -9.798338267159030224e-01
1.853980393171310425e+03 7.460227668080691155e-01 -8.298292489394816229e-01
1.853995544672012329e+03 7.360224616229743555e-01 -9.048315378276923227e-01
1.854010280370712280e+03 7.440227057710501191e-01 -8.448297067171239849e-01
1.854023650884628296e+03 7.240220954008605991e-01 -9.948342844935453844e-01
1.854083909511566162e+03 7.420226447340312337e-01 -8.598301644947656808e-01
1.854099480152130127e+03 7.400225836970122373e-01 -8.748306222724080428e-01
1.854123102426528931e+03 7.400225836970122373e-01 -8.748306222724080428e-01
1.854140567541122437e+03 7.380225226599932409e-01 -8.898310800500506268e-01
1.854154232025146484e+03 7.420226447340312337e-01 -8.598301644947656808e-01
1.854173900604248047e+03 7.420226447340312337e-01 -8.598301644947656808e-01
1.854191554307937622e+03 7.440227057710501191e-01 -8.448297067171239849e-01
1.854248029947280884e+03 7.260221564378795955e-01 -9.798338267159030224e-01
1.854278731346130371e+03 7.240220954008605991e-01 -9.948342844935453844e-01
1.854333097934722900e+03 7.280222174748984809e-01 -9.648333689382613265e-01
1.854346471309661865e+03 7.300222785119174773e-01 -9.498329111606187425e-01
1.854374859571456909e+03 7.440227057710501191e-01 -8.448297067171239849e-01
1.854422297954559326e+03 7.320223395489363627e-01 -9.348324533829772687e-01
1.854436492443084717e+03 7.340224005859553591e-01 -9.198319956053346846e-01
1.854451464653015137e+03 7.420226447340312337e-01 -8.598301644947656808e-01
1.854466187000274658e+03 7.420226447340312337e-01 -8.598301644947656808e-01
1.854484306097030640e+03 7.320223395489363627e-01 -9.348324533829772687e-01
1.854538486242294312e+03 7.360224616229743555e-01 -9.048315378276923227e-01
1.854555315017700195e+03 7.380225226599932409e-01 -8.898310800500506268e-01
1.854569811105728149e+03 7.440227057710501191e-01 -8.448297067171239849e-01
1.854585656404495239e+03 7.440227057710501191e-01 -8.448297067171239849e-01
1.854600514888763428e+03 7.380225226599932409e-01 -8.898310800500506268e-01
1.854616446733474731e+03 7.160218512527848356e-01 -1.054836115604113722e+00
1.854637309789657593e+03 7.200219733268227174e-01 -1.024835200048829442e+00
1.854656250715255737e+03 7.300222785119174773e-01 -9.498329111606187425e-01
1.854703099727630615e+03 7.380225226599932409e-01 -8.898310800500506268e-01
1.854734395980834961e+03 7.440227057710501191e-01 -8.448297067171239849e-01
1.854790548324584961e+03 7.320223395489363627e-01 -9.348324533829772687e-01
1.854804488658905029e+03 7.200219733268227174e-01 -1.024835200048829442e+00
1.854831048011779785e+03 7.400225836970122373e-01 -8.748306222724080428e-01
1.854863361120223999e+03 7.340224005859553591e-01 -9.198319956053346846e-01
1.854880707502365112e+03 7.360224616229743555e-01 -9.048315378276923227e-01
1.854894960165023804e+03 7.420226447340312337e-01 -8.598301644947656808e-01
1.854908864736557007e+03 7.360224616229743555e-01 -9.048315378276923227e-01
1.854921974182128906e+03 7.320223395489363627e-01 -9.348324533829772687e-01
1.854936944961547852e+03 7.380225226599932409e-01 -8.898310800500506268e-01
1.854985680103302002e+03 7.400225836970122373e-01 -8.748306222724080428e-01
1.855000960588455200e+03 7.380225226599932409e-01 -8.898310800500506268e-01
1.855015034198760986e+03 7.360224616229743555e-01 -9.048315378276923227e-01
1.855032146930694580e+03 7.440227057710501191e-01 -8.448297067171239849e-01
1.855044106006622314e+03 7.400225836970122373e-01 -8.748306222724080428e-01
1.855057583570480347e+03 7.320223395489363627e-01 -9.348324533829772687e-01
1.855075313329696655e+03 7.340224005859553591e-01 -9.198319956053346846e-01
1.855093146324157715e+03 7.380225226599932409e-01 -8.898310800500506268e-01
1.855107005834579468e+03 7.440227057710501191e-01 -8.448297067171239849e-01
1.855139715433120728e+03 7.400225836970122373e-01 -8.748306222724080428e-01
1.855166590929031372e+03 7.400225836970122373e-01 -8.748306222724080428e-01
1.855196485042572021e+03 7.380225226599932409e-01 -8.898310800500506268e-01
1.855252044677734375e+03 7.320223395489363627e-01 -9.348324533829772687e-01
1.855266668558120728e+03 7.200219733268227174e-01 -1.024835200048829442e+00
1.855283966064453125e+03 7.420226447340312337e-01 -8.598301644947656808e-01
1.855313495635986328e+03 7.420226447340312337e-01 -8.598301644947656808e-01
1.855354471206665039e+03 7.380225226599932409e-01 -8.898310800500506268e-01
1.855384627103805542e+03 7.460227668080691155e-01 -8.298292489394816229e-01
1.855420353651046753e+03 7.620232551042207536e-01 -7.098255867183442813e-01
1.855440685272216797e+03 7.500228888821069972e-01 -7.998283333841973430e-01
1.855469837188720703e+03 7.460227668080691155e-01 -8.298292489394816229e-01
1.855496601343154907e+03 7.580231330301827608e-01 -7.398265022736292273e-01
1.855507817268371582e+03 7.640233161412396390e-01 -6.948251289407025855e-01
1.855521672487258911e+03 7.620232551042207536e-01 -7.098255867183442813e-01
1.855537220478057861e+03 7.560230719931638754e-01 -7.548269600512709232e-01
1.855550327539443970e+03 7.660233771782586354e-01 -6.798246711630602235e-01
1.855607046365737915e+03 7.660233771782586354e-01 -6.798246711630602235e-01
1.855624142646789551e+03 7.580231330301827608e-01 -7.398265022736292273e-01
1.855635835647583008e+03 7.620232551042207536e-01 -7.098255867183442813e-01
1.855649338245391846e+03 7.580231330301827608e-01 -7.398265022736292273e-01
1.855662452459335327e+03 7.620232551042207536e-01 -7.098255867183442813e-01
1.855675258636474609e+03 7.580231330301827608e-01 -7.398265022736292273e-01
1.855691154479980469e+03 7.640233161412396390e-01 -6.948251289407025855e-01
1.855705195665359497e+03 7.640233161412396390e-01 -6.948251289407025855e-01
1.855718419313430786e+03 7.560230719931638754e-01 -7.548269600512709232e-01
1.855764026403427124e+03 7.620232551042207536e-01 -7.098255867183442813e-01
1.855809319257736206e+03 7.620232551042207536e-01 -7.098255867183442813e-01
1.855903745174407959e+03 7.440227057710501191e-01 -8.448297067171239849e-01
1.855916714906692505e+03 7.460227668080691155e-01 -8.298292489394816229e-01
1.855942457437515259e+03 7.340224005859553591e-01 -9.198319956053346846e-01
1.855972357034683228e+03 7.540230109561448790e-01 -7.698274178289132852e-01
1.856003096342086792e+03 7.640233161412396390e-01 -6.948251289407025855e-01
1.856017225027084351e+03 7.580231330301827608e-01 -7.398265022736292273e-01
1.856030956268310547e+03 7.520229499191259936e-01 -7.848278756065549810e-01
1.856041893482208252e+03 7.580231330301827608e-01 -7.398265022736292273e-01
1.856061383962631226e+03 7.540230109561448790e-01 -7.698274178289132852e-01
1.856115896463394165e+03 7.620232551042207536e-01 -7.098255867183442813e-01
1.856132117033004761e+03 7.580231330301827608e-01 -7.398265022736292273e-01
1.856146897554397583e+03 7.660233771782586354e-01 -6.798246711630602235e-01
1.856160590887069702e+03 7.560230719931638754e-01 -7.548269600512709232e-01
1.856173664569854736e+03 7.600231940672017572e-01 -7.248260444959866433e-01
1.856191998958587646e+03 7.640233161412396390e-01 -6.948251289407025855e-01
1.856207692384719849e+03 7.620232551042207536e-01 -7.098255867183442813e-01
1.856223516941070557e+03 7.620232551042207536e-01 -7.098255867183442813e-01
1.856297729015350342e+03 7.580231330301827608e-01 -7.398265022736292273e-01
1.856311967849731445e+03 7.500228888821069972e-01 -7.998283333841973430e-01
1.856367360353469849e+03 7.520229499191259936e-01 -7.848278756065549810e-01
1.856381277561187744e+03 7.460227668080691155e-01 -8.298292489394816229e-01
1.856408126115798950e+03 7.600231940672017572e-01 -7.248260444959866433e-01
1.856449189901351929e+03 7.620232551042207536e-01 -7.098255867183442813e-01
1.856462968111038208e+03 7.640233161412396390e-01 -6.948251289407025855e-01
1.856474601268768311e+03 7.580231330301827608e-01 -7.398265022736292273e-01
1.856486173391342163e+03 7.620232551042207536e-01 -7.098255867183442813e-01
1.856500803947448730e+03 7.520229499191259936e-01 -7.848278756065549810e-01
1.856544122695922852e+03 7.660233771782586354e-01 -6.798246711630602235e-01
1.856573603153228760e+03 7.640233161412396390e-01 -6.948251289407025855e-01
1.856594270229339600e+03 7.600231940672017572e-01 -7.248260444959866433e-01
1.856617411375045776e+03 7.640233161412396390e-01 -6.948251289407025855e-01
1.856633497238159180e+03 7.600231940672017572e-01 -7.248260444959866433e-01
1.856646776437759399e+03 7.700234992522965172e-01 -6.498237556077759436e-01
1.856660246133804321e+03 7.520229499191259936e-01 -7.848278756065549810e-01
1.856675077915191650e+03 7.620232551042207536e-01 -7.098255867183442813e-01
1.856694746494293213e+03 7.640233161412396390e-01 -6.948251289407025855e-01
1.856731348037719727e+03 7.600231940672017572e-01 -7.248260444959866433e-01
1.856776068925857544e+03 7.620232551042207536e-01 -7.098255867183442813e-01
1.856847276210784912e+03 7.560230719931638754e-01 -7.548269600512709232e-01
1.856861211538314819e+03 7.420226447340312337e-01 -8.598301644947656808e-01
1.856879679441452026e+03 7.560230719931638754e-01 -7.548269600512709232e-01
1.856907989978790283e+03 7.640233161412396390e-01 -6.948251289407025855e-01
1.856936312437057495e+03 7.660233771782586354e-01 -6.798246711630602235e-01
1.856964430332183838e+03 7.660233771782586354e-01 -6.798246711630602235e-01
1.857007469177246094e+03 7.660233771782586354e-01 -6.798246711630602235e-01
1.857027633190155029e+03 7.560230719931638754e-01 -7.548269600512709232e-01
1.857083231449127197e+03 7.620232551042207536e-01 -7.098255867183442813e-01
1.857096133708953857e+03 7.620232551042207536e-01 -7.098255867183442813e-01
1.857110973358154297e+03 7.660233771782586354e-01 -6.798246711630602235e-01
1.857130413055419922e+03 7.620232551042207536e-01 -7.098255867183442813e-01
1.857169892311096191e+03 7.620232551042207536e-01 -7.098255867183442813e-01
1.857195775508880615e+03 7.600231940672017572e-01 -7.248260444959866433e-01
1.857213510751724243e+03 7.580231330301827608e-01 -7.398265022736292273e-01
1.857228117227554321e+03 7.660233771782586354e-01 -6.798246711630602235e-01
1.857244577169418335e+03 7.620232551042207536e-01 -7.098255867183442813e-01
1.857258930206298828e+03 7.580231330301827608e-01 -7.398265022736292273e-01
1.857275433540344238e+03 7.560230719931638754e-01 -7.548269600512709232e-01
1.857296765565872192e+03 7.560230719931638754e-01 -7.548269600512709232e-01
1.857315027236938477e+03 7.640233161412396390e-01 -6.948251289407025855e-01
1.857347411870956421e+03 7.480228278450880008e-01 -8.148287911618399271e-01
1.857392263889312744e+03 7.640233161412396390e-01 -6.948251289407025855e-01
1.857452536106109619e+03 7.540230109561448790e-01 -7.698274178289132852e-01
1.857467126607894897e+03 7.480228278450880008e-01 -8.148287911618399271e-01
1.857501252412796021e+03 7.600231940672017572e-01 -7.248260444959866433e-01
1.857533343553543091e+03 7.560230719931638754e-01 -7.548269600512709232e-01
1.857546504020690918e+03 7.640233161412396390e-01 -6.948251289407025855e-01
1.857558221101760864e+03 7.640233161412396390e-01 -6.948251289407025855e-01
1.857569360971450806e+03 7.660233771782586354e-01 -6.798246711630602235e-01
1.857581178188323975e+03 7.460227668080691155e-01 -8.298292489394816229e-01
1.857592476129531860e+03 7.560230719931638754e-01 -7.548269600512709232e-01
1.857644639968872070e+03 7.660233771782586354e-01 -6.798246711630602235e-01
1.857661380529403687e+03 7.600231940672017572e-01 -7.248260444959866433e-01
1.857674621105194092e+03 7.640233161412396390e-01 -6.948251289407025855e-01
1.857690986871719360e+03 7.640233161412396390e-01 -6.948251289407025855e-01
1.857705326557159424e+03 7.640233161412396390e-01 -6.948251289407025855e-01
1.857718682765960693e+03 7.620232551042207536e-01 -7.098255867183442813e-01
1.857732553482055664e+03 7.600231940672017572e-01 -7.248260444959866433e-01
1.857748072624206543e+03 7.620232551042207536e-01 -7.098255867183442813e-01
1.857764938116073608e+03 7.660233771782586354e-01 -6.798246711630602235e-01
1.857822563171386719e+03 7.400225836970122373e-01 -8.748306222724080428e-01
1.857851896047592163e+03 7.660233771782586354e-01 -6.798246711630602235e-01
1.857909913063049316e+03 7.680234382152776318e-01 -6.648242133854176394e-01
1.857923724651336670e+03 7.500228888821069972e-01 -7.998283333841973430e-01
1.857949625253677368e+03 7.580231330301827608e-01 -7.398265022736292273e-01
1.857990871191024780e+03 7.540230109561448790e-01 -7.698274178289132852e-01
1.858005279302597046e+03 7.540230109561448790e-01 -7.698274178289132852e-01
1.858016531467437744e+03 7.560230719931638754e-01 -7.548269600512709232e-01
1.858032736063003540e+03 7.660233771782586354e-01 -6.798246711630602235e-01
1.858053768873214722e+03 7.560230719931638754e-01 -7.548269600512709232e-01
1.858095364093780518e+03 7.640233161412396390e-01 -6.948251289407025855e-01
1.858109721183776855e+03 7.660233771782586354e-01 -6.798246711630602235e-01
1.858134195566177368e+03 7.660233771782586354e-01 -6.798246711630602235e-01
1.858151145458221436e+03 7.640233161412396390e-01 -6.948251289407025855e-01
1.858165509462356567e+03 7.660233771782586354e-01 -6.798246711630602235e-01
1.858182694196701050e+03 7.480228278450880008e-01 -8.148287911618399271e-01
1.858202414512634277e+03 7.420226447340312337e-01 -8.598301644947656808e-01
1.858253926515579224e+03 7.500228888821069972e-01 -7.998283333841973430e-01
1.858299432277679443e+03 7.600231940672017572e-01 -7.248260444959866433e-01
1.858356889963150024e+03 7.520229499191259936e-01 -7.848278756065549810e-01
1.858370754003524780e+03 7.480228278450880008e-01 -8.148287911618399271e-01
1.858394175767898560e+03 7.640233161412396390e-01 -6.948251289407025855e-01
1.858429184436798096e+03 7.440227057710501191e-01 -8.448297067171239849e-01
1.858459467172622681e+03 7.700234992522965172e-01 -6.498237556077759436e-01
1.858486262321472168e+03 7.620232551042207536e-01 -7.098255867183442813e-01
1.858518324375152588e+03 7.540230109561448790e-01 -7.698274178289132852e-01
1.858544354438781738e+03 7.640233161412396390e-01 -6.948251289407025855e-01
1.858588176488876343e+03 7.620232551042207536e-01 -7.098255867183442813e-01
1.858605843544006348e+03 7.500228888821069972e-01 -7.998283333841973430e-01
1.858621854066848755e+03 7.620232551042207536e-01 -7.098255867183442813e-01
1.858636744022369385e+03 7.540230109561448790e-01 -7.698274178289132852e-01
1.858690498590469360e+03 7.580231330301827608e-01 -7.398265022736292273e-01
1.858709911346435547e+03 7.620232551042207536e-01 -7.098255867183442813e-01
1.858723495244979858e+03 7.620232551042207536e-01 -7.098255867183442813e-01
1.858736972093582153e+03 7.600231940672017572e-01 -7.248260444959866433e-01
1.858750293016433716e+03 7.640233161412396390e-01 -6.948251289407025855e-01
1.858768219232559204e+03 7.640233161412396390e-01 -6.948251289407025855e-01
1.858783470392227173e+03 7.620232551042207536e-01 -7.098255867183442813e-01
1.858803716897964478e+03 7.520229499191259936e-01 -7.848278756065549810e-01
1.858822634935379028e+03 7.500228888821069972e-01 -7.998283333841973430e-01
1.858869832754135132e+03 7.580231330301827608e-01 -7.398265022736292273e-01
1.858900461435317993e+03 7.620232551042207536e-01 -7.098255867183442813e-01
1.858957836866378784e+03 7.480228278450880008e-01 -8.148287911618399271e-01
1.858971938133239746e+03 7.460227668080691155e-01 -8.298292489394816229e-01
1.859000397205352783e+03 7.660233771782586354e-01 -6.798246711630602235e-01
1.859042563438415527e+03 7.620232551042207536e-01 -7.098255867183442813e-01
1.859060442209243774e+03 7.520229499191259936e-01 -7.848278756065549810e-01
1.859072858333587646e+03 7.560230719931638754e-01 -7.548269600512709232e-01
1.859088131666183472e+03 7.620232551042207536e-01 -7.098255867183442813e-01
1.859102517366409302e+03 7.640233161412396390e-01 -6.948251289407025855e-01
1.859144435882568359e+03 7.620232551042207536e-01 -7.098255867183442813e-01
1.859171847581863403e+03 7.620232551042207536e-01 -7.098255867183442813e-01
1.859188050508499146e+03 7.620232551042207536e-01 -7.098255867183442813e-01
1.859203829765319824e+03 7.580231330301827608e-01 -7.398265022736292273e-01
1.859227751970291138e+03 7.620232551042207536e-01 -7.098255867183442813e-01
1.859243304967880249e+03 7.520229499191259936e-01 -7.848278756065549810e-01
1.859262478590011597e+03 7.640233161412396390e-01 -6.948251289407025855e-01
1.859278355121612549e+03 7.620232551042207536e-01 -7.098255867183442813e-01
1.859356651544570923e+03 7.620232551042207536e-01 -7.098255867183442813e-01
1.859371505737304688e+03 7.560230719931638754e-01 -7.548269600512709232e-01
1.859425744533538818e+03 7.520229499191259936e-01 -7.848278756065549810e-01
1.859440062522888184e+03 7.440227057710501191e-01 -8.448297067171239849e-01
1.859489426136016846e+03 7.600231940672017572e-01 -7.248260444959866433e-01
1.859516411542892456e+03 7.600231940672017572e-01 -7.248260444959866433e-01
1.859528843879699707e+03 7.660233771782586354e-01 -6.798246711630602235e-01
1.859540027379989624e+03 7.640233161412396390e-01 -6.948251289407025855e-01
1.859551392555236816e+03 7.580231330301827608e-01 -7.398265022736292273e-01
1.859613517522811890e+03 7.640233161412396390e-01 -6.948251289407025855e-01
1.859632534742355347e+03 7.560230719931638754e-01 -7.548269600512709232e-01
1.859651242494583130e+03 7.680234382152776318e-01 -6.648242133854176394e-01
1.859664832830429077e+03 7.540230109561448790e-01 -7.698274178289132852e-01
1.859679638385772705e+03 7.640233161412396390e-01 -6.948251289407025855e-01
1.859697943925857544e+03 7.620232551042207536e-01 -7.098255867183442813e-01
1.859710480451583862e+03 7.640233161412396390e-01 -6.948251289407025855e-01
1.859724924325942993e+03 7.640233161412396390e-01 -6.948251289407025855e-01
1.859750216960906982e+03 7.580231330301827608e-01 -7.398265022736292273e-01
1.859789362907409668e+03 7.580231330301827608e-01 -7.398265022736292273e-01
1.859818680286407471e+03 7.600231940672017572e-01 -7.248260444959866433e-01
1.859877501964569092e+03 7.460227668080691155e-01 -8.298292489394816229e-01
1.859900877475738525e+03 7.400225836970122373e-01 -8.748306222724080428e-01
1.859931514739990234e+03 7.460227668080691155e-01 -8.298292489394816229e-01
1.859959656953811646e+03 7.640233161412396390e-01 -6.948251289407025855e-01
1.859987720489501953e+03 7.640233161412396390e-01 -6.948251289407025855e-01
1.860029130220413208e+03 7.660233771782586354e-01 -6.798246711630602235e-01
1.860049822568893433e+03 7.520229499191259936e-01 -7.848278756065549810e-01
1.860086369752883911e+03 7.620232551042207536e-01 -7.098255867183442813e-01
1.860112225532531738e+03 7.600231940672017572e-01 -7.248260444959866433e-01
1.860124994993209839e+03 7.620232551042207536e-01 -7.098255867183442813e-01
1.860136245250701904e+03 7.620232551042207536e-01 -7.098255867183442813e-01
1.860148310422897339e+03 7.460227668080691155e-01 -8.298292489394816229e-01
1.860167496204376221e+03 7.520229499191259936e-01 -7.848278756065549810e-01
1.860221211671829224e+03 7.580231330301827608e-01 -7.398265022736292273e-01
1.860239214181900024e+03 7.620232551042207536e-01 -7.098255867183442813e-01
1.860252824783325195e+03 7.620232551042207536e-01 -7.098255867183442813e-01
1.860267734050750732e+03 7.620232551042207536e-01 -7.098255867183442813e-01
1.860285217761993408e+03 7.520229499191259936e-01 -7.848278756065549810e-01
1.860303123235702515e+03 7.600231940672017572e-01 -7.248260444959866433e-01
1.860316220998764038e+03 7.620232551042207536e-01 -7.098255867183442813e-01
1.860329509019851685e+03 7.660233771782586354e-01 -6.798246711630602235e-01
1.860387300252914429e+03 7.520229499191259936e-01 -7.848278756065549810e-01
1.860417872190475464e+03 7.460227668080691155e-01 -8.298292489394816229e-01
1.860473387241363525e+03 7.300222785119174773e-01 -9.498329111606187425e-01
1.860487078905105591e+03 7.320223395489363627e-01 -9.348324533829772687e-01
1.860516548395156860e+03 7.480228278450880008e-01 -8.148287911618399271e-01
1.860556560754776001e+03 7.260221564378795955e-01 -9.798338267159030224e-01
1.860569571495056152e+03 7.460227668080691155e-01 -8.298292489394816229e-01
1.860583629369735718e+03 7.360224616229743555e-01 -9.048315378276923227e-01
1.860595063686370850e+03 7.260221564378795955e-01 -9.798338267159030224e-01
1.860612991809844971e+03 7.400225836970122373e-01 -8.748306222724080428e-01
1.860651858329772949e+03 7.420226447340312337e-01 -8.598301644947656808e-01
1.860678180217742920e+03 7.440227057710501191e-01 -8.448297067171239849e-01
1.860694818258285522e+03 7.460227668080691155e-01 -8.298292489394816229e-01
1.860711472749710083e+03 7.460227668080691155e-01 -8.298292489394816229e-01
1.860725813865661621e+03 6.260191045869319959e-01 -1.729856715598010020e+00
1.860739639043807983e+03 7.400225836970122373e-01 -8.748306222724080428e-01
1.860759619951248169e+03 7.280222174748984809e-01 -9.648333689382613265e-01
1.860787225723266602e+03 7.360224616229743555e-01 -9.048315378276923227e-01
1.860829688310623169e+03 7.440227057710501191e-01 -8.448297067171239849e-01
1.860871627807617188e+03 6.760206305124057957e-01 -1.354845271156956521e+00
1.860930690050125122e+03 7.380225226599932409e-01 -8.898310800500506268e-01
1.860944411039352417e+03 7.220220343638416027e-01 -1.009834742271187746e+00
1.860968326807022095e+03 7.400225836970122373e-01 -8.748306222724080428e-01
1.861012592077255249e+03 7.360224616229743555e-01 -9.048315378276923227e-01
1.861025077581405640e+03 7.440227057710501191e-01 -8.448297067171239849e-01
1.861036563873291016e+03 7.400225836970122373e-01 -8.748306222724080428e-01
1.861054487466812134e+03 7.240220954008605991e-01 -9.948342844935453844e-01
1.861067493677139282e+03 7.400225836970122373e-01 -8.748306222724080428e-01
1.861119435787200928e+03 7.420226447340312337e-01 -8.598301644947656808e-01
1.861133084058761597e+03 7.420226447340312337e-01 -8.598301644947656808e-01
1.861150148391723633e+03 7.260221564378795955e-01 -9.798338267159030224e-01
1.861164072751998901e+03 7.400225836970122373e-01 -8.748306222724080428e-01
1.861181257724761963e+03 7.400225836970122373e-01 -8.748306222724080428e-01
1.861197436332702637e+03 7.280222174748984809e-01 -9.648333689382613265e-01
1.861215368270874023e+03 7.380225226599932409e-01 -8.898310800500506268e-01
1.861232779979705811e+03 7.420226447340312337e-01 -8.598301644947656808e-01
1.861258838415145874e+03 7.400225836970122373e-01 -8.748306222724080428e-01
1.861298242568969727e+03 7.400225836970122373e-01 -8.748306222724080428e-01
1.861327698230743408e+03 7.400225836970122373e-01 -8.748306222724080428e-01
1.861382972002029419e+03 7.300222785119174773e-01 -9.498329111606187425e-01
1.861396628141403198e+03 7.180219122898037210e-01 -1.039835657826472026e+00
1.861423943758010864e+03 7.360224616229743555e-01 -9.048315378276923227e-01
1.861452624559402466e+03 7.400225836970122373e-01 -8.748306222724080428e-01
1.861480649471282959e+03 7.420226447340312337e-01 -8.598301644947656808e-01
1.861510365962982178e+03 7.400225836970122373e-01 -8.748306222724080428e-01
1.861546410560607910e+03 7.380225226599932409e-01 -8.898310800500506268e-01
1.861572735309600830e+03 7.360224616229743555e-01 -9.048315378276923227e-01
1.861623360395431519e+03 7.400225836970122373e-01 -8.748306222724080428e-01
1.861638657808303833e+03 7.360224616229743555e-01 -9.048315378276923227e-01
1.861656975507736206e+03 7.440227057710501191e-01 -8.448297067171239849e-01
1.861670233964920044e+03 7.440227057710501191e-01 -8.448297067171239849e-01
1.861727439880371094e+03 7.380225226599932409e-01 -8.898310800500506268e-01
1.861741878747940063e+03 7.280222174748984809e-01 -9.648333689382613265e-01
1.861759092807769775e+03 7.320223395489363627e-01 -9.348324533829772687e-01
1.861776082754135132e+03 7.380225226599932409e-01 -8.898310800500506268e-01
1.861790407419204712e+03 7.400225836970122373e-01 -8.748306222724080428e-01
1.861809737205505371e+03 7.280222174748984809e-01 -9.648333689382613265e-01
1.861831691026687622e+03 7.400225836970122373e-01 -8.748306222724080428e-01
1.861878888845443726e+03 7.240220954008605991e-01 -9.948342844935453844e-01
1.861923419475555420e+03 7.400225836970122373e-01 -8.748306222724080428e-01
1.861980729818344116e+03 7.220220343638416027e-01 -1.009834742271187746e+00
1.861994131088256836e+03 7.200219733268227174e-01 -1.024835200048829442e+00
1.862023269891738892e+03 7.260221564378795955e-01 -9.798338267159030224e-01
1.862054235696792603e+03 7.400225836970122373e-01 -8.748306222724080428e-01
1.862077421188354492e+03 7.260221564378795955e-01 -9.798338267159030224e-01
1.862091320753097534e+03 7.320223395489363627e-01 -9.348324533829772687e-01
1.862102627754211426e+03 7.340224005859553591e-01 -9.198319956053346846e-01
1.862115544795989990e+03 7.400225836970122373e-01 -8.748306222724080428e-01
1.862142957925796509e+03 7.400225836970122373e-01 -8.748306222724080428e-01
1.862185750484466553e+03 7.360224616229743555e-01 -9.048315378276923227e-01
1.862198121070861816e+03 7.380225226599932409e-01 -8.898310800500506268e-01
1.862213469028472900e+03 7.400225836970122373e-01 -8.748306222724080428e-01
1.862231484651565552e+03 7.420226447340312337e-01 -8.598301644947656808e-01
1.862244497776031494e+03 7.380225226599932409e-01 -8.898310800500506268e-01
1.862258362531661987e+03 7.380225226599932409e-01 -8.898310800500506268e-01
1.862275857448577881e+03 7.380225226599932409e-01 -8.898310800500506268e-01
1.862289288043975830e+03 7.400225836970122373e-01 -8.748306222724080428e-01
1.862314858198165894e+03 7.320223395489363627e-01 -9.348324533829772687e-01
1.862354221343994141e+03 7.340224005859553591e-01 -9.198319956053346846e-01
1.862384047031402588e+03 7.180219122898037210e-01 -1.039835657826472026e+00
1.862440211534500122e+03 7.200219733268227174e-01 -1.024835200048829442e+00
1.862453984975814819e+03 7.240220954008605991e-01 -9.948342844935453844e-01
1.862480400800704956e+03 7.420226447340312337e-01 -8.598301644947656808e-01
1.862529458045959473e+03 7.340224005859553591e-01 -9.198319956053346846e-01
1.862541492223739624e+03 7.340224005859553591e-01 -9.198319956053346846e-01
1.862554491996765137e+03 7.420226447340312337e-01 -8.598301644947656808e-01
1.862566314220428467e+03 7.420226447340312337e-01 -8.598301644947656808e-01
1.862578116178512573e+03 7.180219122898037210e-01 -1.039835657826472026e+00
1.862631451129913330e+03 7.300222785119174773e-01 -9.498329111606187425e-01
1.862647422313690186e+03 7.400225836970122373e-01 -8.748306222724080428e-01
1.862664556980133057e+03 7.320223395489363627e-01 -9.348324533829772687e-01
1.862684139251708984e+03 7.320223395489363627e-01 -9.348324533829772687e-01
1.862702216148376465e+03 7.380225226599932409e-01 -8.898310800500506268e-01
1.862718218326568604e+03 7.400225836970122373e-01 -8.748306222724080428e-01
1.862735777854919434e+03 7.240220954008605991e-01 -9.948342844935453844e-01
1.862770820140838623e+03 7.340224005859553591e-01 -9.198319956053346846e-01
1.862830751180648804e+03 7.440227057710501191e-01 -8.448297067171239849e-01
1.862889891624450684e+03 7.480228278450880008e-01 -8.148287911618399271e-01
1.862903017997741699e+03 7.440227057710501191e-01 -8.448297067171239849e-01
1.862927376747131348e+03 7.620232551042207536e-01 -7.098255867183442813e-01
1.862955999135971069e+03 7.580231330301827608e-01 -7.398265022736292273e-01
1.862989361524581909e+03 7.640233161412396390e-01 -6.948251289407025855e-01
1.863019782066345215e+03 7.620232551042207536e-01 -7.098255867183442813e-01
1.863056104421615601e+03 7.560230719931638754e-01 -7.548269600512709232e-01
1.863081943988800049e+03 7.640233161412396390e-01 -6.948251289407025855e-01
1.863117553234100342e+03 7.500228888821069972e-01 -7.998283333841973430e-01
1.863132508039474487e+03 7.640233161412396390e-01 -6.948251289407025855e-01
1.863144821405410767e+03 7.500228888821069972e-01 -7.998283333841973430e-01
1.863160349130630493e+03 7.580231330301827608e-01 -7.398265022736292273e-01
1.863173157215118408e+03 7.640233161412396390e-01 -6.948251289407025855e-01
1.863190813302993774e+03 7.400225836970122373e-01 -8.748306222724080428e-01
1.863225892305374146e+03 7.440227057710501191e-01 -8.448297067171239849e-01
1.863247333288192749e+03 7.580231330301827608e-01 -7.398265022736292273e-01
1.863266934871673584e+03 7.520229499191259936e-01 -7.848278756065549810e-01
1.863282439470291138e+03 7.560230719931638754e-01 -7.548269600512709232e-01
1.863299051523208618e+03 7.580231330301827608e-01 -7.398265022736292273e-01
1.863315746784210205e+03 7.380225226599932409e-01 -8.898310800500506268e-01
1.863333053827285767e+03 7.580231330301827608e-01 -7.398265022736292273e-01
1.863353440523147583e+03 7.640233161412396390e-01 -6.948251289407025855e-01
1.863377002477645874e+03 7.540230109561448790e-01 -7.698274178289132852e-01
1.863416049242019653e+03 7.540230109561448790e-01 -7.698274178289132852e-01
1.863445787668228149e+03 7.500228888821069972e-01 -7.998283333841973430e-01
1.863502870321273804e+03 7.480228278450880008e-01 -8.148287911618399271e-01
1.863516541719436646e+03 7.440227057710501191e-01 -8.448297067171239849e-01
1.863540935516357422e+03 7.620232551042207536e-01 -7.098255867183442813e-01
1.863593980073928833e+03 7.560230719931638754e-01 -7.548269600512709232e-01
1.863608143091201782e+03 7.640233161412396390e-01 -6.948251289407025855e-01
1.863619227409362793e+03 7.560230719931638754e-01 -7.548269600512709232e-01
1.863630625486373901e+03 7.540230109561448790e-01 -7.698274178289132852e-01
1.863646804809570312e+03 7.500228888821069972e-01 -7.998283333841973430e-01
1.863700642824172974e+03 7.560230719931638754e-01 -7.548269600512709232e-01
1.863715605974197388e+03 7.320223395489363627e-01 -9.348324533829772687e-01
1.863731305360794067e+03 7.680234382152776318e-01 -6.648242133854176394e-01
1.863744755029678345e+03 7.580231330301827608e-01 -7.398265022736292273e-01
1.863760030031204224e+03 7.440227057710501191e-01 -8.448297067171239849e-01
1.863776865005493164e+03 7.560230719931638754e-01 -7.548269600512709232e-01
1.863796277999877930e+03 7.500228888821069972e-01 -7.998283333841973430e-01
1.863811300754547119e+03 7.600231940672017572e-01 -7.248260444959866433e-01
1.863856242179870605e+03 7.580231330301827608e-01 -7.398265022736292273e-01
1.863900849103927612e+03 7.640233161412396390e-01 -6.948251289407025855e-01
1.863962856054306030e+03 7.620232551042207536e-01 -7.098255867183442813e-01
1.863991752624511719e+03 7.280222174748984809e-01 -9.648333689382613265e-01
1.864021452903747559e+03 7.440227057710501191e-01 -8.448297067171239849e-01
1.864047876834869385e+03 7.620232551042207536e-01 -7.098255867183442813e-01
1.864064469337463379e+03 7.480228278450880008e-01 -8.148287911618399271e-01
1.864079715251922607e+03 7.640233161412396390e-01 -6.948251289407025855e-01
1.864099599838256836e+03 7.580231330301827608e-01 -7.398265022736292273e-01
1.864153568744659424e+03 7.580231330301827608e-01 -7.398265022736292273e-01
1.864171495199203491e+03 7.660233771782586354e-01 -6.798246711630602235e-01
1.864184761047363281e+03 7.600231940672017572e-01 -7.248260444959866433e-01
1.864201638936996460e+03 7.580231330301827608e-01 -7.398265022736292273e-01
1.864216234922409058e+03 7.440227057710501191e-01 -8.448297067171239849e-01
1.864228781223297119e+03 7.640233161412396390e-01 -6.948251289407025855e-01
1.864243243932723999e+03 7.560230719931638754e-01 -7.548269600512709232e-01
1.864255629062652588e+03 7.540230109561448790e-01 -7.698274178289132852e-01
1.864302327871322632e+03 7.360224616229743555e-01 -9.048315378276923227e-01
1.864344606161117554e+03 7.580231330301827608e-01 -7.398265022736292273e-01
1.864403395891189575e+03 7.540230109561448790e-01 -7.698274178289132852e-01
1.864416885852813721e+03 7.340224005859553591e-01 -9.198319956053346846e-01
1.864439243793487549e+03 7.620232551042207536e-01 -7.098255867183442813e-01
1.864467551231384277e+03 7.560230719931638754e-01 -7.548269600512709232e-01
1.864495792150497437e+03 7.620232551042207536e-01 -7.098255867183442813e-01
1.864524927377700806e+03 7.560230719931638754e-01 -7.548269600512709232e-01
1.864566426515579224e+03 7.620232551042207536e-01 -7.098255867183442813e-01
1.864586801052093506e+03 7.480228278450880008e-01 -8.148287911618399271e-01
1.864637331962585449e+03 7.620232551042207536e-01 -7.098255867183442813e-01
1.864650534152984619e+03 7.420226447340312337e-01 -8.598301644947656808e-01
1.864661644458770752e+03 7.620232551042207536e-01 -7.098255867183442813e-01
1.864675630331039429e+03 7.520229499191259936e-01 -7.848278756065549810e-01
1.864688682079315186e+03 7.580231330301827608e-01 -7.398265022736292273e-01
1.864744510173797607e+03 7.520229499191259936e-01 -7.848278756065549810e-01
1.864760737895965576e+03 7.600231940672017572e-01 -7.248260444959866433e-01
1.864774874925613403e+03 7.580231330301827608e-01 -7.398265022736292273e-01
1.864793010234832764e+03 7.640233161412396390e-01 -6.948251289407025855e-01
1.864808231592178345e+03 7.600231940672017572e-01 -7.248260444959866433e-01
1.864824645280838013e+03 7.600231940672017572e-01 -7.248260444959866433e-01
1.864839227437973022e+03 7.620232551042207536e-01 -7.098255867183442813e-01
1.864853435277938843e+03 7.640233161412396390e-01 -6.948251289407025855e-01
1.864866977453231812e+03 7.640233161412396390e-01 -6.948251289407025855e-01
1.864939559459686279e+03 7.580231330301827608e-01 -7.398265022736292273e-01
1.864953898668289185e+03 7.540230109561448790e-01 -7.698274178289132852e-01
1.865008027315139771e+03 7.500228888821069972e-01 -7.998283333841973430e-01
1.865021017313003540e+03 7.440227057710501191e-01 -8.448297067171239849e-01
1.865058163881301880e+03 7.580231330301827608e-01 -7.398265022736292273e-01
1.865079485177993774e+03 7.640233161412396390e-01 -6.948251289407025855e-01
1.865099611282348633e+03 7.620232551042207536e-01 -7.098255867183442813e-01
1.865114963054656982e+03 7.640233161412396390e-01 -6.948251289407025855e-01
1.865126871347427368e+03 7.640233161412396390e-01 -6.948251289407025855e-01
1.865138385534286499e+03 7.560230719931638754e-01 -7.548269600512709232e-01
1.865183433532714844e+03 7.500228888821069972e-01 -7.998283333841973430e-01
1.865206914663314819e+03 7.440227057710501191e-01 -8.448297067171239849e-01
1.865219823122024536e+03 7.580231330301827608e-01 -7.398265022736292273e-01
1.865233018398284912e+03 7.520229499191259936e-01 -7.848278756065549810e-01
1.865247776985168457e+03 7.560230719931638754e-01 -7.548269600512709232e-01
1.865261945009231567e+03 7.580231330301827608e-01 -7.398265022736292273e-01
1.865275310039520264e+03 7.620232551042207536e-01 -7.098255867183442813e-01
1.865290269613265991e+03 7.540230109561448790e-01 -7.698274178289132852e-01
1.865307847023010254e+03 7.460227668080691155e-01 -8.298292489394816229e-01
1.865320833921432495e+03 7.580231330301827608e-01 -7.398265022736292273e-01
1.865350966691970825e+03 7.560230719931638754e-01 -7.548269600512709232e-01
1.865396368741989136e+03 7.660233771782586354e-01 -6.798246711630602235e-01
1.865410417079925537e+03 7.540230109561448790e-01 -7.698274178289132852e-01
1.865464407920837402e+03 7.520229499191259936e-01 -7.848278756065549810e-01
1.865478505373001099e+03 7.320223395489363627e-01 -9.348324533829772687e-01
1.865500990867614746e+03 7.620232551042207536e-01 -7.098255867183442813e-01
1.865536493778228760e+03 7.580231330301827608e-01 -7.398265022736292273e-01
1.865556592226028442e+03 7.640233161412396390e-01 -6.948251289407025855e-01
1.865572177171707153e+03 7.540230109561448790e-01 -7.698274178289132852e-01
1.865585278749465942e+03 7.380225226599932409e-01 -8.898310800500506268e-01
1.865599871397018433e+03 7.600231940672017572e-01 -7.248260444959866433e-01
1.865642730236053467e+03 7.620232551042207536e-01 -7.098255867183442813e-01
1.865670770406723022e+03 7.520229499191259936e-01 -7.848278756065549810e-01
1.865684811115264893e+03 7.620232551042207536e-01 -7.098255867183442813e-01
1.865699630498886108e+03 7.540230109561448790e-01 -7.698274178289132852e-01
1.865715227365493774e+03 7.560230719931638754e-01 -7.548269600512709232e-01
1.865730813741683960e+03 7.560230719931638754e-01 -7.548269600512709232e-01
1.865744376420974731e+03 7.580231330301827608e-01 -7.398265022736292273e-01
1.865757917165756226e+03 7.580231330301827608e-01 -7.398265022736292273e-01
1.865775724411010742e+03 7.640233161412396390e-01 -6.948251289407025855e-01
1.865833344459533691e+03 7.580231330301827608e-01 -7.398265022736292273e-01
1.865863492250442505e+03 7.620232551042207536e-01 -7.098255867183442813e-01
1.865918816804885864e+03 7.420226447340312337e-01 -8.598301644947656808e-01
1.865933219432830811e+03 7.500228888821069972e-01 -7.998283333841973430e-01
1.865956690311431885e+03 7.560230719931638754e-01 -7.548269600512709232e-01
1.865985893726348877e+03 7.640233161412396390e-01 -6.948251289407025855e-01
1.866014291524887085e+03 7.500228888821069972e-01 -7.998283333841973430e-01
1.866044101953506470e+03 7.660233771782586354e-01 -6.798246711630602235e-01
1.866085700511932373e+03 7.640233161412396390e-01 -6.948251289407025855e-01
1.866101722478866577e+03 7.600231940672017572e-01 -7.248260444959866433e-01
1.866126787662506104e+03 7.600231940672017572e-01 -7.248260444959866433e-01
1.866159602165222168e+03 7.640233161412396390e-01 -6.948251289407025855e-01
1.866172715663909912e+03 7.660233771782586354e-01 -6.798246711630602235e-01
1.866186413288116455e+03 7.540230109561448790e-01 -7.698274178289132852e-01
1.866199351787567139e+03 7.420226447340312337e-01 -8.598301644947656808e-01
1.866214198350906372e+03 7.620232551042207536e-01 -7.098255867183442813e-01
1.866264394998550415e+03 7.560230719931638754e-01 -7.548269600512709232e-01
1.866283270359039307e+03 7.660233771782586354e-01 -6.798246711630602235e-01
1.866297906160354614e+03 7.620232551042207536e-01 -7.098255867183442813e-01
1.866313407182693481e+03 7.560230719931638754e-01 -7.548269600512709232e-01
1.866328337907791138e+03 7.500228888821069972e-01 -7.998283333841973430e-01
1.866347383022308350e+03 7.600231940672017572e-01 -7.248260444959866433e-01
1.866367618799209595e+03 7.600231940672017572e-01 -7.248260444959866433e-01
1.866382463216781616e+03 7.640233161412396390e-01 -6.948251289407025855e-01
1.866459510803222656e+03 7.600231940672017572e-01 -7.248260444959866433e-01
1.866473939895629883e+03 7.540230109561448790e-01 -7.698274178289132852e-01
1.866528127908706665e+03 7.480228278450880008e-01 -8.148287911618399271e-01
1.866541586399078369e+03 7.440227057710501191e-01 -8.448297067171239849e-01
1.866571309328079224e+03 7.480228278450880008e-01 -8.148287911618399271e-01
1.866611530780792236e+03 7.560230719931638754e-01 -7.548269600512709232e-01
1.866624862670898438e+03 7.420226447340312337e-01 -8.598301644947656808e-01
1.866635700225830078e+03 7.620232551042207536e-01 -7.098255867183442813e-01
1.866647744655609131e+03 7.640233161412396390e-01 -6.948251289407025855e-01
1.866658446311950684e+03 7.580231330301827608e-01 -7.398265022736292273e-01
1.866675322294235229e+03 7.500228888821069972e-01 -7.998283333841973430e-01
1.866719920635223389e+03 7.600231940672017572e-01 -7.248260444959866433e-01
1.866739153385162354e+03 7.600231940672017572e-01 -7.248260444959866433e-01
1.866752832174301147e+03 7.520229499191259936e-01 -7.848278756065549810e-01
1.866766652107238770e+03 7.480228278450880008e-01 -8.148287911618399271e-01
1.866785765409469604e+03 7.520229499191259936e-01 -7.848278756065549810e-01
1.866805583953857422e+03 7.620232551042207536e-01 -7.098255867183442813e-01
1.866825467109680176e+03 7.500228888821069972e-01 -7.998283333841973430e-01
1.866841003417968750e+03 7.620232551042207536e-01 -7.098255867183442813e-01
1.866883210420608521e+03 7.580231330301827608e-01 -7.398265022736292273e-01
1.866923536300659180e+03 7.580231330301827608e-01 -7.398265022736292273e-01
1.866982313632965088e+03 7.540230109561448790e-01 -7.698274178289132852e-01
1.866995765924453735e+03 7.440227057710501191e-01 -8.448297067171239849e-01
1.867021409273147583e+03 7.640233161412396390e-01 -6.948251289407025855e-01
1.867064196109771729e+03 7.500228888821069972e-01 -7.998283333841973430e-01
1.867078379154205322e+03 7.640233161412396390e-01 -6.948251289407025855e-01
1.867095140457153320e+03 7.620232551042207536e-01 -7.098255867183442813e-01
1.867109264135360718e+03 7.640233161412396390e-01 -6.948251289407025855e-01
1.867121570587158203e+03 7.620232551042207536e-01 -7.098255867183442813e-01
1.867175219774246216e+03 7.640233161412396390e-01 -6.948251289407025855e-01
1.867191183328628540e+03 7.620232551042207536e-01 -7.098255867183442813e-01
1.867206369161605835e+03 7.520229499191259936e-01 -7.848278756065549810e-01
1.867224328756332397e+03 7.480228278450880008e-01 -8.148287911618399271e-01
1.867241456985473633e+03 7.440227057710501191e-01 -8.448297067171239849e-01
1.867261893510818481e+03 7.640233161412396390e-01 -6.948251289407025855e-01
1.867286153793334961e+03 7.580231330301827608e-01 -7.398265022736292273e-01
1.867316400766372681e+03 7.580231330301827608e-01 -7.398265022736292273e-01
1.867366241693496704e+03 7.580231330301827608e-01 -7.398265022736292273e-01
1.867380642890930176e+03 7.540230109561448790e-01 -7.698274178289132852e-01
1.867434988498687744e+03 7.540230109561448790e-01 -7.698274178289132852e-01
1.867448862552642822e+03 7.520229499191259936e-01 -7.848278756065549810e-01
1.867467027187347412e+03 7.620232551042207536e-01 -7.098255867183442813e-01
1.867495336532592773e+03 7.600231940672017572e-01 -7.248260444959866433e-01
1.867523948431015015e+03 7.660233771782586354e-01 -6.798246711630602235e-01
1.867552035093307495e+03 7.600231940672017572e-01 -7.248260444959866433e-01
1.867594676256179810e+03 7.660233771782586354e-01 -6.798246711630602235e-01
1.867614817380905151e+03 7.600231940672017572e-01 -7.248260444959866433e-01
1.867657065629959106e+03 7.580231330301827608e-01 -7.398265022736292273e-01
1.867677627801895142e+03 7.560230719931638754e-01 -7.548269600512709232e-01
1.867690617084503174e+03 7.600231940672017572e-01 -7.248260444959866433e-01
1.867705931663513184e+03 7.580231330301827608e-01 -7.398265022736292273e-01
1.867727217435836792e+03 7.520229499191259936e-01 -7.848278756065549810e-01
1.867762103557586670e+03 7.600231940672017572e-01 -7.248260444959866433e-01
1.867789657831192017e+03 7.580231330301827608e-01 -7.398265022736292273e-01
1.867804659605026245e+03 7.640233161412396390e-01 -6.948251289407025855e-01
1.867818643331527710e+03 7.600231940672017572e-01 -7.248260444959866433e-01
1.867832353830337524e+03 7.320223395489363627e-01 -9.348324533829772687e-01
1.867855885028839111e+03 7.360224616229743555e-01 -9.048315378276923227e-01
1.867871657609939575e+03 7.460227668080691155e-01 -8.298292489394816229e-01
1.867888888835906982e+03 6.320192876979888741e-01 -1.684855342265083600e+00
1.867906595230102539e+03 7.440227057710501191e-01 -8.448297067171239849e-01
1.867953683614730835e+03 7.400225836970122373e-01 -8.748306222724080428e-01
1.867984743595123291e+03 7.440227057710501191e-01 -8.448297067171239849e-01
1.868040923118591309e+03 7.220220343638416027e-01 -1.009834742271187746e+00
1.868054921627044678e+03 6.700204474013489175e-01 -1.399846644489882941e+00
1.868083249330520630e+03 7.500228888821069972e-01 -7.998283333841973430e-01
1.868123950958251953e+03 7.460227668080691155e-01 -8.298292489394816229e-01
1.868136547088623047e+03 7.400225836970122373e-01 -8.748306222724080428e-01
1.868148645639419556e+03 7.480228278450880008e-01 -8.148287911618399271e-01
1.868161748647689819e+03 7.400225836970122373e-01 -8.748306222724080428e-01
1.868177685022354126e+03 7.400225836970122373e-01 -8.748306222724080428e-01
1.868229203462600708e+03 6.940211798455764303e-01 -1.219841151158176817e+00
1.868460938930511475e+03 7.380225226599932409e-01 -8.898310800500506268e-01
1.868477835893630981e+03 7.360224616229743555e-01 -9.048315378276923227e-01
1.868495850801467896e+03 7.300222785119174773e-01 -9.498329111606187425e-01
1.868510725021362305e+03 7.400225836970122373e-01 -8.748306222724080428e-01
1.868525634050369263e+03 7.360224616229743555e-01 -9.048315378276923227e-01
1.868544322967529297e+03 7.280222174748984809e-01 -9.648333689382613265e-01
1.868556444168090820e+03 7.240220954008605991e-01 -9.948342844935453844e-01
1.868569227218627930e+03 7.460227668080691155e-01 -8.298292489394816229e-01
1.868625675678253174e+03 7.380225226599932409e-01 -8.898310800500506268e-01
1.868657408237457275e+03 7.340224005859553591e-01 -9.198319956053346846e-01
1.868724626302719116e+03 7.320223395489363627e-01 -9.348324533829772687e-01
1.868738468408584595e+03 7.260221564378795955e-01 -9.798338267159030224e-01
1.868763006210327148e+03 7.380225226599932409e-01 -8.898310800500506268e-01
1.868791422843933105e+03 7.380225226599932409e-01 -8.898310800500506268e-01
1.868820709705352783e+03 7.420226447340312337e-01 -8.598301644947656808e-01
1.868850360393524170e+03 7.360224616229743555e-01 -9.048315378276923227e-01
1.868887717485427856e+03 7.440227057710501191e-01 -8.448297067171239849e-01
1.868913442134857178e+03 7.400225836970122373e-01 -8.748306222724080428e-01
1.868942400932312012e+03 7.400225836970122373e-01 -8.748306222724080428e-01
1.868965321779251099e+03 7.360224616229743555e-01 -9.048315378276923227e-01
1.868980539560317993e+03 7.240220954008605991e-01 -9.948342844935453844e-01
1.868992419958114624e+03 7.420226447340312337e-01 -8.598301644947656808e-01
1.869003542423248291e+03 7.400225836970122373e-01 -8.748306222724080428e-01
1.869014574289321899e+03 7.400225836970122373e-01 -8.748306222724080428e-01
1.869035439729690552e+03 7.440227057710501191e-01 -8.448297067171239849e-01
1.869075102329254150e+03 7.400225836970122373e-01 -8.748306222724080428e-01
1.869089614629745483e+03 7.340224005859553591e-01 -9.198319956053346846e-01
1.869108489274978638e+03 7.380225226599932409e-01 -8.898310800500506268e-01
1.869122834205627441e+03 7.380225226599932409e-01 -8.898310800500506268e-01
1.869141701221466064e+03 7.380225226599932409e-01 -8.898310800500506268e-01
1.869155419111251831e+03 7.400225836970122373e-01 -8.748306222724080428e-01
1.869169130325317383e+03 7.420226447340312337e-01 -8.598301644947656808e-01
1.869182498693466187e+03 7.380225226599932409e-01 -8.898310800500506268e-01
1.869228535175323486e+03 7.420226447340312337e-01 -8.598301644947656808e-01
1.869270440578460693e+03 7.400225836970122373e-01 -8.748306222724080428e-01
1.869330413103103638e+03 7.340224005859553591e-01 -9.198319956053346846e-01
1.869343348503112793e+03 7.180219122898037210e-01 -1.039835657826472026e+00
1.869367166280746460e+03 7.300222785119174773e-01 -9.498329111606187425e-01
1.869396967411041260e+03 7.200219733268227174e-01 -1.024835200048829442e+00
1.869430490493774414e+03 7.500228888821069972e-01 -7.998283333841973430e-01
1.869442725181579590e+03 7.280222174748984809e-01 -9.648333689382613265e-01
1.869455735921859741e+03 7.380225226599932409e-01 -8.898310800500506268e-01
1.869472783088684082e+03 7.300222785119174773e-01 -9.498329111606187425e-01
1.869524889230728149e+03 7.400225836970122373e-01 -8.748306222724080428e-01
1.869542404890060425e+03 7.420226447340312337e-01 -8.598301644947656808e-01
1.869562522888183594e+03 7.300222785119174773e-01 -9.498329111606187425e-01
1.869584246873855591e+03 7.380225226599932409e-01 -8.898310800500506268e-01
1.869599910020828247e+03 7.400225836970122373e-01 -8.748306222724080428e-01
1.869617506742477417e+03 7.440227057710501191e-01 -8.448297067171239849e-01
1.869630383491516113e+03 7.500228888821069972e-01 -7.998283333841973430e-01
1.869649852514266968e+03 7.400225836970122373e-01 -8.748306222724080428e-01
1.869685801506042480e+03 7.400225836970122373e-01 -8.748306222724080428e-01
1.869730231285095215e+03 7.420226447340312337e-01 -8.598301644947656808e-01
1.869790583610534668e+03 7.480228278450880008e-01 -8.148287911618399271e-01
1.869824476480484009e+03 7.440227057710501191e-01 -8.448297067171239849e-01
1.869853036880493164e+03 7.400225836970122373e-01 -8.748306222724080428e-01
1.869876326799392700e+03 7.400225836970122373e-01 -8.748306222724080428e-01
1.869888200998306274e+03 7.420226447340312337e-01 -8.598301644947656808e-01
1.869899959564208984e+03 7.400225836970122373e-01 -8.748306222724080428e-01
1.869914611577987671e+03 7.340224005859553591e-01 -9.198319956053346846e-01
1.869967788934707642e+03 7.360224616229743555e-01 -9.048315378276923227e-01
1.869987455844879150e+03 7.380225226599932409e-01 -8.898310800500506268e-01
1.870009470224380493e+03 7.400225836970122373e-01 -8.748306222724080428e-01
1.870027219772338867e+03 7.400225836970122373e-01 -8.748306222724080428e-01
1.870040505647659302e+03 7.280222174748984809e-01 -9.648333689382613265e-01
1.870063960790634155e+03 7.420226447340312337e-01 -8.598301644947656808e-01
1.870080425500869751e+03 7.360224616229743555e-01 -9.048315378276923227e-01
1.870097292184829712e+03 7.360224616229743555e-01 -9.048315378276923227e-01
1.870148399114608765e+03 7.380225226599932409e-01 -8.898310800500506268e-01
1.870177109718322754e+03 7.440227057710501191e-01 -8.448297067171239849e-01
1.870233338117599487e+03 7.320223395489363627e-01 -9.348324533829772687e-01
1.870253318786621094e+03 7.240220954008605991e-01 -9.948342844935453844e-01
1.870269986629486084e+03 7.420226447340312337e-01 -8.598301644947656808e-01
1.870305377244949341e+03 7.400225836970122373e-01 -8.748306222724080428e-01
1.870335519552230835e+03 7.620232551042207536e-01 -7.098255867183442813e-01
1.870393218517303467e+03 7.640233161412396390e-01 -6.948251289407025855e-01
1.870412079095840454e+03 7.600231940672017572e-01 -7.248260444959866433e-01
1.870452946662902832e+03 7.660233771782586354e-01 -6.798246711630602235e-01
1.870479815006256104e+03 7.680234382152776318e-01 -6.648242133854176394e-01
1.870491705417633057e+03 7.600231940672017572e-01 -7.248260444959866433e-01
1.870502884387969971e+03 7.520229499191259936e-01 -7.848278756065549810e-01
1.870515727519989014e+03 7.520229499191259936e-01 -7.848278756065549810e-01
1.870541078329086304e+03 7.600231940672017572e-01 -7.248260444959866433e-01
1.870585515737533569e+03 7.580231330301827608e-01 -7.398265022736292273e-01
1.870602479934692383e+03 7.560230719931638754e-01 -7.548269600512709232e-01
1.870616809844970703e+03 7.620232551042207536e-01 -7.098255867183442813e-01
1.870629920721054077e+03 7.640233161412396390e-01 -6.948251289407025855e-01
1.870649789333343506e+03 7.600231940672017572e-01 -7.248260444959866433e-01
1.870671393394470215e+03 7.600231940672017572e-01 -7.248260444959866433e-01
1.870687967538833618e+03 7.580231330301827608e-01 -7.398265022736292273e-01
1.870747485399246216e+03 7.560230719931638754e-01 -7.548269600512709232e-01
1.870777928590774536e+03 7.600231940672017572e-01 -7.248260444959866433e-01
1.870833736419677734e+03 7.500228888821069972e-01 -7.998283333841973430e-01
1.870846915721893311e+03 7.480228278450880008e-01 -8.148287911618399271e-01
1.870923005342483521e+03 7.620232551042207536e-01 -7.098255867183442813e-01
1.870938281297683716e+03 7.580231330301827608e-01 -7.398265022736292273e-01
1.870949575424194336e+03 7.680234382152776318e-01 -6.648242133854176394e-01
1.870961005687713623e+03 7.520229499191259936e-01 -7.848278756065549810e-01
1.870976967811584473e+03 7.500228888821069972e-01 -7.998283333841973430e-01
1.870991936922073364e+03 7.640233161412396390e-01 -6.948251289407025855e-01
1.871004751682281494e+03 7.620232551042207536e-01 -7.098255867183442813e-01
1.871054248094558716e+03 7.620232551042207536e-01 -7.098255867183442813e-01
1.871071628808975220e+03 7.600231940672017572e-01 -7.248260444959866433e-01
1.871087653398513794e+03 7.640233161412396390e-01 -6.948251289407025855e-01
1.871105778932571411e+03 7.540230109561448790e-01 -7.698274178289132852e-01
1.871118523120880127e+03 7.580231330301827608e-01 -7.398265022736292273e-01
1.871129964590072632e+03 7.640233161412396390e-01 -6.948251289407025855e-01
1.871144741773605347e+03 7.540230109561448790e-01 -7.698274178289132852e-01
1.871156690359115601e+03 7.500228888821069972e-01 -7.998283333841973430e-01
1.871169921875000000e+03 7.540230109561448790e-01 -7.698274178289132852e-01
1.871180953502655029e+03 7.600231940672017572e-01 -7.248260444959866433e-01
1.871235691785812378e+03 7.580231330301827608e-01 -7.398265022736292273e-01
1.871266899108886719e+03 7.440227057710501191e-01 -8.448297067171239849e-01
1.871322577953338623e+03 7.380225226599932409e-01 -8.898310800500506268e-01
1.871336524963378906e+03 7.460227668080691155e-01 -8.298292489394816229e-01
1.871370423555374146e+03 7.640233161412396390e-01 -6.948251289407025855e-01
1.871393575429916382e+03 7.580231330301827608e-01 -7.398265022736292273e-01
1.871411465883255005e+03 7.460227668080691155e-01 -8.298292489394816229e-01
1.871427501916885376e+03 7.600231940672017572e-01 -7.248260444959866433e-01
1.871438746452331543e+03 7.560230719931638754e-01 -7.548269600512709232e-01
1.871453320264816284e+03 7.540230109561448790e-01 -7.698274178289132852e-01
1.871498268842697144e+03 7.580231330301827608e-01 -7.398265022736292273e-01
1.871523853778839111e+03 7.580231330301827608e-01 -7.398265022736292273e-01
1.871543802261352539e+03 7.620232551042207536e-01 -7.098255867183442813e-01
1.871563260555267334e+03 7.640233161412396390e-01 -6.948251289407025855e-01
1.871585573196411133e+03 7.600231940672017572e-01 -7.248260444959866433e-01
1.871603179216384888e+03 7.640233161412396390e-01 -6.948251289407025855e-01
1.871620871305465698e+03 7.660233771782586354e-01 -6.798246711630602235e-01
1.871637728929519653e+03 7.500228888821069972e-01 -7.998283333841973430e-01
