1.975750159502029419e+03 5.400164799951170380e-01 -2.374876400036622037e+00
1.975767171144485474e+03 5.380164189580981526e-01 -2.389876857814263733e+00
1.975778943538665771e+03 5.380164189580981526e-01 -2.389876857814263733e+00
1.975790403366088867e+03 5.380164189580981526e-01 -2.389876857814263733e+00
1.975801817178726196e+03 5.400164799951170380e-01 -2.374876400036622037e+00
1.975817374944686890e+03 5.400164799951170380e-01 -2.374876400036622037e+00
1.975830427169799805e+03 5.360163579210791562e-01 -2.404877315591906317e+00
1.975841725349426270e+03 5.380164189580981526e-01 -2.389876857814263733e+00
1.975890235662460327e+03 5.380164189580981526e-01 -2.389876857814263733e+00
1.975929425239562988e+03 5.120156254768517545e-01 -2.584882808923611996e+00
1.975943516969680786e+03 5.400164799951170380e-01 -2.374876400036622037e+00
1.975966908931732178e+03 5.420165410321360344e-01 -2.359875942258979897e+00
1.975980796813964844e+03 5.440166020691550308e-01 -2.344875484481337313e+00
1.975998980045318604e+03 5.300161748100222781e-01 -2.449878688924832737e+00
1.976018901348114014e+03 5.380164189580981526e-01 -2.389876857814263733e+00
1.976089928865432739e+03 5.420165410321360344e-01 -2.359875942258979897e+00
1.976104277372360229e+03 5.320162358470412745e-01 -2.434878231147190597e+00
1.976158799409866333e+03 5.300161748100222781e-01 -2.449878688924832737e+00
1.976172432422637939e+03 5.240159916989653999e-01 -2.494880062257759601e+00
1.976199654817581177e+03 5.380164189580981526e-01 -2.389876857814263733e+00
1.976234764814376831e+03 5.380164189580981526e-01 -2.389876857814263733e+00
1.976254145383834839e+03 5.380164189580981526e-01 -2.389876857814263733e+00
1.976267767190933228e+03 5.420165410321360344e-01 -2.359875942258979897e+00
1.976278731107711792e+03 5.380164189580981526e-01 -2.389876857814263733e+00
1.976290427446365356e+03 5.300161748100222781e-01 -2.449878688924832737e+00
1.976345121145248413e+03 5.360163579210791562e-01 -2.404877315591906317e+00
1.976357687950134277e+03 5.240159916989653999e-01 -2.494880062257759601e+00
1.976372271776199341e+03 5.360163579210791562e-01 -2.404877315591906317e+00
1.976390105009078979e+03 5.380164189580981526e-01 -2.389876857814263733e+00
1.976404030084609985e+03 5.400164799951170380e-01 -2.374876400036622037e+00
1.976419018745422363e+03 5.420165410321360344e-01 -2.359875942258979897e+00
1.976469691276550293e+03 5.300161748100222781e-01 -2.449878688924832737e+00
1.976501075506210327e+03 5.360163579210791562e-01 -2.404877315591906317e+00
1.976556884765625000e+03 5.320162358470412745e-01 -2.434878231147190597e+00
1.976571124315261841e+03 5.220159306619465145e-01 -2.509880520035401297e+00
1.976597530841827393e+03 5.340162968840601598e-01 -2.419877773369548901e+00
1.976637114286422729e+03 5.380164189580981526e-01 -2.389876857814263733e+00
1.976649729251861572e+03 5.400164799951170380e-01 -2.374876400036622037e+00
1.976661655902862549e+03 5.420165410321360344e-01 -2.359875942258979897e+00
1.976673304319381714e+03 5.340162968840601598e-01 -2.419877773369548901e+00
1.976684272527694702e+03 5.400164799951170380e-01 -2.374876400036622037e+00
1.976740121841430664e+03 5.420165410321360344e-01 -2.359875942258979897e+00
1.976759027481079102e+03 5.200158696249275181e-01 -2.524880977813043437e+00
1.976773223400115967e+03 5.380164189580981526e-01 -2.389876857814263733e+00
1.976788003444671631e+03 5.400164799951170380e-01 -2.374876400036622037e+00
1.976802192926406860e+03 5.420165410321360344e-01 -2.359875942258979897e+00
1.976823753595352173e+03 5.400164799951170380e-01 -2.374876400036622037e+00
1.976867380380630493e+03 5.260160527359843963e-01 -2.479879604480117017e+00
1.976896656274795532e+03 5.340162968840601598e-01 -2.419877773369548901e+00
1.976953076124191284e+03 5.220159306619465145e-01 -2.509880520035401297e+00
1.976967063665390015e+03 5.320162358470412745e-01 -2.434878231147190597e+00
1.976984327793121338e+03 5.420165410321360344e-01 -2.359875942258979897e+00
1.977013704538345337e+03 5.380164189580981526e-01 -2.389876857814263733e+00
1.977041759967803955e+03 5.360163579210791562e-01 -2.404877315591906317e+00
1.977070502996444702e+03 5.420165410321360344e-01 -2.359875942258979897e+00
1.977117472410202026e+03 5.380164189580981526e-01 -2.389876857814263733e+00
1.977133654356002808e+03 5.560169682912686762e-01 -2.254872737815484918e+00
1.977158840179443359e+03 5.540169072542497908e-01 -2.269873195593126614e+00
1.977190774440765381e+03 5.520168462172307944e-01 -2.284873653370769198e+00
1.977207377195358276e+03 5.480167241431929126e-01 -2.314874568926053033e+00
1.977225291252136230e+03 5.560169682912686762e-01 -2.254872737815484918e+00
1.977266687631607056e+03 5.540169072542497908e-01 -2.269873195593126614e+00
1.977293084144592285e+03 5.560169682912686762e-01 -2.254872737815484918e+00
1.977312544822692871e+03 5.460166631061739162e-01 -2.329875026703695617e+00
1.977324246883392334e+03 5.560169682912686762e-01 -2.254872737815484918e+00
1.977341621637344360e+03 5.460166631061739162e-01 -2.329875026703695617e+00
1.977364697694778442e+03 5.560169682912686762e-01 -2.254872737815484918e+00
1.977425826549530029e+03 5.560169682912686762e-01 -2.254872737815484918e+00
1.977440272092819214e+03 5.440166020691550308e-01 -2.344875484481337313e+00
1.977494657516479492e+03 5.460166631061739162e-01 -2.329875026703695617e+00
1.977508388996124268e+03 5.380164189580981526e-01 -2.389876857814263733e+00
1.977534241437911987e+03 5.440166020691550308e-01 -2.344875484481337313e+00
1.977563200235366821e+03 5.500167851802117980e-01 -2.299874111148411338e+00
1.977586115598678589e+03 5.580170293282876726e-01 -2.239872280037842334e+00
1.977600891828536987e+03 5.540169072542497908e-01 -2.269873195593126614e+00
1.977617434740066528e+03 5.540169072542497908e-01 -2.269873195593126614e+00
1.977628535270690918e+03 5.540169072542497908e-01 -2.269873195593126614e+00
1.977685724735260010e+03 5.520168462172307944e-01 -2.284873653370769198e+00
1.977708306550979614e+03 5.560169682912686762e-01 -2.254872737815484918e+00
1.977722761631011963e+03 5.460166631061739162e-01 -2.329875026703695617e+00
1.977740835189819336e+03 5.520168462172307944e-01 -2.284873653370769198e+00
1.977763709783554077e+03 5.540169072542497908e-01 -2.269873195593126614e+00
1.977825149536132812e+03 5.560169682912686762e-01 -2.254872737815484918e+00
1.977839436769485474e+03 5.520168462172307944e-01 -2.284873653370769198e+00
1.977895190238952637e+03 5.500167851802117980e-01 -2.299874111148411338e+00
1.977909347534179688e+03 5.440166020691550308e-01 -2.344875484481337313e+00
1.977936265468597412e+03 5.560169682912686762e-01 -2.254872737815484918e+00
1.977965706348419189e+03 5.540169072542497908e-01 -2.269873195593126614e+00
1.977988357543945312e+03 5.540169072542497908e-01 -2.269873195593126614e+00
1.978001880168914795e+03 5.580170293282876726e-01 -2.239872280037842334e+00
1.978015648841857910e+03 5.500167851802117980e-01 -2.299874111148411338e+00
1.978031216859817505e+03 5.540169072542497908e-01 -2.269873195593126614e+00
1.978073920249938965e+03 5.560169682912686762e-01 -2.254872737815484918e+00
1.978089271306991577e+03 5.520168462172307944e-01 -2.284873653370769198e+00
1.978102560043334961e+03 5.580170293282876726e-01 -2.239872280037842334e+00
1.978116205215454102e+03 5.480167241431929126e-01 -2.314874568926053033e+00
1.978130191326141357e+03 5.540169072542497908e-01 -2.269873195593126614e+00
1.978147450208663940e+03 5.560169682912686762e-01 -2.254872737815484918e+00
1.978190865516662598e+03 5.580170293282876726e-01 -2.239872280037842334e+00
1.978232780456542969e+03 5.520168462172307944e-01 -2.284873653370769198e+00
1.978293038368225098e+03 5.520168462172307944e-01 -2.284873653370769198e+00
1.978306695461273193e+03 5.400164799951170380e-01 -2.374876400036622037e+00
1.978326743841171265e+03 5.580170293282876726e-01 -2.239872280037842334e+00
1.978354711294174194e+03 5.580170293282876726e-01 -2.239872280037842334e+00
1.978382858276367188e+03 5.520168462172307944e-01 -2.284873653370769198e+00
1.978410801410675049e+03 5.520168462172307944e-01 -2.284873653370769198e+00
1.978453202247619629e+03 5.540169072542497908e-01 -2.269873195593126614e+00
1.978480428934097290e+03 5.540169072542497908e-01 -2.269873195593126614e+00
1.978523479461669922e+03 5.540169072542497908e-01 -2.269873195593126614e+00
1.978536459922790527e+03 5.420165410321360344e-01 -2.359875942258979897e+00
1.978549950599670410e+03 5.520168462172307944e-01 -2.284873653370769198e+00
1.978563026189804077e+03 5.580170293282876726e-01 -2.239872280037842334e+00
1.978613806724548340e+03 5.560169682912686762e-01 -2.254872737815484918e+00
1.978631023168563843e+03 5.560169682912686762e-01 -2.254872737815484918e+00
1.978644617319107056e+03 5.560169682912686762e-01 -2.254872737815484918e+00
1.978658935546875000e+03 5.560169682912686762e-01 -2.254872737815484918e+00
1.978675766944885254e+03 5.540169072542497908e-01 -2.269873195593126614e+00
1.978689465761184692e+03 5.540169072542497908e-01 -2.269873195593126614e+00
1.978714473724365234e+03 5.580170293282876726e-01 -2.239872280037842334e+00
1.978749794006347656e+03 5.540169072542497908e-01 -2.269873195593126614e+00
1.978779364824295044e+03 5.500167851802117980e-01 -2.299874111148411338e+00
1.978835334777832031e+03 5.420165410321360344e-01 -2.359875942258979897e+00
1.978848685979843140e+03 5.420165410321360344e-01 -2.359875942258979897e+00
1.978885509490966797e+03 5.500167851802117980e-01 -2.299874111148411338e+00
1.978906953096389771e+03 5.540169072542497908e-01 -2.269873195593126614e+00
1.978928320884704590e+03 5.560169682912686762e-01 -2.254872737815484918e+00
1.978941671848297119e+03 5.600170903653065579e-01 -2.224871822260200638e+00
1.978953362941741943e+03 5.540169072542497908e-01 -2.269873195593126614e+00
1.978980324745178223e+03 5.440166020691550308e-01 -2.344875484481337313e+00
1.979010770559310913e+03 5.500167851802117980e-01 -2.299874111148411338e+00
1.979027590036392212e+03 5.540169072542497908e-01 -2.269873195593126614e+00
1.979051273584365845e+03 5.500167851802117980e-01 -2.299874111148411338e+00
1.979066935062408447e+03 5.560169682912686762e-01 -2.254872737815484918e+00
1.979084811210632324e+03 5.560169682912686762e-01 -2.254872737815484918e+00
1.979111509799957275e+03 5.540169072542497908e-01 -2.269873195593126614e+00
1.979144818544387817e+03 5.520168462172307944e-01 -2.284873653370769198e+00
1.979174174308776855e+03 5.500167851802117980e-01 -2.299874111148411338e+00
1.979229614973068237e+03 5.480167241431929126e-01 -2.314874568926053033e+00
1.979244426965713501e+03 5.340162968840601598e-01 -2.419877773369548901e+00
1.979270503759384155e+03 5.580170293282876726e-01 -2.239872280037842334e+00
1.979318299055099487e+03 5.380164189580981526e-01 -2.389876857814263733e+00
1.979331092357635498e+03 5.500167851802117980e-01 -2.299874111148411338e+00
1.979342424392700195e+03 5.560169682912686762e-01 -2.254872737815484918e+00
1.979353774309158325e+03 5.540169072542497908e-01 -2.269873195593126614e+00
1.979401475667953491e+03 5.500167851802117980e-01 -2.299874111148411338e+00
1.979416906833648682e+03 5.420165410321360344e-01 -2.359875942258979897e+00
1.979430168390274048e+03 5.540169072542497908e-01 -2.269873195593126614e+00
1.979453191757202148e+03 5.500167851802117980e-01 -2.299874111148411338e+00
1.979468694686889648e+03 5.540169072542497908e-01 -2.269873195593126614e+00
1.979482350826263428e+03 5.580170293282876726e-01 -2.239872280037842334e+00
1.979517194509506226e+03 5.560169682912686762e-01 -2.254872737815484918e+00
1.979563070297241211e+03 5.500167851802117980e-01 -2.299874111148411338e+00
1.979620647668838501e+03 5.520168462172307944e-01 -2.284873653370769198e+00
1.979646282196044922e+03 5.360163579210791562e-01 -2.404877315591906317e+00
1.979677111148834229e+03 5.600170903653065579e-01 -2.224871822260200638e+00
1.979705431461334229e+03 5.560169682912686762e-01 -2.254872737815484918e+00
1.979734343528747559e+03 5.560169682912686762e-01 -2.254872737815484918e+00
1.979775731563568115e+03 5.460166631061739162e-01 -2.329875026703695617e+00
1.979803465127944946e+03 5.540169072542497908e-01 -2.269873195593126614e+00
1.979832676649093628e+03 5.520168462172307944e-01 -2.284873653370769198e+00
1.979858365297317505e+03 5.420165410321360344e-01 -2.359875942258979897e+00
1.979870454311370850e+03 5.540169072542497908e-01 -2.269873195593126614e+00
1.979881717681884766e+03 5.580170293282876726e-01 -2.239872280037842334e+00
1.979892894268035889e+03 5.560169682912686762e-01 -2.254872737815484918e+00
1.979919010877609253e+03 5.560169682912686762e-01 -2.254872737815484918e+00
1.979950236320495605e+03 5.540169072542497908e-01 -2.269873195593126614e+00
1.979962501764297485e+03 5.500167851802117980e-01 -2.299874111148411338e+00
1.979981406450271606e+03 5.480167241431929126e-01 -2.314874568926053033e+00
1.979999649524688721e+03 5.520168462172307944e-01 -2.284873653370769198e+00
1.980013538837432861e+03 5.520168462172307944e-01 -2.284873653370769198e+00
1.980060648441314697e+03 5.480167241431929126e-01 -2.314874568926053033e+00
1.980106330156326294e+03 5.580170293282876726e-01 -2.239872280037842334e+00
1.980163443326950073e+03 5.480167241431929126e-01 -2.314874568926053033e+00
1.980176741600036621e+03 5.440166020691550308e-01 -2.344875484481337313e+00
1.980204227209091187e+03 5.560169682912686762e-01 -2.254872737815484918e+00
1.980243477821350098e+03 5.520168462172307944e-01 -2.284873653370769198e+00
1.980256370544433594e+03 5.440166020691550308e-01 -2.344875484481337313e+00
1.980274732351303101e+03 5.480167241431929126e-01 -2.314874568926053033e+00
1.980287663698196411e+03 5.560169682912686762e-01 -2.254872737815484918e+00
1.980333975076675415e+03 5.560169682912686762e-01 -2.254872737815484918e+00
1.980360353231430054e+03 5.500167851802117980e-01 -2.299874111148411338e+00
1.980376410007476807e+03 5.520168462172307944e-01 -2.284873653370769198e+00
1.980391602039337158e+03 5.520168462172307944e-01 -2.284873653370769198e+00
1.980413629531860352e+03 5.500167851802117980e-01 -2.299874111148411338e+00
1.980441057443618774e+03 5.500167851802117980e-01 -2.299874111148411338e+00
1.980485513687133789e+03 5.560169682912686762e-01 -2.254872737815484918e+00
1.980499357938766479e+03 5.540169072542497908e-01 -2.269873195593126614e+00
1.980553957939147949e+03 5.440166020691550308e-01 -2.344875484481337313e+00
1.980579070568084717e+03 5.420165410321360344e-01 -2.359875942258979897e+00
1.980609345436096191e+03 5.520168462172307944e-01 -2.284873653370769198e+00
1.980633657693862915e+03 5.540169072542497908e-01 -2.269873195593126614e+00
1.980645401716232300e+03 5.560169682912686762e-01 -2.254872737815484918e+00
1.980660900354385376e+03 5.480167241431929126e-01 -2.314874568926053033e+00
1.980685239076614380e+03 5.480167241431929126e-01 -2.314874568926053033e+00
1.980727307796478271e+03 5.580170293282876726e-01 -2.239872280037842334e+00
1.980740672349929810e+03 5.560169682912686762e-01 -2.254872737815484918e+00
1.980757516145706177e+03 5.460166631061739162e-01 -2.329875026703695617e+00
1.980777877807617188e+03 5.540169072542497908e-01 -2.269873195593126614e+00
1.980791549444198608e+03 5.560169682912686762e-01 -2.254872737815484918e+00
1.980810281753540039e+03 5.540169072542497908e-01 -2.269873195593126614e+00
1.980856198310852051e+03 5.560169682912686762e-01 -2.254872737815484918e+00
1.980885690927505493e+03 5.580170293282876726e-01 -2.239872280037842334e+00
1.980941350936889648e+03 5.520168462172307944e-01 -2.284873653370769198e+00
1.980961983203887939e+03 5.420165410321360344e-01 -2.359875942258979897e+00
1.980983655452728271e+03 5.540169072542497908e-01 -2.269873195593126614e+00
1.981012675762176514e+03 5.580170293282876726e-01 -2.239872280037842334e+00
1.981042646646499634e+03 5.580170293282876726e-01 -2.239872280037842334e+00
1.981094342470169067e+03 5.580170293282876726e-01 -2.239872280037842334e+00
1.981106476545333862e+03 5.540169072542497908e-01 -2.269873195593126614e+00
1.981138347864151001e+03 5.560169682912686762e-01 -2.254872737815484918e+00
1.981178257226943970e+03 5.560169682912686762e-01 -2.254872737815484918e+00
1.981190959215164185e+03 5.540169072542497908e-01 -2.269873195593126614e+00
1.981203025817871094e+03 5.560169682912686762e-01 -2.254872737815484918e+00
1.981249398708343506e+03 5.480167241431929126e-01 -2.314874568926053033e+00
1.981268892765045166e+03 5.560169682912686762e-01 -2.254872737815484918e+00
1.981287871599197388e+03 5.580170293282876726e-01 -2.239872280037842334e+00
1.981301508426666260e+03 5.560169682912686762e-01 -2.254872737815484918e+00
1.981316041707992554e+03 5.560169682912686762e-01 -2.254872737815484918e+00
1.981328242301940918e+03 5.560169682912686762e-01 -2.254872737815484918e+00
1.981342696428298950e+03 5.560169682912686762e-01 -2.254872737815484918e+00
1.981410122156143188e+03 5.520168462172307944e-01 -2.284873653370769198e+00
1.981473746299743652e+03 5.500167851802117980e-01 -2.299874111148411338e+00
1.981486593008041382e+03 5.400164799951170380e-01 -2.374876400036622037e+00
1.981510758399963379e+03 5.500167851802117980e-01 -2.299874111148411338e+00
1.981539701938629150e+03 5.500167851802117980e-01 -2.299874111148411338e+00
1.981571569204330444e+03 5.560169682912686762e-01 -2.254872737815484918e+00
1.981587751626968384e+03 5.500167851802117980e-01 -2.299874111148411338e+00
1.981603501558303833e+03 5.580170293282876726e-01 -2.239872280037842334e+00
1.981644153356552124e+03 5.540169072542497908e-01 -2.269873195593126614e+00
1.981668740272521973e+03 5.540169072542497908e-01 -2.269873195593126614e+00
1.981683511734008789e+03 5.440166020691550308e-01 -2.344875484481337313e+00
1.981698065042495728e+03 5.580170293282876726e-01 -2.239872280037842334e+00
1.981711406707763672e+03 5.540169072542497908e-01 -2.269873195593126614e+00
1.981725053548812866e+03 5.540169072542497908e-01 -2.269873195593126614e+00
1.981746755599975586e+03 5.500167851802117980e-01 -2.299874111148411338e+00
1.981774949550628662e+03 5.540169072542497908e-01 -2.269873195593126614e+00
1.981815240859985352e+03 5.480167241431929126e-01 -2.314874568926053033e+00
1.981874931812286377e+03 5.420165410321360344e-01 -2.359875942258979897e+00
1.981889412879943848e+03 5.420165410321360344e-01 -2.359875942258979897e+00
1.981915709972381592e+03 5.540169072542497908e-01 -2.269873195593126614e+00
1.981939131259918213e+03 5.500167851802117980e-01 -2.299874111148411338e+00
1.981963902473449707e+03 5.380164189580981526e-01 -2.389876857814263733e+00
1.981977114915847778e+03 5.440166020691550308e-01 -2.344875484481337313e+00
1.981992979526519775e+03 5.540169072542497908e-01 -2.269873195593126614e+00
1.982005954980850220e+03 5.560169682912686762e-01 -2.254872737815484918e+00
1.982052083730697632e+03 5.500167851802117980e-01 -2.299874111148411338e+00
1.982068151712417603e+03 5.540169072542497908e-01 -2.269873195593126614e+00
1.982083555936813354e+03 5.440166020691550308e-01 -2.344875484481337313e+00
1.982097957611083984e+03 5.480167241431929126e-01 -2.314874568926053033e+00
1.982117113590240479e+03 5.320162358470412745e-01 -2.434878231147190597e+00
1.982131897687911987e+03 5.360163579210791562e-01 -2.404877315591906317e+00
1.982156383275985718e+03 5.420165410321360344e-01 -2.359875942258979897e+00
1.982207926988601685e+03 4.720144047364727147e-01 -2.884891964476454795e+00
1.982221914768218994e+03 4.660142216254158365e-01 -2.929893337809381215e+00
1.982276827573776245e+03 5.320162358470412745e-01 -2.434878231147190597e+00
1.982290978670120239e+03 5.200158696249275181e-01 -2.524880977813043437e+00
1.982314578533172607e+03 5.380164189580981526e-01 -2.389876857814263733e+00
1.982343706846237183e+03 5.360163579210791562e-01 -2.404877315591906317e+00
1.982380048274993896e+03 5.400164799951170380e-01 -2.374876400036622037e+00
1.982433528184890747e+03 5.400164799951170380e-01 -2.374876400036622037e+00
1.982455189228057861e+03 5.400164799951170380e-01 -2.374876400036622037e+00
1.982484191894531250e+03 5.400164799951170380e-01 -2.374876400036622037e+00
1.982511864662170410e+03 5.440166020691550308e-01 -2.344875484481337313e+00
1.982524138927459717e+03 5.420165410321360344e-01 -2.359875942258979897e+00
1.982535027027130127e+03 5.380164189580981526e-01 -2.389876857814263733e+00
1.982552515745162964e+03 5.340162968840601598e-01 -2.419877773369548901e+00
1.982601320981979370e+03 5.400164799951170380e-01 -2.374876400036622037e+00
1.982617387056350708e+03 5.380164189580981526e-01 -2.389876857814263733e+00
1.982634391546249390e+03 5.420165410321360344e-01 -2.359875942258979897e+00
1.982651743412017822e+03 5.220159306619465145e-01 -2.509880520035401297e+00
1.982669501543045044e+03 5.160157475508896363e-01 -2.554881893368327717e+00
1.982682569503784180e+03 5.420165410321360344e-01 -2.359875942258979897e+00
1.982720119953155518e+03 5.380164189580981526e-01 -2.389876857814263733e+00
1.982759833574295044e+03 5.400164799951170380e-01 -2.374876400036622037e+00
1.982818738460540771e+03 5.340162968840601598e-01 -2.419877773369548901e+00
1.982832100152969360e+03 5.280161137730033927e-01 -2.464879146702474433e+00
1.982855692863464355e+03 5.480167241431929126e-01 -2.314874568926053033e+00
1.982884656190872192e+03 5.380164189580981526e-01 -2.389876857814263733e+00
1.982913233995437622e+03 5.280161137730033927e-01 -2.464879146702474433e+00
1.982928864240646362e+03 5.400164799951170380e-01 -2.374876400036622037e+00
1.982944594383239746e+03 5.360163579210791562e-01 -2.404877315591906317e+00
1.982987641096115112e+03 5.400164799951170380e-01 -2.374876400036622037e+00
1.983009065866470337e+03 5.380164189580981526e-01 -2.389876857814263733e+00
1.983029465436935425e+03 5.420165410321360344e-01 -2.359875942258979897e+00
1.983042613744735718e+03 5.420165410321360344e-01 -2.359875942258979897e+00
1.983057492256164551e+03 5.380164189580981526e-01 -2.389876857814263733e+00
1.983071354150772095e+03 5.380164189580981526e-01 -2.389876857814263733e+00
1.983088306427001953e+03 5.380164189580981526e-01 -2.389876857814263733e+00
1.983130935907363892e+03 5.400164799951170380e-01 -2.374876400036622037e+00
1.983161558866500854e+03 5.260160527359843963e-01 -2.479879604480117017e+00
1.983217269659042358e+03 5.340162968840601598e-01 -2.419877773369548901e+00
1.983231437444686890e+03 5.280161137730033927e-01 -2.464879146702474433e+00
1.983265333175659180e+03 5.360163579210791562e-01 -2.404877315591906317e+00
1.983289587736129761e+03 5.420165410321360344e-01 -2.359875942258979897e+00
1.983311071634292603e+03 5.400164799951170380e-01 -2.374876400036622037e+00
1.983328699827194214e+03 5.380164189580981526e-01 -2.389876857814263733e+00
1.983342279434204102e+03 5.420165410321360344e-01 -2.359875942258979897e+00
1.983377588272094727e+03 5.340162968840601598e-01 -2.419877773369548901e+00
1.983400117397308350e+03 5.400164799951170380e-01 -2.374876400036622037e+00
1.983415480613708496e+03 5.340162968840601598e-01 -2.419877773369548901e+00
1.983433095932006836e+03 5.360163579210791562e-01 -2.404877315591906317e+00
1.983449344396591187e+03 5.360163579210791562e-01 -2.404877315591906317e+00
1.983462896347045898e+03 5.300161748100222781e-01 -2.449878688924832737e+00
1.983489207506179810e+03 5.340162968840601598e-01 -2.419877773369548901e+00
1.983524222135543823e+03 5.360163579210791562e-01 -2.404877315591906317e+00
1.983553492307662964e+03 5.340162968840601598e-01 -2.419877773369548901e+00
1.983610442876815796e+03 5.280161137730033927e-01 -2.464879146702474433e+00
1.983624228477478027e+03 5.280161137730033927e-01 -2.464879146702474433e+00
1.983647720098495483e+03 5.440166020691550308e-01 -2.344875484481337313e+00
1.983677395582199097e+03 5.440166020691550308e-01 -2.344875484481337313e+00
1.983705322027206421e+03 5.360163579210791562e-01 -2.404877315591906317e+00
1.983734872817993164e+03 5.440166020691550308e-01 -2.344875484481337313e+00
1.983770773887634277e+03 5.380164189580981526e-01 -2.389876857814263733e+00
1.983796686172485352e+03 5.420165410321360344e-01 -2.359875942258979897e+00
1.983826267719268799e+03 5.240159916989653999e-01 -2.494880062257759601e+00
1.983851256847381592e+03 5.400164799951170380e-01 -2.374876400036622037e+00
1.983864283561706543e+03 5.360163579210791562e-01 -2.404877315591906317e+00
1.983875077009201050e+03 5.400164799951170380e-01 -2.374876400036622037e+00
1.983886434555053711e+03 5.380164189580981526e-01 -2.389876857814263733e+00
1.983938820362091064e+03 5.380164189580981526e-01 -2.389876857814263733e+00
1.983956384897232056e+03 5.340162968840601598e-01 -2.419877773369548901e+00
1.983974330663681030e+03 5.400164799951170380e-01 -2.374876400036622037e+00
1.983987890481948853e+03 5.340162968840601598e-01 -2.419877773369548901e+00
1.984000749826431274e+03 5.400164799951170380e-01 -2.374876400036622037e+00
1.984031538963317871e+03 5.180158085879086327e-01 -2.539881435590685133e+00
1.984064296007156372e+03 5.360163579210791562e-01 -2.404877315591906317e+00
1.984095035791397095e+03 5.360163579210791562e-01 -2.404877315591906317e+00
1.984151330232620239e+03 5.300161748100222781e-01 -2.449878688924832737e+00
1.984165155649185181e+03 5.240159916989653999e-01 -2.494880062257759601e+00
1.984193011045455933e+03 5.320162358470412745e-01 -2.434878231147190597e+00
1.984225035905838013e+03 5.280161137730033927e-01 -2.464879146702474433e+00
1.984241765499114990e+03 5.380164189580981526e-01 -2.389876857814263733e+00
1.984257693052291870e+03 5.380164189580981526e-01 -2.389876857814263733e+00
1.984269777774810791e+03 5.320162358470412745e-01 -2.434878231147190597e+00
1.984281654834747314e+03 5.120156254768517545e-01 -2.584882808923611996e+00
1.984319705486297607e+03 5.400164799951170380e-01 -2.374876400036622037e+00
1.984343635320663452e+03 5.360163579210791562e-01 -2.404877315591906317e+00
1.984358924627304077e+03 5.340162968840601598e-01 -2.419877773369548901e+00
1.984373574256896973e+03 5.360163579210791562e-01 -2.404877315591906317e+00
1.984388020515441895e+03 5.380164189580981526e-01 -2.389876857814263733e+00
1.984401539325714111e+03 5.400164799951170380e-01 -2.374876400036622037e+00
1.984446490526199341e+03 5.320162358470412745e-01 -2.434878231147190597e+00
1.984490145444869995e+03 5.260160527359843963e-01 -2.479879604480117017e+00
1.984504043340682983e+03 5.480167241431929126e-01 -2.314874568926053033e+00
1.984558382511138916e+03 5.500167851802117980e-01 -2.299874111148411338e+00
1.984572117567062378e+03 5.400164799951170380e-01 -2.374876400036622037e+00
1.984595996379852295e+03 5.540169072542497908e-01 -2.269873195593126614e+00
1.984630711078643799e+03 5.540169072542497908e-01 -2.269873195593126614e+00
1.984651620388031006e+03 5.560169682912686762e-01 -2.254872737815484918e+00
1.984664686203002930e+03 5.540169072542497908e-01 -2.269873195593126614e+00
1.984682968854904175e+03 5.440166020691550308e-01 -2.344875484481337313e+00
1.984705287218093872e+03 5.560169682912686762e-01 -2.254872737815484918e+00
1.984740906715393066e+03 5.520168462172307944e-01 -2.284873653370769198e+00
1.984761133193969727e+03 5.560169682912686762e-01 -2.254872737815484918e+00
1.984777968883514404e+03 5.520168462172307944e-01 -2.284873653370769198e+00
1.984792829275131226e+03 5.520168462172307944e-01 -2.284873653370769198e+00
1.984808658838272095e+03 5.440166020691550308e-01 -2.344875484481337313e+00
1.984824105978012085e+03 5.560169682912686762e-01 -2.254872737815484918e+00
1.984886579751968384e+03 5.520168462172307944e-01 -2.284873653370769198e+00
1.984900323152542114e+03 5.520168462172307944e-01 -2.284873653370769198e+00
1.984954818487167358e+03 5.480167241431929126e-01 -2.314874568926053033e+00
1.984968517303466797e+03 5.400164799951170380e-01 -2.374876400036622037e+00
1.984993138313293457e+03 5.520168462172307944e-01 -2.284873653370769198e+00
1.985021650791168213e+03 5.500167851802117980e-01 -2.299874111148411338e+00
1.985056967735290527e+03 5.580170293282876726e-01 -2.239872280037842334e+00
1.985109989643096924e+03 5.540169072542497908e-01 -2.269873195593126614e+00
1.985128316879272461e+03 5.540169072542497908e-01 -2.269873195593126614e+00
1.985162998437881470e+03 5.560169682912686762e-01 -2.254872737815484918e+00
1.985185974597930908e+03 5.540169072542497908e-01 -2.269873195593126614e+00
1.985200729846954346e+03 5.560169682912686762e-01 -2.254872737815484918e+00
1.985213580846786499e+03 5.540169072542497908e-01 -2.269873195593126614e+00
1.985228983402252197e+03 5.540169072542497908e-01 -2.269873195593126614e+00
1.985277909040451050e+03 5.540169072542497908e-01 -2.269873195593126614e+00
1.985293422698974609e+03 5.500167851802117980e-01 -2.299874111148411338e+00
1.985310157299041748e+03 5.440166020691550308e-01 -2.344875484481337313e+00
1.985324797391891479e+03 5.540169072542497908e-01 -2.269873195593126614e+00
1.985340922355651855e+03 5.500167851802117980e-01 -2.299874111148411338e+00
1.985357871532440186e+03 5.540169072542497908e-01 -2.269873195593126614e+00
1.985382213354110718e+03 5.500167851802117980e-01 -2.299874111148411338e+00
1.985413081884384155e+03 5.540169072542497908e-01 -2.269873195593126614e+00
1.985442960262298584e+03 5.520168462172307944e-01 -2.284873653370769198e+00
1.985498357295989990e+03 5.480167241431929126e-01 -2.314874568926053033e+00
1.985513387680053711e+03 5.400164799951170380e-01 -2.374876400036622037e+00
1.985548349618911743e+03 5.480167241431929126e-01 -2.314874568926053033e+00
1.985585623264312744e+03 5.520168462172307944e-01 -2.284873653370769198e+00
1.985601419925689697e+03 5.540169072542497908e-01 -2.269873195593126614e+00
1.985615722656250000e+03 5.480167241431929126e-01 -2.314874568926053033e+00
1.985633270025253296e+03 5.480167241431929126e-01 -2.314874568926053033e+00
1.985679250955581665e+03 5.520168462172307944e-01 -2.284873653370769198e+00
1.985693109273910522e+03 5.520168462172307944e-01 -2.284873653370769198e+00
1.985709609746932983e+03 5.540169072542497908e-01 -2.269873195593126614e+00
1.985731004476547241e+03 5.480167241431929126e-01 -2.314874568926053033e+00
1.985745748281478882e+03 5.420165410321360344e-01 -2.359875942258979897e+00
1.985772878646850586e+03 5.560169682912686762e-01 -2.254872737815484918e+00
1.985821056127548218e+03 5.520168462172307944e-01 -2.284873653370769198e+00
1.985835513353347778e+03 5.520168462172307944e-01 -2.284873653370769198e+00
1.985889737367630005e+03 5.460166631061739162e-01 -2.329875026703695617e+00
1.985910596847534180e+03 5.440166020691550308e-01 -2.344875484481337313e+00
1.985945882797241211e+03 5.580170293282876726e-01 -2.239872280037842334e+00
1.985977745532989502e+03 5.520168462172307944e-01 -2.284873653370769198e+00
1.985996877670288086e+03 5.500167851802117980e-01 -2.299874111148411338e+00
1.986015974998474121e+03 5.440166020691550308e-01 -2.344875484481337313e+00
1.986060754537582397e+03 5.480167241431929126e-01 -2.314874568926053033e+00
1.986073941707611084e+03 5.520168462172307944e-01 -2.284873653370769198e+00
1.986092005729675293e+03 5.500167851802117980e-01 -2.299874111148411338e+00
1.986105782032012939e+03 5.480167241431929126e-01 -2.314874568926053033e+00
1.986120856523513794e+03 5.520168462172307944e-01 -2.284873653370769198e+00
1.986138357877731323e+03 5.540169072542497908e-01 -2.269873195593126614e+00
1.986175105094909668e+03 5.480167241431929126e-01 -2.314874568926053033e+00
1.986215197324752808e+03 5.480167241431929126e-01 -2.314874568926053033e+00
1.986274289846420288e+03 5.480167241431929126e-01 -2.314874568926053033e+00
1.986287411212921143e+03 5.420165410321360344e-01 -2.359875942258979897e+00
1.986308460950851440e+03 5.560169682912686762e-01 -2.254872737815484918e+00
1.986337684392929077e+03 5.560169682912686762e-01 -2.254872737815484918e+00
1.986366074085235596e+03 5.460166631061739162e-01 -2.329875026703695617e+00
1.986395569324493408e+03 5.560169682912686762e-01 -2.254872737815484918e+00
1.986437186956405640e+03 5.600170903653065579e-01 -2.224871822260200638e+00
1.986457738161087036e+03 5.540169072542497908e-01 -2.269873195593126614e+00
1.986493973493576050e+03 5.540169072542497908e-01 -2.269873195593126614e+00
1.986511921882629395e+03 5.520168462172307944e-01 -2.284873653370769198e+00
1.986524094581604004e+03 5.540169072542497908e-01 -2.269873195593126614e+00
1.986538687467575073e+03 5.480167241431929126e-01 -2.314874568926053033e+00
1.986554354190826416e+03 5.540169072542497908e-01 -2.269873195593126614e+00
1.986592845678329468e+03 5.520168462172307944e-01 -2.284873653370769198e+00
1.986614520311355591e+03 5.540169072542497908e-01 -2.269873195593126614e+00
1.986636831045150757e+03 5.480167241431929126e-01 -2.314874568926053033e+00
1.986652109146118164e+03 5.520168462172307944e-01 -2.284873653370769198e+00
1.986669915914535522e+03 5.500167851802117980e-01 -2.299874111148411338e+00
1.986683510065078735e+03 5.560169682912686762e-01 -2.254872737815484918e+00
1.986757022380828857e+03 5.560169682912686762e-01 -2.254872737815484918e+00
1.986816398382186890e+03 5.480167241431929126e-01 -2.314874568926053033e+00
1.986829635858535767e+03 5.420165410321360344e-01 -2.359875942258979897e+00
1.986851692199707031e+03 5.560169682912686762e-01 -2.254872737815484918e+00
1.986888302564620972e+03 5.520168462172307944e-01 -2.284873653370769198e+00
1.986914538860321045e+03 5.480167241431929126e-01 -2.314874568926053033e+00
1.986926606893539429e+03 5.520168462172307944e-01 -2.284873653370769198e+00
1.986939837217330933e+03 5.500167851802117980e-01 -2.299874111148411338e+00
1.986999348640441895e+03 5.500167851802117980e-01 -2.299874111148411338e+00
1.987015810012817383e+03 5.380164189580981526e-01 -2.389876857814263733e+00
1.987033302307128906e+03 5.500167851802117980e-01 -2.299874111148411338e+00
1.987048966407775879e+03 5.460166631061739162e-01 -2.329875026703695617e+00
1.987064565420150757e+03 5.520168462172307944e-01 -2.284873653370769198e+00
1.987090720653533936e+03 5.540169072542497908e-01 -2.269873195593126614e+00
1.987139976739883423e+03 5.540169072542497908e-01 -2.269873195593126614e+00
1.987154230833053589e+03 5.480167241431929126e-01 -2.314874568926053033e+00
1.987208877325057983e+03 5.480167241431929126e-01 -2.314874568926053033e+00
1.987229026317596436e+03 5.460166631061739162e-01 -2.329875026703695617e+00
1.987255269527435303e+03 5.560169682912686762e-01 -2.254872737815484918e+00
1.987279275178909302e+03 5.520168462172307944e-01 -2.284873653370769198e+00
1.987302958726882935e+03 5.540169072542497908e-01 -2.269873195593126614e+00
1.987316627740859985e+03 5.460166631061739162e-01 -2.329875026703695617e+00
1.987331952095031738e+03 5.540169072542497908e-01 -2.269873195593126614e+00
1.987372117996215820e+03 5.520168462172307944e-01 -2.284873653370769198e+00
1.987397586345672607e+03 5.540169072542497908e-01 -2.269873195593126614e+00
1.987410880327224731e+03 5.560169682912686762e-01 -2.254872737815484918e+00
1.987427734375000000e+03 5.560169682912686762e-01 -2.254872737815484918e+00
1.987439752340316772e+03 5.560169682912686762e-01 -2.254872737815484918e+00
1.987457263946533203e+03 5.480167241431929126e-01 -2.314874568926053033e+00
1.987511171817779541e+03 5.480167241431929126e-01 -2.314874568926053033e+00
1.987541677236557007e+03 5.560169682912686762e-01 -2.254872737815484918e+00
1.987597450256347656e+03 5.520168462172307944e-01 -2.284873653370769198e+00
1.987611713886260986e+03 5.380164189580981526e-01 -2.389876857814263733e+00
1.987635885953903198e+03 5.540169072542497908e-01 -2.269873195593126614e+00
1.987670297145843506e+03 5.560169682912686762e-01 -2.254872737815484918e+00
1.987700446844100952e+03 5.520168462172307944e-01 -2.284873653370769198e+00
1.987752314805984497e+03 5.580170293282876726e-01 -2.239872280037842334e+00
1.987771003723144531e+03 5.460166631061739162e-01 -2.329875026703695617e+00
1.987796121120452881e+03 5.540169072542497908e-01 -2.269873195593126614e+00
1.987817513942718506e+03 5.540169072542497908e-01 -2.269873195593126614e+00
1.987839171171188354e+03 5.560169682912686762e-01 -2.254872737815484918e+00
1.987851910352706909e+03 5.500167851802117980e-01 -2.299874111148411338e+00
1.987863951683044434e+03 5.540169072542497908e-01 -2.269873195593126614e+00
1.987910102844238281e+03 5.520168462172307944e-01 -2.284873653370769198e+00
1.987935906171798706e+03 5.460166631061739162e-01 -2.329875026703695617e+00
1.987949450492858887e+03 5.540169072542497908e-01 -2.269873195593126614e+00
1.987969235420227051e+03 5.480167241431929126e-01 -2.314874568926053033e+00
1.987990756273269653e+03 5.520168462172307944e-01 -2.284873653370769198e+00
1.988034309148788452e+03 5.540169072542497908e-01 -2.269873195593126614e+00
1.988074362993240356e+03 5.520168462172307944e-01 -2.284873653370769198e+00
1.988133443355560303e+03 5.500167851802117980e-01 -2.299874111148411338e+00
1.988146805286407471e+03 5.440166020691550308e-01 -2.344875484481337313e+00
1.988169961452484131e+03 5.580170293282876726e-01 -2.239872280037842334e+00
1.988211068153381348e+03 5.500167851802117980e-01 -2.299874111148411338e+00
1.988233020782470703e+03 5.520168462172307944e-01 -2.284873653370769198e+00
1.988244627475738525e+03 5.540169072542497908e-01 -2.269873195593126614e+00
1.988255819320678711e+03 5.560169682912686762e-01 -2.254872737815484918e+00
1.988271290063858032e+03 5.480167241431929126e-01 -2.314874568926053033e+00
1.988305461645126343e+03 5.520168462172307944e-01 -2.284873653370769198e+00
1.988328884124755859e+03 5.580170293282876726e-01 -2.239872280037842334e+00
1.988343585252761841e+03 5.540169072542497908e-01 -2.269873195593126614e+00
1.988356849908828735e+03 5.540169072542497908e-01 -2.269873195593126614e+00
1.988370888471603394e+03 5.500167851802117980e-01 -2.299874111148411338e+00
1.988384770393371582e+03 5.560169682912686762e-01 -2.254872737815484918e+00
1.988398465871810913e+03 5.560169682912686762e-01 -2.254872737815484918e+00
1.988450412273406982e+03 5.540169072542497908e-01 -2.269873195593126614e+00
1.988479138135910034e+03 5.540169072542497908e-01 -2.269873195593126614e+00
1.988536906957626343e+03 5.380164189580981526e-01 -2.389876857814263733e+00
1.988552340030670166e+03 5.380164189580981526e-01 -2.389876857814263733e+00
1.988579854965209961e+03 5.440166020691550308e-01 -2.344875484481337313e+00
1.988619555473327637e+03 5.540169072542497908e-01 -2.269873195593126614e+00
1.988633980512619019e+03 5.480167241431929126e-01 -2.314874568926053033e+00
1.988647654294967651e+03 5.540169072542497908e-01 -2.269873195593126614e+00
1.988662718772888184e+03 5.560169682912686762e-01 -2.254872737815484918e+00
1.988710834264755249e+03 5.540169072542497908e-01 -2.269873195593126614e+00
1.988727026939392090e+03 5.520168462172307944e-01 -2.284873653370769198e+00
1.988739700555801392e+03 5.560169682912686762e-01 -2.254872737815484918e+00
1.988757155418395996e+03 5.540169072542497908e-01 -2.269873195593126614e+00
1.988771490812301636e+03 5.400164799951170380e-01 -2.374876400036622037e+00
1.988786951541900635e+03 5.560169682912686762e-01 -2.254872737815484918e+00
1.988841641426086426e+03 5.520168462172307944e-01 -2.284873653370769198e+00
1.988871145486831665e+03 5.560169682912686762e-01 -2.254872737815484918e+00
1.988927201271057129e+03 5.480167241431929126e-01 -2.314874568926053033e+00
1.988947372913360596e+03 5.460166631061739162e-01 -2.329875026703695617e+00
1.988968953371047974e+03 5.580170293282876726e-01 -2.239872280037842334e+00
1.988998088598251343e+03 5.540169072542497908e-01 -2.269873195593126614e+00
1.989028050184249878e+03 5.540169072542497908e-01 -2.269873195593126614e+00
1.989054641008377075e+03 5.520168462172307944e-01 -2.284873653370769198e+00
1.989086801528930664e+03 5.540169072542497908e-01 -2.269873195593126614e+00
1.989112768650054932e+03 5.540169072542497908e-01 -2.269873195593126614e+00
1.989161546230316162e+03 5.500167851802117980e-01 -2.299874111148411338e+00
1.989177484273910522e+03 5.560169682912686762e-01 -2.254872737815484918e+00
1.989189027786254883e+03 5.520168462172307944e-01 -2.284873653370769198e+00
1.989232845544815063e+03 5.540169072542497908e-01 -2.269873195593126614e+00
1.989260995149612427e+03 5.540169072542497908e-01 -2.269873195593126614e+00
1.989274850368499756e+03 5.560169682912686762e-01 -2.254872737815484918e+00
1.989288086891174316e+03 5.520168462172307944e-01 -2.284873653370769198e+00
1.989302418708801270e+03 5.580170293282876726e-01 -2.239872280037842334e+00
1.989317641973495483e+03 5.520168462172307944e-01 -2.284873653370769198e+00
1.989344253540039062e+03 5.520168462172307944e-01 -2.284873653370769198e+00
1.989379806041717529e+03 5.520168462172307944e-01 -2.284873653370769198e+00
1.989409202337265015e+03 5.560169682912686762e-01 -2.254872737815484918e+00
1.989465167999267578e+03 5.360163579210791562e-01 -2.404877315591906317e+00
1.989478583812713623e+03 5.240159916989653999e-01 -2.494880062257759601e+00
1.989502695560455322e+03 5.420165410321360344e-01 -2.359875942258979897e+00
1.989538101911544800e+03 5.420165410321360344e-01 -2.359875942258979897e+00
1.989554944753646851e+03 5.420165410321360344e-01 -2.359875942258979897e+00
1.989570394992828369e+03 5.420165410321360344e-01 -2.359875942258979897e+00
1.989582286357879639e+03 5.400164799951170380e-01 -2.374876400036622037e+00
1.989593543767929077e+03 5.380164189580981526e-01 -2.389876857814263733e+00
1.989646168470382690e+03 5.380164189580981526e-01 -2.389876857814263733e+00
1.989663802385330200e+03 4.800146488845484782e-01 -2.824890133365886236e+00
1.989682641744613647e+03 5.440166020691550308e-01 -2.344875484481337313e+00
1.989698104143142700e+03 5.320162358470412745e-01 -2.434878231147190597e+00
1.989711528301239014e+03 5.420165410321360344e-01 -2.359875942258979897e+00
1.989730152845382690e+03 5.440166020691550308e-01 -2.344875484481337313e+00
1.989792732477188110e+03 5.060154423657948763e-01 -2.629884182256538416e+00
1.989856982707977295e+03 5.360163579210791562e-01 -2.404877315591906317e+00
1.989870162248611450e+03 5.240159916989653999e-01 -2.494880062257759601e+00
1.989892716646194458e+03 5.400164799951170380e-01 -2.374876400036622037e+00
1.989922758579254150e+03 5.260160527359843963e-01 -2.479879604480117017e+00
1.989955896377563477e+03 5.380164189580981526e-01 -2.389876857814263733e+00
1.989967509984970093e+03 5.380164189580981526e-01 -2.389876857814263733e+00
1.989985551595687866e+03 5.380164189580981526e-01 -2.389876857814263733e+00
1.990025763511657715e+03 5.420165410321360344e-01 -2.359875942258979897e+00
1.990045499801635742e+03 5.360163579210791562e-01 -2.404877315591906317e+00
1.990058178901672363e+03 5.280161137730033927e-01 -2.464879146702474433e+00
1.990071895599365234e+03 5.360163579210791562e-01 -2.404877315591906317e+00
1.990083893537521362e+03 5.280161137730033927e-01 -2.464879146702474433e+00
1.990097123384475708e+03 5.380164189580981526e-01 -2.389876857814263733e+00
1.990111598968505859e+03 5.380164189580981526e-01 -2.389876857814263733e+00
1.990155334711074829e+03 5.300161748100222781e-01 -2.449878688924832737e+00
1.990194949626922607e+03 5.380164189580981526e-01 -2.389876857814263733e+00
1.990255124807357788e+03 5.240159916989653999e-01 -2.494880062257759601e+00
1.990268591880798340e+03 5.220159306619465145e-01 -2.509880520035401297e+00
1.990290833473205566e+03 5.380164189580981526e-01 -2.389876857814263733e+00
1.990319002389907837e+03 5.400164799951170380e-01 -2.374876400036622037e+00
1.990352065563201904e+03 5.260160527359843963e-01 -2.479879604480117017e+00
1.990382306098937988e+03 5.400164799951170380e-01 -2.374876400036622037e+00
1.990419303894042969e+03 5.380164189580981526e-01 -2.389876857814263733e+00
1.990445713758468628e+03 5.340162968840601598e-01 -2.419877773369548901e+00
1.990468991518020630e+03 5.260160527359843963e-01 -2.479879604480117017e+00
1.990500037908554077e+03 5.340162968840601598e-01 -2.419877773369548901e+00
1.990513049125671387e+03 5.420165410321360344e-01 -2.359875942258979897e+00
1.990528706312179565e+03 5.140156865138706399e-01 -2.569882351145970301e+00
1.990587576866149902e+03 5.400164799951170380e-01 -2.374876400036622037e+00
1.990601647138595581e+03 5.380164189580981526e-01 -2.389876857814263733e+00
1.990616514682769775e+03 5.340162968840601598e-01 -2.419877773369548901e+00
1.990632977008819580e+03 5.340162968840601598e-01 -2.419877773369548901e+00
1.990647706031799316e+03 5.380164189580981526e-01 -2.389876857814263733e+00
1.990661079406738281e+03 5.360163579210791562e-01 -2.404877315591906317e+00
1.990710718631744385e+03 5.340162968840601598e-01 -2.419877773369548901e+00
1.990742371559143066e+03 5.380164189580981526e-01 -2.389876857814263733e+00
1.990797339916229248e+03 5.320162358470412745e-01 -2.434878231147190597e+00
1.990811136007308960e+03 5.240159916989653999e-01 -2.494880062257759601e+00
1.990838346719741821e+03 5.360163579210791562e-01 -2.404877315591906317e+00
1.990876647710800171e+03 5.380164189580981526e-01 -2.389876857814263733e+00
1.990901053667068481e+03 5.120156254768517545e-01 -2.584882808923611996e+00
1.990924534320831299e+03 5.120156254768517545e-01 -2.584882808923611996e+00
1.990938084602355957e+03 5.360163579210791562e-01 -2.404877315591906317e+00
1.991002446651458740e+03 5.340162968840601598e-01 -2.419877773369548901e+00
1.991016706943511963e+03 5.360163579210791562e-01 -2.404877315591906317e+00
1.991031620979309082e+03 5.320162358470412745e-01 -2.434878231147190597e+00
1.991049333333969116e+03 5.340162968840601598e-01 -2.419877773369548901e+00
1.991065370082855225e+03 5.400164799951170380e-01 -2.374876400036622037e+00
1.991093816280364990e+03 5.340162968840601598e-01 -2.419877773369548901e+00
1.991127491712570190e+03 5.320162358470412745e-01 -2.434878231147190597e+00
1.991157257080078125e+03 5.340162968840601598e-01 -2.419877773369548901e+00
1.991222121477127075e+03 5.360163579210791562e-01 -2.404877315591906317e+00
1.991242661714553833e+03 5.260160527359843963e-01 -2.479879604480117017e+00
1.991260839462280273e+03 5.320162358470412745e-01 -2.434878231147190597e+00
1.991303474903106689e+03 5.380164189580981526e-01 -2.389876857814263733e+00
1.991317560195922852e+03 5.280161137730033927e-01 -2.464879146702474433e+00
1.991337426662445068e+03 5.320162358470412745e-01 -2.434878231147190597e+00
1.991397080659866333e+03 5.360163579210791562e-01 -2.404877315591906317e+00
1.991410433530807495e+03 5.380164189580981526e-01 -2.389876857814263733e+00
1.991423004150390625e+03 5.320162358470412745e-01 -2.434878231147190597e+00
1.991434757947921753e+03 5.380164189580981526e-01 -2.389876857814263733e+00
1.991452548265457153e+03 5.320162358470412745e-01 -2.434878231147190597e+00
1.991488230228424072e+03 5.360163579210791562e-01 -2.404877315591906317e+00
1.991544390439987183e+03 5.360163579210791562e-01 -2.404877315591906317e+00
1.991604015111923218e+03 5.340162968840601598e-01 -2.419877773369548901e+00
1.991617395162582397e+03 5.300161748100222781e-01 -2.449878688924832737e+00
1.991642758131027222e+03 5.260160527359843963e-01 -2.479879604480117017e+00
1.991671584129333496e+03 5.420165410321360344e-01 -2.359875942258979897e+00
1.991700050830841064e+03 5.400164799951170380e-01 -2.374876400036622037e+00
1.991729951620101929e+03 5.420165410321360344e-01 -2.359875942258979897e+00
1.991766779661178589e+03 5.380164189580981526e-01 -2.389876857814263733e+00
1.991796621322631836e+03 5.400164799951170380e-01 -2.374876400036622037e+00
1.991828742027282715e+03 5.400164799951170380e-01 -2.374876400036622037e+00
1.991849243640899658e+03 5.400164799951170380e-01 -2.374876400036622037e+00
1.991861057758331299e+03 5.440166020691550308e-01 -2.344875484481337313e+00
1.991878355503082275e+03 5.340162968840601598e-01 -2.419877773369548901e+00
1.991945004463195801e+03 5.380164189580981526e-01 -2.389876857814263733e+00
1.991966098546981812e+03 5.500167851802117980e-01 -2.299874111148411338e+00
1.991986384391784668e+03 5.540169072542497908e-01 -2.269873195593126614e+00
1.992001456499099731e+03 5.540169072542497908e-01 -2.269873195593126614e+00
1.992017466783523560e+03 5.340162968840601598e-01 -2.419877773369548901e+00
1.992048097372055054e+03 5.500167851802117980e-01 -2.299874111148411338e+00
1.992078577041625977e+03 5.520168462172307944e-01 -2.284873653370769198e+00
1.992108520507812500e+03 5.440166020691550308e-01 -2.344875484481337313e+00
1.992164011240005493e+03 5.360163579210791562e-01 -2.404877315591906317e+00
1.992177199602127075e+03 5.460166631061739162e-01 -2.329875026703695617e+00
1.992204547882080078e+03 5.540169072542497908e-01 -2.269873195593126614e+00
1.992236273050308228e+03 5.520168462172307944e-01 -2.284873653370769198e+00
1.992259897232055664e+03 5.560169682912686762e-01 -2.254872737815484918e+00
1.992272110223770142e+03 5.540169072542497908e-01 -2.269873195593126614e+00
1.992282776117324829e+03 5.540169072542497908e-01 -2.269873195593126614e+00
1.992294061183929443e+03 5.540169072542497908e-01 -2.269873195593126614e+00
1.992341334819793701e+03 5.520168462172307944e-01 -2.284873653370769198e+00
1.992355517387390137e+03 5.540169072542497908e-01 -2.269873195593126614e+00
1.992369049310684204e+03 5.520168462172307944e-01 -2.284873653370769198e+00
1.992383491992950439e+03 5.560169682912686762e-01 -2.254872737815484918e+00
1.992396967649459839e+03 5.520168462172307944e-01 -2.284873653370769198e+00
1.992413571119308472e+03 5.340162968840601598e-01 -2.419877773369548901e+00
1.992433670520782471e+03 5.460166631061739162e-01 -2.329875026703695617e+00
1.992474785804748535e+03 5.500167851802117980e-01 -2.299874111148411338e+00
1.992505855321884155e+03 5.560169682912686762e-01 -2.254872737815484918e+00
1.992561982870101929e+03 5.540169072542497908e-01 -2.269873195593126614e+00
1.992582161664962769e+03 5.440166020691550308e-01 -2.344875484481337313e+00
1.992599384069442749e+03 5.520168462172307944e-01 -2.284873653370769198e+00
1.992641445398330688e+03 5.560169682912686762e-01 -2.254872737815484918e+00
1.992653448820114136e+03 5.380164189580981526e-01 -2.389876857814263733e+00
1.992666506052017212e+03 5.500167851802117980e-01 -2.299874111148411338e+00
1.992682278871536255e+03 5.560169682912686762e-01 -2.254872737815484918e+00
1.992732094049453735e+03 5.540169072542497908e-01 -2.269873195593126614e+00
1.992750490665435791e+03 5.460166631061739162e-01 -2.329875026703695617e+00
1.992765249490737915e+03 5.500167851802117980e-01 -2.299874111148411338e+00
1.992779432535171509e+03 5.520168462172307944e-01 -2.284873653370769198e+00
1.992795790910720825e+03 5.540169072542497908e-01 -2.269873195593126614e+00
1.992829427003860474e+03 5.540169072542497908e-01 -2.269873195593126614e+00
1.992864424467086792e+03 5.500167851802117980e-01 -2.299874111148411338e+00
1.992894122123718262e+03 5.480167241431929126e-01 -2.314874568926053033e+00
1.992950328350067139e+03 5.480167241431929126e-01 -2.314874568926053033e+00
1.992964255094528198e+03 5.460166631061739162e-01 -2.329875026703695617e+00
1.992993535518646240e+03 5.540169072542497908e-01 -2.269873195593126614e+00
1.993022284507751465e+03 5.540169072542497908e-01 -2.269873195593126614e+00
1.993052525043487549e+03 5.560169682912686762e-01 -2.254872737815484918e+00
1.993104254007339478e+03 5.500167851802117980e-01 -2.299874111148411338e+00
1.993127440452575684e+03 5.500167851802117980e-01 -2.299874111148411338e+00
1.993163522720336914e+03 5.540169072542497908e-01 -2.269873195593126614e+00
1.993190160274505615e+03 5.520168462172307944e-01 -2.284873653370769198e+00
1.993202534437179565e+03 5.500167851802117980e-01 -2.299874111148411338e+00
1.993217309236526489e+03 5.480167241431929126e-01 -2.314874568926053033e+00
1.993242696046829224e+03 5.500167851802117980e-01 -2.299874111148411338e+00
1.993276834487915039e+03 5.540169072542497908e-01 -2.269873195593126614e+00
1.993291518688201904e+03 5.500167851802117980e-01 -2.299874111148411338e+00
1.993307485580444336e+03 5.540169072542497908e-01 -2.269873195593126614e+00
1.993324574708938599e+03 5.540169072542497908e-01 -2.269873195593126614e+00
1.993344091176986694e+03 5.520168462172307944e-01 -2.284873653370769198e+00
1.993371057748794556e+03 5.520168462172307944e-01 -2.284873653370769198e+00
1.993403455972671509e+03 5.520168462172307944e-01 -2.284873653370769198e+00
1.993433097124099731e+03 5.520168462172307944e-01 -2.284873653370769198e+00
1.993488975763320923e+03 5.440166020691550308e-01 -2.344875484481337313e+00
1.993502431631088257e+03 5.440166020691550308e-01 -2.344875484481337313e+00
1.993532290458679199e+03 5.440166020691550308e-01 -2.344875484481337313e+00
1.993573220491409302e+03 5.540169072542497908e-01 -2.269873195593126614e+00
1.993585365056991577e+03 5.420165410321360344e-01 -2.359875942258979897e+00
1.993596381902694702e+03 5.520168462172307944e-01 -2.284873653370769198e+00
1.993607575416564941e+03 5.500167851802117980e-01 -2.299874111148411338e+00
1.993651156187057495e+03 5.540169072542497908e-01 -2.269873195593126614e+00
1.993669455051422119e+03 5.520168462172307944e-01 -2.284873653370769198e+00
1.993681877613067627e+03 5.580170293282876726e-01 -2.239872280037842334e+00
1.993695348024368286e+03 5.400164799951170380e-01 -2.374876400036622037e+00
1.993712440967559814e+03 5.540169072542497908e-01 -2.269873195593126614e+00
1.993728724718093872e+03 5.540169072542497908e-01 -2.269873195593126614e+00
1.993746550083160400e+03 5.520168462172307944e-01 -2.284873653370769198e+00
1.993784092903137207e+03 5.540169072542497908e-01 -2.269873195593126614e+00
1.993824250936508179e+03 5.540169072542497908e-01 -2.269873195593126614e+00
1.993883360624313354e+03 5.500167851802117980e-01 -2.299874111148411338e+00
1.993896679162979126e+03 5.420165410321360344e-01 -2.359875942258979897e+00
1.993931879520416260e+03 5.540169072542497908e-01 -2.269873195593126614e+00
1.993972418308258057e+03 5.520168462172307944e-01 -2.284873653370769198e+00
1.993984932661056519e+03 5.520168462172307944e-01 -2.284873653370769198e+00
1.994002627849578857e+03 5.500167851802117980e-01 -2.299874111148411338e+00
1.994022712945938110e+03 5.540169072542497908e-01 -2.269873195593126614e+00
1.994053487062454224e+03 5.420165410321360344e-01 -2.359875942258979897e+00
1.994068876266479492e+03 5.560169682912686762e-01 -2.254872737815484918e+00
1.994084013938903809e+03 5.560169682912686762e-01 -2.254872737815484918e+00
1.994098472356796265e+03 5.440166020691550308e-01 -2.344875484481337313e+00
1.994111729621887207e+03 5.540169072542497908e-01 -2.269873195593126614e+00
1.994127329111099243e+03 5.560169682912686762e-01 -2.254872737815484918e+00
1.994153759002685547e+03 5.440166020691550308e-01 -2.344875484481337313e+00
1.994205353498458862e+03 5.520168462172307944e-01 -2.284873653370769198e+00
1.994219363689422607e+03 5.520168462172307944e-01 -2.284873653370769198e+00
1.994273435354232788e+03 5.480167241431929126e-01 -2.314874568926053033e+00
1.994287677764892578e+03 5.440166020691550308e-01 -2.344875484481337313e+00
1.994311277389526367e+03 5.560169682912686762e-01 -2.254872737815484918e+00
1.994346276760101318e+03 5.400164799951170380e-01 -2.374876400036622037e+00
1.994376355171203613e+03 5.580170293282876726e-01 -2.239872280037842334e+00
1.994427958011627197e+03 5.540169072542497908e-01 -2.269873195593126614e+00
1.994447092056274414e+03 5.560169682912686762e-01 -2.254872737815484918e+00
1.994482114076614380e+03 5.520168462172307944e-01 -2.284873653370769198e+00
1.994513130187988281e+03 5.500167851802117980e-01 -2.299874111148411338e+00
1.994526866436004639e+03 5.560169682912686762e-01 -2.254872737815484918e+00
1.994539976119995117e+03 5.500167851802117980e-01 -2.299874111148411338e+00
1.994584249973297119e+03 5.480167241431929126e-01 -2.314874568926053033e+00
1.994613167762756348e+03 5.540169072542497908e-01 -2.269873195593126614e+00
1.994627598047256470e+03 5.560169682912686762e-01 -2.254872737815484918e+00
1.994640595436096191e+03 5.580170293282876726e-01 -2.239872280037842334e+00
1.994658872127532959e+03 5.540169072542497908e-01 -2.269873195593126614e+00
1.994677878379821777e+03 5.420165410321360344e-01 -2.359875942258979897e+00
1.994715679883956909e+03 5.500167851802117980e-01 -2.299874111148411338e+00
1.994755306482315063e+03 5.500167851802117980e-01 -2.299874111148411338e+00
1.994814597845077515e+03 5.500167851802117980e-01 -2.299874111148411338e+00
1.994828100919723511e+03 5.420165410321360344e-01 -2.359875942258979897e+00
1.994850280284881592e+03 5.560169682912686762e-01 -2.254872737815484918e+00
1.994885848999023438e+03 5.540169072542497908e-01 -2.269873195593126614e+00
1.994911240816116333e+03 5.540169072542497908e-01 -2.269873195593126614e+00
1.994925882577896118e+03 5.420165410321360344e-01 -2.359875942258979897e+00
1.994941340923309326e+03 5.540169072542497908e-01 -2.269873195593126614e+00
1.995000357389450073e+03 5.520168462172307944e-01 -2.284873653370769198e+00
1.995018257379531860e+03 5.420165410321360344e-01 -2.359875942258979897e+00
1.995040603876113892e+03 5.440166020691550308e-01 -2.344875484481337313e+00
1.995054502487182617e+03 5.440166020691550308e-01 -2.344875484481337313e+00
1.995070671319961548e+03 5.540169072542497908e-01 -2.269873195593126614e+00
1.995105258703231812e+03 5.520168462172307944e-01 -2.284873653370769198e+00
1.995146662473678589e+03 5.540169072542497908e-01 -2.269873195593126614e+00
1.995206367969512939e+03 5.380164189580981526e-01 -2.389876857814263733e+00
1.995220203161239624e+03 5.380164189580981526e-01 -2.389876857814263733e+00
1.995246272802352905e+03 5.560169682912686762e-01 -2.254872737815484918e+00
1.995289555788040161e+03 5.500167851802117980e-01 -2.299874111148411338e+00
1.995301906824111938e+03 5.560169682912686762e-01 -2.254872737815484918e+00
1.995320339679718018e+03 5.460166631061739162e-01 -2.329875026703695617e+00
1.995333417177200317e+03 5.540169072542497908e-01 -2.269873195593126614e+00
1.995379684209823608e+03 5.520168462172307944e-01 -2.284873653370769198e+00
1.995396179914474487e+03 5.540169072542497908e-01 -2.269873195593126614e+00
1.995410439729690552e+03 5.540169072542497908e-01 -2.269873195593126614e+00
1.995430516719818115e+03 5.480167241431929126e-01 -2.314874568926053033e+00
1.995453057527542114e+03 5.520168462172307944e-01 -2.284873653370769198e+00
1.995495218276977539e+03 5.540169072542497908e-01 -2.269873195593126614e+00
1.995535494565963745e+03 5.520168462172307944e-01 -2.284873653370769198e+00
1.995594360828399658e+03 5.500167851802117980e-01 -2.299874111148411338e+00
1.995607870340347290e+03 5.440166020691550308e-01 -2.344875484481337313e+00
1.995632638931274414e+03 5.520168462172307944e-01 -2.284873653370769198e+00
1.995661613702774048e+03 5.520168462172307944e-01 -2.284873653370769198e+00
1.995691506862640381e+03 5.580170293282876726e-01 -2.239872280037842334e+00
1.995723696470260620e+03 5.540169072542497908e-01 -2.269873195593126614e+00
1.995755808591842651e+03 5.540169072542497908e-01 -2.269873195593126614e+00
1.995781713962554932e+03 5.540169072542497908e-01 -2.269873195593126614e+00
1.995810663223266602e+03 5.580170293282876726e-01 -2.239872280037842334e+00
1.995835798263549805e+03 5.480167241431929126e-01 -2.314874568926053033e+00
1.995849316120147705e+03 5.540169072542497908e-01 -2.269873195593126614e+00
1.995864390373229980e+03 5.580170293282876726e-01 -2.239872280037842334e+00
1.995925764083862305e+03 5.500167851802117980e-01 -2.299874111148411338e+00
1.995943471193313599e+03 5.540169072542497908e-01 -2.269873195593126614e+00
1.995956526994705200e+03 5.520168462172307944e-01 -2.284873653370769198e+00
1.995970222711563110e+03 5.540169072542497908e-01 -2.269873195593126614e+00
1.995983530044555664e+03 5.520168462172307944e-01 -2.284873653370769198e+00
1.995996744871139526e+03 5.520168462172307944e-01 -2.284873653370769198e+00
1.996033715724945068e+03 5.500167851802117980e-01 -2.299874111148411338e+00
1.996073883295059204e+03 5.480167241431929126e-01 -2.314874568926053033e+00
1.996133136034011841e+03 5.400164799951170380e-01 -2.374876400036622037e+00
1.996146439313888550e+03 5.440166020691550308e-01 -2.344875484481337313e+00
1.996175539970397949e+03 5.540169072542497908e-01 -2.269873195593126614e+00
1.996219625711441040e+03 5.540169072542497908e-01 -2.269873195593126614e+00
1.996231417417526245e+03 5.540169072542497908e-01 -2.269873195593126614e+00
1.996244736433029175e+03 5.480167241431929126e-01 -2.314874568926053033e+00
1.996260190010070801e+03 5.540169072542497908e-01 -2.269873195593126614e+00
1.996308688163757324e+03 5.480167241431929126e-01 -2.314874568926053033e+00
1.996325069189071655e+03 5.520168462172307944e-01 -2.284873653370769198e+00
1.996342892408370972e+03 5.480167241431929126e-01 -2.314874568926053033e+00
1.996355036258697510e+03 5.480167241431929126e-01 -2.314874568926053033e+00
1.996372053861618042e+03 5.540169072542497908e-01 -2.269873195593126614e+00
1.996388355970382690e+03 5.520168462172307944e-01 -2.284873653370769198e+00
1.996440580129623413e+03 5.540169072542497908e-01 -2.269873195593126614e+00
1.996471154212951660e+03 5.560169682912686762e-01 -2.254872737815484918e+00
1.996527329206466675e+03 5.480167241431929126e-01 -2.314874568926053033e+00
1.996541426420211792e+03 5.400164799951170380e-01 -2.374876400036622037e+00
1.996567686557769775e+03 5.560169682912686762e-01 -2.254872737815484918e+00
1.996607747077941895e+03 5.520168462172307944e-01 -2.284873653370769198e+00
1.996620033264160156e+03 5.560169682912686762e-01 -2.254872737815484918e+00
1.996632119894027710e+03 5.520168462172307944e-01 -2.284873653370769198e+00
1.996643468618392944e+03 5.540169072542497908e-01 -2.269873195593126614e+00
1.996654469251632690e+03 5.540169072542497908e-01 -2.269873195593126614e+00
1.996692494392395020e+03 5.480167241431929126e-01 -2.314874568926053033e+00
1.996711650609970093e+03 5.540169072542497908e-01 -2.269873195593126614e+00
1.996724687099456787e+03 5.540169072542497908e-01 -2.269873195593126614e+00
1.996739112615585327e+03 5.500167851802117980e-01 -2.299874111148411338e+00
1.996756684541702271e+03 5.420165410321360344e-01 -2.359875942258979897e+00
1.996771250009536743e+03 5.500167851802117980e-01 -2.299874111148411338e+00
1.996790246725082397e+03 5.520168462172307944e-01 -2.284873653370769198e+00
1.996821799039840698e+03 5.500167851802117980e-01 -2.299874111148411338e+00
1.996862395524978638e+03 5.500167851802117980e-01 -2.299874111148411338e+00
1.996921327114105225e+03 5.480167241431929126e-01 -2.314874568926053033e+00
1.996934789896011353e+03 5.420165410321360344e-01 -2.359875942258979897e+00
1.996956582546234131e+03 5.460166631061739162e-01 -2.329875026703695617e+00
1.996985970735549927e+03 5.420165410321360344e-01 -2.359875942258979897e+00
1.997014854431152344e+03 5.380164189580981526e-01 -2.389876857814263733e+00
1.997044520616531372e+03 5.340162968840601598e-01 -2.419877773369548901e+00
1.997085708379745483e+03 5.460166631061739162e-01 -2.329875026703695617e+00
1.997105812311172485e+03 5.380164189580981526e-01 -2.389876857814263733e+00
1.997136296987533569e+03 5.360163579210791562e-01 -2.404877315591906317e+00
1.997173943519592285e+03 5.280161137730033927e-01 -2.464879146702474433e+00
1.997189388751983643e+03 5.340162968840601598e-01 -2.419877773369548901e+00
1.997209761619567871e+03 5.280161137730033927e-01 -2.464879146702474433e+00
1.997251702785491943e+03 5.320162358470412745e-01 -2.434878231147190597e+00
1.997267762422561646e+03 5.340162968840601598e-01 -2.419877773369548901e+00
1.997287708044052124e+03 4.760145268105105965e-01 -2.854891048921170515e+00
1.997304732561111450e+03 5.360163579210791562e-01 -2.404877315591906317e+00
1.997319438219070435e+03 5.380164189580981526e-01 -2.389876857814263733e+00
1.997364917039871216e+03 5.300161748100222781e-01 -2.449878688924832737e+00
1.997410376071929932e+03 5.240159916989653999e-01 -2.494880062257759601e+00
1.997467790126800537e+03 5.280161137730033927e-01 -2.464879146702474433e+00
1.997481302738189697e+03 5.300161748100222781e-01 -2.449878688924832737e+00
1.997505032300949097e+03 5.420165410321360344e-01 -2.359875942258979897e+00
1.997534375905990601e+03 5.340162968840601598e-01 -2.419877773369548901e+00
1.997559715986251831e+03 5.280161137730033927e-01 -2.464879146702474433e+00
1.997572306394577026e+03 5.340162968840601598e-01 -2.419877773369548901e+00
1.997583391904830933e+03 5.360163579210791562e-01 -2.404877315591906317e+00
1.997594328880310059e+03 5.400164799951170380e-01 -2.374876400036622037e+00
1.997615391254425049e+03 5.380164189580981526e-01 -2.389876857814263733e+00
1.997647541761398315e+03 5.360163579210791562e-01 -2.404877315591906317e+00
1.997660795450210571e+03 5.400164799951170380e-01 -2.374876400036622037e+00
1.997674320936203003e+03 5.380164189580981526e-01 -2.389876857814263733e+00
1.997691564559936523e+03 5.400164799951170380e-01 -2.374876400036622037e+00
1.997703375577926636e+03 5.420165410321360344e-01 -2.359875942258979897e+00
1.997716503381729126e+03 5.380164189580981526e-01 -2.389876857814263733e+00
1.997735248088836670e+03 5.400164799951170380e-01 -2.374876400036622037e+00
1.997795007705688477e+03 5.360163579210791562e-01 -2.404877315591906317e+00
1.997858346223831177e+03 5.340162968840601598e-01 -2.419877773369548901e+00
1.997871327638626099e+03 5.220159306619465145e-01 -2.509880520035401297e+00
1.997901049375534058e+03 5.400164799951170380e-01 -2.374876400036622037e+00
1.997945027351379395e+03 5.360163579210791562e-01 -2.404877315591906317e+00
1.997957716703414917e+03 5.420165410321360344e-01 -2.359875942258979897e+00
1.997972593069076538e+03 5.240159916989653999e-01 -2.494880062257759601e+00
1.997987978219985962e+03 5.380164189580981526e-01 -2.389876857814263733e+00
1.998036078691482544e+03 5.380164189580981526e-01 -2.389876857814263733e+00
1.998051861286163330e+03 5.400164799951170380e-01 -2.374876400036622037e+00
1.998065525293350220e+03 5.400164799951170380e-01 -2.374876400036622037e+00
1.998079214811325073e+03 5.420165410321360344e-01 -2.359875942258979897e+00
1.998101709604263306e+03 5.300161748100222781e-01 -2.449878688924832737e+00
1.998125253200531006e+03 5.400164799951170380e-01 -2.374876400036622037e+00
1.998153789520263672e+03 5.340162968840601598e-01 -2.419877773369548901e+00
1.998197537899017334e+03 5.400164799951170380e-01 -2.374876400036622037e+00
1.998254753589630127e+03 5.340162968840601598e-01 -2.419877773369548901e+00
1.998269165992736816e+03 5.280161137730033927e-01 -2.464879146702474433e+00
1.998287353754043579e+03 5.360163579210791562e-01 -2.404877315591906317e+00
1.998315329313278198e+03 5.420165410321360344e-01 -2.359875942258979897e+00
1.998343550205230713e+03 5.380164189580981526e-01 -2.389876857814263733e+00
1.998371485948562622e+03 5.420165410321360344e-01 -2.359875942258979897e+00
1.998413614749908447e+03 5.400164799951170380e-01 -2.374876400036622037e+00
1.998433658838272095e+03 5.360163579210791562e-01 -2.404877315591906317e+00
1.998469587802886963e+03 5.360163579210791562e-01 -2.404877315591906317e+00
1.998495139837265015e+03 5.360163579210791562e-01 -2.404877315591906317e+00
1.998509492635726929e+03 5.320162358470412745e-01 -2.434878231147190597e+00
1.998520914316177368e+03 5.420165410321360344e-01 -2.359875942258979897e+00
1.998544974803924561e+03 5.380164189580981526e-01 -2.389876857814263733e+00
1.998575069427490234e+03 5.400164799951170380e-01 -2.374876400036622037e+00
1.998591939449310303e+03 5.400164799951170380e-01 -2.374876400036622037e+00
1.998611803770065308e+03 5.340162968840601598e-01 -2.419877773369548901e+00
1.998629434347152710e+03 5.360163579210791562e-01 -2.404877315591906317e+00
1.998642971277236938e+03 5.300161748100222781e-01 -2.449878688924832737e+00
1.998656930685043335e+03 5.400164799951170380e-01 -2.374876400036622037e+00
1.998706821203231812e+03 5.360163579210791562e-01 -2.404877315591906317e+00
1.998737660169601440e+03 5.360163579210791562e-01 -2.404877315591906317e+00
1.998793568611145020e+03 5.000152592547379982e-01 -2.674885555589464836e+00
1.998815427303314209e+03 5.280161137730033927e-01 -2.464879146702474433e+00
1.998834808111190796e+03 5.300161748100222781e-01 -2.449878688924832737e+00
1.998875902175903320e+03 5.240159916989653999e-01 -2.494880062257759601e+00
1.998888774394989014e+03 5.380164189580981526e-01 -2.389876857814263733e+00
1.998900913476943970e+03 5.380164189580981526e-01 -2.389876857814263733e+00
1.998912832975387573e+03 5.360163579210791562e-01 -2.404877315591906317e+00
1.998924483060836792e+03 5.360163579210791562e-01 -2.404877315591906317e+00
1.998980887413024902e+03 5.320162358470412745e-01 -2.434878231147190597e+00
1.998994597196578979e+03 5.320162358470412745e-01 -2.434878231147190597e+00
1.999014137744903564e+03 5.320162358470412745e-01 -2.434878231147190597e+00
1.999030271530151367e+03 5.220159306619465145e-01 -2.509880520035401297e+00
1.999043081760406494e+03 5.400164799951170380e-01 -2.374876400036622037e+00
1.999061380386352539e+03 5.300161748100222781e-01 -2.449878688924832737e+00
1.999107156753540039e+03 5.300161748100222781e-01 -2.449878688924832737e+00
1.999137878417968750e+03 5.040153813287758799e-01 -2.644884640034181000e+00
1.999194420337677002e+03 5.300161748100222781e-01 -2.449878688924832737e+00
1.999208544015884399e+03 5.220159306619465145e-01 -2.509880520035401297e+00
1.999234589815139771e+03 5.340162968840601598e-01 -2.419877773369548901e+00
1.999268847465515137e+03 5.380164189580981526e-01 -2.389876857814263733e+00
1.999289128541946411e+03 5.380164189580981526e-01 -2.389876857814263733e+00
1.999309683799743652e+03 5.440166020691550308e-01 -2.344875484481337313e+00
1.999327800035476685e+03 5.360163579210791562e-01 -2.404877315591906317e+00
1.999380656480789185e+03 5.400164799951170380e-01 -2.374876400036622037e+00
1.999395976305007935e+03 5.500167851802117980e-01 -2.299874111148411338e+00
1.999411352872848511e+03 5.520168462172307944e-01 -2.284873653370769198e+00
1.999426551103591919e+03 5.520168462172307944e-01 -2.284873653370769198e+00
1.999444025039672852e+03 5.520168462172307944e-01 -2.284873653370769198e+00
1.999455003499984741e+03 5.360163579210791562e-01 -2.404877315591906317e+00
1.999467773914337158e+03 5.500167851802117980e-01 -2.299874111148411338e+00
1.999508539676666260e+03 5.480167241431929126e-01 -2.314874568926053033e+00
1.999551294326782227e+03 5.480167241431929126e-01 -2.314874568926053033e+00
1.999611922502517700e+03 5.480167241431929126e-01 -2.314874568926053033e+00
1.999625157117843628e+03 5.420165410321360344e-01 -2.359875942258979897e+00
1.999650935411453247e+03 5.520168462172307944e-01 -2.284873653370769198e+00
1.999679663419723511e+03 5.520168462172307944e-01 -2.284873653370769198e+00
1.999708659172058105e+03 5.520168462172307944e-01 -2.284873653370769198e+00
1.999737070798873901e+03 5.520168462172307944e-01 -2.284873653370769198e+00
1.999781364440917969e+03 5.520168462172307944e-01 -2.284873653370769198e+00
1.999803185701370239e+03 5.420165410321360344e-01 -2.359875942258979897e+00
1.999840933084487915e+03 5.540169072542497908e-01 -2.269873195593126614e+00
1.999865155458450317e+03 5.460166631061739162e-01 -2.329875026703695617e+00
1.999881500959396362e+03 5.500167851802117980e-01 -2.299874111148411338e+00
1.999893231630325317e+03 5.380164189580981526e-01 -2.389876857814263733e+00
1.999904580116271973e+03 5.520168462172307944e-01 -2.284873653370769198e+00
1.999951633930206299e+03 5.500167851802117980e-01 -2.299874111148411338e+00
1.999969078779220581e+03 5.480167241431929126e-01 -2.314874568926053033e+00
1.999984295606613159e+03 5.540169072542497908e-01 -2.269873195593126614e+00
2.000001857519149780e+03 5.480167241431929126e-01 -2.314874568926053033e+00
2.000020619392395020e+03 5.500167851802117980e-01 -2.299874111148411338e+00
2.000070221424102783e+03 5.460166631061739162e-01 -2.329875026703695617e+00
2.000112802743911743e+03 5.480167241431929126e-01 -2.314874568926053033e+00
2.000173460960388184e+03 5.500167851802117980e-01 -2.299874111148411338e+00
2.000186602115631104e+03 5.440166020691550308e-01 -2.344875484481337313e+00
2.000204702377319336e+03 5.420165410321360344e-01 -2.359875942258979897e+00
2.000223359584808350e+03 5.340162968840601598e-01 -2.419877773369548901e+00
2.000256932020187378e+03 5.500167851802117980e-01 -2.299874111148411338e+00
2.000276603698730469e+03 5.500167851802117980e-01 -2.299874111148411338e+00
2.000290187597274780e+03 5.500167851802117980e-01 -2.299874111148411338e+00
2.000302986621856689e+03 5.480167241431929126e-01 -2.314874568926053033e+00
2.000318536520004272e+03 5.440166020691550308e-01 -2.344875484481337313e+00
2.000366293907165527e+03 5.520168462172307944e-01 -2.284873653370769198e+00
2.000385825872421265e+03 5.460166631061739162e-01 -2.329875026703695617e+00
2.000403780460357666e+03 5.540169072542497908e-01 -2.269873195593126614e+00
2.000421695947647095e+03 5.500167851802117980e-01 -2.299874111148411338e+00
2.000436355352401733e+03 5.480167241431929126e-01 -2.314874568926053033e+00
2.000453694105148315e+03 5.500167851802117980e-01 -2.299874111148411338e+00
2.000498335838317871e+03 5.500167851802117980e-01 -2.299874111148411338e+00
2.000527497768402100e+03 5.540169072542497908e-01 -2.269873195593126614e+00
2.000584980010986328e+03 5.400164799951170380e-01 -2.374876400036622037e+00
2.000599056959152222e+03 5.420165410321360344e-01 -2.359875942258979897e+00
2.000622329473495483e+03 5.520168462172307944e-01 -2.284873653370769198e+00
2.000669421434402466e+03 5.500167851802117980e-01 -2.299874111148411338e+00
2.000685279130935669e+03 5.500167851802117980e-01 -2.299874111148411338e+00
2.000698862075805664e+03 5.500167851802117980e-01 -2.299874111148411338e+00
2.000710224866867065e+03 5.480167241431929126e-01 -2.314874568926053033e+00
2.000748564004898071e+03 5.500167851802117980e-01 -2.299874111148411338e+00
2.000770073652267456e+03 5.580170293282876726e-01 -2.239872280037842334e+00
2.000786710262298584e+03 5.560169682912686762e-01 -2.254872737815484918e+00
2.000801080942153931e+03 5.540169072542497908e-01 -2.269873195593126614e+00
2.000815181016921997e+03 5.540169072542497908e-01 -2.269873195593126614e+00
2.000832879543304443e+03 5.560169682912686762e-01 -2.254872737815484918e+00
2.000849510192871094e+03 5.560169682912686762e-01 -2.254872737815484918e+00
2.000891184806823730e+03 5.540169072542497908e-01 -2.269873195593126614e+00
2.000922209501266479e+03 5.500167851802117980e-01 -2.299874111148411338e+00
2.000978103399276733e+03 5.500167851802117980e-01 -2.299874111148411338e+00
2.000998311042785645e+03 5.340162968840601598e-01 -2.419877773369548901e+00
2.001019863128662109e+03 5.560169682912686762e-01 -2.254872737815484918e+00
2.001048814058303833e+03 5.540169072542497908e-01 -2.269873195593126614e+00
2.001078986883163452e+03 5.540169072542497908e-01 -2.269873195593126614e+00
2.001105079650878906e+03 5.580170293282876726e-01 -2.239872280037842334e+00
2.001136467933654785e+03 5.500167851802117980e-01 -2.299874111148411338e+00
2.001162477016448975e+03 5.520168462172307944e-01 -2.284873653370769198e+00
2.001197250604629517e+03 5.520168462172307944e-01 -2.284873653370769198e+00
2.001222270011901855e+03 5.540169072542497908e-01 -2.269873195593126614e+00
2.001238826036453247e+03 5.440166020691550308e-01 -2.344875484481337313e+00
2.001258600473403931e+03 5.440166020691550308e-01 -2.344875484481337313e+00
2.001305212736129761e+03 5.480167241431929126e-01 -2.314874568926053033e+00
2.001318387985229492e+03 5.540169072542497908e-01 -2.269873195593126614e+00
2.001330877065658569e+03 5.460166631061739162e-01 -2.329875026703695617e+00
2.001342683553695679e+03 5.540169072542497908e-01 -2.269873195593126614e+00
2.001354380130767822e+03 5.540169072542497908e-01 -2.269873195593126614e+00
2.001373523950576782e+03 5.540169072542497908e-01 -2.269873195593126614e+00
2.001414337396621704e+03 5.520168462172307944e-01 -2.284873653370769198e+00
2.001457761526107788e+03 5.520168462172307944e-01 -2.284873653370769198e+00
2.001514936923980713e+03 5.440166020691550308e-01 -2.344875484481337313e+00
2.001528299808502197e+03 5.440166020691550308e-01 -2.344875484481337313e+00
2.001554783344268799e+03 5.600170903653065579e-01 -2.224871822260200638e+00
2.001586579561233521e+03 5.420165410321360344e-01 -2.359875942258979897e+00
2.001606514692306519e+03 5.580170293282876726e-01 -2.239872280037842334e+00
2.001619745016098022e+03 5.500167851802117980e-01 -2.299874111148411338e+00
2.001631923675537109e+03 5.500167851802117980e-01 -2.299874111148411338e+00
2.001648282766342163e+03 5.500167851802117980e-01 -2.299874111148411338e+00
2.001692162990570068e+03 5.480167241431929126e-01 -2.314874568926053033e+00
