2.053788474321365356e+03 3.640111087374492405e-01 -3.694916684469130352e+00
2.053802314758300781e+03 3.700112918485061186e-01 -3.649915311136203933e+00
2.053814624071121216e+03 3.700112918485061186e-01 -3.649915311136203933e+00
2.053828174114227295e+03 3.580109256263924178e-01 -3.739918057802057660e+00
2.053840073108673096e+03 3.680112308114871777e-01 -3.664915768913846961e+00
2.053857612371444702e+03 3.700112918485061186e-01 -3.649915311136203933e+00
2.053873094320297241e+03 3.700112918485061186e-01 -3.649915311136203933e+00
2.053889065265655518e+03 3.720113528855250595e-01 -3.634914853358561793e+00
2.053934186220169067e+03 3.720113528855250595e-01 -3.634914853358561793e+00
2.053954388856887817e+03 3.700112918485061186e-01 -3.649915311136203933e+00
2.053966681241989136e+03 3.620110477004302996e-01 -3.709917142246772492e+00
2.053980268001556396e+03 3.680112308114871777e-01 -3.664915768913846961e+00
2.053991392850875854e+03 3.740114139225440004e-01 -3.619914395580919653e+00
2.054008844137191772e+03 3.620110477004302996e-01 -3.709917142246772492e+00
2.054025257349014282e+03 3.700112918485061186e-01 -3.649915311136203933e+00
2.054043318033218384e+03 3.700112918485061186e-01 -3.649915311136203933e+00
2.054113137006759644e+03 3.660111697744681813e-01 -3.679916226691489101e+00
2.054127062082290649e+03 3.680112308114871777e-01 -3.664915768913846961e+00
2.054182267665863037e+03 3.620110477004302996e-01 -3.709917142246772492e+00
2.054196781158447266e+03 3.640111087374492405e-01 -3.694916684469130352e+00
2.054226903676986694e+03 3.740114139225440004e-01 -3.619914395580919653e+00
2.054266552448272705e+03 3.720113528855250595e-01 -3.634914853358561793e+00
2.054280799627304077e+03 3.720113528855250595e-01 -3.634914853358561793e+00
2.054292493104934692e+03 3.720113528855250595e-01 -3.634914853358561793e+00
2.054303612232208252e+03 3.680112308114871777e-01 -3.664915768913846961e+00
2.054318442344665527e+03 3.720113528855250595e-01 -3.634914853358561793e+00
2.054373696565628052e+03 3.740114139225440004e-01 -3.619914395580919653e+00
2.054390580892562866e+03 3.640111087374492405e-01 -3.694916684469130352e+00
2.054405917167663574e+03 3.700112918485061186e-01 -3.649915311136203933e+00
2.054428558111190796e+03 3.680112308114871777e-01 -3.664915768913846961e+00
2.054442874431610107e+03 3.700112918485061186e-01 -3.649915311136203933e+00
2.054457220315933228e+03 3.740114139225440004e-01 -3.619914395580919653e+00
2.054476013183593750e+03 3.640111087374492405e-01 -3.694916684469130352e+00
2.054522800922393799e+03 3.720113528855250595e-01 -3.634914853358561793e+00
2.054553877830505371e+03 3.680112308114871777e-01 -3.664915768913846961e+00
2.054609453916549683e+03 3.640111087374492405e-01 -3.694916684469130352e+00
2.054630085229873657e+03 3.620110477004302996e-01 -3.709917142246772492e+00
2.054647516489028931e+03 3.660111697744681813e-01 -3.679916226691489101e+00
2.054688203573226929e+03 3.720113528855250595e-01 -3.634914853358561793e+00
2.054702146530151367e+03 3.700112918485061186e-01 -3.649915311136203933e+00
2.054716765880584717e+03 3.700112918485061186e-01 -3.649915311136203933e+00
2.054732325792312622e+03 3.700112918485061186e-01 -3.649915311136203933e+00
2.054744575738906860e+03 3.700112918485061186e-01 -3.649915311136203933e+00
2.054781253337860107e+03 3.740114139225440004e-01 -3.619914395580919653e+00
2.054806187391281128e+03 3.700112918485061186e-01 -3.649915311136203933e+00
2.054819760799407959e+03 3.700112918485061186e-01 -3.649915311136203933e+00
2.054832488536834717e+03 3.740114139225440004e-01 -3.619914395580919653e+00
2.054851300716400146e+03 3.680112308114871777e-01 -3.664915768913846961e+00
2.054866341352462769e+03 3.680112308114871777e-01 -3.664915768913846961e+00
2.054883541107177734e+03 3.740114139225440004e-01 -3.619914395580919653e+00
2.054898723840713501e+03 3.740114139225440004e-01 -3.619914395580919653e+00
2.054946751117706299e+03 3.740114139225440004e-01 -3.619914395580919653e+00
2.054976167440414429e+03 3.700112918485061186e-01 -3.649915311136203933e+00
2.055031982421875000e+03 3.700112918485061186e-01 -3.649915311136203933e+00
2.055059559822082520e+03 3.620110477004302996e-01 -3.709917142246772492e+00
2.055094231843948364e+03 3.720113528855250595e-01 -3.634914853358561793e+00
2.055123907327651978e+03 3.720113528855250595e-01 -3.634914853358561793e+00
2.055156399726867676e+03 3.720113528855250595e-01 -3.634914853358561793e+00
2.055188039779663086e+03 3.720113528855250595e-01 -3.634914853358561793e+00
2.055225796699523926e+03 3.700112918485061186e-01 -3.649915311136203933e+00
2.055248371839523315e+03 3.720113528855250595e-01 -3.634914853358561793e+00
2.055266961574554443e+03 3.700112918485061186e-01 -3.649915311136203933e+00
2.055283912658691406e+03 3.720113528855250595e-01 -3.634914853358561793e+00
2.055300864696502686e+03 3.720113528855250595e-01 -3.634914853358561793e+00
2.055315905332565308e+03 3.760114749595629968e-01 -3.604913937803277513e+00
2.055354415178298950e+03 3.700112918485061186e-01 -3.649915311136203933e+00
2.055382340669631958e+03 3.700112918485061186e-01 -3.649915311136203933e+00
2.055399733781814575e+03 3.760114749595629968e-01 -3.604913937803277513e+00
2.055416716337203979e+03 3.720113528855250595e-01 -3.634914853358561793e+00
2.055436602354049683e+03 3.700112918485061186e-01 -3.649915311136203933e+00
2.055450606822967529e+03 3.720113528855250595e-01 -3.634914853358561793e+00
2.055462557077407837e+03 3.720113528855250595e-01 -3.634914853358561793e+00
2.055500864744186401e+03 3.720113528855250595e-01 -3.634914853358561793e+00
2.055542425155639648e+03 3.680112308114871777e-01 -3.664915768913846961e+00
2.055601663112640381e+03 3.620110477004302996e-01 -3.709917142246772492e+00
2.055614820241928101e+03 3.640111087374492405e-01 -3.694916684469130352e+00
2.055646754741668701e+03 3.700112918485061186e-01 -3.649915311136203933e+00
2.055678642988204956e+03 3.700112918485061186e-01 -3.649915311136203933e+00
2.055702172994613647e+03 3.720113528855250595e-01 -3.634914853358561793e+00
2.055715314865112305e+03 3.740114139225440004e-01 -3.619914395580919653e+00
2.055728094100952148e+03 3.680112308114871777e-01 -3.664915768913846961e+00
2.055743485450744629e+03 3.680112308114871777e-01 -3.664915768913846961e+00
2.055795122385025024e+03 3.700112918485061186e-01 -3.649915311136203933e+00
2.055813138961791992e+03 3.740114139225440004e-01 -3.619914395580919653e+00
2.055830524444580078e+03 3.720113528855250595e-01 -3.634914853358561793e+00
2.055849257230758667e+03 3.680112308114871777e-01 -3.664915768913846961e+00
2.055864086389541626e+03 3.740114139225440004e-01 -3.619914395580919653e+00
2.055883135080337524e+03 3.700112918485061186e-01 -3.649915311136203933e+00
2.055914326667785645e+03 3.720113528855250595e-01 -3.634914853358561793e+00
2.055944770574569702e+03 3.740114139225440004e-01 -3.619914395580919653e+00
2.055975891828536987e+03 3.560108645893734214e-01 -3.754918515579699800e+00
2.056034700870513916e+03 3.680112308114871777e-01 -3.664915768913846961e+00
2.056064187765121460e+03 3.480106204412976578e-01 -3.814920346690268360e+00
2.056099312305450439e+03 3.640111087374492405e-01 -3.694916684469130352e+00
2.056120435476303101e+03 3.580109256263924178e-01 -3.739918057802057660e+00
2.056133424997329712e+03 3.600109866634113587e-01 -3.724917600024414632e+00
2.056144331216812134e+03 3.240098879970702561e-01 -3.994925840021972263e+00
2.056159113645553589e+03 3.600109866634113587e-01 -3.724917600024414632e+00
2.056215644598007202e+03 3.640111087374492405e-01 -3.694916684469130352e+00
2.056240013360977173e+03 3.540108035523544805e-01 -3.769918973357341052e+00
2.056256934404373169e+03 3.580109256263924178e-01 -3.739918057802057660e+00
2.056272545099258423e+03 3.180097048860133779e-01 -4.039927213354900459e+00
2.056288991928100586e+03 3.620110477004302996e-01 -3.709917142246772492e+00
2.056305331230163574e+03 3.620110477004302996e-01 -3.709917142246772492e+00
2.056330218076705933e+03 3.560108645893734214e-01 -3.754918515579699800e+00
2.056383111476898193e+03 3.520107425153355396e-01 -3.784919431134983192e+00
2.056397100925445557e+03 3.300100711081270788e-01 -3.949924466689046731e+00
2.056451781988143921e+03 3.580109256263924178e-01 -3.739918057802057660e+00
2.056466335773468018e+03 3.500106814783166542e-01 -3.799919888912625332e+00
2.056496277570724487e+03 3.520107425153355396e-01 -3.784919431134983192e+00
2.056525390148162842e+03 3.640111087374492405e-01 -3.694916684469130352e+00
2.056555522918701172e+03 3.580109256263924178e-01 -3.739918057802057660e+00
2.056581961631774902e+03 3.640111087374492405e-01 -3.694916684469130352e+00
2.056614335536956787e+03 3.600109866634113587e-01 -3.724917600024414632e+00
2.056634261608123779e+03 3.520107425153355396e-01 -3.784919431134983192e+00
2.056670077323913574e+03 3.580109256263924178e-01 -3.739918057802057660e+00
2.056693479061126709e+03 3.620110477004302996e-01 -3.709917142246772492e+00
2.056708677768707275e+03 3.600109866634113587e-01 -3.724917600024414632e+00
2.056720903396606445e+03 3.560108645893734214e-01 -3.754918515579699800e+00
2.056731824874877930e+03 3.640111087374492405e-01 -3.694916684469130352e+00
2.056748109102249146e+03 3.580109256263924178e-01 -3.739918057802057660e+00
2.056797185182571411e+03 3.600109866634113587e-01 -3.724917600024414632e+00
2.056815961122512817e+03 3.580109256263924178e-01 -3.739918057802057660e+00
2.056833565473556519e+03 3.600109866634113587e-01 -3.724917600024414632e+00
2.056851703882217407e+03 3.600109866634113587e-01 -3.724917600024414632e+00
2.056864073991775513e+03 3.400103762932218388e-01 -3.874922177800836032e+00
2.056879883050918579e+03 3.600109866634113587e-01 -3.724917600024414632e+00
2.056896868705749512e+03 3.640111087374492405e-01 -3.694916684469130352e+00
2.056942361831665039e+03 3.620110477004302996e-01 -3.709917142246772492e+00
2.056971677064895630e+03 3.620110477004302996e-01 -3.709917142246772492e+00
2.057028195381164551e+03 3.540108035523544805e-01 -3.769918973357341052e+00
2.057041502237319946e+03 3.520107425153355396e-01 -3.784919431134983192e+00
2.057068782567977905e+03 3.600109866634113587e-01 -3.724917600024414632e+00
2.057109805822372437e+03 3.600109866634113587e-01 -3.724917600024414632e+00
2.057123285293579102e+03 3.600109866634113587e-01 -3.724917600024414632e+00
2.057139656782150269e+03 3.600109866634113587e-01 -3.724917600024414632e+00
2.057155887365341187e+03 3.620110477004302996e-01 -3.709917142246772492e+00
2.057166621685028076e+03 3.600109866634113587e-01 -3.724917600024414632e+00
2.057215507745742798e+03 3.600109866634113587e-01 -3.724917600024414632e+00
2.057232708930969238e+03 3.540108035523544805e-01 -3.769918973357341052e+00
2.057247390747070312e+03 3.620110477004302996e-01 -3.709917142246772492e+00
2.057261024236679077e+03 3.520107425153355396e-01 -3.784919431134983192e+00
2.057274435281753540e+03 3.640111087374492405e-01 -3.694916684469130352e+00
2.057291563034057617e+03 3.600109866634113587e-01 -3.724917600024414632e+00
2.057307721376419067e+03 3.580109256263924178e-01 -3.739918057802057660e+00
2.057335801362991333e+03 3.500106814783166542e-01 -3.799919888912625332e+00
2.057384881496429443e+03 3.620110477004302996e-01 -3.709917142246772492e+00
2.057398831129074097e+03 3.580109256263924178e-01 -3.739918057802057660e+00
2.057453244686126709e+03 3.560108645893734214e-01 -3.754918515579699800e+00
2.057467805147171021e+03 3.540108035523544805e-01 -3.769918973357341052e+00
2.057493822097778320e+03 3.620110477004302996e-01 -3.709917142246772492e+00
2.057543132066726685e+03 3.620110477004302996e-01 -3.709917142246772492e+00
2.057557062387466431e+03 3.620110477004302996e-01 -3.709917142246772492e+00
2.057572165489196777e+03 3.560108645893734214e-01 -3.754918515579699800e+00
2.057587713718414307e+03 3.520107425153355396e-01 -3.784919431134983192e+00
2.057626188278198242e+03 3.600109866634113587e-01 -3.724917600024414632e+00
2.057651224374771118e+03 3.600109866634113587e-01 -3.724917600024414632e+00
2.057666419506072998e+03 3.620110477004302996e-01 -3.709917142246772492e+00
2.057679495811462402e+03 3.620110477004302996e-01 -3.709917142246772492e+00
2.057697322845458984e+03 3.420104373302408352e-01 -3.859921720023193892e+00
2.057717135906219482e+03 3.640111087374492405e-01 -3.694916684469130352e+00
2.057733398675918579e+03 3.600109866634113587e-01 -3.724917600024414632e+00
2.057787194013595581e+03 3.580109256263924178e-01 -3.739918057802057660e+00
2.057817970991134644e+03 3.620110477004302996e-01 -3.709917142246772492e+00
2.057873867988586426e+03 3.600109866634113587e-01 -3.724917600024414632e+00
2.057889079332351685e+03 3.540108035523544805e-01 -3.769918973357341052e+00
2.057907513618469238e+03 3.540108035523544805e-01 -3.769918973357341052e+00
2.057935560703277588e+03 3.600109866634113587e-01 -3.724917600024414632e+00
2.057963814973831177e+03 3.540108035523544805e-01 -3.769918973357341052e+00
2.057991703510284424e+03 3.640111087374492405e-01 -3.694916684469130352e+00
2.058034885168075562e+03 3.620110477004302996e-01 -3.709917142246772492e+00
2.058055334091186523e+03 3.600109866634113587e-01 -3.724917600024414632e+00
2.058091465234756470e+03 3.640111087374492405e-01 -3.694916684469130352e+00
2.058121510028839111e+03 3.640111087374492405e-01 -3.694916684469130352e+00
2.058134535551071167e+03 3.640111087374492405e-01 -3.694916684469130352e+00
2.058145975589752197e+03 3.520107425153355396e-01 -3.784919431134983192e+00
2.058158410549163818e+03 3.580109256263924178e-01 -3.739918057802057660e+00
2.058174483776092529e+03 3.600109866634113587e-01 -3.724917600024414632e+00
2.058214283466339111e+03 3.640111087374492405e-01 -3.694916684469130352e+00
2.058234440088272095e+03 3.620110477004302996e-01 -3.709917142246772492e+00
2.058250661134719849e+03 3.600109866634113587e-01 -3.724917600024414632e+00
2.058268094778060913e+03 3.520107425153355396e-01 -3.784919431134983192e+00
2.058290336847305298e+03 3.580109256263924178e-01 -3.739918057802057660e+00
2.058306899070739746e+03 3.600109866634113587e-01 -3.724917600024414632e+00
2.058322216033935547e+03 3.580109256263924178e-01 -3.739918057802057660e+00
2.058375603437423706e+03 3.720113528855250595e-01 -3.634914853358561793e+00
2.058405641078948975e+03 3.720113528855250595e-01 -3.634914853358561793e+00
2.058461220264434814e+03 3.640111087374492405e-01 -3.694916684469130352e+00
2.058474939107894897e+03 3.660111697744681813e-01 -3.679916226691489101e+00
2.058500809431076050e+03 3.720113528855250595e-01 -3.634914853358561793e+00
2.058545618772506714e+03 3.740114139225440004e-01 -3.619914395580919653e+00
2.058558972597122192e+03 3.740114139225440004e-01 -3.619914395580919653e+00
2.058570377826690674e+03 3.720113528855250595e-01 -3.634914853358561793e+00
2.058581856012344360e+03 3.700112918485061186e-01 -3.649915311136203933e+00
2.058596461057662964e+03 3.740114139225440004e-01 -3.619914395580919653e+00
2.058650294065475464e+03 3.700112918485061186e-01 -3.649915311136203933e+00
2.058667249441146851e+03 3.700112918485061186e-01 -3.649915311136203933e+00
2.058682228565216064e+03 3.720113528855250595e-01 -3.634914853358561793e+00
2.058696693658828735e+03 3.740114139225440004e-01 -3.619914395580919653e+00
2.058715862512588501e+03 3.740114139225440004e-01 -3.619914395580919653e+00
2.058730905294418335e+03 3.620110477004302996e-01 -3.709917142246772492e+00
2.058747970342636108e+03 3.700112918485061186e-01 -3.649915311136203933e+00
2.058785626888275146e+03 3.700112918485061186e-01 -3.649915311136203933e+00
2.058828160524368286e+03 3.700112918485061186e-01 -3.649915311136203933e+00
2.058887020826339722e+03 3.660111697744681813e-01 -3.679916226691489101e+00
2.058900517463684082e+03 3.640111087374492405e-01 -3.694916684469130352e+00
2.058928177356719971e+03 3.680112308114871777e-01 -3.664915768913846961e+00
2.058960086584091187e+03 3.680112308114871777e-01 -3.664915768913846961e+00
2.058982169151306152e+03 3.620110477004302996e-01 -3.709917142246772492e+00
2.058999891519546509e+03 3.700112918485061186e-01 -3.649915311136203933e+00
2.059015412807464600e+03 3.700112918485061186e-01 -3.649915311136203933e+00
2.059040092706680298e+03 3.700112918485061186e-01 -3.649915311136203933e+00
2.059074564456939697e+03 3.680112308114871777e-01 -3.664915768913846961e+00
2.059091339826583862e+03 3.680112308114871777e-01 -3.664915768913846961e+00
2.059106186866760254e+03 3.680112308114871777e-01 -3.664915768913846961e+00
2.059129582166671753e+03 3.700112918485061186e-01 -3.649915311136203933e+00
2.059145153522491455e+03 3.660111697744681813e-01 -3.679916226691489101e+00
2.059163044214248657e+03 3.700112918485061186e-01 -3.649915311136203933e+00
2.059224100828170776e+03 3.680112308114871777e-01 -3.664915768913846961e+00
2.059254276514053345e+03 3.680112308114871777e-01 -3.664915768913846961e+00
2.059312266588211060e+03 3.680112308114871777e-01 -3.664915768913846961e+00
2.059328195571899414e+03 3.620110477004302996e-01 -3.709917142246772492e+00
2.059347645521163940e+03 3.680112308114871777e-01 -3.664915768913846961e+00
2.059375825405120850e+03 3.680112308114871777e-01 -3.664915768913846961e+00
2.059404611349105835e+03 3.700112918485061186e-01 -3.649915311136203933e+00
2.059432820081710815e+03 3.660111697744681813e-01 -3.679916226691489101e+00
2.059475452661514282e+03 3.660111697744681813e-01 -3.679916226691489101e+00
2.059491568565368652e+03 3.660111697744681813e-01 -3.679916226691489101e+00
2.059516650676727295e+03 3.720113528855250595e-01 -3.634914853358561793e+00
2.059555353879928589e+03 3.700112918485061186e-01 -3.649915311136203933e+00
2.059571759939193726e+03 3.660111697744681813e-01 -3.679916226691489101e+00
2.059582517385482788e+03 3.680112308114871777e-01 -3.664915768913846961e+00
2.059597318172454834e+03 3.660111697744681813e-01 -3.679916226691489101e+00
2.059633902311325073e+03 3.700112918485061186e-01 -3.649915311136203933e+00
2.059668817281723022e+03 3.680112308114871777e-01 -3.664915768913846961e+00
2.059684930801391602e+03 3.680112308114871777e-01 -3.664915768913846961e+00
2.059706478118896484e+03 3.640111087374492405e-01 -3.694916684469130352e+00
2.059724485874176025e+03 3.680112308114871777e-01 -3.664915768913846961e+00
2.059741258859634399e+03 3.660111697744681813e-01 -3.679916226691489101e+00
2.059760284662246704e+03 3.700112918485061186e-01 -3.649915311136203933e+00
2.059791235685348511e+03 3.700112918485061186e-01 -3.649915311136203933e+00
2.059832428455352783e+03 3.700112918485061186e-01 -3.649915311136203933e+00
2.059892296791076660e+03 3.640111087374492405e-01 -3.694916684469130352e+00
2.059905570268630981e+03 3.580109256263924178e-01 -3.739918057802057660e+00
2.059923664093017578e+03 3.680112308114871777e-01 -3.664915768913846961e+00
2.059941709518432617e+03 3.680112308114871777e-01 -3.664915768913846961e+00
2.059988677978515625e+03 3.660111697744681813e-01 -3.679916226691489101e+00
2.060003054857254028e+03 3.700112918485061186e-01 -3.649915311136203933e+00
2.060017065048217773e+03 3.700112918485061186e-01 -3.649915311136203933e+00
2.060031061887741089e+03 3.640111087374492405e-01 -3.694916684469130352e+00
2.060055758237838745e+03 3.680112308114871777e-01 -3.664915768913846961e+00
2.060098557949066162e+03 3.680112308114871777e-01 -3.664915768913846961e+00
2.060112224340438843e+03 3.660111697744681813e-01 -3.679916226691489101e+00
2.060128858089447021e+03 3.680112308114871777e-01 -3.664915768913846961e+00
2.060145120620727539e+03 3.680112308114871777e-01 -3.664915768913846961e+00
2.060160310268402100e+03 3.720113528855250595e-01 -3.634914853358561793e+00
2.060173698902130127e+03 3.720113528855250595e-01 -3.634914853358561793e+00
2.060187550783157349e+03 3.700112918485061186e-01 -3.649915311136203933e+00
2.060225645780563354e+03 3.600109866634113587e-01 -3.724917600024414632e+00
2.060266300201416016e+03 3.700112918485061186e-01 -3.649915311136203933e+00
2.060326449394226074e+03 3.600109866634113587e-01 -3.724917600024414632e+00
2.060339998483657837e+03 3.640111087374492405e-01 -3.694916684469130352e+00
2.060365821599960327e+03 3.740114139225440004e-01 -3.619914395580919653e+00
2.060395726203918457e+03 3.680112308114871777e-01 -3.664915768913846961e+00
2.060417609691619873e+03 3.740114139225440004e-01 -3.619914395580919653e+00
2.060431360006332397e+03 3.720113528855250595e-01 -3.634914853358561793e+00
2.060449884414672852e+03 3.720113528855250595e-01 -3.634914853358561793e+00
2.060463324069976807e+03 3.700112918485061186e-01 -3.649915311136203933e+00
2.060488945960998535e+03 3.720113528855250595e-01 -3.634914853358561793e+00
2.060535899400711060e+03 3.720113528855250595e-01 -3.634914853358561793e+00
2.060552345752716064e+03 3.720113528855250595e-01 -3.634914853358561793e+00
2.060570290803909302e+03 3.700112918485061186e-01 -3.649915311136203933e+00
2.060584592103958130e+03 3.640111087374492405e-01 -3.694916684469130352e+00
2.060602591514587402e+03 3.700112918485061186e-01 -3.649915311136203933e+00
2.060620375871658325e+03 3.700112918485061186e-01 -3.649915311136203933e+00
2.060673762559890747e+03 3.700112918485061186e-01 -3.649915311136203933e+00
2.060705456256866455e+03 3.720113528855250595e-01 -3.634914853358561793e+00
2.060762342691421509e+03 3.680112308114871777e-01 -3.664915768913846961e+00
2.060782744407653809e+03 3.640111087374492405e-01 -3.694916684469130352e+00
2.060804543256759644e+03 3.720113528855250595e-01 -3.634914853358561793e+00
2.060834154844284058e+03 3.740114139225440004e-01 -3.619914395580919653e+00
2.060864761829376221e+03 3.720113528855250595e-01 -3.634914853358561793e+00
2.060918043136596680e+03 3.720113528855250595e-01 -3.634914853358561793e+00
2.060937190771102905e+03 3.700112918485061186e-01 -3.649915311136203933e+00
2.060977668523788452e+03 3.740114139225440004e-01 -3.619914395580919653e+00
2.061005552530288696e+03 3.660111697744681813e-01 -3.679916226691489101e+00
2.061019612073898315e+03 3.720113528855250595e-01 -3.634914853358561793e+00
2.061037737607955933e+03 3.740114139225440004e-01 -3.619914395580919653e+00
2.061050383329391479e+03 3.720113528855250595e-01 -3.634914853358561793e+00
2.061093387365341187e+03 3.700112918485061186e-01 -3.649915311136203933e+00
2.061117887258529663e+03 3.700112918485061186e-01 -3.649915311136203933e+00
2.061133597135543823e+03 3.720113528855250595e-01 -3.634914853358561793e+00
2.061148888587951660e+03 3.720113528855250595e-01 -3.634914853358561793e+00
2.061162101030349731e+03 3.680112308114871777e-01 -3.664915768913846961e+00
2.061179205417633057e+03 3.720113528855250595e-01 -3.634914853358561793e+00
2.061194880008697510e+03 3.600109866634113587e-01 -3.724917600024414632e+00
2.061219885349273682e+03 3.640111087374492405e-01 -3.694916684469130352e+00
2.061258174896240234e+03 3.680112308114871777e-01 -3.664915768913846961e+00
2.061287603378295898e+03 3.720113528855250595e-01 -3.634914853358561793e+00
2.061344990968704224e+03 3.680112308114871777e-01 -3.664915768913846961e+00
2.061358483314514160e+03 3.640111087374492405e-01 -3.694916684469130352e+00
2.061388131618499756e+03 3.720113528855250595e-01 -3.634914853358561793e+00
2.061428528308868408e+03 3.700112918485061186e-01 -3.649915311136203933e+00
2.061442785739898682e+03 3.700112918485061186e-01 -3.649915311136203933e+00
2.061454617738723755e+03 3.740114139225440004e-01 -3.619914395580919653e+00
2.061469315290451050e+03 3.680112308114871777e-01 -3.664915768913846961e+00
2.061485249280929565e+03 3.700112918485061186e-01 -3.649915311136203933e+00
2.061527683973312378e+03 3.720113528855250595e-01 -3.634914853358561793e+00
2.061555490970611572e+03 3.700112918485061186e-01 -3.649915311136203933e+00
2.061570578098297119e+03 3.720113528855250595e-01 -3.634914853358561793e+00
2.061588869094848633e+03 3.720113528855250595e-01 -3.634914853358561793e+00
2.061605071783065796e+03 3.720113528855250595e-01 -3.634914853358561793e+00
2.061621748208999634e+03 3.720113528855250595e-01 -3.634914853358561793e+00
2.061641733884811401e+03 3.760114749595629968e-01 -3.604913937803277513e+00
2.061690598011016846e+03 3.700112918485061186e-01 -3.649915311136203933e+00
2.061721057653427124e+03 3.740114139225440004e-01 -3.619914395580919653e+00
2.061777817010879517e+03 3.660111697744681813e-01 -3.679916226691489101e+00
2.061791758060455322e+03 3.660111697744681813e-01 -3.679916226691489101e+00
2.061826395750045776e+03 3.720113528855250595e-01 -3.634914853358561793e+00
2.061866285800933838e+03 3.700112918485061186e-01 -3.649915311136203933e+00
2.061880711555480957e+03 3.720113528855250595e-01 -3.634914853358561793e+00
2.061894296646118164e+03 3.720113528855250595e-01 -3.634914853358561793e+00
2.061908054113388062e+03 3.660111697744681813e-01 -3.679916226691489101e+00
2.061952431678771973e+03 3.720113528855250595e-01 -3.634914853358561793e+00
2.061978376626968384e+03 3.720113528855250595e-01 -3.634914853358561793e+00
2.061992725610733032e+03 3.680112308114871777e-01 -3.664915768913846961e+00
2.062009776592254639e+03 3.680112308114871777e-01 -3.664915768913846961e+00
2.062024886846542358e+03 3.720113528855250595e-01 -3.634914853358561793e+00
2.062038280010223389e+03 3.700112918485061186e-01 -3.649915311136203933e+00
2.062052065134048462e+03 3.720113528855250595e-01 -3.634914853358561793e+00
2.062072232723236084e+03 3.700112918485061186e-01 -3.649915311136203933e+00
2.062107692003250122e+03 3.700112918485061186e-01 -3.649915311136203933e+00
2.062148386955261230e+03 3.700112918485061186e-01 -3.649915311136203933e+00
2.062220583677291870e+03 3.700112918485061186e-01 -3.649915311136203933e+00
2.062233571052551270e+03 3.660111697744681813e-01 -3.679916226691489101e+00
2.062261795759201050e+03 3.740114139225440004e-01 -3.619914395580919653e+00
2.062296533823013306e+03 3.720113528855250595e-01 -3.634914853358561793e+00
2.062326891183853149e+03 3.700112918485061186e-01 -3.649915311136203933e+00
2.062380552530288696e+03 3.680112308114871777e-01 -3.664915768913846961e+00
2.062399455547332764e+03 3.700112918485061186e-01 -3.649915311136203933e+00
2.062436019182205200e+03 3.700112918485061186e-01 -3.649915311136203933e+00
2.062466730117797852e+03 3.680112308114871777e-01 -3.664915768913846961e+00
2.062482903480529785e+03 3.700112918485061186e-01 -3.649915311136203933e+00
2.062494647264480591e+03 3.720113528855250595e-01 -3.634914853358561793e+00
2.062512457609176636e+03 3.620110477004302996e-01 -3.709917142246772492e+00
2.062555760860443115e+03 3.700112918485061186e-01 -3.649915311136203933e+00
2.062572899818420410e+03 3.660111697744681813e-01 -3.679916226691489101e+00
2.062587891578674316e+03 3.660111697744681813e-01 -3.679916226691489101e+00
2.062601047277450562e+03 3.700112918485061186e-01 -3.649915311136203933e+00
2.062615693569183350e+03 3.720113528855250595e-01 -3.634914853358561793e+00
2.062636386394500732e+03 3.680112308114871777e-01 -3.664915768913846961e+00
2.062656483888626099e+03 3.700112918485061186e-01 -3.649915311136203933e+00
2.062673184156417847e+03 3.640111087374492405e-01 -3.694916684469130352e+00
2.062721516609191895e+03 3.720113528855250595e-01 -3.634914853358561793e+00
2.062751964330673218e+03 3.680112308114871777e-01 -3.664915768913846961e+00
2.062809364557266235e+03 3.640111087374492405e-01 -3.694916684469130352e+00
2.062823069572448730e+03 3.620110477004302996e-01 -3.709917142246772492e+00
2.062851202011108398e+03 3.680112308114871777e-01 -3.664915768913846961e+00
2.062895321607589722e+03 3.680112308114871777e-01 -3.664915768913846961e+00
2.062908879756927490e+03 3.680112308114871777e-01 -3.664915768913846961e+00
2.062923784255981445e+03 3.700112918485061186e-01 -3.649915311136203933e+00
2.062934871196746826e+03 3.720113528855250595e-01 -3.634914853358561793e+00
2.062947477817535400e+03 3.620110477004302996e-01 -3.709917142246772492e+00
2.062962550163269043e+03 3.700112918485061186e-01 -3.649915311136203933e+00
2.063016936063766479e+03 3.680112308114871777e-01 -3.664915768913846961e+00
2.063035631179809570e+03 3.740114139225440004e-01 -3.619914395580919653e+00
2.063056569099426270e+03 3.660111697744681813e-01 -3.679916226691489101e+00
2.063076949834823608e+03 3.660111697744681813e-01 -3.679916226691489101e+00
2.063088811159133911e+03 3.680112308114871777e-01 -3.664915768913846961e+00
2.063115478992462158e+03 3.700112918485061186e-01 -3.649915311136203933e+00
2.063150913715362549e+03 3.680112308114871777e-01 -3.664915768913846961e+00
2.063182427167892456e+03 3.700112918485061186e-01 -3.649915311136203933e+00
2.063237802028656006e+03 3.660111697744681813e-01 -3.679916226691489101e+00
2.063252107858657837e+03 3.620110477004302996e-01 -3.709917142246772492e+00
2.063278679132461548e+03 3.600109866634113587e-01 -3.724917600024414632e+00
2.063311477422714233e+03 3.660111697744681813e-01 -3.679916226691489101e+00
2.063337900876998901e+03 3.620110477004302996e-01 -3.709917142246772492e+00
2.063354346275329590e+03 3.600109866634113587e-01 -3.724917600024414632e+00
2.063368708133697510e+03 3.100094607379375589e-01 -4.099929044465468131e+00
2.063422517061233521e+03 3.640111087374492405e-01 -3.694916684469130352e+00
2.063440931797027588e+03 3.580109256263924178e-01 -3.739918057802057660e+00
2.063455056667327881e+03 3.620110477004302996e-01 -3.709917142246772492e+00
2.063468041896820068e+03 3.620110477004302996e-01 -3.709917142246772492e+00
2.063484194517135620e+03 3.620110477004302996e-01 -3.709917142246772492e+00
2.063497259140014648e+03 3.660111697744681813e-01 -3.679916226691489101e+00
2.063512064218521118e+03 3.560108645893734214e-01 -3.754918515579699800e+00
2.063538183450698853e+03 3.600109866634113587e-01 -3.724917600024414632e+00
2.063590984106063843e+03 3.620110477004302996e-01 -3.709917142246772492e+00
2.063605180740356445e+03 3.580109256263924178e-01 -3.739918057802057660e+00
2.063660018920898438e+03 3.300100711081270788e-01 -3.949924466689046731e+00
2.063680798292160034e+03 3.560108645893734214e-01 -3.754918515579699800e+00
2.063697624444961548e+03 3.640111087374492405e-01 -3.694916684469130352e+00
2.063725921392440796e+03 3.640111087374492405e-01 -3.694916684469130352e+00
2.063755510330200195e+03 3.620110477004302996e-01 -3.709917142246772492e+00
2.063815122842788696e+03 3.620110477004302996e-01 -3.709917142246772492e+00
2.063833612442016602e+03 3.560108645893734214e-01 -3.754918515579699800e+00
2.063867850780487061e+03 3.620110477004302996e-01 -3.709917142246772492e+00
2.063892110824584961e+03 3.600109866634113587e-01 -3.724917600024414632e+00
2.063904923439025879e+03 3.620110477004302996e-01 -3.709917142246772492e+00
2.063916360616683960e+03 3.620110477004302996e-01 -3.709917142246772492e+00
2.063927816629409790e+03 3.620110477004302996e-01 -3.709917142246772492e+00
2.063939646482467651e+03 3.540108035523544805e-01 -3.769918973357341052e+00
2.063950293064117432e+03 3.620110477004302996e-01 -3.709917142246772492e+00
2.064008689165115356e+03 3.600109866634113587e-01 -3.724917600024414632e+00
2.064026818275451660e+03 3.620110477004302996e-01 -3.709917142246772492e+00
2.064042856216430664e+03 3.620110477004302996e-01 -3.709917142246772492e+00
2.064059973955154419e+03 3.640111087374492405e-01 -3.694916684469130352e+00
2.064073349475860596e+03 3.620110477004302996e-01 -3.709917142246772492e+00
2.064085604190826416e+03 3.600109866634113587e-01 -3.724917600024414632e+00
2.064117262601852417e+03 3.620110477004302996e-01 -3.709917142246772492e+00
2.064149081468582153e+03 3.620110477004302996e-01 -3.709917142246772492e+00
2.064178428649902344e+03 3.620110477004302996e-01 -3.709917142246772492e+00
2.064234576463699341e+03 3.580109256263924178e-01 -3.739918057802057660e+00
2.064248310565948486e+03 3.540108035523544805e-01 -3.769918973357341052e+00
2.064273551225662231e+03 3.600109866634113587e-01 -3.724917600024414632e+00
2.064309036016464233e+03 3.540108035523544805e-01 -3.769918973357341052e+00
2.064329128980636597e+03 3.600109866634113587e-01 -3.724917600024414632e+00
2.064343350887298584e+03 3.620110477004302996e-01 -3.709917142246772492e+00
2.064354665040969849e+03 3.600109866634113587e-01 -3.724917600024414632e+00
2.064365570545196533e+03 3.600109866634113587e-01 -3.724917600024414632e+00
2.064384601831436157e+03 3.580109256263924178e-01 -3.739918057802057660e+00
2.064430902957916260e+03 3.640111087374492405e-01 -3.694916684469130352e+00
2.064450235605239868e+03 3.500106814783166542e-01 -3.799919888912625332e+00
2.064466856718063354e+03 3.600109866634113587e-01 -3.724917600024414632e+00
2.064482162714004517e+03 3.640111087374492405e-01 -3.694916684469130352e+00
2.064495788097381592e+03 3.560108645893734214e-01 -3.754918515579699800e+00
2.064512861251831055e+03 3.600109866634113587e-01 -3.724917600024414632e+00
2.064530990362167358e+03 3.580109256263924178e-01 -3.739918057802057660e+00
2.064574882984161377e+03 3.540108035523544805e-01 -3.769918973357341052e+00
2.064605229854583740e+03 3.620110477004302996e-01 -3.709917142246772492e+00
2.064661157369613647e+03 3.580109256263924178e-01 -3.739918057802057660e+00
2.064675453662872314e+03 3.500106814783166542e-01 -3.799919888912625332e+00
2.064697499275207520e+03 3.620110477004302996e-01 -3.709917142246772492e+00
2.064747717618942261e+03 3.580109256263924178e-01 -3.739918057802057660e+00
2.064763329505920410e+03 3.560108645893734214e-01 -3.754918515579699800e+00
2.064774350881576538e+03 3.640111087374492405e-01 -3.694916684469130352e+00
2.064792433977127075e+03 3.600109866634113587e-01 -3.724917600024414632e+00
2.064843719720840454e+03 3.580109256263924178e-01 -3.739918057802057660e+00
2.064860000848770142e+03 3.640111087374492405e-01 -3.694916684469130352e+00
2.064875641345977783e+03 3.640111087374492405e-01 -3.694916684469130352e+00
2.064889471292495728e+03 3.580109256263924178e-01 -3.739918057802057660e+00
2.064904029130935669e+03 3.620110477004302996e-01 -3.709917142246772492e+00
2.064923905134201050e+03 3.620110477004302996e-01 -3.709917142246772492e+00
2.064941064119338989e+03 3.620110477004302996e-01 -3.709917142246772492e+00
2.064964455127716064e+03 3.620110477004302996e-01 -3.709917142246772492e+00
2.064997520446777344e+03 3.560108645893734214e-01 -3.754918515579699800e+00
2.065027456521987915e+03 3.620110477004302996e-01 -3.709917142246772492e+00
2.065083655834197998e+03 3.580109256263924178e-01 -3.739918057802057660e+00
2.065097598552703857e+03 3.540108035523544805e-01 -3.769918973357341052e+00
2.065121316432952881e+03 3.560108645893734214e-01 -3.754918515579699800e+00
2.065150843858718872e+03 3.540108035523544805e-01 -3.769918973357341052e+00
2.065179516077041626e+03 3.620110477004302996e-01 -3.709917142246772492e+00
2.065238714933395386e+03 3.640111087374492405e-01 -3.694916684469130352e+00
2.065250766992568970e+03 3.600109866634113587e-01 -3.724917600024414632e+00
2.065275222778320312e+03 3.580109256263924178e-01 -3.739918057802057660e+00
2.065307468652725220e+03 3.640111087374492405e-01 -3.694916684469130352e+00
2.065331540346145630e+03 3.560108645893734214e-01 -3.754918515579699800e+00
2.065343529701232910e+03 3.620110477004302996e-01 -3.709917142246772492e+00
2.065355040550231934e+03 3.600109866634113587e-01 -3.724917600024414632e+00
2.065367679595947266e+03 3.500106814783166542e-01 -3.799919888912625332e+00
2.065385306835174561e+03 3.640111087374492405e-01 -3.694916684469130352e+00
2.065426491737365723e+03 3.620110477004302996e-01 -3.709917142246772492e+00
2.065442720890045166e+03 3.600109866634113587e-01 -3.724917600024414632e+00
2.065458202362060547e+03 3.640111087374492405e-01 -3.694916684469130352e+00
2.065477619409561157e+03 3.620110477004302996e-01 -3.709917142246772492e+00
2.065495692014694214e+03 3.620110477004302996e-01 -3.709917142246772492e+00
2.065509194135665894e+03 3.600109866634113587e-01 -3.724917600024414632e+00
2.065522762775421143e+03 3.620110477004302996e-01 -3.709917142246772492e+00
2.065560947895050049e+03 3.540108035523544805e-01 -3.769918973357341052e+00
2.065603106021881104e+03 3.620110477004302996e-01 -3.709917142246772492e+00
2.065661808013916016e+03 3.600109866634113587e-01 -3.724917600024414632e+00
2.065675735950469971e+03 3.520107425153355396e-01 -3.784919431134983192e+00
2.065726864814758301e+03 3.620110477004302996e-01 -3.709917142246772492e+00
2.065739239931106567e+03 3.740114139225440004e-01 -3.619914395580919653e+00
2.065753427267074585e+03 3.720113528855250595e-01 -3.634914853358561793e+00
2.065772723674774170e+03 3.700112918485061186e-01 -3.649915311136203933e+00
2.065789351940155029e+03 3.700112918485061186e-01 -3.649915311136203933e+00
2.065805435895919800e+03 3.700112918485061186e-01 -3.649915311136203933e+00
2.065820841312408447e+03 3.740114139225440004e-01 -3.619914395580919653e+00
2.065871855258941650e+03 3.700112918485061186e-01 -3.649915311136203933e+00
2.065911923885345459e+03 3.560108645893734214e-01 -3.754918515579699800e+00
2.065930842161178589e+03 3.560108645893734214e-01 -3.754918515579699800e+00
2.065945758342742920e+03 3.700112918485061186e-01 -3.649915311136203933e+00
2.065959298610687256e+03 3.740114139225440004e-01 -3.619914395580919653e+00
2.065972722053527832e+03 3.720113528855250595e-01 -3.634914853358561793e+00
2.065986779451370239e+03 3.680112308114871777e-01 -3.664915768913846961e+00
2.066023099422454834e+03 3.700112918485061186e-01 -3.649915311136203933e+00
2.066069467544555664e+03 3.640111087374492405e-01 -3.694916684469130352e+00
2.066127016544342041e+03 3.660111697744681813e-01 -3.679916226691489101e+00
2.066140442132949829e+03 3.680112308114871777e-01 -3.664915768913846961e+00
2.066174757242202759e+03 3.740114139225440004e-01 -3.619914395580919653e+00
2.066195843458175659e+03 3.700112918485061186e-01 -3.649915311136203933e+00
2.066219767332077026e+03 3.740114139225440004e-01 -3.619914395580919653e+00
2.066234292507171631e+03 3.720113528855250595e-01 -3.634914853358561793e+00
2.066247215747833252e+03 3.680112308114871777e-01 -3.664915768913846961e+00
2.066260352373123169e+03 3.740114139225440004e-01 -3.619914395580919653e+00
2.066285050630569458e+03 3.720113528855250595e-01 -3.634914853358561793e+00
2.066319699048995972e+03 3.720113528855250595e-01 -3.634914853358561793e+00
2.066337395668029785e+03 3.720113528855250595e-01 -3.634914853358561793e+00
2.066351356744766235e+03 3.720113528855250595e-01 -3.634914853358561793e+00
2.066365349769592285e+03 3.720113528855250595e-01 -3.634914853358561793e+00
2.066382309436798096e+03 3.680112308114871777e-01 -3.664915768913846961e+00
2.066402428388595581e+03 3.700112918485061186e-01 -3.649915311136203933e+00
2.066436263799667358e+03 3.720113528855250595e-01 -3.634914853358561793e+00
2.066489157676696777e+03 3.740114139225440004e-01 -3.619914395580919653e+00
2.066553457260131836e+03 3.640111087374492405e-01 -3.694916684469130352e+00
2.066568577289581299e+03 3.620110477004302996e-01 -3.709917142246772492e+00
2.066597758531570435e+03 3.700112918485061186e-01 -3.649915311136203933e+00
2.066626372575759888e+03 3.740114139225440004e-01 -3.619914395580919653e+00
2.066656826734542847e+03 3.720113528855250595e-01 -3.634914853358561793e+00
2.066687876224517822e+03 3.740114139225440004e-01 -3.619914395580919653e+00
2.066723823070526123e+03 3.700112918485061186e-01 -3.649915311136203933e+00
2.066743484973907471e+03 3.700112918485061186e-01 -3.649915311136203933e+00
2.066779317617416382e+03 3.680112308114871777e-01 -3.664915768913846961e+00
2.066804394960403442e+03 3.740114139225440004e-01 -3.619914395580919653e+00
2.066819321393966675e+03 3.740114139225440004e-01 -3.619914395580919653e+00
2.066831987857818604e+03 3.660111697744681813e-01 -3.679916226691489101e+00
2.066842935800552368e+03 3.720113528855250595e-01 -3.634914853358561793e+00
2.066857652664184570e+03 3.720113528855250595e-01 -3.634914853358561793e+00
2.066907912969589233e+03 3.700112918485061186e-01 -3.649915311136203933e+00
2.066925178289413452e+03 3.720113528855250595e-01 -3.634914853358561793e+00
2.066948454141616821e+03 3.740114139225440004e-01 -3.619914395580919653e+00
2.066961697816848755e+03 3.740114139225440004e-01 -3.619914395580919653e+00
2.066975307226181030e+03 3.720113528855250595e-01 -3.634914853358561793e+00
2.066991881608963013e+03 3.600109866634113587e-01 -3.724917600024414632e+00
2.067017386913299561e+03 3.660111697744681813e-01 -3.679916226691489101e+00
2.067066928625106812e+03 3.760114749595629968e-01 -3.604913937803277513e+00
2.067080891609191895e+03 3.680112308114871777e-01 -3.664915768913846961e+00
2.067149213790893555e+03 3.600109866634113587e-01 -3.724917600024414632e+00
2.067162878990173340e+03 3.660111697744681813e-01 -3.679916226691489101e+00
2.067188552618026733e+03 3.700112918485061186e-01 -3.649915311136203933e+00
2.067221753358840942e+03 3.720113528855250595e-01 -3.634914853358561793e+00
2.067246500730514526e+03 3.720113528855250595e-01 -3.634914853358561793e+00
2.067262887477874756e+03 3.640111087374492405e-01 -3.694916684469130352e+00
2.067278373241424561e+03 3.720113528855250595e-01 -3.634914853358561793e+00
2.067292454242706299e+03 3.700112918485061186e-01 -3.649915311136203933e+00
2.067345444440841675e+03 3.700112918485061186e-01 -3.649915311136203933e+00
2.067360819101333618e+03 3.740114139225440004e-01 -3.619914395580919653e+00
2.067376241922378540e+03 3.720113528855250595e-01 -3.634914853358561793e+00
2.067393242359161377e+03 3.660111697744681813e-01 -3.679916226691489101e+00
2.067412113666534424e+03 3.700112918485061186e-01 -3.649915311136203933e+00
2.067433698892593384e+03 3.700112918485061186e-01 -3.649915311136203933e+00
2.067489620208740234e+03 3.700112918485061186e-01 -3.649915311136203933e+00
2.067520307302474976e+03 3.740114139225440004e-01 -3.619914395580919653e+00
2.067584681034088135e+03 3.680112308114871777e-01 -3.664915768913846961e+00
2.067598751068115234e+03 3.640111087374492405e-01 -3.694916684469130352e+00
2.067621633291244507e+03 3.740114139225440004e-01 -3.619914395580919653e+00
2.067657763242721558e+03 3.700112918485061186e-01 -3.649915311136203933e+00
2.067678758859634399e+03 3.700112918485061186e-01 -3.649915311136203933e+00
2.067693906307220459e+03 3.720113528855250595e-01 -3.634914853358561793e+00
2.067706469535827637e+03 3.640111087374492405e-01 -3.694916684469130352e+00
2.067719432592391968e+03 3.740114139225440004e-01 -3.619914395580919653e+00
2.067744146585464478e+03 3.700112918485061186e-01 -3.649915311136203933e+00
2.067769421100616455e+03 3.720113528855250595e-01 -3.634914853358561793e+00
2.067797077894210815e+03 3.760114749595629968e-01 -3.604913937803277513e+00
2.067817836046218872e+03 3.680112308114871777e-01 -3.664915768913846961e+00
2.067834795236587524e+03 3.700112918485061186e-01 -3.649915311136203933e+00
2.067850321292877197e+03 3.700112918485061186e-01 -3.649915311136203933e+00
2.067863574028015137e+03 3.740114139225440004e-01 -3.619914395580919653e+00
2.067876591444015503e+03 3.720113528855250595e-01 -3.634914853358561793e+00
2.067930871963500977e+03 3.680112308114871777e-01 -3.664915768913846961e+00
2.067961673021316528e+03 3.720113528855250595e-01 -3.634914853358561793e+00
2.068018403053283691e+03 3.700112918485061186e-01 -3.649915311136203933e+00
2.068032176971435547e+03 3.640111087374492405e-01 -3.694916684469130352e+00
2.068051177501678467e+03 3.700112918485061186e-01 -3.649915311136203933e+00
2.068079550743103027e+03 3.700112918485061186e-01 -3.649915311136203933e+00
2.068107788562774658e+03 3.760114749595629968e-01 -3.604913937803277513e+00
2.068143220901489258e+03 3.700112918485061186e-01 -3.649915311136203933e+00
2.068180485725402832e+03 3.720113528855250595e-01 -3.634914853358561793e+00
2.068207558393478394e+03 3.720113528855250595e-01 -3.634914853358561793e+00
2.068236214637756348e+03 3.640111087374492405e-01 -3.694916684469130352e+00
2.068264302492141724e+03 3.640111087374492405e-01 -3.694916684469130352e+00
2.068275795936584473e+03 3.700112918485061186e-01 -3.649915311136203933e+00
2.068290948629379272e+03 3.700112918485061186e-01 -3.649915311136203933e+00
2.068316573858261108e+03 3.660111697744681813e-01 -3.679916226691489101e+00
2.068363157987594604e+03 3.700112918485061186e-01 -3.649915311136203933e+00
2.068376268625259399e+03 3.740114139225440004e-01 -3.619914395580919653e+00
2.068393492221832275e+03 3.700112918485061186e-01 -3.649915311136203933e+00
2.068409772872924805e+03 3.700112918485061186e-01 -3.649915311136203933e+00
2.068426689624786377e+03 3.700112918485061186e-01 -3.649915311136203933e+00
2.068449956178665161e+03 3.740114139225440004e-01 -3.619914395580919653e+00
2.068507069587707520e+03 3.700112918485061186e-01 -3.649915311136203933e+00
2.068538403034210205e+03 3.720113528855250595e-01 -3.634914853358561793e+00
2.068592455387115479e+03 3.640111087374492405e-01 -3.694916684469130352e+00
2.068606587409973145e+03 3.640111087374492405e-01 -3.694916684469130352e+00
2.068635685443878174e+03 3.680112308114871777e-01 -3.664915768913846961e+00
2.068678531885147095e+03 3.720113528855250595e-01 -3.634914853358561793e+00
2.068691804409027100e+03 3.660111697744681813e-01 -3.679916226691489101e+00
2.068708655595779419e+03 3.720113528855250595e-01 -3.634914853358561793e+00
2.068720505475997925e+03 3.740114139225440004e-01 -3.619914395580919653e+00
2.068732287406921387e+03 3.700112918485061186e-01 -3.649915311136203933e+00
2.068781144857406616e+03 3.720113528855250595e-01 -3.634914853358561793e+00
2.068797824621200562e+03 3.720113528855250595e-01 -3.634914853358561793e+00
2.068817100524902344e+03 3.680112308114871777e-01 -3.664915768913846961e+00
2.068828870773315430e+03 3.720113528855250595e-01 -3.634914853358561793e+00
2.068845856904983521e+03 3.740114139225440004e-01 -3.619914395580919653e+00
2.068863841295242310e+03 3.720113528855250595e-01 -3.634914853358561793e+00
2.068898189544677734e+03 3.720113528855250595e-01 -3.634914853358561793e+00
2.068930593490600586e+03 3.660111697744681813e-01 -3.679916226691489101e+00
2.068960108518600464e+03 3.720113528855250595e-01 -3.634914853358561793e+00
2.069016597270965576e+03 3.680112308114871777e-01 -3.664915768913846961e+00
2.069041617870330811e+03 3.600109866634113587e-01 -3.724917600024414632e+00
2.069077848911285400e+03 3.740114139225440004e-01 -3.619914395580919653e+00
2.069097843170166016e+03 3.700112918485061186e-01 -3.649915311136203933e+00
2.069109950780868530e+03 3.700112918485061186e-01 -3.649915311136203933e+00
2.069125015258789062e+03 3.660111697744681813e-01 -3.679916226691489101e+00
2.069139650344848633e+03 3.740114139225440004e-01 -3.619914395580919653e+00
2.069152469873428345e+03 3.720113528855250595e-01 -3.634914853358561793e+00
2.069189987421035767e+03 3.700112918485061186e-01 -3.649915311136203933e+00
2.069215436935424805e+03 3.680112308114871777e-01 -3.664915768913846961e+00
2.069233482360839844e+03 3.660111697744681813e-01 -3.679916226691489101e+00
2.069246759176254272e+03 3.680112308114871777e-01 -3.664915768913846961e+00
2.069263828516006470e+03 3.740114139225440004e-01 -3.619914395580919653e+00
2.069277361154556274e+03 3.720113528855250595e-01 -3.634914853358561793e+00
2.069293675661087036e+03 3.700112918485061186e-01 -3.649915311136203933e+00
2.069336626291275024e+03 3.680112308114871777e-01 -3.664915768913846961e+00
2.069377536058425903e+03 3.660111697744681813e-01 -3.679916226691489101e+00
2.069436396360397339e+03 3.680112308114871777e-01 -3.664915768913846961e+00
2.069450710058212280e+03 3.620110477004302996e-01 -3.709917142246772492e+00
2.069476523399353027e+03 3.680112308114871777e-01 -3.664915768913846961e+00
2.069505462646484375e+03 3.720113528855250595e-01 -3.634914853358561793e+00
2.069533750534057617e+03 3.740114139225440004e-01 -3.619914395580919653e+00
2.069563324213027954e+03 3.720113528855250595e-01 -3.634914853358561793e+00
2.069599595069885254e+03 3.740114139225440004e-01 -3.619914395580919653e+00
2.069626504182815552e+03 3.720113528855250595e-01 -3.634914853358561793e+00
2.069658169507980347e+03 3.700112918485061186e-01 -3.649915311136203933e+00
2.069681911468505859e+03 3.720113528855250595e-01 -3.634914853358561793e+00
2.069695716619491577e+03 3.720113528855250595e-01 -3.634914853358561793e+00
2.069706829071044922e+03 3.700112918485061186e-01 -3.649915311136203933e+00
2.069721309900283813e+03 3.720113528855250595e-01 -3.634914853358561793e+00
2.069748146057128906e+03 3.640111087374492405e-01 -3.694916684469130352e+00
2.069786518096923828e+03 3.700112918485061186e-01 -3.649915311136203933e+00
2.069796806097030640e+03 3.720113528855250595e-01 -3.634914853358561793e+00
2.069809509754180908e+03 3.700112918485061186e-01 -3.649915311136203933e+00
2.069823499679565430e+03 3.740114139225440004e-01 -3.619914395580919653e+00
2.069841696739196777e+03 3.700112918485061186e-01 -3.649915311136203933e+00
2.069853924751281738e+03 3.700112918485061186e-01 -3.649915311136203933e+00
2.069869323253631592e+03 3.680112308114871777e-01 -3.664915768913846961e+00
2.069899867057800293e+03 3.720113528855250595e-01 -3.634914853358561793e+00
2.069930577039718628e+03 3.720113528855250595e-01 -3.634914853358561793e+00
2.069960356473922729e+03 3.720113528855250595e-01 -3.634914853358561793e+00
2.070015336751937866e+03 3.680112308114871777e-01 -3.664915768913846961e+00
2.070028866529464722e+03 3.580109256263924178e-01 -3.739918057802057660e+00
2.070058696031570435e+03 3.640111087374492405e-01 -3.694916684469130352e+00
2.070086602926254272e+03 3.720113528855250595e-01 -3.634914853358561793e+00
2.070113604784011841e+03 3.680112308114871777e-01 -3.664915768913846961e+00
2.070127437114715576e+03 3.700112918485061186e-01 -3.649915311136203933e+00
2.070139292001724243e+03 3.740114139225440004e-01 -3.619914395580919653e+00
2.070156612873077393e+03 3.580109256263924178e-01 -3.739918057802057660e+00
2.070208638668060303e+03 3.720113528855250595e-01 -3.634914853358561793e+00
2.070225366830825806e+03 3.720113528855250595e-01 -3.634914853358561793e+00
2.070246396303176880e+03 3.720113528855250595e-01 -3.634914853358561793e+00
2.070263145685195923e+03 3.740114139225440004e-01 -3.619914395580919653e+00
2.070284199953079224e+03 3.620110477004302996e-01 -3.709917142246772492e+00
2.070301923274993896e+03 3.720113528855250595e-01 -3.634914853358561793e+00
2.070354931831359863e+03 3.660111697744681813e-01 -3.679916226691489101e+00
2.070384968757629395e+03 3.740114139225440004e-01 -3.619914395580919653e+00
2.070440577745437622e+03 3.680112308114871777e-01 -3.664915768913846961e+00
2.070461054086685181e+03 3.640111087374492405e-01 -3.694916684469130352e+00
2.070487032413482666e+03 3.700112918485061186e-01 -3.649915311136203933e+00
2.070508200883865356e+03 3.720113528855250595e-01 -3.634914853358561793e+00
2.070531733512878418e+03 3.720113528855250595e-01 -3.634914853358561793e+00
2.070544603824615479e+03 3.740114139225440004e-01 -3.619914395580919653e+00
2.070555883169174194e+03 3.700112918485061186e-01 -3.649915311136203933e+00
2.070566741466522217e+03 3.680112308114871777e-01 -3.664915768913846961e+00
2.070612072467803955e+03 3.720113528855250595e-01 -3.634914853358561793e+00
2.070640194416046143e+03 3.720113528855250595e-01 -3.634914853358561793e+00
2.070655181646347046e+03 3.700112918485061186e-01 -3.649915311136203933e+00
2.070669550418853760e+03 3.700112918485061186e-01 -3.649915311136203933e+00
2.070688370466232300e+03 3.700112918485061186e-01 -3.649915311136203933e+00
2.070702519178390503e+03 3.740114139225440004e-01 -3.619914395580919653e+00
2.070721387863159180e+03 3.600109866634113587e-01 -3.724917600024414632e+00
2.070760268688201904e+03 3.160096438489944370e-01 -4.054927671132541711e+00
2.070805315494537354e+03 3.580109256263924178e-01 -3.739918057802057660e+00
2.070862942218780518e+03 3.600109866634113587e-01 -3.724917600024414632e+00
2.070877187967300415e+03 3.580109256263924178e-01 -3.739918057802057660e+00
2.070895381450653076e+03 3.580109256263924178e-01 -3.739918057802057660e+00
2.070923361539840698e+03 3.640111087374492405e-01 -3.694916684469130352e+00
2.070952568292617798e+03 3.600109866634113587e-01 -3.724917600024414632e+00
2.070980651617050171e+03 3.640111087374492405e-01 -3.694916684469130352e+00
2.071022653341293335e+03 3.640111087374492405e-01 -3.694916684469130352e+00
2.071043937206268311e+03 3.640111087374492405e-01 -3.694916684469130352e+00
2.071100117206573486e+03 3.660111697744681813e-01 -3.679916226691489101e+00
2.071115898609161377e+03 3.620110477004302996e-01 -3.709917142246772492e+00
2.071128515481948853e+03 3.140095828119754406e-01 -4.069928128910183851e+00
2.071140674114227295e+03 3.620110477004302996e-01 -3.709917142246772492e+00
2.071175138950347900e+03 3.580109256263924178e-01 -3.739918057802057660e+00
2.071211601018905640e+03 3.560108645893734214e-01 -3.754918515579699800e+00
2.071229380607604980e+03 3.600109866634113587e-01 -3.724917600024414632e+00
2.071247635364532471e+03 3.600109866634113587e-01 -3.724917600024414632e+00
2.071261185407638550e+03 3.640111087374492405e-01 -3.694916684469130352e+00
2.071272944211959839e+03 3.620110477004302996e-01 -3.709917142246772492e+00
2.071287500858306885e+03 3.580109256263924178e-01 -3.739918057802057660e+00
2.071330560922622681e+03 3.600109866634113587e-01 -3.724917600024414632e+00
2.071375478029251099e+03 3.580109256263924178e-01 -3.739918057802057660e+00
2.071432390213012695e+03 3.540108035523544805e-01 -3.769918973357341052e+00
2.071445554256439209e+03 3.520107425153355396e-01 -3.784919431134983192e+00
2.071475471973419189e+03 3.580109256263924178e-01 -3.739918057802057660e+00
2.071517074346542358e+03 3.620110477004302996e-01 -3.709917142246772492e+00
2.071529749155044556e+03 3.600109866634113587e-01 -3.724917600024414632e+00
2.071545125007629395e+03 3.600109866634113587e-01 -3.724917600024414632e+00
2.071561271905899048e+03 3.640111087374492405e-01 -3.694916684469130352e+00
2.071572472572326660e+03 3.600109866634113587e-01 -3.724917600024414632e+00
2.071622162818908691e+03 3.560108645893734214e-01 -3.754918515579699800e+00
2.071639375925064087e+03 3.620110477004302996e-01 -3.709917142246772492e+00
2.071657510757446289e+03 3.560108645893734214e-01 -3.754918515579699800e+00
2.071674885272979736e+03 3.600109866634113587e-01 -3.724917600024414632e+00
2.071689646959304810e+03 3.600109866634113587e-01 -3.724917600024414632e+00
2.071705085039138794e+03 3.560108645893734214e-01 -3.754918515579699800e+00
2.071718522548675537e+03 3.640111087374492405e-01 -3.694916684469130352e+00
2.071756061315536499e+03 3.600109866634113587e-01 -3.724917600024414632e+00
2.071798114299774170e+03 3.620110477004302996e-01 -3.709917142246772492e+00
2.071856886863708496e+03 3.480106204412976578e-01 -3.814920346690268360e+00
2.071871426820755005e+03 3.480106204412976578e-01 -3.814920346690268360e+00
2.071898966312408447e+03 3.600109866634113587e-01 -3.724917600024414632e+00
2.071938894510269165e+03 3.620110477004302996e-01 -3.709917142246772492e+00
2.071952198028564453e+03 3.620110477004302996e-01 -3.709917142246772492e+00
2.071964248657226562e+03 3.600109866634113587e-01 -3.724917600024414632e+00
2.071977069139480591e+03 3.580109256263924178e-01 -3.739918057802057660e+00
2.071989731550216675e+03 3.600109866634113587e-01 -3.724917600024414632e+00
2.072057590961456299e+03 3.620110477004302996e-01 -3.709917142246772492e+00
2.072072365522384644e+03 3.620110477004302996e-01 -3.709917142246772492e+00
2.072087501049041748e+03 3.600109866634113587e-01 -3.724917600024414632e+00
2.072100900888442993e+03 3.640111087374492405e-01 -3.694916684469130352e+00
2.072122086524963379e+03 3.540108035523544805e-01 -3.769918973357341052e+00
2.072138457775115967e+03 3.620110477004302996e-01 -3.709917142246772492e+00
2.072217067003250122e+03 3.620110477004302996e-01 -3.709917142246772492e+00
2.072274601697921753e+03 3.580109256263924178e-01 -3.739918057802057660e+00
2.072288920640945435e+03 3.540108035523544805e-01 -3.769918973357341052e+00
2.072312266588211060e+03 3.620110477004302996e-01 -3.709917142246772492e+00
2.072341364145278931e+03 3.600109866634113587e-01 -3.724917600024414632e+00
2.072369336843490601e+03 3.620110477004302996e-01 -3.709917142246772492e+00
2.072430810213088989e+03 3.620110477004302996e-01 -3.709917142246772492e+00
2.072452121734619141e+03 3.620110477004302996e-01 -3.709917142246772492e+00
2.072488980054855347e+03 3.560108645893734214e-01 -3.754918515579699800e+00
2.072514894723892212e+03 3.620110477004302996e-01 -3.709917142246772492e+00
2.072533129215240479e+03 3.540108035523544805e-01 -3.769918973357341052e+00
2.072550564527511597e+03 3.620110477004302996e-01 -3.709917142246772492e+00
2.072581261396408081e+03 3.600109866634113587e-01 -3.724917600024414632e+00
2.072623674154281616e+03 3.580109256263924178e-01 -3.739918057802057660e+00
2.072640097618103027e+03 3.620110477004302996e-01 -3.709917142246772492e+00
2.072655302047729492e+03 3.600109866634113587e-01 -3.724917600024414632e+00
2.072669618129730225e+03 3.620110477004302996e-01 -3.709917142246772492e+00
2.072683782100677490e+03 3.640111087374492405e-01 -3.694916684469130352e+00
2.072696251392364502e+03 3.640111087374492405e-01 -3.694916684469130352e+00
2.072710217714309692e+03 3.600109866634113587e-01 -3.724917600024414632e+00
2.072763804674148560e+03 3.540108035523544805e-01 -3.769918973357341052e+00
2.072793323516845703e+03 3.600109866634113587e-01 -3.724917600024414632e+00
2.072849223136901855e+03 3.540108035523544805e-01 -3.769918973357341052e+00
2.072862794399261475e+03 3.580109256263924178e-01 -3.739918057802057660e+00
2.072892046213150024e+03 3.640111087374492405e-01 -3.694916684469130352e+00
2.072924937486648560e+03 3.600109866634113587e-01 -3.724917600024414632e+00
2.072958359956741333e+03 3.560108645893734214e-01 -3.754918515579699800e+00
2.072973807573318481e+03 3.580109256263924178e-01 -3.739918057802057660e+00
2.072984968662261963e+03 3.620110477004302996e-01 -3.709917142246772492e+00
2.072997811555862427e+03 3.740114139225440004e-01 -3.619914395580919653e+00
2.073036179304122925e+03 3.700112918485061186e-01 -3.649915311136203933e+00
2.073058200359344482e+03 3.700112918485061186e-01 -3.649915311136203933e+00
2.073072148084640503e+03 3.620110477004302996e-01 -3.709917142246772492e+00
2.073086500167846680e+03 3.680112308114871777e-01 -3.664915768913846961e+00
2.073101850271224976e+03 3.720113528855250595e-01 -3.634914853358561793e+00
2.073119382619857788e+03 3.700112918485061186e-01 -3.649915311136203933e+00
2.073134450435638428e+03 3.720113528855250595e-01 -3.634914853358561793e+00
2.073147495031356812e+03 3.640111087374492405e-01 -3.694916684469130352e+00
2.073174263715744019e+03 3.720113528855250595e-01 -3.634914853358561793e+00
2.073226235151290894e+03 3.680112308114871777e-01 -3.664915768913846961e+00
2.073294075489044189e+03 3.700112918485061186e-01 -3.649915311136203933e+00
2.073307424783706665e+03 3.620110477004302996e-01 -3.709917142246772492e+00
2.073337488174438477e+03 3.720113528855250595e-01 -3.634914853358561793e+00
2.073368649005889893e+03 3.720113528855250595e-01 -3.634914853358561793e+00
2.073385639429092407e+03 3.740114139225440004e-01 -3.619914395580919653e+00
2.073401353359222412e+03 3.700112918485061186e-01 -3.649915311136203933e+00
2.073414657831192017e+03 3.700112918485061186e-01 -3.649915311136203933e+00
2.073432356595993042e+03 3.660111697744681813e-01 -3.679916226691489101e+00
2.073489929437637329e+03 3.680112308114871777e-01 -3.664915768913846961e+00
2.073505112409591675e+03 3.700112918485061186e-01 -3.649915311136203933e+00
2.073517102241516113e+03 3.720113528855250595e-01 -3.634914853358561793e+00
2.073530983924865723e+03 3.660111697744681813e-01 -3.679916226691489101e+00
2.073545763254165649e+03 3.720113528855250595e-01 -3.634914853358561793e+00
2.073561600208282471e+03 3.720113528855250595e-01 -3.634914853358561793e+00
2.073588248491287231e+03 3.740114139225440004e-01 -3.619914395580919653e+00
2.073633085012435913e+03 3.720113528855250595e-01 -3.634914853358561793e+00
2.073662472248077393e+03 3.720113528855250595e-01 -3.634914853358561793e+00
2.073717724084854126e+03 3.680112308114871777e-01 -3.664915768913846961e+00
2.073732580661773682e+03 3.640111087374492405e-01 -3.694916684469130352e+00
2.073750781536102295e+03 3.680112308114871777e-01 -3.664915768913846961e+00
2.073779409170150757e+03 3.720113528855250595e-01 -3.634914853358561793e+00
2.073813754081726074e+03 3.740114139225440004e-01 -3.619914395580919653e+00
2.073844773292541504e+03 3.680112308114871777e-01 -3.664915768913846961e+00
2.073881457805633545e+03 3.700112918485061186e-01 -3.649915311136203933e+00
2.073901603221893311e+03 3.700112918485061186e-01 -3.649915311136203933e+00
2.073937323331832886e+03 3.700112918485061186e-01 -3.649915311136203933e+00
2.073962389707565308e+03 3.680112308114871777e-01 -3.664915768913846961e+00
2.073978298902511597e+03 3.740114139225440004e-01 -3.619914395580919653e+00
2.073992367982864380e+03 3.640111087374492405e-01 -3.694916684469130352e+00
2.074005672931671143e+03 3.700112918485061186e-01 -3.649915311136203933e+00
2.074067332267761230e+03 3.700112918485061186e-01 -3.649915311136203933e+00
2.074087751626968384e+03 3.720113528855250595e-01 -3.634914853358561793e+00
2.074107497692108154e+03 3.720113528855250595e-01 -3.634914853358561793e+00
2.074119478940963745e+03 3.720113528855250595e-01 -3.634914853358561793e+00
2.074132966756820679e+03 3.680112308114871777e-01 -3.664915768913846961e+00
2.074147730588912964e+03 3.740114139225440004e-01 -3.619914395580919653e+00
2.074192839860916138e+03 3.740114139225440004e-01 -3.619914395580919653e+00
2.074238307476043701e+03 3.700112918485061186e-01 -3.649915311136203933e+00
2.074296522140502930e+03 3.680112308114871777e-01 -3.664915768913846961e+00
2.074309911251068115e+03 3.640111087374492405e-01 -3.694916684469130352e+00
2.074339509010314941e+03 3.720113528855250595e-01 -3.634914853358561793e+00
2.074379216670989990e+03 3.720113528855250595e-01 -3.634914853358561793e+00
2.074391873359680176e+03 3.700112918485061186e-01 -3.649915311136203933e+00
2.074405754089355469e+03 3.720113528855250595e-01 -3.634914853358561793e+00
2.074420428276062012e+03 3.740114139225440004e-01 -3.619914395580919653e+00
2.074436331748962402e+03 3.680112308114871777e-01 -3.664915768913846961e+00
2.074476326704025269e+03 3.700112918485061186e-01 -3.649915311136203933e+00
2.074504840850830078e+03 3.720113528855250595e-01 -3.634914853358561793e+00
2.074520606040954590e+03 3.740114139225440004e-01 -3.619914395580919653e+00
2.074534723997116089e+03 3.700112918485061186e-01 -3.649915311136203933e+00
2.074547912597656250e+03 3.700112918485061186e-01 -3.649915311136203933e+00
2.074564835071563721e+03 3.700112918485061186e-01 -3.649915311136203933e+00
2.074577619075775146e+03 3.720113528855250595e-01 -3.634914853358561793e+00
2.074625463724136353e+03 3.660111697744681813e-01 -3.679916226691489101e+00
2.074666699886322021e+03 3.720113528855250595e-01 -3.634914853358561793e+00
2.074727113723754883e+03 3.660111697744681813e-01 -3.679916226691489101e+00
2.074740623474121094e+03 3.640111087374492405e-01 -3.694916684469130352e+00
2.074767597198486328e+03 3.720113528855250595e-01 -3.634914853358561793e+00
2.074798884630203247e+03 3.700112918485061186e-01 -3.649915311136203933e+00
2.074818684577941895e+03 3.700112918485061186e-01 -3.649915311136203933e+00
2.074834212779998779e+03 3.680112308114871777e-01 -3.664915768913846961e+00
2.074847025156021118e+03 3.700112918485061186e-01 -3.649915311136203933e+00
2.074862167119979858e+03 3.720113528855250595e-01 -3.634914853358561793e+00
2.074908437490463257e+03 3.700112918485061186e-01 -3.649915311136203933e+00
2.074942914485931396e+03 3.700112918485061186e-01 -3.649915311136203933e+00
2.074955313444137573e+03 3.700112918485061186e-01 -3.649915311136203933e+00
2.074972790002822876e+03 3.700112918485061186e-01 -3.649915311136203933e+00
2.074990573167800903e+03 3.680112308114871777e-01 -3.664915768913846961e+00
2.075004518270492554e+03 3.680112308114871777e-01 -3.664915768913846961e+00
2.075025635719299316e+03 3.740114139225440004e-01 -3.619914395580919653e+00
2.075088000774383545e+03 3.680112308114871777e-01 -3.664915768913846961e+00
2.075102660655975342e+03 3.700112918485061186e-01 -3.649915311136203933e+00
2.075157945156097412e+03 3.680112308114871777e-01 -3.664915768913846961e+00
2.075171757459640503e+03 3.640111087374492405e-01 -3.694916684469130352e+00
2.075195078134536743e+03 3.680112308114871777e-01 -3.664915768913846961e+00
2.075232483863830566e+03 3.740114139225440004e-01 -3.619914395580919653e+00
2.075261136293411255e+03 3.700112918485061186e-01 -3.649915311136203933e+00
2.075288210391998291e+03 3.700112918485061186e-01 -3.649915311136203933e+00
2.075320532560348511e+03 3.740114139225440004e-01 -3.619914395580919653e+00
2.075347481966018677e+03 3.680112308114871777e-01 -3.664915768913846961e+00
2.075391653299331665e+03 3.700112918485061186e-01 -3.649915311136203933e+00
2.075404860258102417e+03 3.720113528855250595e-01 -3.634914853358561793e+00
2.075416937351226807e+03 3.740114139225440004e-01 -3.619914395580919653e+00
2.075428553819656372e+03 3.700112918485061186e-01 -3.649915311136203933e+00
2.075440236806869507e+03 3.740114139225440004e-01 -3.619914395580919653e+00
2.075456901550292969e+03 3.620110477004302996e-01 -3.709917142246772492e+00
2.075502871036529541e+03 3.660111697744681813e-01 -3.679916226691489101e+00
2.075519084930419922e+03 3.740114139225440004e-01 -3.619914395580919653e+00
2.075533486604690552e+03 3.700112918485061186e-01 -3.649915311136203933e+00
2.075555922746658325e+03 3.720113528855250595e-01 -3.634914853358561793e+00
2.075571108818054199e+03 3.680112308114871777e-01 -3.664915768913846961e+00
2.075587241888046265e+03 3.720113528855250595e-01 -3.634914853358561793e+00
2.075609944343566895e+03 3.720113528855250595e-01 -3.634914853358561793e+00
2.075655092716217041e+03 3.740114139225440004e-01 -3.619914395580919653e+00
2.075684602499008179e+03 3.740114139225440004e-01 -3.619914395580919653e+00
2.075750886440277100e+03 3.660111697744681813e-01 -3.679916226691489101e+00
2.075764444828033447e+03 3.660111697744681813e-01 -3.679916226691489101e+00
2.075794548988342285e+03 3.720113528855250595e-01 -3.634914853358561793e+00
2.075826722383499146e+03 3.700112918485061186e-01 -3.649915311136203933e+00
2.075843901157379150e+03 3.700112918485061186e-01 -3.649915311136203933e+00
2.075859441757202148e+03 3.720113528855250595e-01 -3.634914853358561793e+00
2.075871581792831421e+03 3.600109866634113587e-01 -3.724917600024414632e+00
2.075884446620941162e+03 3.700112918485061186e-01 -3.649915311136203933e+00
2.075901576042175293e+03 3.720113528855250595e-01 -3.634914853358561793e+00
2.075949275732040405e+03 3.640111087374492405e-01 -3.694916684469130352e+00
2.075960545778274536e+03 3.740114139225440004e-01 -3.619914395580919653e+00
2.075977018594741821e+03 3.600109866634113587e-01 -3.724917600024414632e+00
2.075992330312728882e+03 3.700112918485061186e-01 -3.649915311136203933e+00
2.076004782199859619e+03 3.720113528855250595e-01 -3.634914853358561793e+00
2.076018189907073975e+03 3.700112918485061186e-01 -3.649915311136203933e+00
2.076037131071090698e+03 3.680112308114871777e-01 -3.664915768913846961e+00
2.076075635194778442e+03 3.680112308114871777e-01 -3.664915768913846961e+00
2.076117106676101685e+03 3.700112918485061186e-01 -3.649915311136203933e+00
2.076176205158233643e+03 3.680112308114871777e-01 -3.664915768913846961e+00
2.076189658641815186e+03 3.620110477004302996e-01 -3.709917142246772492e+00
2.076217929363250732e+03 3.680112308114871777e-01 -3.664915768913846961e+00
2.076257422447204590e+03 3.740114139225440004e-01 -3.619914395580919653e+00
2.076271198272705078e+03 3.700112918485061186e-01 -3.649915311136203933e+00
2.076282227993011475e+03 3.740114139225440004e-01 -3.619914395580919653e+00
2.076295340538024902e+03 3.680112308114871777e-01 -3.664915768913846961e+00
2.076310715198516846e+03 3.700112918485061186e-01 -3.649915311136203933e+00
2.076361762285232544e+03 3.700112918485061186e-01 -3.649915311136203933e+00
2.076377925157546997e+03 3.720113528855250595e-01 -3.634914853358561793e+00
2.076393361806869507e+03 3.700112918485061186e-01 -3.649915311136203933e+00
2.076411583662033081e+03 3.700112918485061186e-01 -3.649915311136203933e+00
2.076428658008575439e+03 3.720113528855250595e-01 -3.634914853358561793e+00
2.076449555158615112e+03 3.720113528855250595e-01 -3.634914853358561793e+00
2.076507046461105347e+03 3.720113528855250595e-01 -3.634914853358561793e+00
2.076537807464599609e+03 3.600109866634113587e-01 -3.724917600024414632e+00
2.076593495130538940e+03 3.640111087374492405e-01 -3.694916684469130352e+00
2.076607719421386719e+03 3.600109866634113587e-01 -3.724917600024414632e+00
2.076630952119827271e+03 3.720113528855250595e-01 -3.634914853358561793e+00
2.076667689085006714e+03 3.740114139225440004e-01 -3.619914395580919653e+00
2.076696433782577515e+03 3.740114139225440004e-01 -3.619914395580919653e+00
2.076722827911376953e+03 3.720113528855250595e-01 -3.634914853358561793e+00
2.076755398035049438e+03 3.700112918485061186e-01 -3.649915311136203933e+00
2.076784870386123657e+03 3.600109866634113587e-01 -3.724917600024414632e+00
2.076824372291564941e+03 3.700112918485061186e-01 -3.649915311136203933e+00
2.076839561223983765e+03 3.720113528855250595e-01 -3.634914853358561793e+00
2.076854508876800537e+03 3.660111697744681813e-01 -3.679916226691489101e+00
2.076870374917984009e+03 3.700112918485061186e-01 -3.649915311136203933e+00
2.076889729499816895e+03 3.700112918485061186e-01 -3.649915311136203933e+00
2.076944989204406738e+03 3.700112918485061186e-01 -3.649915311136203933e+00
2.076960367679595947e+03 3.700112918485061186e-01 -3.649915311136203933e+00
2.076974122285842896e+03 3.700112918485061186e-01 -3.649915311136203933e+00
2.076994558572769165e+03 3.660111697744681813e-01 -3.679916226691489101e+00
2.077016929388046265e+03 3.700112918485061186e-01 -3.649915311136203933e+00
2.077059350013732910e+03 3.700112918485061186e-01 -3.649915311136203933e+00
2.077103646755218506e+03 3.740114139225440004e-01 -3.619914395580919653e+00
2.077160724878311157e+03 3.660111697744681813e-01 -3.679916226691489101e+00
2.077175066947937012e+03 3.560108645893734214e-01 -3.754918515579699800e+00
2.077203833341598511e+03 3.660111697744681813e-01 -3.679916226691489101e+00
2.077235701084136963e+03 3.720113528855250595e-01 -3.634914853358561793e+00
2.077257364749908447e+03 3.680112308114871777e-01 -3.664915768913846961e+00
2.077272831439971924e+03 3.700112918485061186e-01 -3.649915311136203933e+00
2.077291491985321045e+03 3.700112918485061186e-01 -3.649915311136203933e+00
2.077303199529647827e+03 3.740114139225440004e-01 -3.619914395580919653e+00
2.077357099771499634e+03 3.720113528855250595e-01 -3.634914853358561793e+00
2.077369275093078613e+03 3.700112918485061186e-01 -3.649915311136203933e+00
2.077383525371551514e+03 3.660111697744681813e-01 -3.679916226691489101e+00
2.077399216175079346e+03 3.740114139225440004e-01 -3.619914395580919653e+00
2.077413616180419922e+03 3.680112308114871777e-01 -3.664915768913846961e+00
2.077426995754241943e+03 3.720113528855250595e-01 -3.634914853358561793e+00
2.077441668510437012e+03 3.700112918485061186e-01 -3.649915311136203933e+00
2.077466405153274536e+03 3.700112918485061186e-01 -3.649915311136203933e+00
2.077518932580947876e+03 3.680112308114871777e-01 -3.664915768913846961e+00
2.077533144950866699e+03 3.680112308114871777e-01 -3.664915768913846961e+00
2.077587850570678711e+03 3.680112308114871777e-01 -3.664915768913846961e+00
2.077613513231277466e+03 3.660111697744681813e-01 -3.679916226691489101e+00
2.077650104284286499e+03 3.700112918485061186e-01 -3.649915311136203933e+00
2.077673833847045898e+03 3.700112918485061186e-01 -3.649915311136203933e+00
2.077689042806625366e+03 3.720113528855250595e-01 -3.634914853358561793e+00
2.077703230381011963e+03 3.700112918485061186e-01 -3.649915311136203933e+00
2.077716302156448364e+03 3.700112918485061186e-01 -3.649915311136203933e+00
2.077769232273101807e+03 3.700112918485061186e-01 -3.649915311136203933e+00
2.077786215782165527e+03 3.740114139225440004e-01 -3.619914395580919653e+00
2.077801439046859741e+03 3.660111697744681813e-01 -3.679916226691489101e+00
2.077814963340759277e+03 3.700112918485061186e-01 -3.649915311136203933e+00
2.077830223083496094e+03 3.700112918485061186e-01 -3.649915311136203933e+00
2.077847865104675293e+03 3.580109256263924178e-01 -3.739918057802057660e+00
2.077864280939102173e+03 3.740114139225440004e-01 -3.619914395580919653e+00
2.077904489040374756e+03 3.720113528855250595e-01 -3.634914853358561793e+00
2.077944778203964233e+03 3.720113528855250595e-01 -3.634914853358561793e+00
2.078006412267684937e+03 3.700112918485061186e-01 -3.649915311136203933e+00
2.078020616292953491e+03 3.540108035523544805e-01 -3.769918973357341052e+00
2.078040939331054688e+03 3.660111697744681813e-01 -3.679916226691489101e+00
2.078070597171783447e+03 3.460105594042787169e-01 -3.829920804467909612e+00
2.078099411964416504e+03 3.640111087374492405e-01 -3.694916684469130352e+00
2.078127759218215942e+03 3.620110477004302996e-01 -3.709917142246772492e+00
2.078170589685440063e+03 3.680112308114871777e-01 -3.664915768913846961e+00
2.078190495252609253e+03 3.540108035523544805e-01 -3.769918973357341052e+00
2.078228827238082886e+03 3.640111087374492405e-01 -3.694916684469130352e+00
2.078256402254104614e+03 3.640111087374492405e-01 -3.694916684469130352e+00
2.078268320322036743e+03 3.620110477004302996e-01 -3.709917142246772492e+00
2.078279003620147705e+03 3.660111697744681813e-01 -3.679916226691489101e+00
2.078293974399566650e+03 3.580109256263924178e-01 -3.739918057802057660e+00
2.078346853494644165e+03 3.620110477004302996e-01 -3.709917142246772492e+00
2.078363405466079712e+03 3.660111697744681813e-01 -3.679916226691489101e+00
2.078378934621810913e+03 3.640111087374492405e-01 -3.694916684469130352e+00
2.078393018960952759e+03 3.140095828119754406e-01 -4.069928128910183851e+00
2.078406395435333252e+03 3.640111087374492405e-01 -3.694916684469130352e+00
2.078424183368682861e+03 3.660111697744681813e-01 -3.679916226691489101e+00
2.078439434289932251e+03 3.620110477004302996e-01 -3.709917142246772492e+00
2.078481265068054199e+03 3.620110477004302996e-01 -3.709917142246772492e+00
2.078524709224700928e+03 3.680112308114871777e-01 -3.664915768913846961e+00
2.078581511974334717e+03 3.540108035523544805e-01 -3.769918973357341052e+00
2.078594994306564331e+03 3.540108035523544805e-01 -3.769918973357341052e+00
2.078620967388153076e+03 3.580109256263924178e-01 -3.739918057802057660e+00
2.078656514167785645e+03 3.600109866634113587e-01 -3.724917600024414632e+00
2.078677719354629517e+03 3.560108645893734214e-01 -3.754918515579699800e+00
2.078690376281738281e+03 3.600109866634113587e-01 -3.724917600024414632e+00
2.078702104091644287e+03 3.620110477004302996e-01 -3.709917142246772492e+00
2.078715182304382324e+03 3.560108645893734214e-01 -3.754918515579699800e+00
2.078729768276214600e+03 3.620110477004302996e-01 -3.709917142246772492e+00
2.078774394750595093e+03 3.560108645893734214e-01 -3.754918515579699800e+00
2.078790583133697510e+03 3.600109866634113587e-01 -3.724917600024414632e+00
2.078808704376220703e+03 3.580109256263924178e-01 -3.739918057802057660e+00
2.078823260545730591e+03 3.640111087374492405e-01 -3.694916684469130352e+00
2.078840913534164429e+03 3.600109866634113587e-01 -3.724917600024414632e+00
2.078856085538864136e+03 3.600109866634113587e-01 -3.724917600024414632e+00
2.078870871305465698e+03 3.580109256263924178e-01 -3.739918057802057660e+00
2.078923408031463623e+03 3.620110477004302996e-01 -3.709917142246772492e+00
2.078954260826110840e+03 3.620110477004302996e-01 -3.709917142246772492e+00
2.079009248256683350e+03 3.560108645893734214e-01 -3.754918515579699800e+00
2.079029190778732300e+03 3.560108645893734214e-01 -3.754918515579699800e+00
2.079055336475372314e+03 3.640111087374492405e-01 -3.694916684469130352e+00
2.079088755607604980e+03 3.500106814783166542e-01 -3.799919888912625332e+00
2.079101256370544434e+03 3.640111087374492405e-01 -3.694916684469130352e+00
2.079112338781356812e+03 3.620110477004302996e-01 -3.709917142246772492e+00
2.079124286413192749e+03 3.600109866634113587e-01 -3.724917600024414632e+00
2.079136746168136597e+03 3.600109866634113587e-01 -3.724917600024414632e+00
2.079154412269592285e+03 3.600109866634113587e-01 -3.724917600024414632e+00
2.079204501628875732e+03 3.600109866634113587e-01 -3.724917600024414632e+00
