2.339837446689605713e+03 3.600109866634113726e-02 -6.154991760002441303e+00
2.339850372791290283e+03 4.000122074037903985e-02 -6.124990844447157023e+00
2.339863723039627075e+03 3.800115970336008508e-02 -6.139991302224800052e+00
2.339877488851547241e+03 3.800115970336008508e-02 -6.139991302224800052e+00
2.339889024019241333e+03 4.200128177739799462e-02 -6.109990386669514884e+00
2.339902187347412109e+03 3.800115970336008508e-02 -6.139991302224800052e+00
2.339913961172103882e+03 4.200128177739799462e-02 -6.109990386669514884e+00
2.339926336765289307e+03 4.200128177739799462e-02 -6.109990386669514884e+00
2.339939466476440430e+03 4.000122074037903985e-02 -6.124990844447157023e+00
2.339967587471008301e+03 4.200128177739799462e-02 -6.109990386669514884e+00
2.339998927354812622e+03 4.200128177739799462e-02 -6.109990386669514884e+00
2.340020336151123047e+03 4.200128177739799462e-02 -6.109990386669514884e+00
2.340038227796554565e+03 4.000122074037903985e-02 -6.124990844447157023e+00
2.340055580139160156e+03 4.200128177739799462e-02 -6.109990386669514884e+00
2.340074540615081787e+03 4.000122074037903985e-02 -6.124990844447157023e+00
2.340093540906906128e+03 4.200128177739799462e-02 -6.109990386669514884e+00
2.340107003450393677e+03 4.000122074037903985e-02 -6.124990844447157023e+00
2.340136684417724609e+03 4.000122074037903985e-02 -6.124990844447157023e+00
2.340160192489624023e+03 4.200128177739799462e-02 -6.109990386669514884e+00
2.340199768304824829e+03 3.800115970336008508e-02 -6.139991302224800052e+00
2.340258791208267212e+03 4.400134281441694245e-02 -6.094989928891872744e+00
2.340271827459335327e+03 4.400134281441694245e-02 -6.094989928891872744e+00
2.340295643568038940e+03 4.200128177739799462e-02 -6.109990386669514884e+00
2.340325330018997192e+03 4.400134281441694245e-02 -6.094989928891872744e+00
2.340356272459030151e+03 4.400134281441694245e-02 -6.094989928891872744e+00
2.340372261047363281e+03 4.400134281441694245e-02 -6.094989928891872744e+00
2.340385887384414673e+03 4.000122074037903985e-02 -6.124990844447157023e+00
2.340402206897735596e+03 4.000122074037903985e-02 -6.124990844447157023e+00
2.340465974092483521e+03 4.200128177739799462e-02 -6.109990386669514884e+00
2.340478828430175781e+03 4.000122074037903985e-02 -6.124990844447157023e+00
2.340495570659637451e+03 4.200128177739799462e-02 -6.109990386669514884e+00
2.340517123222351074e+03 4.200128177739799462e-02 -6.109990386669514884e+00
2.340533471822738647e+03 4.200128177739799462e-02 -6.109990386669514884e+00
2.340550541639328003e+03 4.000122074037903985e-02 -6.124990844447157023e+00
2.340564561843872070e+03 4.000122074037903985e-02 -6.124990844447157023e+00
2.340616269111633301e+03 4.400134281441694245e-02 -6.094989928891872744e+00
2.340646810770034790e+03 4.000122074037903985e-02 -6.124990844447157023e+00
2.340703254699707031e+03 4.000122074037903985e-02 -6.124990844447157023e+00
2.340717585802078247e+03 4.000122074037903985e-02 -6.124990844447157023e+00
2.340740725278854370e+03 4.200128177739799462e-02 -6.109990386669514884e+00
2.340776026010513306e+03 4.000122074037903985e-02 -6.124990844447157023e+00
2.340793742895126343e+03 4.200128177739799462e-02 -6.109990386669514884e+00
2.340811779499053955e+03 4.200128177739799462e-02 -6.109990386669514884e+00
2.340829049825668335e+03 3.800115970336008508e-02 -6.139991302224800052e+00
2.340841350555419922e+03 3.800115970336008508e-02 -6.139991302224800052e+00
2.340882964849472046e+03 4.200128177739799462e-02 -6.109990386669514884e+00
2.340909387826919556e+03 3.800115970336008508e-02 -6.139991302224800052e+00
2.340929364919662476e+03 3.800115970336008508e-02 -6.139991302224800052e+00
2.340942183732986450e+03 3.800115970336008508e-02 -6.139991302224800052e+00
2.340958434820175171e+03 4.000122074037903985e-02 -6.124990844447157023e+00
2.340981137514114380e+03 3.800115970336008508e-02 -6.139991302224800052e+00
2.340999360799789429e+03 4.000122074037903985e-02 -6.124990844447157023e+00
2.341041229486465454e+03 3.800115970336008508e-02 -6.139991302224800052e+00
2.341079291105270386e+03 3.600109866634113726e-02 -6.154991760002441303e+00
2.341139647960662842e+03 4.000122074037903985e-02 -6.124990844447157023e+00
2.341152974843978882e+03 4.000122074037903985e-02 -6.124990844447157023e+00
2.341173931121826172e+03 4.000122074037903985e-02 -6.124990844447157023e+00
2.341203008174896240e+03 4.000122074037903985e-02 -6.124990844447157023e+00
2.341231203079223633e+03 3.600109866634113726e-02 -6.154991760002441303e+00
2.341267264127731323e+03 3.800115970336008508e-02 -6.139991302224800052e+00
2.341310069561004639e+03 3.600109866634113726e-02 -6.154991760002441303e+00
2.341330438137054443e+03 3.800115970336008508e-02 -6.139991302224800052e+00
2.341380444765090942e+03 4.000122074037903985e-02 -6.124990844447157023e+00
2.341398401260375977e+03 4.000122074037903985e-02 -6.124990844447157023e+00
2.341414891958236694e+03 4.000122074037903985e-02 -6.124990844447157023e+00
2.341425800800323486e+03 3.800115970336008508e-02 -6.139991302224800052e+00
2.341452291727066040e+03 3.800115970336008508e-02 -6.139991302224800052e+00
2.341498924970626831e+03 3.800115970336008508e-02 -6.139991302224800052e+00
2.341519387245178223e+03 3.800115970336008508e-02 -6.139991302224800052e+00
2.341533580064773560e+03 4.000122074037903985e-02 -6.124990844447157023e+00
2.341546184778213501e+03 3.800115970336008508e-02 -6.139991302224800052e+00
2.341561140775680542e+03 3.800115970336008508e-02 -6.139991302224800052e+00
2.341575657844543457e+03 4.000122074037903985e-02 -6.124990844447157023e+00
2.341591357469558716e+03 4.000122074037903985e-02 -6.124990844447157023e+00
2.341635704040527344e+03 4.000122074037903985e-02 -6.124990844447157023e+00
2.341674118518829346e+03 4.200128177739799462e-02 -6.109990386669514884e+00
2.341733014583587646e+03 4.000122074037903985e-02 -6.124990844447157023e+00
2.341746790647506714e+03 4.000122074037903985e-02 -6.124990844447157023e+00
2.341779596567153931e+03 4.000122074037903985e-02 -6.124990844447157023e+00
2.341820226669311523e+03 3.800115970336008508e-02 -6.139991302224800052e+00
2.341834220647811890e+03 4.200128177739799462e-02 -6.109990386669514884e+00
2.341846528291702271e+03 4.000122074037903985e-02 -6.124990844447157023e+00
2.341861616373062134e+03 4.000122074037903985e-02 -6.124990844447157023e+00
2.341876737594604492e+03 4.200128177739799462e-02 -6.109990386669514884e+00
2.341929483175277710e+03 4.200128177739799462e-02 -6.109990386669514884e+00
2.341946190357208252e+03 4.000122074037903985e-02 -6.124990844447157023e+00
2.341963279724121094e+03 4.000122074037903985e-02 -6.124990844447157023e+00
2.341977792501449585e+03 4.200128177739799462e-02 -6.109990386669514884e+00
2.341991691589355469e+03 4.200128177739799462e-02 -6.109990386669514884e+00
2.342002328634262085e+03 4.000122074037903985e-02 -6.124990844447157023e+00
2.342018933296203613e+03 4.400134281441694245e-02 -6.094989928891872744e+00
2.342031335592269897e+03 4.200128177739799462e-02 -6.109990386669514884e+00
2.342047739505767822e+03 4.000122074037903985e-02 -6.124990844447157023e+00
2.342117020845413208e+03 4.200128177739799462e-02 -6.109990386669514884e+00
2.342176025629043579e+03 4.200128177739799462e-02 -6.109990386669514884e+00
2.342189174413681030e+03 4.200128177739799462e-02 -6.109990386669514884e+00
2.342218162059783936e+03 4.200128177739799462e-02 -6.109990386669514884e+00
2.342266366958618164e+03 4.000122074037903985e-02 -6.124990844447157023e+00
2.342281152725219727e+03 4.000122074037903985e-02 -6.124990844447157023e+00
2.342293264389038086e+03 4.400134281441694245e-02 -6.094989928891872744e+00
2.342305909872055054e+03 4.000122074037903985e-02 -6.124990844447157023e+00
2.342317307949066162e+03 4.000122074037903985e-02 -6.124990844447157023e+00
2.342358440876007080e+03 4.000122074037903985e-02 -6.124990844447157023e+00
2.342375759363174438e+03 4.400134281441694245e-02 -6.094989928891872744e+00
2.342389079093933105e+03 4.200128177739799462e-02 -6.109990386669514884e+00
2.342402486801147461e+03 4.000122074037903985e-02 -6.124990844447157023e+00
2.342422627210617065e+03 4.000122074037903985e-02 -6.124990844447157023e+00
2.342438676118850708e+03 4.200128177739799462e-02 -6.109990386669514884e+00
2.342453836441040039e+03 4.200128177739799462e-02 -6.109990386669514884e+00
2.342471792459487915e+03 4.200128177739799462e-02 -6.109990386669514884e+00
2.342489644050598145e+03 4.000122074037903985e-02 -6.124990844447157023e+00
2.342534357309341431e+03 4.000122074037903985e-02 -6.124990844447157023e+00
2.342563882112503052e+03 4.200128177739799462e-02 -6.109990386669514884e+00
2.342619956970214844e+03 4.000122074037903985e-02 -6.124990844447157023e+00
2.342634975671768188e+03 4.200128177739799462e-02 -6.109990386669514884e+00
2.342658690214157104e+03 4.400134281441694245e-02 -6.094989928891872744e+00
2.342687781095504761e+03 4.200128177739799462e-02 -6.109990386669514884e+00
2.342716401815414429e+03 4.000122074037903985e-02 -6.124990844447157023e+00
2.342746139764785767e+03 4.200128177739799462e-02 -6.109990386669514884e+00
2.342784441232681274e+03 4.000122074037903985e-02 -6.124990844447157023e+00
2.342813035726547241e+03 3.800115970336008508e-02 -6.139991302224800052e+00
2.342842246532440186e+03 4.200128177739799462e-02 -6.109990386669514884e+00
2.342869175434112549e+03 4.000122074037903985e-02 -6.124990844447157023e+00
2.342887083768844604e+03 4.000122074037903985e-02 -6.124990844447157023e+00
2.342899822950363159e+03 4.000122074037903985e-02 -6.124990844447157023e+00
2.342913262367248535e+03 4.400134281441694245e-02 -6.094989928891872744e+00
2.342938309431076050e+03 4.000122074037903985e-02 -6.124990844447157023e+00
2.342973036050796509e+03 4.000122074037903985e-02 -6.124990844447157023e+00
2.342990504503250122e+03 4.200128177739799462e-02 -6.109990386669514884e+00
2.343003519535064697e+03 4.000122074037903985e-02 -6.124990844447157023e+00
2.343016858577728271e+03 4.200128177739799462e-02 -6.109990386669514884e+00
2.343030650615692139e+03 4.400134281441694245e-02 -6.094989928891872744e+00
2.343048113584518433e+03 4.000122074037903985e-02 -6.124990844447157023e+00
2.343061569452285767e+03 4.000122074037903985e-02 -6.124990844447157023e+00
2.343076623678207397e+03 4.400134281441694245e-02 -6.094989928891872744e+00
2.343101840734481812e+03 4.200128177739799462e-02 -6.109990386669514884e+00
2.343153823614120483e+03 4.200128177739799462e-02 -6.109990386669514884e+00
2.343168153762817383e+03 4.200128177739799462e-02 -6.109990386669514884e+00
2.343224387645721436e+03 4.000122074037903985e-02 -6.124990844447157023e+00
2.343238204956054688e+03 4.200128177739799462e-02 -6.109990386669514884e+00
2.343260874032974243e+03 4.200128177739799462e-02 -6.109990386669514884e+00
2.343303442955017090e+03 4.000122074037903985e-02 -6.124990844447157023e+00
2.343317124128341675e+03 4.200128177739799462e-02 -6.109990386669514884e+00
2.343329318284988403e+03 4.400134281441694245e-02 -6.094989928891872744e+00
2.343340456008911133e+03 4.000122074037903985e-02 -6.124990844447157023e+00
2.343351952075958252e+03 4.400134281441694245e-02 -6.094989928891872744e+00
2.343363004207611084e+03 4.000122074037903985e-02 -6.124990844447157023e+00
2.343414620637893677e+03 4.200128177739799462e-02 -6.109990386669514884e+00
2.343433728218078613e+03 4.400134281441694245e-02 -6.094989928891872744e+00
2.343446769952774048e+03 4.000122074037903985e-02 -6.124990844447157023e+00
2.343464288949966431e+03 4.000122074037903985e-02 -6.124990844447157023e+00
2.343480625629425049e+03 4.200128177739799462e-02 -6.109990386669514884e+00
2.343498226642608643e+03 4.400134281441694245e-02 -6.094989928891872744e+00
2.343511675596237183e+03 4.400134281441694245e-02 -6.094989928891872744e+00
2.343533625602722168e+03 4.000122074037903985e-02 -6.124990844447157023e+00
2.343577928543090820e+03 4.200128177739799462e-02 -6.109990386669514884e+00
2.343608520269393921e+03 4.200128177739799462e-02 -6.109990386669514884e+00
2.343663669824600220e+03 4.000122074037903985e-02 -6.124990844447157023e+00
2.343688853502273560e+03 4.000122074037903985e-02 -6.124990844447157023e+00
2.343731759786605835e+03 4.400134281441694245e-02 -6.094989928891872744e+00
2.343754429340362549e+03 4.200128177739799462e-02 -6.109990386669514884e+00
2.343768981218338013e+03 4.200128177739799462e-02 -6.109990386669514884e+00
2.343785823822021484e+03 4.000122074037903985e-02 -6.124990844447157023e+00
2.343805362939834595e+03 4.000122074037903985e-02 -6.124990844447157023e+00
2.343849304914474487e+03 4.000122074037903985e-02 -6.124990844447157023e+00
2.343864773750305176e+03 4.000122074037903985e-02 -6.124990844447157023e+00
2.343879516363143921e+03 4.000122074037903985e-02 -6.124990844447157023e+00
2.343896700143814087e+03 4.400134281441694245e-02 -6.094989928891872744e+00
2.343912633180618286e+03 4.200128177739799462e-02 -6.109990386669514884e+00
2.343926634550094604e+03 4.000122074037903985e-02 -6.124990844447157023e+00
2.343943610906600952e+03 4.000122074037903985e-02 -6.124990844447157023e+00
2.343966774225234985e+03 3.800115970336008508e-02 -6.139991302224800052e+00
2.343998676538467407e+03 4.000122074037903985e-02 -6.124990844447157023e+00
2.344037242889404297e+03 4.200128177739799462e-02 -6.109990386669514884e+00
2.344096951246261597e+03 4.200128177739799462e-02 -6.109990386669514884e+00
2.344111057996749878e+03 4.200128177739799462e-02 -6.109990386669514884e+00
2.344130648136138916e+03 4.200128177739799462e-02 -6.109990386669514884e+00
2.344158949851989746e+03 4.200128177739799462e-02 -6.109990386669514884e+00
2.344187078952789307e+03 4.200128177739799462e-02 -6.109990386669514884e+00
2.344215050458908081e+03 4.000122074037903985e-02 -6.124990844447157023e+00
2.344258344650268555e+03 4.400134281441694245e-02 -6.094989928891872744e+00
2.344278305292129517e+03 4.400134281441694245e-02 -6.094989928891872744e+00
2.344320929288864136e+03 4.000122074037903985e-02 -6.124990844447157023e+00
2.344341568470001221e+03 4.400134281441694245e-02 -6.094989928891872744e+00
2.344354622125625610e+03 4.400134281441694245e-02 -6.094989928891872744e+00
2.344366621255874634e+03 4.200128177739799462e-02 -6.109990386669514884e+00
2.344377798795700073e+03 4.000122074037903985e-02 -6.124990844447157023e+00
2.344396883487701416e+03 4.200128177739799462e-02 -6.109990386669514884e+00
2.344437736034393311e+03 4.200128177739799462e-02 -6.109990386669514884e+00
2.344455643415451050e+03 4.400134281441694245e-02 -6.094989928891872744e+00
2.344470598697662354e+03 4.200128177739799462e-02 -6.109990386669514884e+00
2.344487984895706177e+03 4.000122074037903985e-02 -6.124990844447157023e+00
2.344502341985702515e+03 4.000122074037903985e-02 -6.124990844447157023e+00
2.344517989397048950e+03 4.400134281441694245e-02 -6.094989928891872744e+00
2.344534801721572876e+03 4.400134281441694245e-02 -6.094989928891872744e+00
2.344568913459777832e+03 4.200128177739799462e-02 -6.109990386669514884e+00
2.344624138116836548e+03 4.000122074037903985e-02 -6.124990844447157023e+00
2.344682832241058350e+03 4.200128177739799462e-02 -6.109990386669514884e+00
2.344697185277938843e+03 4.200128177739799462e-02 -6.109990386669514884e+00
2.344719436168670654e+03 4.400134281441694245e-02 -6.094989928891872744e+00
2.344754340171813965e+03 4.400134281441694245e-02 -6.094989928891872744e+00
2.344780620098114014e+03 4.200128177739799462e-02 -6.109990386669514884e+00
2.344794145107269287e+03 4.200128177739799462e-02 -6.109990386669514884e+00
2.344811649322509766e+03 4.000122074037903985e-02 -6.124990844447157023e+00
2.344824988842010498e+03 4.000122074037903985e-02 -6.124990844447157023e+00
2.344874191522598267e+03 4.000122074037903985e-02 -6.124990844447157023e+00
2.344897254467010498e+03 4.200128177739799462e-02 -6.109990386669514884e+00
2.344911912202835083e+03 4.200128177739799462e-02 -6.109990386669514884e+00
2.344923631668090820e+03 3.800115970336008508e-02 -6.139991302224800052e+00
2.344937965869903564e+03 4.200128177739799462e-02 -6.109990386669514884e+00
2.344951953887939453e+03 4.200128177739799462e-02 -6.109990386669514884e+00
2.344970900297164917e+03 3.800115970336008508e-02 -6.139991302224800052e+00
2.344985872983932495e+03 3.800115970336008508e-02 -6.139991302224800052e+00
2.345027906179428101e+03 3.800115970336008508e-02 -6.139991302224800052e+00
2.345068708658218384e+03 4.000122074037903985e-02 -6.124990844447157023e+00
2.345125702381134033e+03 4.000122074037903985e-02 -6.124990844447157023e+00
2.345140172719955444e+03 4.000122074037903985e-02 -6.124990844447157023e+00
2.345165675401687622e+03 4.000122074037903985e-02 -6.124990844447157023e+00
2.345195804834365845e+03 4.200128177739799462e-02 -6.109990386669514884e+00
2.345216369390487671e+03 4.400134281441694245e-02 -6.094989928891872744e+00
2.345230251073837280e+03 4.000122074037903985e-02 -6.124990844447157023e+00
2.345243299245834351e+03 3.800115970336008508e-02 -6.139991302224800052e+00
2.345255146503448486e+03 4.200128177739799462e-02 -6.109990386669514884e+00
2.345282317161560059e+03 4.200128177739799462e-02 -6.109990386669514884e+00
2.345327875852584839e+03 4.000122074037903985e-02 -6.124990844447157023e+00
2.345351743221282959e+03 4.000122074037903985e-02 -6.124990844447157023e+00
2.345369405984878540e+03 4.000122074037903985e-02 -6.124990844447157023e+00
2.345382695913314819e+03 3.800115970336008508e-02 -6.139991302224800052e+00
2.345396082401275635e+03 4.200128177739799462e-02 -6.109990386669514884e+00
2.345418776035308838e+03 4.200128177739799462e-02 -6.109990386669514884e+00
2.345443890094757080e+03 4.400134281441694245e-02 -6.094989928891872744e+00
2.345476003885269165e+03 4.000122074037903985e-02 -6.124990844447157023e+00
2.345505368471145630e+03 4.000122074037903985e-02 -6.124990844447157023e+00
2.345562138795852661e+03 3.800115970336008508e-02 -6.139991302224800052e+00
2.345576443433761597e+03 4.200128177739799462e-02 -6.109990386669514884e+00
2.345594352722167969e+03 4.400134281441694245e-02 -6.094989928891872744e+00
2.345622653245925903e+03 4.400134281441694245e-02 -6.094989928891872744e+00
2.345656522274017334e+03 3.800115970336008508e-02 -6.139991302224800052e+00
2.345715451240539551e+03 4.400134281441694245e-02 -6.094989928891872744e+00
2.345727824687957764e+03 4.200128177739799462e-02 -6.109990386669514884e+00
2.345750348329544067e+03 4.000122074037903985e-02 -6.124990844447157023e+00
2.345791484117507935e+03 4.400134281441694245e-02 -6.094989928891872744e+00
2.345815053939819336e+03 4.200128177739799462e-02 -6.109990386669514884e+00
2.345828116178512573e+03 4.200128177739799462e-02 -6.109990386669514884e+00
2.345839708805084229e+03 4.000122074037903985e-02 -6.124990844447157023e+00
2.345866971254348755e+03 4.400134281441694245e-02 -6.094989928891872744e+00
2.345911602020263672e+03 4.400134281441694245e-02 -6.094989928891872744e+00
2.345926780700683594e+03 4.000122074037903985e-02 -6.124990844447157023e+00
2.345941845893859863e+03 4.000122074037903985e-02 -6.124990844447157023e+00
2.345958446741104126e+03 4.400134281441694245e-02 -6.094989928891872744e+00
2.345972998619079590e+03 4.400134281441694245e-02 -6.094989928891872744e+00
2.345986901521682739e+03 4.000122074037903985e-02 -6.124990844447157023e+00
2.345999883651733398e+03 4.000122074037903985e-02 -6.124990844447157023e+00
2.346012972831726074e+03 4.400134281441694245e-02 -6.094989928891872744e+00
2.346037062406539917e+03 4.000122074037903985e-02 -6.124990844447157023e+00
2.346069273233413696e+03 4.200128177739799462e-02 -6.109990386669514884e+00
2.346099200010299683e+03 4.400134281441694245e-02 -6.094989928891872744e+00
2.346154224872589111e+03 4.400134281441694245e-02 -6.094989928891872744e+00
2.346169288396835327e+03 4.000122074037903985e-02 -6.124990844447157023e+00
2.346197529077529907e+03 4.000122074037903985e-02 -6.124990844447157023e+00
2.346229476928710938e+03 4.000122074037903985e-02 -6.124990844447157023e+00
2.346247120618820190e+03 4.000122074037903985e-02 -6.124990844447157023e+00
2.346263050079345703e+03 4.000122074037903985e-02 -6.124990844447157023e+00
2.346276562690734863e+03 4.200128177739799462e-02 -6.109990386669514884e+00
2.346292208433151245e+03 4.000122074037903985e-02 -6.124990844447157023e+00
2.346332146406173706e+03 4.000122074037903985e-02 -6.124990844447157023e+00
2.346361431360244751e+03 4.200128177739799462e-02 -6.109990386669514884e+00
2.346379306793212891e+03 4.000122074037903985e-02 -6.124990844447157023e+00
2.346396672010421753e+03 4.400134281441694245e-02 -6.094989928891872744e+00
2.346410417079925537e+03 4.200128177739799462e-02 -6.109990386669514884e+00
2.346427598476409912e+03 4.000122074037903985e-02 -6.124990844447157023e+00
2.346442827939987183e+03 4.000122074037903985e-02 -6.124990844447157023e+00
2.346461347341537476e+03 4.400134281441694245e-02 -6.094989928891872744e+00
2.346508715391159058e+03 4.000122074037903985e-02 -6.124990844447157023e+00
2.346538260698318481e+03 4.400134281441694245e-02 -6.094989928891872744e+00
2.346594559192657471e+03 4.200128177739799462e-02 -6.109990386669514884e+00
2.346609072685241699e+03 4.200128177739799462e-02 -6.109990386669514884e+00
2.346635244369506836e+03 4.000122074037903985e-02 -6.124990844447157023e+00
2.346675194263458252e+03 4.200128177739799462e-02 -6.109990386669514884e+00
2.346689764738082886e+03 4.200128177739799462e-02 -6.109990386669514884e+00
2.346700888633728027e+03 3.800115970336008508e-02 -6.139991302224800052e+00
2.346712071180343628e+03 4.200128177739799462e-02 -6.109990386669514884e+00
2.346724934101104736e+03 4.000122074037903985e-02 -6.124990844447157023e+00
2.346751080751419067e+03 4.200128177739799462e-02 -6.109990386669514884e+00
2.346795056819915771e+03 4.200128177739799462e-02 -6.109990386669514884e+00
2.346813810825347900e+03 4.000122074037903985e-02 -6.124990844447157023e+00
2.346830350875854492e+03 4.000122074037903985e-02 -6.124990844447157023e+00
2.346849800348281860e+03 4.000122074037903985e-02 -6.124990844447157023e+00
2.346866978168487549e+03 4.000122074037903985e-02 -6.124990844447157023e+00
2.346882271528244019e+03 4.000122074037903985e-02 -6.124990844447157023e+00
2.346895528316497803e+03 4.400134281441694245e-02 -6.094989928891872744e+00
2.346924884557723999e+03 4.400134281441694245e-02 -6.094989928891872744e+00
2.346968088865280151e+03 3.800115970336008508e-02 -6.139991302224800052e+00
2.346982189416885376e+03 4.000122074037903985e-02 -6.124990844447157023e+00
2.347037024021148682e+03 4.200128177739799462e-02 -6.109990386669514884e+00
2.347051095008850098e+03 4.200128177739799462e-02 -6.109990386669514884e+00
2.347080834388732910e+03 4.200128177739799462e-02 -6.109990386669514884e+00
2.347109826564788818e+03 4.400134281441694245e-02 -6.094989928891872744e+00
2.347139821052551270e+03 4.000122074037903985e-02 -6.124990844447157023e+00
2.347165987253189087e+03 4.200128177739799462e-02 -6.109990386669514884e+00
2.347198850870132446e+03 4.200128177739799462e-02 -6.109990386669514884e+00
2.347224969387054443e+03 4.200128177739799462e-02 -6.109990386669514884e+00
2.347253832817077637e+03 3.800115970336008508e-02 -6.139991302224800052e+00
2.347273649454116821e+03 4.000122074037903985e-02 -6.124990844447157023e+00
2.347288721799850464e+03 4.000122074037903985e-02 -6.124990844447157023e+00
2.347303580045700073e+03 4.000122074037903985e-02 -6.124990844447157023e+00
2.347316073179244995e+03 4.200128177739799462e-02 -6.109990386669514884e+00
2.347342438459396362e+03 4.200128177739799462e-02 -6.109990386669514884e+00
2.347385051012039185e+03 4.200128177739799462e-02 -6.109990386669514884e+00
2.347398613452911377e+03 4.200128177739799462e-02 -6.109990386669514884e+00
2.347415094852447510e+03 4.400134281441694245e-02 -6.094989928891872744e+00
2.347431911230087280e+03 4.200128177739799462e-02 -6.109990386669514884e+00
2.347447257757186890e+03 4.000122074037903985e-02 -6.124990844447157023e+00
2.347464766025543213e+03 4.000122074037903985e-02 -6.124990844447157023e+00
2.347476969957351685e+03 4.200128177739799462e-02 -6.109990386669514884e+00
2.347492263317108154e+03 4.000122074037903985e-02 -6.124990844447157023e+00
2.347555621147155762e+03 4.200128177739799462e-02 -6.109990386669514884e+00
2.347569616079330444e+03 4.200128177739799462e-02 -6.109990386669514884e+00
2.347624208927154541e+03 4.000122074037903985e-02 -6.124990844447157023e+00
2.347637211799621582e+03 4.200128177739799462e-02 -6.109990386669514884e+00
2.347667552471160889e+03 4.200128177739799462e-02 -6.109990386669514884e+00
2.347696892738342285e+03 4.200128177739799462e-02 -6.109990386669514884e+00
2.347717165470123291e+03 4.400134281441694245e-02 -6.094989928891872744e+00
2.347731338739395142e+03 4.200128177739799462e-02 -6.109990386669514884e+00
2.347744284629821777e+03 4.000122074037903985e-02 -6.124990844447157023e+00
2.347756003856658936e+03 4.200128177739799462e-02 -6.109990386669514884e+00
2.347772782087326050e+03 4.000122074037903985e-02 -6.124990844447157023e+00
2.347830960750579834e+03 4.200128177739799462e-02 -6.109990386669514884e+00
2.347846473932266235e+03 3.800115970336008508e-02 -6.139991302224800052e+00
2.347869437932968140e+03 4.000122074037903985e-02 -6.124990844447157023e+00
2.347884745836257935e+03 4.000122074037903985e-02 -6.124990844447157023e+00
2.347899012565612793e+03 4.000122074037903985e-02 -6.124990844447157023e+00
2.347919330120086670e+03 4.200128177739799462e-02 -6.109990386669514884e+00
2.347948040485382080e+03 4.200128177739799462e-02 -6.109990386669514884e+00
2.347998373270034790e+03 4.400134281441694245e-02 -6.094989928891872744e+00
2.348012503862380981e+03 4.200128177739799462e-02 -6.109990386669514884e+00
2.348067511081695557e+03 4.000122074037903985e-02 -6.124990844447157023e+00
2.348093829393386841e+03 3.800115970336008508e-02 -6.139991302224800052e+00
2.348138108015060425e+03 4.000122074037903985e-02 -6.124990844447157023e+00
2.348160500764846802e+03 4.200128177739799462e-02 -6.109990386669514884e+00
2.348172263383865356e+03 4.200128177739799462e-02 -6.109990386669514884e+00
2.348186552286148071e+03 4.000122074037903985e-02 -6.124990844447157023e+00
2.348203146457672119e+03 4.000122074037903985e-02 -6.124990844447157023e+00
2.348252780437469482e+03 3.400103762932218943e-02 -6.169992217780083443e+00
2.348270128965377808e+03 3.400103762932218943e-02 -6.169992217780083443e+00
2.348291479587554932e+03 3.600109866634113726e-02 -6.154991760002441303e+00
2.348307987213134766e+03 3.400103762932218943e-02 -6.169992217780083443e+00
2.348321398258209229e+03 3.800115970336008508e-02 -6.139991302224800052e+00
2.348336885213851929e+03 4.600140385143589722e-02 -6.079989471114230604e+00
2.348350448846817017e+03 4.200128177739799462e-02 -6.109990386669514884e+00
2.348363812446594238e+03 3.200097659230323466e-02 -6.184992675557725583e+00
2.348402865648269653e+03 4.400134281441694245e-02 -6.094989928891872744e+00
2.348442292213439941e+03 3.600109866634113726e-02 -6.154991760002441303e+00
2.348508009433746338e+03 4.400134281441694245e-02 -6.094989928891872744e+00
2.348521186828613281e+03 3.800115970336008508e-02 -6.139991302224800052e+00
2.348543116331100464e+03 3.800115970336008508e-02 -6.139991302224800052e+00
2.348573580265045166e+03 3.800115970336008508e-02 -6.139991302224800052e+00
2.348602365255355835e+03 4.200128177739799462e-02 -6.109990386669514884e+00
2.348631381988525391e+03 4.200128177739799462e-02 -6.109990386669514884e+00
2.348675773859024048e+03 4.000122074037903985e-02 -6.124990844447157023e+00
2.348702987432479858e+03 4.000122074037903985e-02 -6.124990844447157023e+00
2.348747646570205688e+03 4.200128177739799462e-02 -6.109990386669514884e+00
2.348761753559112549e+03 3.800115970336008508e-02 -6.139991302224800052e+00
2.348777522563934326e+03 4.400134281441694245e-02 -6.094989928891872744e+00
2.348793747425079346e+03 4.600140385143589722e-02 -6.079989471114230604e+00
2.348806171417236328e+03 3.800115970336008508e-02 -6.139991302224800052e+00
2.348828769445419312e+03 3.800115970336008508e-02 -6.139991302224800052e+00
2.348872118711471558e+03 3.600109866634113726e-02 -6.154991760002441303e+00
2.348889644145965576e+03 3.600109866634113726e-02 -6.154991760002441303e+00
2.348902994871139526e+03 3.600109866634113726e-02 -6.154991760002441303e+00
2.348924509525299072e+03 3.800115970336008508e-02 -6.139991302224800052e+00
2.348941140651702881e+03 4.000122074037903985e-02 -6.124990844447157023e+00
2.348956532716751099e+03 4.600140385143589722e-02 -6.079989471114230604e+00
2.348970887184143066e+03 4.400134281441694245e-02 -6.094989928891872744e+00
2.349041292667388916e+03 4.400134281441694245e-02 -6.094989928891872744e+00
2.349055316686630249e+03 4.400134281441694245e-02 -6.094989928891872744e+00
2.349111349344253540e+03 4.400134281441694245e-02 -6.094989928891872744e+00
2.349124581813812256e+03 3.600109866634113726e-02 -6.154991760002441303e+00
2.349154490709304810e+03 3.800115970336008508e-02 -6.139991302224800052e+00
2.349187909841537476e+03 4.600140385143589722e-02 -6.079989471114230604e+00
2.349208414077758789e+03 3.600109866634113726e-02 -6.154991760002441303e+00
2.349222210645675659e+03 3.800115970336008508e-02 -6.139991302224800052e+00
2.349240145921707153e+03 4.400134281441694245e-02 -6.094989928891872744e+00
2.349253700256347656e+03 4.400134281441694245e-02 -6.094989928891872744e+00
2.349295754194259644e+03 3.600109866634113726e-02 -6.154991760002441303e+00
2.349318099737167358e+03 4.600140385143589722e-02 -6.079989471114230604e+00
2.349334751367568970e+03 4.200128177739799462e-02 -6.109990386669514884e+00
2.349352934122085571e+03 4.400134281441694245e-02 -6.094989928891872744e+00
2.349365835189819336e+03 3.600109866634113726e-02 -6.154991760002441303e+00
2.349383854627609253e+03 3.600109866634113726e-02 -6.154991760002441303e+00
2.349398380517959595e+03 4.400134281441694245e-02 -6.094989928891872744e+00
2.349416263818740845e+03 4.400134281441694245e-02 -6.094989928891872744e+00
2.349457669019699097e+03 4.400134281441694245e-02 -6.094989928891872744e+00
2.349501582622528076e+03 4.200128177739799462e-02 -6.109990386669514884e+00
2.349559884309768677e+03 3.800115970336008508e-02 -6.139991302224800052e+00
2.349580178260803223e+03 4.400134281441694245e-02 -6.094989928891872744e+00
2.349598980188369751e+03 4.400134281441694245e-02 -6.094989928891872744e+00
2.349632076263427734e+03 3.600109866634113726e-02 -6.154991760002441303e+00
2.349652487277984619e+03 3.600109866634113726e-02 -6.154991760002441303e+00
2.349665944099426270e+03 3.600109866634113726e-02 -6.154991760002441303e+00
2.349681718349456787e+03 4.000122074037903985e-02 -6.124990844447157023e+00
2.349697641849517822e+03 4.600140385143589722e-02 -6.079989471114230604e+00
2.349741271018981934e+03 4.400134281441694245e-02 -6.094989928891872744e+00
2.349767590522766113e+03 4.000122074037903985e-02 -6.124990844447157023e+00
2.349782969474792480e+03 3.800115970336008508e-02 -6.139991302224800052e+00
2.349797116041183472e+03 4.400134281441694245e-02 -6.094989928891872744e+00
2.349816416025161743e+03 4.200128177739799462e-02 -6.109990386669514884e+00
2.349834265232086182e+03 4.000122074037903985e-02 -6.124990844447157023e+00
2.349858838558197021e+03 4.400134281441694245e-02 -6.094989928891872744e+00
2.349911882877349854e+03 4.400134281441694245e-02 -6.094989928891872744e+00
2.349943440198898315e+03 4.400134281441694245e-02 -6.094989928891872744e+00
2.350000663518905640e+03 3.800115970336008508e-02 -6.139991302224800052e+00
2.350020449161529541e+03 4.400134281441694245e-02 -6.094989928891872744e+00
2.350037819385528564e+03 4.400134281441694245e-02 -6.094989928891872744e+00
2.350066548347473145e+03 4.400134281441694245e-02 -6.094989928891872744e+00
2.350097449779510498e+03 3.600109866634113726e-02 -6.154991760002441303e+00
2.350126401901245117e+03 4.400134281441694245e-02 -6.094989928891872744e+00
2.350163330316543579e+03 3.400103762932218943e-02 -6.169992217780083443e+00
2.350201655149459839e+03 3.600109866634113726e-02 -6.154991760002441303e+00
2.350225831508636475e+03 4.400134281441694245e-02 -6.094989928891872744e+00
2.350247516155242920e+03 3.800115970336008508e-02 -6.139991302224800052e+00
2.350264486789703369e+03 3.600109866634113726e-02 -6.154991760002441303e+00
2.350287866115570068e+03 3.600109866634113726e-02 -6.154991760002441303e+00
2.350332351922988892e+03 3.600109866634113726e-02 -6.154991760002441303e+00
2.350368582963943481e+03 4.600140385143589722e-02 -6.079989471114230604e+00
2.350383678436279297e+03 3.600109866634113726e-02 -6.154991760002441303e+00
2.350397071838378906e+03 4.200128177739799462e-02 -6.109990386669514884e+00
2.350410354137420654e+03 4.000122074037903985e-02 -6.124990844447157023e+00
2.350429745912551880e+03 3.600109866634113726e-02 -6.154991760002441303e+00
2.350443377017974854e+03 3.800115970336008508e-02 -6.139991302224800052e+00
2.350457080125808716e+03 4.400134281441694245e-02 -6.094989928891872744e+00
2.350473836898803711e+03 4.000122074037903985e-02 -6.124990844447157023e+00
2.350517644882202148e+03 4.600140385143589722e-02 -6.079989471114230604e+00
2.350548374414443970e+03 3.600109866634113726e-02 -6.154991760002441303e+00
2.350612380027770996e+03 4.600140385143589722e-02 -6.079989471114230604e+00
2.350625387191772461e+03 3.400103762932218943e-02 -6.169992217780083443e+00
2.350653675079345703e+03 3.600109866634113726e-02 -6.154991760002441303e+00
2.350698486089706421e+03 4.200128177739799462e-02 -6.109990386669514884e+00
2.350711228132247925e+03 4.200128177739799462e-02 -6.109990386669514884e+00
2.350723398208618164e+03 3.600109866634113726e-02 -6.154991760002441303e+00
2.350734372377395630e+03 4.400134281441694245e-02 -6.094989928891872744e+00
2.350752020120620728e+03 3.600109866634113726e-02 -6.154991760002441303e+00
2.350774406194686890e+03 3.400103762932218943e-02 -6.169992217780083443e+00
2.350815595149993896e+03 3.600109866634113726e-02 -6.154991760002441303e+00
2.350831944704055786e+03 3.400103762932218943e-02 -6.169992217780083443e+00
2.350849707126617432e+03 3.800115970336008508e-02 -6.139991302224800052e+00
2.350867761373519897e+03 2.800085451826532859e-02 -6.214993591113010751e+00
2.350883142709732056e+03 3.200097659230323466e-02 -6.184992675557725583e+00
2.350901406049728394e+03 3.000091555528427989e-02 -6.199993133335367723e+00
2.350923184156417847e+03 3.800115970336008508e-02 -6.139991302224800052e+00
2.350969246625900269e+03 3.200097659230323466e-02 -6.184992675557725583e+00
2.351013001441955566e+03 4.200128177739799462e-02 -6.109990386669514884e+00
2.351071971416473389e+03 4.400134281441694245e-02 -6.094989928891872744e+00
2.351087069988250732e+03 3.800115970336008508e-02 -6.139991302224800052e+00
2.351120854854583740e+03 3.600109866634113726e-02 -6.154991760002441303e+00
2.351140054702758789e+03 4.600140385143589722e-02 -6.079989471114230604e+00
2.351167726993560791e+03 4.600140385143589722e-02 -6.079989471114230604e+00
2.351184529781341553e+03 3.600109866634113726e-02 -6.154991760002441303e+00
2.351199783086776733e+03 4.200128177739799462e-02 -6.109990386669514884e+00
2.351213437557220459e+03 4.600140385143589722e-02 -6.079989471114230604e+00
2.351252459764480591e+03 3.600109866634113726e-02 -6.154991760002441303e+00
2.351280013084411621e+03 4.200128177739799462e-02 -6.109990386669514884e+00
2.351298366785049438e+03 4.400134281441694245e-02 -6.094989928891872744e+00
2.351311827421188354e+03 4.200128177739799462e-02 -6.109990386669514884e+00
2.351325184822082520e+03 3.600109866634113726e-02 -6.154991760002441303e+00
2.351342888116836548e+03 3.800115970336008508e-02 -6.139991302224800052e+00
2.351353110790252686e+03 4.400134281441694245e-02 -6.094989928891872744e+00
2.351366595506668091e+03 3.600109866634113726e-02 -6.154991760002441303e+00
2.351380482196807861e+03 4.000122074037903985e-02 -6.124990844447157023e+00
2.351432134151458740e+03 3.600109866634113726e-02 -6.154991760002441303e+00
2.351464087963104248e+03 3.800115970336008508e-02 -6.139991302224800052e+00
2.351523686408996582e+03 3.800115970336008508e-02 -6.139991302224800052e+00
2.351547726631164551e+03 4.200128177739799462e-02 -6.109990386669514884e+00
2.351576769828796387e+03 3.600109866634113726e-02 -6.154991760002441303e+00
2.351605168104171753e+03 4.600140385143589722e-02 -6.079989471114230604e+00
2.351633711099624634e+03 4.000122074037903985e-02 -6.124990844447157023e+00
2.351676105022430420e+03 4.400134281441694245e-02 -6.094989928891872744e+00
2.351696371078491211e+03 3.800115970336008508e-02 -6.139991302224800052e+00
2.351732575416564941e+03 4.400134281441694245e-02 -6.094989928891872744e+00
2.351760119915008545e+03 4.400134281441694245e-02 -6.094989928891872744e+00
2.351772806167602539e+03 4.600140385143589722e-02 -6.079989471114230604e+00
2.351783775091171265e+03 3.600109866634113726e-02 -6.154991760002441303e+00
2.351794992685317993e+03 4.400134281441694245e-02 -6.094989928891872744e+00
2.351821483135223389e+03 3.800115970336008508e-02 -6.139991302224800052e+00
2.351868161439895630e+03 3.600109866634113726e-02 -6.154991760002441303e+00
2.351888724565505981e+03 3.600109866634113726e-02 -6.154991760002441303e+00
2.351902530193328857e+03 3.800115970336008508e-02 -6.139991302224800052e+00
2.351921214103698730e+03 4.600140385143589722e-02 -6.079989471114230604e+00
2.351936112642288208e+03 4.600140385143589722e-02 -6.079989471114230604e+00
2.351950604438781738e+03 4.000122074037903985e-02 -6.124990844447157023e+00
2.351968628406524658e+03 3.600109866634113726e-02 -6.154991760002441303e+00
2.352017135620117188e+03 4.600140385143589722e-02 -6.079989471114230604e+00
2.352046922206878662e+03 3.600109866634113726e-02 -6.154991760002441303e+00
2.352101796388626099e+03 3.600109866634113726e-02 -6.154991760002441303e+00
2.352115002393722534e+03 4.400134281441694245e-02 -6.094989928891872744e+00
2.352141323089599609e+03 4.600140385143589722e-02 -6.079989471114230604e+00
2.352176768302917480e+03 4.200128177739799462e-02 -6.109990386669514884e+00
2.352196903228759766e+03 4.400134281441694245e-02 -6.094989928891872744e+00
2.352212293148040771e+03 4.400134281441694245e-02 -6.094989928891872744e+00
2.352228219747543335e+03 3.600109866634113726e-02 -6.154991760002441303e+00
2.352241940498352051e+03 3.600109866634113726e-02 -6.154991760002441303e+00
2.352301098108291626e+03 3.600109866634113726e-02 -6.154991760002441303e+00
2.352318918228149414e+03 4.600140385143589722e-02 -6.079989471114230604e+00
2.352333376646041870e+03 4.400134281441694245e-02 -6.094989928891872744e+00
2.352347849607467651e+03 3.800115970336008508e-02 -6.139991302224800052e+00
2.352367558479309082e+03 3.800115970336008508e-02 -6.139991302224800052e+00
2.352384365320205688e+03 3.800115970336008508e-02 -6.139991302224800052e+00
2.352399590015411377e+03 4.400134281441694245e-02 -6.094989928891872744e+00
2.352440222501754761e+03 4.400134281441694245e-02 -6.094989928891872744e+00
2.352482127189636230e+03 4.000122074037903985e-02 -6.124990844447157023e+00
2.352539758920669556e+03 3.800115970336008508e-02 -6.139991302224800052e+00
2.352553708553314209e+03 4.600140385143589722e-02 -6.079989471114230604e+00
2.352576593160629272e+03 4.400134281441694245e-02 -6.094989928891872744e+00
2.352612617969512939e+03 3.600109866634113726e-02 -6.154991760002441303e+00
2.352634254217147827e+03 3.800115970336008508e-02 -6.139991302224800052e+00
2.352648149251937866e+03 3.600109866634113726e-02 -6.154991760002441303e+00
2.352663923740386963e+03 3.800115970336008508e-02 -6.139991302224800052e+00
2.352680331468582153e+03 4.600140385143589722e-02 -6.079989471114230604e+00
2.352721138715744019e+03 4.600140385143589722e-02 -6.079989471114230604e+00
2.352748656749725342e+03 3.800115970336008508e-02 -6.139991302224800052e+00
2.352763377904891968e+03 3.800115970336008508e-02 -6.139991302224800052e+00
2.352776856422424316e+03 4.600140385143589722e-02 -6.079989471114230604e+00
2.352796174764633179e+03 4.600140385143589722e-02 -6.079989471114230604e+00
2.352808829307556152e+03 4.000122074037903985e-02 -6.124990844447157023e+00
2.352824911355972290e+03 3.800115970336008508e-02 -6.139991302224800052e+00
2.352848013401031494e+03 3.600109866634113726e-02 -6.154991760002441303e+00
2.352910922050476074e+03 3.600109866634113726e-02 -6.154991760002441303e+00
2.352973535776138306e+03 3.600109866634113726e-02 -6.154991760002441303e+00
2.352988060712814331e+03 3.600109866634113726e-02 -6.154991760002441303e+00
2.353012192726135254e+03 4.000122074037903985e-02 -6.124990844447157023e+00
2.353040580749511719e+03 4.000122074037903985e-02 -6.124990844447157023e+00
2.353074099302291870e+03 4.400134281441694245e-02 -6.094989928891872744e+00
2.353133741617202759e+03 4.400134281441694245e-02 -6.094989928891872744e+00
2.353146524667739868e+03 3.600109866634113726e-02 -6.154991760002441303e+00
2.353170262575149536e+03 3.600109866634113726e-02 -6.154991760002441303e+00
2.353199629068374634e+03 4.400134281441694245e-02 -6.094989928891872744e+00
2.353222952365875244e+03 4.400134281441694245e-02 -6.094989928891872744e+00
2.353235497951507568e+03 4.600140385143589722e-02 -6.079989471114230604e+00
2.353247004032135010e+03 4.000122074037903985e-02 -6.124990844447157023e+00
2.353262134075164795e+03 4.000122074037903985e-02 -6.124990844447157023e+00
2.353321053266525269e+03 4.000122074037903985e-02 -6.124990844447157023e+00
2.353341863155364990e+03 4.400134281441694245e-02 -6.094989928891872744e+00
2.353358192205429077e+03 4.200128177739799462e-02 -6.109990386669514884e+00
2.353382098674774170e+03 4.600140385143589722e-02 -6.079989471114230604e+00
2.353396188020706177e+03 4.600140385143589722e-02 -6.079989471114230604e+00
2.353417852878570557e+03 4.400134281441694245e-02 -6.094989928891872744e+00
2.353461246252059937e+03 4.600140385143589722e-02 -6.079989471114230604e+00
2.353500641584396362e+03 3.800115970336008508e-02 -6.139991302224800052e+00
2.353559499979019165e+03 4.600140385143589722e-02 -6.079989471114230604e+00
2.353572742223739624e+03 4.400134281441694245e-02 -6.094989928891872744e+00
2.353604014873504639e+03 4.600140385143589722e-02 -6.079989471114230604e+00
2.353647274494171143e+03 3.800115970336008508e-02 -6.139991302224800052e+00
2.353663925170898438e+03 3.800115970336008508e-02 -6.139991302224800052e+00
2.353678543090820312e+03 4.600140385143589722e-02 -6.079989471114230604e+00
2.353691330909729004e+03 4.200128177739799462e-02 -6.109990386669514884e+00
2.353708599090576172e+03 3.600109866634113726e-02 -6.154991760002441303e+00
2.353753823280334473e+03 3.600109866634113726e-02 -6.154991760002441303e+00
2.353770278453826904e+03 3.800115970336008508e-02 -6.139991302224800052e+00
2.353783922433853149e+03 3.600109866634113726e-02 -6.154991760002441303e+00
2.353803057432174683e+03 4.600140385143589722e-02 -6.079989471114230604e+00
2.353819189548492432e+03 4.600140385143589722e-02 -6.079989471114230604e+00
2.353835228681564331e+03 4.400134281441694245e-02 -6.094989928891872744e+00
2.353850692510604858e+03 4.000122074037903985e-02 -6.124990844447157023e+00
2.353864039182662964e+03 3.600109866634113726e-02 -6.154991760002441303e+00
2.353904411315917969e+03 4.200128177739799462e-02 -6.109990386669514884e+00
2.353942679405212402e+03 3.600109866634113726e-02 -6.154991760002441303e+00
2.354002309799194336e+03 4.400134281441694245e-02 -6.094989928891872744e+00
2.354015990495681763e+03 4.600140385143589722e-02 -6.079989471114230604e+00
2.354045548200607300e+03 4.200128177739799462e-02 -6.109990386669514884e+00
2.354076617002487183e+03 4.000122074037903985e-02 -6.124990844447157023e+00
2.354098430871963501e+03 4.600140385143589722e-02 -6.079989471114230604e+00
2.354111727237701416e+03 4.600140385143589722e-02 -6.079989471114230604e+00
2.354124781608581543e+03 3.600109866634113726e-02 -6.154991760002441303e+00
2.354140325784683228e+03 4.600140385143589722e-02 -6.079989471114230604e+00
2.354183971405029297e+03 4.600140385143589722e-02 -6.079989471114230604e+00
2.354210982322692871e+03 4.200128177739799462e-02 -6.109990386669514884e+00
2.354225251436233521e+03 3.600109866634113726e-02 -6.154991760002441303e+00
2.354244990110397339e+03 3.800115970336008508e-02 -6.139991302224800052e+00
2.354268409490585327e+03 3.600109866634113726e-02 -6.154991760002441303e+00
2.354283217668533325e+03 4.000122074037903985e-02 -6.124990844447157023e+00
2.354300476789474487e+03 4.400134281441694245e-02 -6.094989928891872744e+00
2.354339936017990112e+03 4.600140385143589722e-02 -6.079989471114230604e+00
2.354379910707473755e+03 4.000122074037903985e-02 -6.124990844447157023e+00
2.354438884735107422e+03 4.400134281441694245e-02 -6.094989928891872744e+00
2.354452479362487793e+03 4.400134281441694245e-02 -6.094989928891872744e+00
2.354479122638702393e+03 4.200128177739799462e-02 -6.109990386669514884e+00
2.354508777856826782e+03 4.600140385143589722e-02 -6.079989471114230604e+00
2.354536700248718262e+03 3.600109866634113726e-02 -6.154991760002441303e+00
2.354570775032043457e+03 4.800146488845485199e-02 -6.064989013336589352e+00
2.354602920532226562e+03 3.600109866634113726e-02 -6.154991760002441303e+00
2.354632737398147583e+03 3.800115970336008508e-02 -6.139991302224800052e+00
2.354674553155899048e+03 3.800115970336008508e-02 -6.139991302224800052e+00
2.354686905622482300e+03 3.800115970336008508e-02 -6.139991302224800052e+00
2.354705295085906982e+03 3.800115970336008508e-02 -6.139991302224800052e+00
2.354718861341476440e+03 4.200128177739799462e-02 -6.109990386669514884e+00
2.354736310005187988e+03 4.600140385143589722e-02 -6.079989471114230604e+00
2.354790474891662598e+03 4.600140385143589722e-02 -6.079989471114230604e+00
2.354808275461196899e+03 3.600109866634113726e-02 -6.154991760002441303e+00
2.354823441505432129e+03 3.600109866634113726e-02 -6.154991760002441303e+00
2.354845781803131104e+03 4.200128177739799462e-02 -6.109990386669514884e+00
2.354861036777496338e+03 4.200128177739799462e-02 -6.109990386669514884e+00
2.354875228404998779e+03 4.600140385143589722e-02 -6.079989471114230604e+00
2.354923940181732178e+03 3.800115970336008508e-02 -6.139991302224800052e+00
2.354963409900665283e+03 3.600109866634113726e-02 -6.154991760002441303e+00
2.355023423910140991e+03 4.600140385143589722e-02 -6.079989471114230604e+00
2.355036759614944458e+03 4.400134281441694245e-02 -6.094989928891872744e+00
2.355058964729309082e+03 4.200128177739799462e-02 -6.109990386669514884e+00
2.355095264911651611e+03 4.600140385143589722e-02 -6.079989471114230604e+00
2.355118923187255859e+03 3.600109866634113726e-02 -6.154991760002441303e+00
2.355137329101562500e+03 4.400134281441694245e-02 -6.094989928891872744e+00
2.355150254249572754e+03 4.200128177739799462e-02 -6.109990386669514884e+00
2.355163403272628784e+03 3.400103762932218943e-02 -6.169992217780083443e+00
2.355207576036453247e+03 4.600140385143589722e-02 -6.079989471114230604e+00
2.355237010955810547e+03 3.600109866634113726e-02 -6.154991760002441303e+00
2.355252330303192139e+03 4.400134281441694245e-02 -6.094989928891872744e+00
2.355265522480010986e+03 3.600109866634113726e-02 -6.154991760002441303e+00
2.355279136180877686e+03 4.200128177739799462e-02 -6.109990386669514884e+00
2.355296224355697632e+03 4.600140385143589722e-02 -6.079989471114230604e+00
2.355312204837799072e+03 3.800115970336008508e-02 -6.139991302224800052e+00
2.355327382087707520e+03 3.400103762932218943e-02 -6.169992217780083443e+00
2.355372915029525757e+03 3.600109866634113726e-02 -6.154991760002441303e+00
2.355412084102630615e+03 4.200128177739799462e-02 -6.109990386669514884e+00
2.355477186441421509e+03 3.800115970336008508e-02 -6.139991302224800052e+00
2.355490665435791016e+03 4.200128177739799462e-02 -6.109990386669514884e+00
2.355518676519393921e+03 4.200128177739799462e-02 -6.109990386669514884e+00
2.355558257579803467e+03 3.800115970336008508e-02 -6.139991302224800052e+00
2.355575819015502930e+03 4.400134281441694245e-02 -6.094989928891872744e+00
2.355592072248458862e+03 4.400134281441694245e-02 -6.094989928891872744e+00
2.355603232860565186e+03 3.800115970336008508e-02 -6.139991302224800052e+00
2.355615079641342163e+03 4.200128177739799462e-02 -6.109990386669514884e+00
2.355656257629394531e+03 4.200128177739799462e-02 -6.109990386669514884e+00
2.355681909322738647e+03 4.200128177739799462e-02 -6.109990386669514884e+00
2.355696626663208008e+03 4.400134281441694245e-02 -6.094989928891872744e+00
2.355711406707763672e+03 4.000122074037903985e-02 -6.124990844447157023e+00
2.355728894233703613e+03 4.000122074037903985e-02 -6.124990844447157023e+00
2.355741795539855957e+03 4.000122074037903985e-02 -6.124990844447157023e+00
2.355753467559814453e+03 4.200128177739799462e-02 -6.109990386669514884e+00
2.355764739274978638e+03 4.000122074037903985e-02 -6.124990844447157023e+00
2.355778591632843018e+03 4.200128177739799462e-02 -6.109990386669514884e+00
2.355846863508224487e+03 4.000122074037903985e-02 -6.124990844447157023e+00
2.355860915660858154e+03 4.000122074037903985e-02 -6.124990844447157023e+00
2.355915471792221069e+03 4.200128177739799462e-02 -6.109990386669514884e+00
2.355929556131362915e+03 4.000122074037903985e-02 -6.124990844447157023e+00
2.355965616941452026e+03 4.200128177739799462e-02 -6.109990386669514884e+00
2.356001915693283081e+03 4.000122074037903985e-02 -6.124990844447157023e+00
2.356032104253768921e+03 4.000122074037903985e-02 -6.124990844447157023e+00
2.356073886871337891e+03 4.000122074037903985e-02 -6.124990844447157023e+00
2.356100781679153442e+03 3.800115970336008508e-02 -6.139991302224800052e+00
2.356135597705841064e+03 4.200128177739799462e-02 -6.109990386669514884e+00
2.356157817363739014e+03 4.200128177739799462e-02 -6.109990386669514884e+00
2.356173376083374023e+03 4.200128177739799462e-02 -6.109990386669514884e+00
2.356189205884933472e+03 4.000122074037903985e-02 -6.124990844447157023e+00
2.356201760530471802e+03 4.000122074037903985e-02 -6.124990844447157023e+00
2.356251288175582886e+03 4.000122074037903985e-02 -6.124990844447157023e+00
2.356270613670349121e+03 4.000122074037903985e-02 -6.124990844447157023e+00
2.356288885354995728e+03 4.000122074037903985e-02 -6.124990844447157023e+00
2.356303838253021240e+03 4.000122074037903985e-02 -6.124990844447157023e+00
2.356319991350173950e+03 4.400134281441694245e-02 -6.094989928891872744e+00
2.356333657503128052e+03 4.200128177739799462e-02 -6.109990386669514884e+00
2.356348315715789795e+03 4.000122074037903985e-02 -6.124990844447157023e+00
2.356362637042999268e+03 4.000122074037903985e-02 -6.124990844447157023e+00
2.356403438806533813e+03 4.400134281441694245e-02 -6.094989928891872744e+00
2.356444240093231201e+03 4.000122074037903985e-02 -6.124990844447157023e+00
2.356501429796218872e+03 4.000122074037903985e-02 -6.124990844447157023e+00
2.356514996051788330e+03 4.400134281441694245e-02 -6.094989928891872744e+00
2.356550286769866943e+03 4.400134281441694245e-02 -6.094989928891872744e+00
2.356591882467269897e+03 4.000122074037903985e-02 -6.124990844447157023e+00
2.356608389377593994e+03 4.000122074037903985e-02 -6.124990844447157023e+00
2.356624026536941528e+03 4.200128177739799462e-02 -6.109990386669514884e+00
2.356635982990264893e+03 4.400134281441694245e-02 -6.094989928891872744e+00
2.356676314353942871e+03 4.200128177739799462e-02 -6.109990386669514884e+00
2.356696720600128174e+03 4.200128177739799462e-02 -6.109990386669514884e+00
2.356711235046386719e+03 4.000122074037903985e-02 -6.124990844447157023e+00
2.356723012924194336e+03 4.000122074037903985e-02 -6.124990844447157023e+00
2.356740502119064331e+03 4.200128177739799462e-02 -6.109990386669514884e+00
2.356757777452468872e+03 4.200128177739799462e-02 -6.109990386669514884e+00
2.356771853685379028e+03 4.200128177739799462e-02 -6.109990386669514884e+00
2.356791978597640991e+03 4.000122074037903985e-02 -6.124990844447157023e+00
2.356836544275283813e+03 4.000122074037903985e-02 -6.124990844447157023e+00
2.356874409675598145e+03 4.400134281441694245e-02 -6.094989928891872744e+00
2.356933233022689819e+03 3.800115970336008508e-02 -6.139991302224800052e+00
2.356946992635726929e+03 3.800115970336008508e-02 -6.139991302224800052e+00
2.356973855495452881e+03 3.800115970336008508e-02 -6.139991302224800052e+00
2.357002693414688110e+03 4.200128177739799462e-02 -6.109990386669514884e+00
2.357030604362487793e+03 4.200128177739799462e-02 -6.109990386669514884e+00
2.357042401552200317e+03 3.800115970336008508e-02 -6.139991302224800052e+00
2.357054206609725952e+03 4.200128177739799462e-02 -6.109990386669514884e+00
2.357064973592758179e+03 4.000122074037903985e-02 -6.124990844447157023e+00
2.357081575632095337e+03 4.200128177739799462e-02 -6.109990386669514884e+00
2.357130142211914062e+03 4.000122074037903985e-02 -6.124990844447157023e+00
2.357148134708404541e+03 4.000122074037903985e-02 -6.124990844447157023e+00
2.357162920475006104e+03 4.000122074037903985e-02 -6.124990844447157023e+00
2.357178104400634766e+03 4.200128177739799462e-02 -6.109990386669514884e+00
2.357195326805114746e+03 4.200128177739799462e-02 -6.109990386669514884e+00
2.357210647344589233e+03 4.000122074037903985e-02 -6.124990844447157023e+00
2.357223783493041992e+03 3.800115970336008508e-02 -6.139991302224800052e+00
2.357253483295440674e+03 4.200128177739799462e-02 -6.109990386669514884e+00
2.357306104660034180e+03 4.000122074037903985e-02 -6.124990844447157023e+00
2.357320205450057983e+03 4.000122074037903985e-02 -6.124990844447157023e+00
2.357374590635299683e+03 4.200128177739799462e-02 -6.109990386669514884e+00
2.357388205528259277e+03 4.000122074037903985e-02 -6.124990844447157023e+00
2.357406637191772461e+03 3.800115970336008508e-02 -6.139991302224800052e+00
2.357441078424453735e+03 4.000122074037903985e-02 -6.124990844447157023e+00
2.357473322153091431e+03 4.200128177739799462e-02 -6.109990386669514884e+00
2.357503679513931274e+03 4.200128177739799462e-02 -6.109990386669514884e+00
2.357541048288345337e+03 4.000122074037903985e-02 -6.124990844447157023e+00
2.357566891670227051e+03 4.200128177739799462e-02 -6.109990386669514884e+00
2.357602588176727295e+03 3.600109866634113726e-02 -6.154991760002441303e+00
2.357623990774154663e+03 4.200128177739799462e-02 -6.109990386669514884e+00
2.357635997772216797e+03 4.200128177739799462e-02 -6.109990386669514884e+00
2.357649881601333618e+03 4.000122074037903985e-02 -6.124990844447157023e+00
2.357665544271469116e+03 4.000122074037903985e-02 -6.124990844447157023e+00
2.357705463886260986e+03 4.000122074037903985e-02 -6.124990844447157023e+00
2.357732064247131348e+03 4.000122074037903985e-02 -6.124990844447157023e+00
2.357750386714935303e+03 4.000122074037903985e-02 -6.124990844447157023e+00
2.357769691705703735e+03 3.800115970336008508e-02 -6.139991302224800052e+00
2.357793881177902222e+03 3.800115970336008508e-02 -6.139991302224800052e+00
2.357817847013473511e+03 4.200128177739799462e-02 -6.109990386669514884e+00
2.357848658084869385e+03 4.200128177739799462e-02 -6.109990386669514884e+00
2.357884339570999146e+03 4.400134281441694245e-02 -6.094989928891872744e+00
2.357915564537048340e+03 4.400134281441694245e-02 -6.094989928891872744e+00
2.357969648361206055e+03 4.200128177739799462e-02 -6.109990386669514884e+00
2.357983350992202759e+03 4.000122074037903985e-02 -6.124990844447157023e+00
2.358018666744232178e+03 4.000122074037903985e-02 -6.124990844447157023e+00
2.358051309347152710e+03 4.400134281441694245e-02 -6.094989928891872744e+00
2.358064494848251343e+03 4.000122074037903985e-02 -6.124990844447157023e+00
2.358078518867492676e+03 4.200128177739799462e-02 -6.109990386669514884e+00
2.358095157146453857e+03 4.200128177739799462e-02 -6.109990386669514884e+00
2.358107825517654419e+03 4.200128177739799462e-02 -6.109990386669514884e+00
2.358164724349975586e+03 4.000122074037903985e-02 -6.124990844447157023e+00
2.358179606199264526e+03 4.400134281441694245e-02 -6.094989928891872744e+00
2.358199806690216064e+03 4.400134281441694245e-02 -6.094989928891872744e+00
2.358213052511215210e+03 4.400134281441694245e-02 -6.094989928891872744e+00
2.358227001905441284e+03 4.000122074037903985e-02 -6.124990844447157023e+00
2.358240488290786743e+03 4.200128177739799462e-02 -6.109990386669514884e+00
2.358253504991531372e+03 4.400134281441694245e-02 -6.094989928891872744e+00
2.358267395973205566e+03 4.000122074037903985e-02 -6.124990844447157023e+00
2.358318479061126709e+03 4.200128177739799462e-02 -6.109990386669514884e+00
2.358349381685256958e+03 4.000122074037903985e-02 -6.124990844447157023e+00
2.358405193805694580e+03 4.000122074037903985e-02 -6.124990844447157023e+00
2.358425303220748901e+03 4.200128177739799462e-02 -6.109990386669514884e+00
2.358443700790405273e+03 4.400134281441694245e-02 -6.094989928891872744e+00
2.358488598346710205e+03 4.000122074037903985e-02 -6.124990844447157023e+00
2.358504760980606079e+03 4.200128177739799462e-02 -6.109990386669514884e+00
2.358521346330642700e+03 4.200128177739799462e-02 -6.109990386669514884e+00
2.358537146329879761e+03 4.200128177739799462e-02 -6.109990386669514884e+00
2.358575325012207031e+03 4.200128177739799462e-02 -6.109990386669514884e+00
2.358595126867294312e+03 4.400134281441694245e-02 -6.094989928891872744e+00
2.358609276294708252e+03 4.200128177739799462e-02 -6.109990386669514884e+00
2.358622767686843872e+03 4.000122074037903985e-02 -6.124990844447157023e+00
2.358636093139648438e+03 4.400134281441694245e-02 -6.094989928891872744e+00
2.358649620056152344e+03 4.200128177739799462e-02 -6.109990386669514884e+00
2.358662664413452148e+03 4.000122074037903985e-02 -6.124990844447157023e+00
2.358675894498825073e+03 4.400134281441694245e-02 -6.094989928891872744e+00
2.358690306186676025e+03 4.000122074037903985e-02 -6.124990844447157023e+00
2.358703076362609863e+03 4.000122074037903985e-02 -6.124990844447157023e+00
2.358754605531692505e+03 4.200128177739799462e-02 -6.109990386669514884e+00
2.358784824132919312e+03 4.200128177739799462e-02 -6.109990386669514884e+00
2.358840499877929688e+03 4.000122074037903985e-02 -6.124990844447157023e+00
2.358854424476623535e+03 4.400134281441694245e-02 -6.094989928891872744e+00
2.358871999740600586e+03 4.200128177739799462e-02 -6.109990386669514884e+00
2.358901480197906494e+03 4.000122074037903985e-02 -6.124990844447157023e+00
2.358935493230819702e+03 4.000122074037903985e-02 -6.124990844447157023e+00
2.358965318441390991e+03 4.400134281441694245e-02 -6.094989928891872744e+00
2.359001697540283203e+03 4.000122074037903985e-02 -6.124990844447157023e+00
2.359027700185775757e+03 4.400134281441694245e-02 -6.094989928891872744e+00
2.359063598394393921e+03 4.000122074037903985e-02 -6.124990844447157023e+00
2.359079562902450562e+03 4.200128177739799462e-02 -6.109990386669514884e+00
2.359092488527297974e+03 4.200128177739799462e-02 -6.109990386669514884e+00
2.359107616901397705e+03 4.000122074037903985e-02 -6.124990844447157023e+00
2.359119595050811768e+03 4.000122074037903985e-02 -6.124990844447157023e+00
2.359131754159927368e+03 4.400134281441694245e-02 -6.094989928891872744e+00
2.359172210454940796e+03 4.400134281441694245e-02 -6.094989928891872744e+00
2.359198867797851562e+03 4.000122074037903985e-02 -6.124990844447157023e+00
2.359213026285171509e+03 4.200128177739799462e-02 -6.109990386669514884e+00
2.359234476327896118e+03 4.000122074037903985e-02 -6.124990844447157023e+00
2.359252507448196411e+03 4.200128177739799462e-02 -6.109990386669514884e+00
2.359266309976577759e+03 4.000122074037903985e-02 -6.124990844447157023e+00
2.359279694795608521e+03 4.200128177739799462e-02 -6.109990386669514884e+00
2.359292819023132324e+03 4.400134281441694245e-02 -6.094989928891872744e+00
2.359345022201538086e+03 4.000122074037903985e-02 -6.124990844447157023e+00
2.359374314069747925e+03 4.200128177739799462e-02 -6.109990386669514884e+00
2.359429649829864502e+03 4.200128177739799462e-02 -6.109990386669514884e+00
2.359442962408065796e+03 4.000122074037903985e-02 -6.124990844447157023e+00
2.359468279838562012e+03 4.000122074037903985e-02 -6.124990844447157023e+00
2.359515152454376221e+03 4.000122074037903985e-02 -6.124990844447157023e+00
2.359525902509689331e+03 4.000122074037903985e-02 -6.124990844447157023e+00
2.359539130687713623e+03 4.200128177739799462e-02 -6.109990386669514884e+00
2.359551698446273804e+03 4.200128177739799462e-02 -6.109990386669514884e+00
2.359567548513412476e+03 4.000122074037903985e-02 -6.124990844447157023e+00
2.359617523193359375e+03 4.400134281441694245e-02 -6.094989928891872744e+00
2.359634589433670044e+03 4.200128177739799462e-02 -6.109990386669514884e+00
2.359656439304351807e+03 4.200128177739799462e-02 -6.109990386669514884e+00
2.359668444395065308e+03 4.000122074037903985e-02 -6.124990844447157023e+00
2.359681491374969482e+03 4.000122074037903985e-02 -6.124990844447157023e+00
2.359699266672134399e+03 4.400134281441694245e-02 -6.094989928891872744e+00
2.359716174840927124e+03 4.400134281441694245e-02 -6.094989928891872744e+00
2.359730724334716797e+03 4.200128177739799462e-02 -6.109990386669514884e+00
2.359781588077545166e+03 4.400134281441694245e-02 -6.094989928891872744e+00
2.359812457084655762e+03 4.000122074037903985e-02 -6.124990844447157023e+00
2.359868963241577148e+03 4.200128177739799462e-02 -6.109990386669514884e+00
2.359888889312744141e+03 4.000122074037903985e-02 -6.124990844447157023e+00
2.359924597024917603e+03 4.200128177739799462e-02 -6.109990386669514884e+00
2.359954254865646362e+03 4.000122074037903985e-02 -6.124990844447157023e+00
2.359968519926071167e+03 4.000122074037903985e-02 -6.124990844447157023e+00
2.359980725526809692e+03 4.000122074037903985e-02 -6.124990844447157023e+00
2.359993187665939331e+03 4.400134281441694245e-02 -6.094989928891872744e+00
2.360004822254180908e+03 4.000122074037903985e-02 -6.124990844447157023e+00
2.360063126564025879e+03 4.400134281441694245e-02 -6.094989928891872744e+00
2.360075333118438721e+03 4.400134281441694245e-02 -6.094989928891872744e+00
2.360091482639312744e+03 4.200128177739799462e-02 -6.109990386669514884e+00
2.360109131097793579e+03 4.000122074037903985e-02 -6.124990844447157023e+00
2.360131122589111328e+03 4.000122074037903985e-02 -6.124990844447157023e+00
2.360147138595581055e+03 4.000122074037903985e-02 -6.124990844447157023e+00
2.360170776605606079e+03 4.000122074037903985e-02 -6.124990844447157023e+00
2.360231029510498047e+03 4.000122074037903985e-02 -6.124990844447157023e+00
2.360245270967483521e+03 4.000122074037903985e-02 -6.124990844447157023e+00
2.360300508975982666e+03 4.000122074037903985e-02 -6.124990844447157023e+00
2.360320172309875488e+03 4.400134281441694245e-02 -6.094989928891872744e+00
2.360341586351394653e+03 4.400134281441694245e-02 -6.094989928891872744e+00
2.360370332241058350e+03 4.400134281441694245e-02 -6.094989928891872744e+00
2.360400278329849243e+03 4.000122074037903985e-02 -6.124990844447157023e+00
2.360451456546783447e+03 4.400134281441694245e-02 -6.094989928891872744e+00
2.360470185041427612e+03 4.000122074037903985e-02 -6.124990844447157023e+00
2.360503687143325806e+03 4.200128177739799462e-02 -6.109990386669514884e+00
2.360536908388137817e+03 4.200128177739799462e-02 -6.109990386669514884e+00
2.360549643754959106e+03 4.200128177739799462e-02 -6.109990386669514884e+00
2.360561374902725220e+03 4.000122074037903985e-02 -6.124990844447157023e+00
2.360576964378356934e+03 4.400134281441694245e-02 -6.094989928891872744e+00
2.360602897405624390e+03 4.400134281441694245e-02 -6.094989928891872744e+00
2.360645842552185059e+03 4.000122074037903985e-02 -6.124990844447157023e+00
2.360670368432998657e+03 4.000122074037903985e-02 -6.124990844447157023e+00
2.360692864179611206e+03 4.000122074037903985e-02 -6.124990844447157023e+00
2.360708118915557861e+03 4.000122074037903985e-02 -6.124990844447157023e+00
2.360729361295700073e+03 4.000122074037903985e-02 -6.124990844447157023e+00
2.360744297981262207e+03 4.000122074037903985e-02 -6.124990844447157023e+00
2.360789827823638916e+03 4.000122074037903985e-02 -6.124990844447157023e+00
2.360820078134536743e+03 4.400134281441694245e-02 -6.094989928891872744e+00
2.360875386953353882e+03 4.400134281441694245e-02 -6.094989928891872744e+00
2.360888586521148682e+03 4.000122074037903985e-02 -6.124990844447157023e+00
2.360918365955352783e+03 4.200128177739799462e-02 -6.109990386669514884e+00
2.360948269605636597e+03 4.000122074037903985e-02 -6.124990844447157023e+00
2.360970965385437012e+03 4.000122074037903985e-02 -6.124990844447157023e+00
2.360984687089920044e+03 4.000122074037903985e-02 -6.124990844447157023e+00
2.360995763063430786e+03 4.400134281441694245e-02 -6.094989928891872744e+00
2.361006735324859619e+03 4.000122074037903985e-02 -6.124990844447157023e+00
2.361018163204193115e+03 4.200128177739799462e-02 -6.109990386669514884e+00
2.361069980144500732e+03 4.000122074037903985e-02 -6.124990844447157023e+00
2.361085350990295410e+03 4.000122074037903985e-02 -6.124990844447157023e+00
2.361099628925323486e+03 4.200128177739799462e-02 -6.109990386669514884e+00
2.361112966060638428e+03 4.400134281441694245e-02 -6.094989928891872744e+00
2.361130263805389404e+03 4.000122074037903985e-02 -6.124990844447157023e+00
2.361142368078231812e+03 4.000122074037903985e-02 -6.124990844447157023e+00
2.361159980297088623e+03 4.400134281441694245e-02 -6.094989928891872744e+00
2.361182467937469482e+03 4.200128177739799462e-02 -6.109990386669514884e+00
2.361228063583374023e+03 4.200128177739799462e-02 -6.109990386669514884e+00
2.361259269237518311e+03 4.400134281441694245e-02 -6.094989928891872744e+00
2.361314794778823853e+03 4.400134281441694245e-02 -6.094989928891872744e+00
2.361328902959823608e+03 4.200128177739799462e-02 -6.109990386669514884e+00
2.361362558364868164e+03 4.000122074037903985e-02 -6.124990844447157023e+00
2.361386450290679932e+03 4.400134281441694245e-02 -6.094989928891872744e+00
2.361407509803771973e+03 4.200128177739799462e-02 -6.109990386669514884e+00
2.361420009136199951e+03 4.000122074037903985e-02 -6.124990844447157023e+00
2.361434821844100952e+03 4.400134281441694245e-02 -6.094989928891872744e+00
2.361450605869293213e+03 4.000122074037903985e-02 -6.124990844447157023e+00
2.361500344038009644e+03 4.000122074037903985e-02 -6.124990844447157023e+00
2.361517850637435913e+03 4.400134281441694245e-02 -6.094989928891872744e+00
2.361537021398544312e+03 4.400134281441694245e-02 -6.094989928891872744e+00
2.361554544925689697e+03 4.200128177739799462e-02 -6.109990386669514884e+00
2.361569050788879395e+03 4.000122074037903985e-02 -6.124990844447157023e+00
2.361583018302917480e+03 4.000122074037903985e-02 -6.124990844447157023e+00
2.361596948862075806e+03 4.400134281441694245e-02 -6.094989928891872744e+00
2.361610506057739258e+03 4.200128177739799462e-02 -6.109990386669514884e+00
2.361663774728775024e+03 4.000122074037903985e-02 -6.124990844447157023e+00
2.361694468736648560e+03 4.200128177739799462e-02 -6.109990386669514884e+00
2.361750962018966675e+03 4.200128177739799462e-02 -6.109990386669514884e+00
2.361764921188354492e+03 4.000122074037903985e-02 -6.124990844447157023e+00
2.361783405065536499e+03 4.000122074037903985e-02 -6.124990844447157023e+00
2.361817817449569702e+03 4.000122074037903985e-02 -6.124990844447157023e+00
2.361846067190170288e+03 4.400134281441694245e-02 -6.094989928891872744e+00
2.361880308389663696e+03 4.000122074037903985e-02 -6.124990844447157023e+00
2.361912612676620483e+03 4.400134281441694245e-02 -6.094989928891872744e+00
2.361938591480255127e+03 4.000122074037903985e-02 -6.124990844447157023e+00
2.361967572689056396e+03 4.400134281441694245e-02 -6.094989928891872744e+00
2.361989350318908691e+03 4.200128177739799462e-02 -6.109990386669514884e+00
2.362005893945693970e+03 4.000122074037903985e-02 -6.124990844447157023e+00
2.362025169372558594e+03 4.200128177739799462e-02 -6.109990386669514884e+00
2.362039503335952759e+03 4.400134281441694245e-02 -6.094989928891872744e+00
2.362090840339660645e+03 4.400134281441694245e-02 -6.094989928891872744e+00
2.362110335826873779e+03 4.000122074037903985e-02 -6.124990844447157023e+00
2.362123691558837891e+03 4.000122074037903985e-02 -6.124990844447157023e+00
2.362140830516815186e+03 4.400134281441694245e-02 -6.094989928891872744e+00
2.362152731180191040e+03 4.400134281441694245e-02 -6.094989928891872744e+00
2.362164367675781250e+03 4.000122074037903985e-02 -6.124990844447157023e+00
2.362176122426986694e+03 4.400134281441694245e-02 -6.094989928891872744e+00
2.362190418243408203e+03 4.200128177739799462e-02 -6.109990386669514884e+00
2.362203767299652100e+03 4.000122074037903985e-02 -6.124990844447157023e+00
2.362256740570068359e+03 4.000122074037903985e-02 -6.124990844447157023e+00
2.362285965204238892e+03 4.200128177739799462e-02 -6.109990386669514884e+00
2.362341926574707031e+03 4.000122074037903985e-02 -6.124990844447157023e+00
2.362363098859786987e+03 4.400134281441694245e-02 -6.094989928891872744e+00
2.362399463176727295e+03 4.400134281441694245e-02 -6.094989928891872744e+00
2.362432639837265015e+03 4.200128177739799462e-02 -6.109990386669514884e+00
2.362445654869079590e+03 4.000122074037903985e-02 -6.124990844447157023e+00
2.362457871437072754e+03 4.200128177739799462e-02 -6.109990386669514884e+00
2.362471552610397339e+03 4.200128177739799462e-02 -6.109990386669514884e+00
2.362496146917343140e+03 4.000122074037903985e-02 -6.124990844447157023e+00
2.362539998292922974e+03 4.200128177739799462e-02 -6.109990386669514884e+00
2.362556618213653564e+03 4.200128177739799462e-02 -6.109990386669514884e+00
2.362575187206268311e+03 4.200128177739799462e-02 -6.109990386669514884e+00
2.362589367389678955e+03 4.200128177739799462e-02 -6.109990386669514884e+00
2.362602249860763550e+03 4.200128177739799462e-02 -6.109990386669514884e+00
2.362621881008148193e+03 4.200128177739799462e-02 -6.109990386669514884e+00
2.362640053033828735e+03 4.400134281441694245e-02 -6.094989928891872744e+00
2.362694980144500732e+03 4.400134281441694245e-02 -6.094989928891872744e+00
2.362725890398025513e+03 4.200128177739799462e-02 -6.109990386669514884e+00
2.362782789707183838e+03 4.000122074037903985e-02 -6.124990844447157023e+00
2.362796592235565186e+03 4.400134281441694245e-02 -6.094989928891872744e+00
2.362823731422424316e+03 4.400134281441694245e-02 -6.094989928891872744e+00
2.362854459047317505e+03 4.000122074037903985e-02 -6.124990844447157023e+00
2.362878873109817505e+03 4.400134281441694245e-02 -6.094989928891872744e+00
2.362892948389053345e+03 4.200128177739799462e-02 -6.109990386669514884e+00
2.362904652357101440e+03 4.000122074037903985e-02 -6.124990844447157023e+00
2.362915471076965332e+03 4.200128177739799462e-02 -6.109990386669514884e+00
2.362932650089263916e+03 4.000122074037903985e-02 -6.124990844447157023e+00
2.362986524820327759e+03 4.200128177739799462e-02 -6.109990386669514884e+00
2.363000498056411743e+03 4.200128177739799462e-02 -6.109990386669514884e+00
2.363012969017028809e+03 4.200128177739799462e-02 -6.109990386669514884e+00
2.363026278495788574e+03 4.000122074037903985e-02 -6.124990844447157023e+00
2.363040800571441650e+03 4.200128177739799462e-02 -6.109990386669514884e+00
2.363054342746734619e+03 4.400134281441694245e-02 -6.094989928891872744e+00
2.363072576761245728e+03 4.000122074037903985e-02 -6.124990844447157023e+00
2.363086248874664307e+03 4.000122074037903985e-02 -6.124990844447157023e+00
2.363140018224716187e+03 4.000122074037903985e-02 -6.124990844447157023e+00
2.363170305490493774e+03 4.000122074037903985e-02 -6.124990844447157023e+00
2.363226721286773682e+03 4.000122074037903985e-02 -6.124990844447157023e+00
2.363240646362304688e+03 4.000122074037903985e-02 -6.124990844447157023e+00
2.363264471054077148e+03 4.200128177739799462e-02 -6.109990386669514884e+00
2.363293798923492432e+03 4.000122074037903985e-02 -6.124990844447157023e+00
2.363321915149688721e+03 3.800115970336008508e-02 -6.139991302224800052e+00
2.363351794481277466e+03 4.200128177739799462e-02 -6.109990386669514884e+00
2.363387675762176514e+03 4.000122074037903985e-02 -6.124990844447157023e+00
2.363413387060165405e+03 4.200128177739799462e-02 -6.109990386669514884e+00
2.363458427190780640e+03 4.000122074037903985e-02 -6.124990844447157023e+00
2.363472810506820679e+03 4.200128177739799462e-02 -6.109990386669514884e+00
2.363485807657241821e+03 4.000122074037903985e-02 -6.124990844447157023e+00
2.363502450704574585e+03 4.000122074037903985e-02 -6.124990844447157023e+00
2.363519316434860229e+03 4.400134281441694245e-02 -6.094989928891872744e+00
2.363562404632568359e+03 4.200128177739799462e-02 -6.109990386669514884e+00
2.363579630136489868e+03 4.400134281441694245e-02 -6.094989928891872744e+00
2.363594790697097778e+03 4.400134281441694245e-02 -6.094989928891872744e+00
2.363608429193496704e+03 4.000122074037903985e-02 -6.124990844447157023e+00
2.363625380992889404e+03 4.000122074037903985e-02 -6.124990844447157023e+00
2.363640359401702881e+03 4.200128177739799462e-02 -6.109990386669514884e+00
2.363653002977371216e+03 4.200128177739799462e-02 -6.109990386669514884e+00
2.363673079967498779e+03 4.000122074037903985e-02 -6.124990844447157023e+00
2.363725951910018921e+03 4.200128177739799462e-02 -6.109990386669514884e+00
2.363755851268768311e+03 4.200128177739799462e-02 -6.109990386669514884e+00
2.363811301946640015e+03 4.200128177739799462e-02 -6.109990386669514884e+00
2.363824599027633667e+03 3.800115970336008508e-02 -6.139991302224800052e+00
2.363848228216171265e+03 4.000122074037903985e-02 -6.124990844447157023e+00
2.363901044845581055e+03 4.200128177739799462e-02 -6.109990386669514884e+00
2.363916557073593140e+03 4.400134281441694245e-02 -6.094989928891872744e+00
2.363929572105407715e+03 4.000122074037903985e-02 -6.124990844447157023e+00
2.363944881439208984e+03 4.000122074037903985e-02 -6.124990844447157023e+00
2.363996523618698120e+03 4.000122074037903985e-02 -6.124990844447157023e+00
2.364012994527816772e+03 4.200128177739799462e-02 -6.109990386669514884e+00
2.364027419805526733e+03 4.000122074037903985e-02 -6.124990844447157023e+00
2.364041062355041504e+03 4.000122074037903985e-02 -6.124990844447157023e+00
2.364059217453002930e+03 4.400134281441694245e-02 -6.094989928891872744e+00
2.364074564456939697e+03 4.200128177739799462e-02 -6.109990386669514884e+00
2.364091826677322388e+03 4.200128177739799462e-02 -6.109990386669514884e+00
2.364105424165725708e+03 4.000122074037903985e-02 -6.124990844447157023e+00
2.364129533529281616e+03 4.000122074037903985e-02 -6.124990844447157023e+00
2.364177735805511475e+03 4.400134281441694245e-02 -6.094989928891872744e+00
2.364191611528396606e+03 4.400134281441694245e-02 -6.094989928891872744e+00
2.364246325731277466e+03 4.000122074037903985e-02 -6.124990844447157023e+00
2.364260012149810791e+03 4.200128177739799462e-02 -6.109990386669514884e+00
2.364286358833312988e+03 4.400134281441694245e-02 -6.094989928891872744e+00
2.364327111244201660e+03 4.000122074037903985e-02 -6.124990844447157023e+00
2.364344395399093628e+03 4.200128177739799462e-02 -6.109990386669514884e+00
2.364360299110412598e+03 4.200128177739799462e-02 -6.109990386669514884e+00
2.364375989198684692e+03 4.200128177739799462e-02 -6.109990386669514884e+00
2.364398414850234985e+03 4.200128177739799462e-02 -6.109990386669514884e+00
2.364456850290298462e+03 4.200128177739799462e-02 -6.109990386669514884e+00
2.364480890750885010e+03 4.000122074037903985e-02 -6.124990844447157023e+00
2.364502848863601685e+03 4.200128177739799462e-02 -6.109990386669514884e+00
2.364525662183761597e+03 4.000122074037903985e-02 -6.124990844447157023e+00
2.364543735980987549e+03 4.000122074037903985e-02 -6.124990844447157023e+00
2.364561960697174072e+03 4.200128177739799462e-02 -6.109990386669514884e+00
2.364580741882324219e+03 4.400134281441694245e-02 -6.094989928891872744e+00
2.364650961875915527e+03 4.200128177739799462e-02 -6.109990386669514884e+00
2.364768907785415649e+03 3.800115970336008508e-02 -6.139991302224800052e+00
2.364783082723617554e+03 4.000122074037903985e-02 -6.124990844447157023e+00
2.364809047460556030e+03 4.000122074037903985e-02 -6.124990844447157023e+00
2.364839018583297729e+03 4.000122074037903985e-02 -6.124990844447157023e+00
2.364868527173995972e+03 4.400134281441694245e-02 -6.094989928891872744e+00
2.364898653745651245e+03 4.000122074037903985e-02 -6.124990844447157023e+00
2.364936661243438721e+03 4.200128177739799462e-02 -6.109990386669514884e+00
