2.418362933397293091e+03 3.400103762932218943e-02 -6.169992217780083443e+00
2.418390441179275513e+03 3.600109866634113726e-02 -6.154991760002441303e+00
2.418401731491088867e+03 3.600109866634113726e-02 -6.154991760002441303e+00
2.418422478437423706e+03 3.800115970336008508e-02 -6.139991302224800052e+00
2.418435144424438477e+03 4.000122074037903985e-02 -6.124990844447157023e+00
2.418447640657424927e+03 3.400103762932218943e-02 -6.169992217780083443e+00
2.418462515115737915e+03 3.600109866634113726e-02 -6.154991760002441303e+00
2.418480346679687500e+03 3.800115970336008508e-02 -6.139991302224800052e+00
2.418499203920364380e+03 3.800115970336008508e-02 -6.139991302224800052e+00
2.418516736745834351e+03 3.600109866634113726e-02 -6.154991760002441303e+00
2.418533199310302734e+03 3.600109866634113726e-02 -6.154991760002441303e+00
2.418597111463546753e+03 3.800115970336008508e-02 -6.139991302224800052e+00
2.418608432531356812e+03 3.400103762932218943e-02 -6.169992217780083443e+00
2.418630429029464722e+03 3.600109866634113726e-02 -6.154991760002441303e+00
2.418646557092666626e+03 3.600109866634113726e-02 -6.154991760002441303e+00
2.418664715051651001e+03 3.600109866634113726e-02 -6.154991760002441303e+00
2.418677809953689575e+03 3.800115970336008508e-02 -6.139991302224800052e+00
2.418691092014312744e+03 3.600109866634113726e-02 -6.154991760002441303e+00
2.418709210157394409e+03 3.600109866634113726e-02 -6.154991760002441303e+00
2.418725811719894409e+03 3.600109866634113726e-02 -6.154991760002441303e+00
2.418743856430053711e+03 3.800115970336008508e-02 -6.139991302224800052e+00
2.418766092538833618e+03 3.800115970336008508e-02 -6.139991302224800052e+00
2.418781237125396729e+03 3.800115970336008508e-02 -6.139991302224800052e+00
2.418805270433425903e+03 3.800115970336008508e-02 -6.139991302224800052e+00
2.418833139896392822e+03 3.600109866634113726e-02 -6.154991760002441303e+00
2.418880477428436279e+03 3.800115970336008508e-02 -6.139991302224800052e+00
2.418915386199951172e+03 3.600109866634113726e-02 -6.154991760002441303e+00
2.418976144790649414e+03 3.800115970336008508e-02 -6.139991302224800052e+00
2.418989881515502930e+03 3.400103762932218943e-02 -6.169992217780083443e+00
2.419020876646041870e+03 3.600109866634113726e-02 -6.154991760002441303e+00
2.419050196647644043e+03 3.600109866634113726e-02 -6.154991760002441303e+00
2.419070626258850098e+03 3.600109866634113726e-02 -6.154991760002441303e+00
2.419086223602294922e+03 3.600109866634113726e-02 -6.154991760002441303e+00
2.419098285436630249e+03 3.800115970336008508e-02 -6.139991302224800052e+00
2.419111113548278809e+03 3.600109866634113726e-02 -6.154991760002441303e+00
2.419128861904144287e+03 3.600109866634113726e-02 -6.154991760002441303e+00
2.419150648593902588e+03 3.600109866634113726e-02 -6.154991760002441303e+00
2.419186781167984009e+03 3.800115970336008508e-02 -6.139991302224800052e+00
2.419198507308959961e+03 3.800115970336008508e-02 -6.139991302224800052e+00
2.419216459274291992e+03 3.600109866634113726e-02 -6.154991760002441303e+00
2.419233947992324829e+03 3.600109866634113726e-02 -6.154991760002441303e+00
2.419251475572586060e+03 3.400103762932218943e-02 -6.169992217780083443e+00
2.419263319969177246e+03 3.600109866634113726e-02 -6.154991760002441303e+00
2.419279318332672119e+03 3.800115970336008508e-02 -6.139991302224800052e+00
2.419296267509460449e+03 3.600109866634113726e-02 -6.154991760002441303e+00
2.419355712652206421e+03 3.600109866634113726e-02 -6.154991760002441303e+00
2.419418580293655396e+03 3.600109866634113726e-02 -6.154991760002441303e+00
2.419432193517684937e+03 3.600109866634113726e-02 -6.154991760002441303e+00
2.419452375650405884e+03 3.600109866634113726e-02 -6.154991760002441303e+00
2.419481580018997192e+03 3.400103762932218943e-02 -6.169992217780083443e+00
2.419509676456451416e+03 3.800115970336008508e-02 -6.139991302224800052e+00
2.419545233249664307e+03 3.800115970336008508e-02 -6.139991302224800052e+00
2.419581790208816528e+03 3.600109866634113726e-02 -6.154991760002441303e+00
2.419607768297195435e+03 3.800115970336008508e-02 -6.139991302224800052e+00
2.419650462865829468e+03 3.400103762932218943e-02 -6.169992217780083443e+00
2.419666227817535400e+03 3.400103762932218943e-02 -6.169992217780083443e+00
2.419682427406311035e+03 3.800115970336008508e-02 -6.139991302224800052e+00
2.419695509195327759e+03 3.800115970336008508e-02 -6.139991302224800052e+00
2.419706850290298462e+03 3.400103762932218943e-02 -6.169992217780083443e+00
2.419758517503738403e+03 3.600109866634113726e-02 -6.154991760002441303e+00
2.419774489879608154e+03 3.800115970336008508e-02 -6.139991302224800052e+00
2.419788227319717407e+03 3.400103762932218943e-02 -6.169992217780083443e+00
2.419801110029220581e+03 3.800115970336008508e-02 -6.139991302224800052e+00
2.419818857192993164e+03 3.800115970336008508e-02 -6.139991302224800052e+00
2.419837857961654663e+03 3.600109866634113726e-02 -6.154991760002441303e+00
2.419852478027343750e+03 3.600109866634113726e-02 -6.154991760002441303e+00
2.419872228622436523e+03 3.400103762932218943e-02 -6.169992217780083443e+00
2.419917502164840698e+03 3.600109866634113726e-02 -6.154991760002441303e+00
2.419948107481002808e+03 3.600109866634113726e-02 -6.154991760002441303e+00
2.420003588199615479e+03 3.400103762932218943e-02 -6.169992217780083443e+00
2.420017078876495361e+03 3.800115970336008508e-02 -6.139991302224800052e+00
2.420041341781616211e+03 3.800115970336008508e-02 -6.139991302224800052e+00
2.420084958791732788e+03 3.800115970336008508e-02 -6.139991302224800052e+00
2.420098591566085815e+03 3.800115970336008508e-02 -6.139991302224800052e+00
2.420114129781723022e+03 3.800115970336008508e-02 -6.139991302224800052e+00
2.420130471944808960e+03 3.400103762932218943e-02 -6.169992217780083443e+00
2.420143599987030029e+03 3.600109866634113726e-02 -6.154991760002441303e+00
2.420193526744842529e+03 3.800115970336008508e-02 -6.139991302224800052e+00
2.420211320161819458e+03 3.400103762932218943e-02 -6.169992217780083443e+00
2.420223800897598267e+03 3.600109866634113726e-02 -6.154991760002441303e+00
2.420237772941589355e+03 3.800115970336008508e-02 -6.139991302224800052e+00
2.420256343364715576e+03 3.600109866634113726e-02 -6.154991760002441303e+00
2.420269866466522217e+03 3.400103762932218943e-02 -6.169992217780083443e+00
2.420287545204162598e+03 3.600109866634113726e-02 -6.154991760002441303e+00
2.420302728652954102e+03 3.600109866634113726e-02 -6.154991760002441303e+00
2.420352701187133789e+03 3.400103762932218943e-02 -6.169992217780083443e+00
2.420385776042938232e+03 3.600109866634113726e-02 -6.154991760002441303e+00
2.420446248769760132e+03 3.600109866634113726e-02 -6.154991760002441303e+00
2.420459998607635498e+03 3.600109866634113726e-02 -6.154991760002441303e+00
2.420486520051956177e+03 3.800115970336008508e-02 -6.139991302224800052e+00
2.420529925107955933e+03 3.800115970336008508e-02 -6.139991302224800052e+00
2.420546468257904053e+03 3.400103762932218943e-02 -6.169992217780083443e+00
2.420557457208633423e+03 3.800115970336008508e-02 -6.139991302224800052e+00
2.420570447683334351e+03 3.600109866634113726e-02 -6.154991760002441303e+00
2.420587480545043945e+03 3.400103762932218943e-02 -6.169992217780083443e+00
2.420614695549011230e+03 3.400103762932218943e-02 -6.169992217780083443e+00
2.420657529115676880e+03 3.400103762932218943e-02 -6.169992217780083443e+00
2.420669640302658081e+03 3.600109866634113726e-02 -6.154991760002441303e+00
2.420690459012985229e+03 3.400103762932218943e-02 -6.169992217780083443e+00
2.420713356494903564e+03 3.400103762932218943e-02 -6.169992217780083443e+00
2.420726850032806396e+03 3.400103762932218943e-02 -6.169992217780083443e+00
2.420742131233215332e+03 3.800115970336008508e-02 -6.139991302224800052e+00
2.420759403228759766e+03 3.800115970336008508e-02 -6.139991302224800052e+00
2.420799427986145020e+03 3.800115970336008508e-02 -6.139991302224800052e+00
2.420841481447219849e+03 3.800115970336008508e-02 -6.139991302224800052e+00
2.420898992776870728e+03 3.800115970336008508e-02 -6.139991302224800052e+00
2.420913190126419067e+03 3.800115970336008508e-02 -6.139991302224800052e+00
2.420936604499816895e+03 3.600109866634113726e-02 -6.154991760002441303e+00
2.420971960067749023e+03 3.800115970336008508e-02 -6.139991302224800052e+00
2.421002158164978027e+03 3.600109866634113726e-02 -6.154991760002441303e+00
2.421055929183959961e+03 3.600109866634113726e-02 -6.154991760002441303e+00
2.421076592922210693e+03 3.400103762932218943e-02 -6.169992217780083443e+00
2.421118578195571899e+03 3.600109866634113726e-02 -6.154991760002441303e+00
2.421139463424682617e+03 3.800115970336008508e-02 -6.139991302224800052e+00
2.421152095317840576e+03 3.800115970336008508e-02 -6.139991302224800052e+00
2.421163722753524780e+03 3.400103762932218943e-02 -6.169992217780083443e+00
2.421181836843490601e+03 3.800115970336008508e-02 -6.139991302224800052e+00
2.421238581418991089e+03 3.400103762932218943e-02 -6.169992217780083443e+00
2.421252400398254395e+03 3.600109866634113726e-02 -6.154991760002441303e+00
2.421265436887741089e+03 3.600109866634113726e-02 -6.154991760002441303e+00
2.421278449058532715e+03 3.800115970336008508e-02 -6.139991302224800052e+00
2.421291934013366699e+03 3.600109866634113726e-02 -6.154991760002441303e+00
2.421305576086044312e+03 3.400103762932218943e-02 -6.169992217780083443e+00
2.421322847843170166e+03 3.800115970336008508e-02 -6.139991302224800052e+00
2.421334920406341553e+03 3.800115970336008508e-02 -6.139991302224800052e+00
2.421393601894378662e+03 3.400103762932218943e-02 -6.169992217780083443e+00
2.421424295902252197e+03 3.800115970336008508e-02 -6.139991302224800052e+00
2.421479843139648438e+03 3.800115970336008508e-02 -6.139991302224800052e+00
2.421492994785308838e+03 3.800115970336008508e-02 -6.139991302224800052e+00
2.421530735254287720e+03 3.800115970336008508e-02 -6.139991302224800052e+00
2.421554427146911621e+03 3.400103762932218943e-02 -6.169992217780083443e+00
2.421572922706604004e+03 3.600109866634113726e-02 -6.154991760002441303e+00
2.421587090015411377e+03 3.600109866634113726e-02 -6.154991760002441303e+00
2.421600834131240845e+03 3.800115970336008508e-02 -6.139991302224800052e+00
2.421611875057220459e+03 3.800115970336008508e-02 -6.139991302224800052e+00
2.421657441139221191e+03 3.400103762932218943e-02 -6.169992217780083443e+00
2.421676761388778687e+03 3.800115970336008508e-02 -6.139991302224800052e+00
2.421691292524337769e+03 3.600109866634113726e-02 -6.154991760002441303e+00
2.421705191373825073e+03 3.400103762932218943e-02 -6.169992217780083443e+00
2.421718529939651489e+03 3.800115970336008508e-02 -6.139991302224800052e+00
2.421738112688064575e+03 3.800115970336008508e-02 -6.139991302224800052e+00
2.421755155563354492e+03 3.600109866634113726e-02 -6.154991760002441303e+00
2.421770319938659668e+03 3.600109866634113726e-02 -6.154991760002441303e+00
2.421782816648483276e+03 3.600109866634113726e-02 -6.154991760002441303e+00
2.421835642337799072e+03 3.800115970336008508e-02 -6.139991302224800052e+00
2.421865072727203369e+03 3.800115970336008508e-02 -6.139991302224800052e+00
2.421921884298324585e+03 3.600109866634113726e-02 -6.154991760002441303e+00
2.421936010122299194e+03 3.800115970336008508e-02 -6.139991302224800052e+00
2.421958627223968506e+03 3.800115970336008508e-02 -6.139991302224800052e+00
2.421994109392166138e+03 3.400103762932218943e-02 -6.169992217780083443e+00
2.422016759157180786e+03 3.400103762932218943e-02 -6.169992217780083443e+00
2.422028019666671753e+03 3.600109866634113726e-02 -6.154991760002441303e+00
2.422040764570236206e+03 3.600109866634113726e-02 -6.154991760002441303e+00
2.422051910877227783e+03 3.800115970336008508e-02 -6.139991302224800052e+00
2.422069586515426636e+03 3.600109866634113726e-02 -6.154991760002441303e+00
2.422116254568099976e+03 3.600109866634113726e-02 -6.154991760002441303e+00
2.422129438638687134e+03 3.600109866634113726e-02 -6.154991760002441303e+00
2.422143213748931885e+03 3.600109866634113726e-02 -6.154991760002441303e+00
2.422159869194030762e+03 3.800115970336008508e-02 -6.139991302224800052e+00
2.422176574945449829e+03 3.600109866634113726e-02 -6.154991760002441303e+00
2.422194102764129639e+03 3.800115970336008508e-02 -6.139991302224800052e+00
2.422207258224487305e+03 3.600109866634113726e-02 -6.154991760002441303e+00
2.422220825672149658e+03 3.800115970336008508e-02 -6.139991302224800052e+00
2.422272107362747192e+03 3.600109866634113726e-02 -6.154991760002441303e+00
2.422301851034164429e+03 3.800115970336008508e-02 -6.139991302224800052e+00
2.422356501817703247e+03 3.800115970336008508e-02 -6.139991302224800052e+00
2.422370453357696533e+03 3.600109866634113726e-02 -6.154991760002441303e+00
2.422394737243652344e+03 3.600109866634113726e-02 -6.154991760002441303e+00
2.422423840999603271e+03 3.800115970336008508e-02 -6.139991302224800052e+00
2.422452341079711914e+03 3.800115970336008508e-02 -6.139991302224800052e+00
2.422482678174972534e+03 3.600109866634113726e-02 -6.154991760002441303e+00
2.422519672870635986e+03 3.800115970336008508e-02 -6.139991302224800052e+00
2.422545651674270630e+03 3.600109866634113726e-02 -6.154991760002441303e+00
2.422580354690551758e+03 3.600109866634113726e-02 -6.154991760002441303e+00
2.422601302146911621e+03 4.000122074037903985e-02 -6.124990844447157023e+00
2.422614266157150269e+03 3.600109866634113726e-02 -6.154991760002441303e+00
2.422625517129898071e+03 3.400103762932218943e-02 -6.169992217780083443e+00
2.422643857717514038e+03 3.600109866634113726e-02 -6.154991760002441303e+00
2.422686934232711792e+03 3.600109866634113726e-02 -6.154991760002441303e+00
2.422709435701370239e+03 3.600109866634113726e-02 -6.154991760002441303e+00
2.422721204996109009e+03 3.600109866634113726e-02 -6.154991760002441303e+00
2.422739107370376587e+03 3.800115970336008508e-02 -6.139991302224800052e+00
2.422760303735733032e+03 3.800115970336008508e-02 -6.139991302224800052e+00
2.422776572227478027e+03 3.800115970336008508e-02 -6.139991302224800052e+00
2.422794879436492920e+03 3.600109866634113726e-02 -6.154991760002441303e+00
2.422808899641036987e+03 3.400103762932218943e-02 -6.169992217780083443e+00
2.422864641904830933e+03 3.800115970336008508e-02 -6.139991302224800052e+00
2.422894201517105103e+03 3.400103762932218943e-02 -6.169992217780083443e+00
2.422950135469436646e+03 3.600109866634113726e-02 -6.154991760002441303e+00
2.422963434457778931e+03 3.600109866634113726e-02 -6.154991760002441303e+00
2.422989604473114014e+03 3.600109866634113726e-02 -6.154991760002441303e+00
2.423021892786026001e+03 3.400103762932218943e-02 -6.169992217780083443e+00
2.423047447204589844e+03 3.400103762932218943e-02 -6.169992217780083443e+00
2.423058348178863525e+03 3.800115970336008508e-02 -6.139991302224800052e+00
2.423071377754211426e+03 3.600109866634113726e-02 -6.154991760002441303e+00
2.423087071895599365e+03 3.600109866634113726e-02 -6.154991760002441303e+00
2.423138621807098389e+03 3.600109866634113726e-02 -6.154991760002441303e+00
2.423156339883804321e+03 3.800115970336008508e-02 -6.139991302224800052e+00
2.423170575380325317e+03 3.600109866634113726e-02 -6.154991760002441303e+00
2.423188738346099854e+03 3.600109866634113726e-02 -6.154991760002441303e+00
2.423202399015426636e+03 3.600109866634113726e-02 -6.154991760002441303e+00
2.423217865467071533e+03 3.800115970336008508e-02 -6.139991302224800052e+00
2.423233827352523804e+03 3.800115970336008508e-02 -6.139991302224800052e+00
2.423255210161209106e+03 3.400103762932218943e-02 -6.169992217780083443e+00
2.423301539182662964e+03 3.800115970336008508e-02 -6.139991302224800052e+00
2.423330466270446777e+03 3.400103762932218943e-02 -6.169992217780083443e+00
2.423386668920516968e+03 3.400103762932218943e-02 -6.169992217780083443e+00
2.423400695562362671e+03 3.600109866634113726e-02 -6.154991760002441303e+00
2.423427246809005737e+03 3.800115970336008508e-02 -6.139991302224800052e+00
2.423466770410537720e+03 3.600109866634113726e-02 -6.154991760002441303e+00
2.423480838537216187e+03 3.800115970336008508e-02 -6.139991302224800052e+00
2.423496255397796631e+03 3.800115970336008508e-02 -6.139991302224800052e+00
2.423511964321136475e+03 3.600109866634113726e-02 -6.154991760002441303e+00
2.423525441169738770e+03 3.600109866634113726e-02 -6.154991760002441303e+00
2.423575010538101196e+03 3.600109866634113726e-02 -6.154991760002441303e+00
2.423592930316925049e+03 3.600109866634113726e-02 -6.154991760002441303e+00
2.423608500003814697e+03 3.400103762932218943e-02 -6.169992217780083443e+00
2.423622439146041870e+03 3.600109866634113726e-02 -6.154991760002441303e+00
2.423635450839996338e+03 4.000122074037903985e-02 -6.124990844447157023e+00
2.423650197982788086e+03 3.600109866634113726e-02 -6.154991760002441303e+00
2.423666325807571411e+03 3.600109866634113726e-02 -6.154991760002441303e+00
2.423682579278945923e+03 3.800115970336008508e-02 -6.139991302224800052e+00
2.423700478315353394e+03 3.800115970336008508e-02 -6.139991302224800052e+00
2.423743216037750244e+03 3.800115970336008508e-02 -6.139991302224800052e+00
2.423774241924285889e+03 3.400103762932218943e-02 -6.169992217780083443e+00
2.423830661296844482e+03 3.800115970336008508e-02 -6.139991302224800052e+00
2.423844346284866333e+03 3.400103762932218943e-02 -6.169992217780083443e+00
2.423863569974899292e+03 3.600109866634113726e-02 -6.154991760002441303e+00
2.423891904354095459e+03 3.600109866634113726e-02 -6.154991760002441303e+00
2.423920902967453003e+03 3.600109866634113726e-02 -6.154991760002441303e+00
2.423951010227203369e+03 3.600109866634113726e-02 -6.154991760002441303e+00
2.423993406772613525e+03 3.600109866634113726e-02 -6.154991760002441303e+00
2.424019553184509277e+03 3.400103762932218943e-02 -6.169992217780083443e+00
2.424064257144927979e+03 3.800115970336008508e-02 -6.139991302224800052e+00
2.424078353643417358e+03 3.800115970336008508e-02 -6.139991302224800052e+00
2.424089516401290894e+03 3.600109866634113726e-02 -6.154991760002441303e+00
2.424104976654052734e+03 3.400103762932218943e-02 -6.169992217780083443e+00
2.424129338502883911e+03 3.600109866634113726e-02 -6.154991760002441303e+00
2.424175851583480835e+03 3.600109866634113726e-02 -6.154991760002441303e+00
2.424191406250000000e+03 3.600109866634113726e-02 -6.154991760002441303e+00
2.424207507848739624e+03 3.400103762932218943e-02 -6.169992217780083443e+00
2.424219521760940552e+03 3.600109866634113726e-02 -6.154991760002441303e+00
2.424245115280151367e+03 3.800115970336008508e-02 -6.139991302224800052e+00
2.424268587112426758e+03 3.600109866634113726e-02 -6.154991760002441303e+00
2.424283668756484985e+03 3.600109866634113726e-02 -6.154991760002441303e+00
2.424323526620864868e+03 3.800115970336008508e-02 -6.139991302224800052e+00
2.424365289211273193e+03 3.400103762932218943e-02 -6.169992217780083443e+00
2.424424944162368774e+03 3.400103762932218943e-02 -6.169992217780083443e+00
2.424438225269317627e+03 3.800115970336008508e-02 -6.139991302224800052e+00
2.424476413965225220e+03 3.800115970336008508e-02 -6.139991302224800052e+00
2.424497628211975098e+03 3.600109866634113726e-02 -6.154991760002441303e+00
2.424521057605743408e+03 3.800115970336008508e-02 -6.139991302224800052e+00
2.424533967018127441e+03 3.800115970336008508e-02 -6.139991302224800052e+00
2.424549991130828857e+03 3.400103762932218943e-02 -6.169992217780083443e+00
2.424566281318664551e+03 3.400103762932218943e-02 -6.169992217780083443e+00
2.424625347137451172e+03 3.400103762932218943e-02 -6.169992217780083443e+00
2.424638622045516968e+03 3.800115970336008508e-02 -6.139991302224800052e+00
2.424650234937667847e+03 3.600109866634113726e-02 -6.154991760002441303e+00
2.424664365053176880e+03 3.600109866634113726e-02 -6.154991760002441303e+00
2.424681363582611084e+03 3.800115970336008508e-02 -6.139991302224800052e+00
2.424700757741928101e+03 3.800115970336008508e-02 -6.139991302224800052e+00
2.424717230558395386e+03 3.800115970336008508e-02 -6.139991302224800052e+00
2.424731053829193115e+03 3.600109866634113726e-02 -6.154991760002441303e+00
2.424782589197158813e+03 3.800115970336008508e-02 -6.139991302224800052e+00
2.424813831329345703e+03 3.400103762932218943e-02 -6.169992217780083443e+00
2.424871275901794434e+03 3.800115970336008508e-02 -6.139991302224800052e+00
2.424887997865676880e+03 3.400103762932218943e-02 -6.169992217780083443e+00
2.424927318096160889e+03 3.600109866634113726e-02 -6.154991760002441303e+00
2.424960668325424194e+03 3.600109866634113726e-02 -6.154991760002441303e+00
2.424973412513732910e+03 3.800115970336008508e-02 -6.139991302224800052e+00
2.424987807512283325e+03 3.400103762932218943e-02 -6.169992217780083443e+00
2.425000851631164551e+03 3.800115970336008508e-02 -6.139991302224800052e+00
2.425016050815582275e+03 3.800115970336008508e-02 -6.139991302224800052e+00
2.425073605298995972e+03 3.800115970336008508e-02 -6.139991302224800052e+00
2.425090431928634644e+03 3.400103762932218943e-02 -6.169992217780083443e+00
2.425110751628875732e+03 3.600109866634113726e-02 -6.154991760002441303e+00
2.425129136085510254e+03 3.600109866634113726e-02 -6.154991760002441303e+00
2.425151334524154663e+03 3.400103762932218943e-02 -6.169992217780083443e+00
2.425165533065795898e+03 3.400103762932218943e-02 -6.169992217780083443e+00
2.425180078983306885e+03 3.800115970336008508e-02 -6.139991302224800052e+00
2.425233017921447754e+03 3.400103762932218943e-02 -6.169992217780083443e+00
2.425263744115829468e+03 3.800115970336008508e-02 -6.139991302224800052e+00
2.425320698976516724e+03 3.600109866634113726e-02 -6.154991760002441303e+00
2.425335304021835327e+03 3.800115970336008508e-02 -6.139991302224800052e+00
2.425358760833740234e+03 3.800115970336008508e-02 -6.139991302224800052e+00
2.425393454313278198e+03 3.800115970336008508e-02 -6.139991302224800052e+00
2.425424833297729492e+03 3.600109866634113726e-02 -6.154991760002441303e+00
2.425481762886047363e+03 3.600109866634113726e-02 -6.154991760002441303e+00
2.425501836776733398e+03 3.800115970336008508e-02 -6.139991302224800052e+00
2.425543521404266357e+03 3.800115970336008508e-02 -6.139991302224800052e+00
2.425569967746734619e+03 3.400103762932218943e-02 -6.169992217780083443e+00
2.425583227872848511e+03 3.600109866634113726e-02 -6.154991760002441303e+00
2.425595627069473267e+03 3.800115970336008508e-02 -6.139991302224800052e+00
2.425606287717819214e+03 3.400103762932218943e-02 -6.169992217780083443e+00
2.425634772539138794e+03 3.800115970336008508e-02 -6.139991302224800052e+00
2.425681580066680908e+03 3.800115970336008508e-02 -6.139991302224800052e+00
2.425700973749160767e+03 3.800115970336008508e-02 -6.139991302224800052e+00
2.425714492082595825e+03 3.800115970336008508e-02 -6.139991302224800052e+00
2.425727656841278076e+03 3.400103762932218943e-02 -6.169992217780083443e+00
2.425740575313568115e+03 3.600109866634113726e-02 -6.154991760002441303e+00
2.425756516933441162e+03 3.800115970336008508e-02 -6.139991302224800052e+00
2.425768873453140259e+03 3.600109866634113726e-02 -6.154991760002441303e+00
2.425788108825683594e+03 3.600109866634113726e-02 -6.154991760002441303e+00
2.425819275617599487e+03 3.800115970336008508e-02 -6.139991302224800052e+00
2.425858494520187378e+03 3.800115970336008508e-02 -6.139991302224800052e+00
2.425918761014938354e+03 3.600109866634113726e-02 -6.154991760002441303e+00
2.425934974193572998e+03 3.800115970336008508e-02 -6.139991302224800052e+00
2.425947943210601807e+03 3.600109866634113726e-02 -6.154991760002441303e+00
2.425958674192428589e+03 3.600109866634113726e-02 -6.154991760002441303e+00
2.425977217435836792e+03 3.600109866634113726e-02 -6.154991760002441303e+00
2.426016402482986450e+03 3.600109866634113726e-02 -6.154991760002441303e+00
2.426049871683120728e+03 3.600109866634113726e-02 -6.154991760002441303e+00
2.426062474012374878e+03 3.600109866634113726e-02 -6.154991760002441303e+00
2.426077373027801514e+03 3.800115970336008508e-02 -6.139991302224800052e+00
2.426093520879745483e+03 3.800115970336008508e-02 -6.139991302224800052e+00
2.426144669532775879e+03 3.800115970336008508e-02 -6.139991302224800052e+00
2.426161320209503174e+03 3.600109866634113726e-02 -6.154991760002441303e+00
2.426174762010574341e+03 3.800115970336008508e-02 -6.139991302224800052e+00
2.426192307949066162e+03 3.600109866634113726e-02 -6.154991760002441303e+00
2.426204765319824219e+03 3.400103762932218943e-02 -6.169992217780083443e+00
2.426218923807144165e+03 3.800115970336008508e-02 -6.139991302224800052e+00
2.426231419563293457e+03 3.600109866634113726e-02 -6.154991760002441303e+00
2.426246209621429443e+03 3.400103762932218943e-02 -6.169992217780083443e+00
2.426262885808944702e+03 3.800115970336008508e-02 -6.139991302224800052e+00
2.426293358325958252e+03 3.800115970336008508e-02 -6.139991302224800052e+00
2.426331818580627441e+03 3.800115970336008508e-02 -6.139991302224800052e+00
2.426393271684646606e+03 3.400103762932218943e-02 -6.169992217780083443e+00
2.426407539844512939e+03 3.400103762932218943e-02 -6.169992217780083443e+00
2.426431017637252808e+03 3.400103762932218943e-02 -6.169992217780083443e+00
2.426459808111190796e+03 3.600109866634113726e-02 -6.154991760002441303e+00
2.426486952304840088e+03 3.800115970336008508e-02 -6.139991302224800052e+00
2.426498322248458862e+03 3.800115970336008508e-02 -6.139991302224800052e+00
2.426513626575469971e+03 3.800115970336008508e-02 -6.139991302224800052e+00
2.426529292583465576e+03 3.600109866634113726e-02 -6.154991760002441303e+00
2.426582603216171265e+03 3.600109866634113726e-02 -6.154991760002441303e+00
2.426598760366439819e+03 4.000122074037903985e-02 -6.124990844447157023e+00
2.426612153768539429e+03 3.600109866634113726e-02 -6.154991760002441303e+00
2.426625357389450073e+03 3.400103762932218943e-02 -6.169992217780083443e+00
2.426639061927795410e+03 3.800115970336008508e-02 -6.139991302224800052e+00
2.426653139591217041e+03 3.800115970336008508e-02 -6.139991302224800052e+00
2.426675255060195923e+03 3.600109866634113726e-02 -6.154991760002441303e+00
2.426690560579299927e+03 3.400103762932218943e-02 -6.169992217780083443e+00
2.426716285467147827e+03 3.400103762932218943e-02 -6.169992217780083443e+00
2.426745950698852539e+03 3.800115970336008508e-02 -6.139991302224800052e+00
2.426775260448455811e+03 3.600109866634113726e-02 -6.154991760002441303e+00
2.426830493688583374e+03 3.800115970336008508e-02 -6.139991302224800052e+00
2.426850354433059692e+03 3.400103762932218943e-02 -6.169992217780083443e+00
2.426867024660110474e+03 3.600109866634113726e-02 -6.154991760002441303e+00
2.426895408391952515e+03 3.400103762932218943e-02 -6.169992217780083443e+00
2.426923462629318237e+03 3.600109866634113726e-02 -6.154991760002441303e+00
2.426952881574630737e+03 3.600109866634113726e-02 -6.154991760002441303e+00
2.426989530801773071e+03 3.600109866634113726e-02 -6.154991760002441303e+00
2.427018900871276855e+03 3.400103762932218943e-02 -6.169992217780083443e+00
2.427058695316314697e+03 3.600109866634113726e-02 -6.154991760002441303e+00
2.427073009729385376e+03 3.800115970336008508e-02 -6.139991302224800052e+00
2.427084115505218506e+03 3.400103762932218943e-02 -6.169992217780083443e+00
2.427099230051040649e+03 3.800115970336008508e-02 -6.139991302224800052e+00
2.427113879203796387e+03 3.800115970336008508e-02 -6.139991302224800052e+00
2.427147958993911743e+03 3.400103762932218943e-02 -6.169992217780083443e+00
2.427178431272506714e+03 3.600109866634113726e-02 -6.154991760002441303e+00
2.427196315765380859e+03 3.600109866634113726e-02 -6.154991760002441303e+00
2.427213945388793945e+03 3.800115970336008508e-02 -6.139991302224800052e+00
2.427233803749084473e+03 3.400103762932218943e-02 -6.169992217780083443e+00
2.427248402357101440e+03 3.400103762932218943e-02 -6.169992217780083443e+00
2.427262888193130493e+03 3.600109866634113726e-02 -6.154991760002441303e+00
2.427276353597640991e+03 3.800115970336008508e-02 -6.139991302224800052e+00
2.427319276094436646e+03 3.600109866634113726e-02 -6.154991760002441303e+00
2.427357567310333252e+03 3.800115970336008508e-02 -6.139991302224800052e+00
2.427417169570922852e+03 3.600109866634113726e-02 -6.154991760002441303e+00
2.427430605173110962e+03 3.600109866634113726e-02 -6.154991760002441303e+00
2.427458932638168335e+03 3.600109866634113726e-02 -6.154991760002441303e+00
2.427511761903762817e+03 3.400103762932218943e-02 -6.169992217780083443e+00
2.427525285243988037e+03 3.400103762932218943e-02 -6.169992217780083443e+00
2.427536678791046143e+03 3.800115970336008508e-02 -6.139991302224800052e+00
2.427551361322402954e+03 3.600109866634113726e-02 -6.154991760002441303e+00
2.427593672037124634e+03 3.600109866634113726e-02 -6.154991760002441303e+00
2.427617833137512207e+03 3.800115970336008508e-02 -6.139991302224800052e+00
2.427634476900100708e+03 3.600109866634113726e-02 -6.154991760002441303e+00
2.427651922225952148e+03 3.800115970336008508e-02 -6.139991302224800052e+00
2.427665426969528198e+03 3.400103762932218943e-02 -6.169992217780083443e+00
2.427681138038635254e+03 3.600109866634113726e-02 -6.154991760002441303e+00
2.427694450378417969e+03 3.800115970336008508e-02 -6.139991302224800052e+00
2.427707709789276123e+03 3.400103762932218943e-02 -6.169992217780083443e+00
2.427724249362945557e+03 3.600109866634113726e-02 -6.154991760002441303e+00
2.427786552667617798e+03 3.600109866634113726e-02 -6.154991760002441303e+00
2.427849971532821655e+03 3.400103762932218943e-02 -6.169992217780083443e+00
2.427862794399261475e+03 3.600109866634113726e-02 -6.154991760002441303e+00
2.427894589424133301e+03 3.600109866634113726e-02 -6.154991760002441303e+00
2.427935421705245972e+03 3.800115970336008508e-02 -6.139991302224800052e+00
2.427948774576187134e+03 3.600109866634113726e-02 -6.154991760002441303e+00
2.427960747957229614e+03 3.600109866634113726e-02 -6.154991760002441303e+00
2.427972056150436401e+03 3.800115970336008508e-02 -6.139991302224800052e+00
2.427982891082763672e+03 3.400103762932218943e-02 -6.169992217780083443e+00
2.427999594926834106e+03 3.800115970336008508e-02 -6.139991302224800052e+00
2.428049831628799438e+03 3.800115970336008508e-02 -6.139991302224800052e+00
2.428062264204025269e+03 3.600109866634113726e-02 -6.154991760002441303e+00
2.428082746982574463e+03 3.800115970336008508e-02 -6.139991302224800052e+00
2.428098864555358887e+03 3.800115970336008508e-02 -6.139991302224800052e+00
2.428112270832061768e+03 3.600109866634113726e-02 -6.154991760002441303e+00
2.428127639770507812e+03 3.400103762932218943e-02 -6.169992217780083443e+00
2.428145100116729736e+03 3.600109866634113726e-02 -6.154991760002441303e+00
2.428160108804702759e+03 3.800115970336008508e-02 -6.139991302224800052e+00
2.428194824695587158e+03 3.800115970336008508e-02 -6.139991302224800052e+00
2.428231854677200317e+03 3.800115970336008508e-02 -6.139991302224800052e+00
2.428291099548339844e+03 3.400103762932218943e-02 -6.169992217780083443e+00
2.428304596662521362e+03 3.400103762932218943e-02 -6.169992217780083443e+00
2.428325712680816650e+03 3.400103762932218943e-02 -6.169992217780083443e+00
2.428355125427246094e+03 3.400103762932218943e-02 -6.169992217780083443e+00
2.428389096975326538e+03 3.800115970336008508e-02 -6.139991302224800052e+00
2.428448591470718384e+03 3.400103762932218943e-02 -6.169992217780083443e+00
2.428461083412170410e+03 3.600109866634113726e-02 -6.154991760002441303e+00
2.428485139846801758e+03 3.800115970336008508e-02 -6.139991302224800052e+00
2.428524834871292114e+03 3.800115970336008508e-02 -6.139991302224800052e+00
2.428539276361465454e+03 3.800115970336008508e-02 -6.139991302224800052e+00
2.428550338506698608e+03 3.800115970336008508e-02 -6.139991302224800052e+00
2.428561411380767822e+03 3.400103762932218943e-02 -6.169992217780083443e+00
2.428576360702514648e+03 3.800115970336008508e-02 -6.139991302224800052e+00
2.428630272388458252e+03 3.800115970336008508e-02 -6.139991302224800052e+00
2.428644870996475220e+03 3.400103762932218943e-02 -6.169992217780083443e+00
2.428663238525390625e+03 3.600109866634113726e-02 -6.154991760002441303e+00
2.428676196098327637e+03 3.800115970336008508e-02 -6.139991302224800052e+00
2.428689518451690674e+03 3.600109866634113726e-02 -6.154991760002441303e+00
2.428706841945648193e+03 3.600109866634113726e-02 -6.154991760002441303e+00
2.428723205089569092e+03 3.800115970336008508e-02 -6.139991302224800052e+00
2.428739977836608887e+03 3.800115970336008508e-02 -6.139991302224800052e+00
2.428791864395141602e+03 3.600109866634113726e-02 -6.154991760002441303e+00
2.428822309255599976e+03 3.800115970336008508e-02 -6.139991302224800052e+00
2.428877689599990845e+03 3.800115970336008508e-02 -6.139991302224800052e+00
2.428891497135162354e+03 3.600109866634113726e-02 -6.154991760002441303e+00
2.428927827119827271e+03 3.800115970336008508e-02 -6.139991302224800052e+00
2.428969513177871704e+03 3.600109866634113726e-02 -6.154991760002441303e+00
2.428983137607574463e+03 3.600109866634113726e-02 -6.154991760002441303e+00
2.428996494770050049e+03 3.800115970336008508e-02 -6.139991302224800052e+00
2.429011761903762817e+03 3.600109866634113726e-02 -6.154991760002441303e+00
2.429054101467132568e+03 3.600109866634113726e-02 -6.154991760002441303e+00
2.429081417560577393e+03 3.600109866634113726e-02 -6.154991760002441303e+00
2.429096566438674927e+03 3.800115970336008508e-02 -6.139991302224800052e+00
2.429109906673431396e+03 3.600109866634113726e-02 -6.154991760002441303e+00
2.429127413034439087e+03 3.600109866634113726e-02 -6.154991760002441303e+00
2.429144008398056030e+03 3.600109866634113726e-02 -6.154991760002441303e+00
2.429161138057708740e+03 3.600109866634113726e-02 -6.154991760002441303e+00
2.429196142911911011e+03 3.800115970336008508e-02 -6.139991302224800052e+00
2.429226929664611816e+03 3.600109866634113726e-02 -6.154991760002441303e+00
2.429256297826766968e+03 3.600109866634113726e-02 -6.154991760002441303e+00
2.429312549114227295e+03 3.800115970336008508e-02 -6.139991302224800052e+00
2.429326338052749634e+03 3.400103762932218943e-02 -6.169992217780083443e+00
2.429352676630020142e+03 3.400103762932218943e-02 -6.169992217780083443e+00
2.429392755270004272e+03 3.800115970336008508e-02 -6.139991302224800052e+00
2.429406655073165894e+03 3.600109866634113726e-02 -6.154991760002441303e+00
2.429418084383010864e+03 3.800115970336008508e-02 -6.139991302224800052e+00
2.429428848743438721e+03 3.800115970336008508e-02 -6.139991302224800052e+00
2.429444218635559082e+03 3.600109866634113726e-02 -6.154991760002441303e+00
2.429499413251876831e+03 3.600109866634113726e-02 -6.154991760002441303e+00
2.429514698028564453e+03 4.000122074037903985e-02 -6.124990844447157023e+00
2.429532859086990356e+03 3.600109866634113726e-02 -6.154991760002441303e+00
2.429553258895874023e+03 3.800115970336008508e-02 -6.139991302224800052e+00
2.429569239139556885e+03 3.600109866634113726e-02 -6.154991760002441303e+00
2.429583935737609863e+03 3.600109866634113726e-02 -6.154991760002441303e+00
2.429604957818984985e+03 3.800115970336008508e-02 -6.139991302224800052e+00
2.429648439407348633e+03 3.600109866634113726e-02 -6.154991760002441303e+00
2.429690363883972168e+03 3.600109866634113726e-02 -6.154991760002441303e+00
2.429747656822204590e+03 3.600109866634113726e-02 -6.154991760002441303e+00
2.429773090600967407e+03 3.600109866634113726e-02 -6.154991760002441303e+00
2.429803954601287842e+03 3.800115970336008508e-02 -6.139991302224800052e+00
2.429832254171371460e+03 3.800115970336008508e-02 -6.139991302224800052e+00
2.429860979318618774e+03 3.600109866634113726e-02 -6.154991760002441303e+00
2.429904712915420532e+03 3.600109866634113726e-02 -6.154991760002441303e+00
2.429930773735046387e+03 3.800115970336008508e-02 -6.139991302224800052e+00
2.429981883287429810e+03 3.600109866634113726e-02 -6.154991760002441303e+00
2.429997690677642822e+03 4.000122074037903985e-02 -6.124990844447157023e+00
2.430014830827713013e+03 3.800115970336008508e-02 -6.139991302224800052e+00
2.430075129508972168e+03 3.800115970336008508e-02 -6.139991302224800052e+00
2.430093182563781738e+03 3.600109866634113726e-02 -6.154991760002441303e+00
2.430107734441757202e+03 3.600109866634113726e-02 -6.154991760002441303e+00
2.430125258207321167e+03 3.600109866634113726e-02 -6.154991760002441303e+00
2.430141860008239746e+03 3.800115970336008508e-02 -6.139991302224800052e+00
2.430166825294494629e+03 3.600109866634113726e-02 -6.154991760002441303e+00
2.430183607101440430e+03 3.800115970336008508e-02 -6.139991302224800052e+00
2.430236568927764893e+03 3.600109866634113726e-02 -6.154991760002441303e+00
2.430265926122665405e+03 3.600109866634113726e-02 -6.154991760002441303e+00
2.430321946382522583e+03 3.400103762932218943e-02 -6.169992217780083443e+00
2.430335169553756714e+03 4.000122074037903985e-02 -6.124990844447157023e+00
2.430370390415191650e+03 3.800115970336008508e-02 -6.139991302224800052e+00
2.430391585350036621e+03 3.600109866634113726e-02 -6.154991760002441303e+00
2.430415935039520264e+03 3.400103762932218943e-02 -6.169992217780083443e+00
2.430428117513656616e+03 3.600109866634113726e-02 -6.154991760002441303e+00
2.430439351797103882e+03 3.800115970336008508e-02 -6.139991302224800052e+00
2.430450299978256226e+03 3.800115970336008508e-02 -6.139991302224800052e+00
2.430461424350738525e+03 3.600109866634113726e-02 -6.154991760002441303e+00
2.430518062114715576e+03 3.800115970336008508e-02 -6.139991302224800052e+00
2.430535369396209717e+03 3.800115970336008508e-02 -6.139991302224800052e+00
2.430552293300628662e+03 3.800115970336008508e-02 -6.139991302224800052e+00
2.430565960168838501e+03 3.400103762932218943e-02 -6.169992217780083443e+00
2.430584393978118896e+03 3.600109866634113726e-02 -6.154991760002441303e+00
2.430603605031967163e+03 3.800115970336008508e-02 -6.139991302224800052e+00
2.430642257928848267e+03 3.600109866634113726e-02 -6.154991760002441303e+00
2.430671036481857300e+03 3.600109866634113726e-02 -6.154991760002441303e+00
2.430700177431106567e+03 4.000122074037903985e-02 -6.124990844447157023e+00
2.430755893230438232e+03 4.000122074037903985e-02 -6.124990844447157023e+00
2.430770339727401733e+03 3.800115970336008508e-02 -6.139991302224800052e+00
2.430793046474456787e+03 3.600109866634113726e-02 -6.154991760002441303e+00
2.430827210903167725e+03 3.800115970336008508e-02 -6.139991302224800052e+00
2.430850677013397217e+03 3.600109866634113726e-02 -6.154991760002441303e+00
2.430869841098785400e+03 3.600109866634113726e-02 -6.154991760002441303e+00
2.430882870674133301e+03 3.600109866634113726e-02 -6.154991760002441303e+00
2.430894638061523438e+03 3.800115970336008508e-02 -6.139991302224800052e+00
2.430950116395950317e+03 3.800115970336008508e-02 -6.139991302224800052e+00
2.430967588424682617e+03 3.600109866634113726e-02 -6.154991760002441303e+00
2.430980042934417725e+03 3.800115970336008508e-02 -6.139991302224800052e+00
2.430996151685714722e+03 4.000122074037903985e-02 -6.124990844447157023e+00
2.431014297962188721e+03 4.000122074037903985e-02 -6.124990844447157023e+00
2.431027590751647949e+03 3.600109866634113726e-02 -6.154991760002441303e+00
2.431040631294250488e+03 3.800115970336008508e-02 -6.139991302224800052e+00
2.431054286956787109e+03 4.000122074037903985e-02 -6.124990844447157023e+00
2.431106503248214722e+03 4.000122074037903985e-02 -6.124990844447157023e+00
2.431136053323745728e+03 3.800115970336008508e-02 -6.139991302224800052e+00
2.431192722320556641e+03 4.000122074037903985e-02 -6.124990844447157023e+00
2.431206419944763184e+03 3.600109866634113726e-02 -6.154991760002441303e+00
2.431229715108871460e+03 3.800115970336008508e-02 -6.139991302224800052e+00
2.431258890390396118e+03 3.800115970336008508e-02 -6.139991302224800052e+00
2.431287092685699463e+03 4.000122074037903985e-02 -6.124990844447157023e+00
2.431316449880599976e+03 3.800115970336008508e-02 -6.139991302224800052e+00
2.431352752923965454e+03 4.000122074037903985e-02 -6.124990844447157023e+00
2.431379070758819580e+03 3.600109866634113726e-02 -6.154991760002441303e+00
2.431422581195831299e+03 3.800115970336008508e-02 -6.139991302224800052e+00
2.431436116456985474e+03 4.000122074037903985e-02 -6.124990844447157023e+00
2.431447813034057617e+03 3.800115970336008508e-02 -6.139991302224800052e+00
2.431458922624588013e+03 3.800115970336008508e-02 -6.139991302224800052e+00
2.431470293521881104e+03 4.000122074037903985e-02 -6.124990844447157023e+00
2.431489599466323853e+03 3.800115970336008508e-02 -6.139991302224800052e+00
2.431530462503433228e+03 3.800115970336008508e-02 -6.139991302224800052e+00
2.431549184799194336e+03 3.800115970336008508e-02 -6.139991302224800052e+00
2.431562500953674316e+03 3.800115970336008508e-02 -6.139991302224800052e+00
2.431574975252151489e+03 4.000122074037903985e-02 -6.124990844447157023e+00
2.431593179702758789e+03 3.800115970336008508e-02 -6.139991302224800052e+00
2.431606553077697754e+03 3.600109866634113726e-02 -6.154991760002441303e+00
2.431626774549484253e+03 4.000122074037903985e-02 -6.124990844447157023e+00
2.431641723871231079e+03 3.800115970336008508e-02 -6.139991302224800052e+00
2.431683172702789307e+03 4.000122074037903985e-02 -6.124990844447157023e+00
2.431724425077438354e+03 3.600109866634113726e-02 -6.154991760002441303e+00
2.431788994073867798e+03 3.600109866634113726e-02 -6.154991760002441303e+00
2.431802450180053711e+03 3.800115970336008508e-02 -6.139991302224800052e+00
2.431827537775039673e+03 3.800115970336008508e-02 -6.139991302224800052e+00
2.431896931648254395e+03 3.600109866634113726e-02 -6.154991760002441303e+00
2.431922776460647583e+03 4.000122074037903985e-02 -6.124990844447157023e+00
2.431948235034942627e+03 3.800115970336008508e-02 -6.139991302224800052e+00
2.432002617597579956e+03 3.600109866634113726e-02 -6.154991760002441303e+00
2.432033941507339478e+03 3.800115970336008508e-02 -6.139991302224800052e+00
2.432052651166915894e+03 3.600109866634113726e-02 -6.154991760002441303e+00
2.432071431636810303e+03 3.600109866634113726e-02 -6.154991760002441303e+00
2.432093324661254883e+03 3.600109866634113726e-02 -6.154991760002441303e+00
2.432110398530960083e+03 3.800115970336008508e-02 -6.139991302224800052e+00
2.432126553297042847e+03 3.800115970336008508e-02 -6.139991302224800052e+00
2.432142501115798950e+03 3.800115970336008508e-02 -6.139991302224800052e+00
2.432161655426025391e+03 3.800115970336008508e-02 -6.139991302224800052e+00
2.432224194288253784e+03 4.000122074037903985e-02 -6.124990844447157023e+00
2.432253334999084473e+03 3.600109866634113726e-02 -6.154991760002441303e+00
2.432377757787704468e+03 3.600109866634113726e-02 -6.154991760002441303e+00
2.432392350196838379e+03 3.800115970336008508e-02 -6.139991302224800052e+00
2.432430482864379883e+03 3.800115970336008508e-02 -6.139991302224800052e+00
2.432468494653701782e+03 3.800115970336008508e-02 -6.139991302224800052e+00
2.432500439643859863e+03 3.600109866634113726e-02 -6.154991760002441303e+00
2.432533347845077515e+03 4.000122074037903985e-02 -6.124990844447157023e+00
2.432574500322341919e+03 4.000122074037903985e-02 -6.124990844447157023e+00
2.432595964908599854e+03 3.800115970336008508e-02 -6.139991302224800052e+00
2.432617986202239990e+03 3.800115970336008508e-02 -6.139991302224800052e+00
2.432649797677993774e+03 4.000122074037903985e-02 -6.124990844447157023e+00
2.432680616617202759e+03 3.600109866634113726e-02 -6.154991760002441303e+00
2.432699866771697998e+03 4.000122074037903985e-02 -6.124990844447157023e+00
2.432717702865600586e+03 4.000122074037903985e-02 -6.124990844447157023e+00
2.432734943151473999e+03 4.200128177739799462e-02 -6.109990386669514884e+00
2.432753011703491211e+03 3.600109866634113726e-02 -6.154991760002441303e+00
2.432807700634002686e+03 4.000122074037903985e-02 -6.124990844447157023e+00
2.432832064628601074e+03 3.800115970336008508e-02 -6.139991302224800052e+00
2.432845560073852539e+03 3.600109866634113726e-02 -6.154991760002441303e+00
2.432870833873748779e+03 3.800115970336008508e-02 -6.139991302224800052e+00
2.432886383771896362e+03 3.800115970336008508e-02 -6.139991302224800052e+00
2.432909970045089722e+03 4.000122074037903985e-02 -6.124990844447157023e+00
2.432926755189895630e+03 3.800115970336008508e-02 -6.139991302224800052e+00
2.432979294300079346e+03 3.800115970336008508e-02 -6.139991302224800052e+00
2.433009757518768311e+03 3.800115970336008508e-02 -6.139991302224800052e+00
2.433066364765167236e+03 3.800115970336008508e-02 -6.139991302224800052e+00
2.433080192804336548e+03 4.000122074037903985e-02 -6.124990844447157023e+00
2.433108070373535156e+03 4.000122074037903985e-02 -6.124990844447157023e+00
2.433140362501144409e+03 4.000122074037903985e-02 -6.124990844447157023e+00
2.433161909580230713e+03 4.000122074037903985e-02 -6.124990844447157023e+00
2.433174513816833496e+03 4.000122074037903985e-02 -6.124990844447157023e+00
2.433189828395843506e+03 3.800115970336008508e-02 -6.139991302224800052e+00
2.433205225229263306e+03 3.600109866634113726e-02 -6.154991760002441303e+00
2.433266093015670776e+03 4.000122074037903985e-02 -6.124990844447157023e+00
2.433283875703811646e+03 3.800115970336008508e-02 -6.139991302224800052e+00
2.433303959608078003e+03 4.000122074037903985e-02 -6.124990844447157023e+00
2.433325434923171997e+03 4.000122074037903985e-02 -6.124990844447157023e+00
2.433337604761123657e+03 4.000122074037903985e-02 -6.124990844447157023e+00
2.433353329896926880e+03 4.000122074037903985e-02 -6.124990844447157023e+00
2.433370617389678955e+03 3.800115970336008508e-02 -6.139991302224800052e+00
2.433439692020416260e+03 4.000122074037903985e-02 -6.124990844447157023e+00
2.433497599601745605e+03 4.000122074037903985e-02 -6.124990844447157023e+00
2.433517703056335449e+03 4.000122074037903985e-02 -6.124990844447157023e+00
2.433544198751449585e+03 3.800115970336008508e-02 -6.139991302224800052e+00
2.433578486680984497e+03 4.000122074037903985e-02 -6.124990844447157023e+00
2.433595006942749023e+03 4.000122074037903985e-02 -6.124990844447157023e+00
2.433612083196640015e+03 3.800115970336008508e-02 -6.139991302224800052e+00
2.433631172418594360e+03 3.800115970336008508e-02 -6.139991302224800052e+00
2.433685968875885010e+03 3.800115970336008508e-02 -6.139991302224800052e+00
2.433700026750564575e+03 3.800115970336008508e-02 -6.139991302224800052e+00
2.433716490268707275e+03 4.000122074037903985e-02 -6.124990844447157023e+00
2.433729391574859619e+03 3.800115970336008508e-02 -6.139991302224800052e+00
2.433749717712402344e+03 3.800115970336008508e-02 -6.139991302224800052e+00
2.433764167785644531e+03 3.800115970336008508e-02 -6.139991302224800052e+00
2.433778242111206055e+03 4.000122074037903985e-02 -6.124990844447157023e+00
2.433792868852615356e+03 4.000122074037903985e-02 -6.124990844447157023e+00
2.433844310998916626e+03 4.000122074037903985e-02 -6.124990844447157023e+00
2.433873610496520996e+03 3.800115970336008508e-02 -6.139991302224800052e+00
2.433929883480072021e+03 3.800115970336008508e-02 -6.139991302224800052e+00
2.433947491407394409e+03 3.600109866634113726e-02 -6.154991760002441303e+00
2.433981079339981079e+03 3.800115970336008508e-02 -6.139991302224800052e+00
2.434020928859710693e+03 3.800115970336008508e-02 -6.139991302224800052e+00
2.434053291559219360e+03 4.000122074037903985e-02 -6.124990844447157023e+00
2.434107939243316650e+03 4.000122074037903985e-02 -6.124990844447157023e+00
2.434132903337478638e+03 3.800115970336008508e-02 -6.139991302224800052e+00
2.434178835868835449e+03 3.800115970336008508e-02 -6.139991302224800052e+00
2.434209952592849731e+03 3.800115970336008508e-02 -6.139991302224800052e+00
2.434228465318679810e+03 3.800115970336008508e-02 -6.139991302224800052e+00
2.434241012334823608e+03 3.800115970336008508e-02 -6.139991302224800052e+00
2.434262103557586670e+03 4.000122074037903985e-02 -6.124990844447157023e+00
2.434286988496780396e+03 4.000122074037903985e-02 -6.124990844447157023e+00
2.434318824291229248e+03 4.000122074037903985e-02 -6.124990844447157023e+00
2.434348684787750244e+03 4.000122074037903985e-02 -6.124990844447157023e+00
2.434371100187301636e+03 3.800115970336008508e-02 -6.139991302224800052e+00
2.434388071537017822e+03 3.800115970336008508e-02 -6.139991302224800052e+00
2.434407174825668335e+03 3.800115970336008508e-02 -6.139991302224800052e+00
2.434426396846771240e+03 3.600109866634113726e-02 -6.154991760002441303e+00
2.434443471670150757e+03 3.800115970336008508e-02 -6.139991302224800052e+00
2.434461987495422363e+03 4.000122074037903985e-02 -6.124990844447157023e+00
2.434475332736968994e+03 4.000122074037903985e-02 -6.124990844447157023e+00
2.434525250196456909e+03 3.800115970336008508e-02 -6.139991302224800052e+00
2.434570795774459839e+03 3.800115970336008508e-02 -6.139991302224800052e+00
2.434642656087875366e+03 3.800115970336008508e-02 -6.139991302224800052e+00
2.434655846834182739e+03 4.000122074037903985e-02 -6.124990844447157023e+00
2.434669646501541138e+03 3.800115970336008508e-02 -6.139991302224800052e+00
2.434695891857147217e+03 3.800115970336008508e-02 -6.139991302224800052e+00
2.434715984344482422e+03 4.200128177739799462e-02 -6.109990386669514884e+00
2.434739354372024536e+03 3.800115970336008508e-02 -6.139991302224800052e+00
2.434773027658462524e+03 4.000122074037903985e-02 -6.124990844447157023e+00
2.434791790008544922e+03 3.800115970336008508e-02 -6.139991302224800052e+00
2.434812787771224976e+03 3.600109866634113726e-02 -6.154991760002441303e+00
2.434857158184051514e+03 3.800115970336008508e-02 -6.139991302224800052e+00
2.434892639160156250e+03 3.800115970336008508e-02 -6.139991302224800052e+00
2.434922575950622559e+03 4.000122074037903985e-02 -6.124990844447157023e+00
2.434937105655670166e+03 4.200128177739799462e-02 -6.109990386669514884e+00
2.434950330972671509e+03 3.800115970336008508e-02 -6.139991302224800052e+00
2.434964856386184692e+03 3.800115970336008508e-02 -6.139991302224800052e+00
2.434979186773300171e+03 4.000122074037903985e-02 -6.124990844447157023e+00
2.434997219085693359e+03 4.000122074037903985e-02 -6.124990844447157023e+00
2.435011927604675293e+03 3.800115970336008508e-02 -6.139991302224800052e+00
2.435028234481811523e+03 3.600109866634113726e-02 -6.154991760002441303e+00
2.435064498186111450e+03 3.800115970336008508e-02 -6.139991302224800052e+00
2.435104490756988525e+03 3.800115970336008508e-02 -6.139991302224800052e+00
2.435175781488418579e+03 4.000122074037903985e-02 -6.124990844447157023e+00
2.435190387487411499e+03 3.800115970336008508e-02 -6.139991302224800052e+00
2.435220992565155029e+03 4.000122074037903985e-02 -6.124990844447157023e+00
2.435250122547149658e+03 4.000122074037903985e-02 -6.124990844447157023e+00
2.435281042575836182e+03 3.800115970336008508e-02 -6.139991302224800052e+00
2.435336690902709961e+03 4.000122074037903985e-02 -6.124990844447157023e+00
2.435357861995697021e+03 3.800115970336008508e-02 -6.139991302224800052e+00
2.435386530637741089e+03 4.000122074037903985e-02 -6.124990844447157023e+00
2.435412642478942871e+03 3.800115970336008508e-02 -6.139991302224800052e+00
2.435428031444549561e+03 3.800115970336008508e-02 -6.139991302224800052e+00
2.435445485830307007e+03 4.000122074037903985e-02 -6.124990844447157023e+00
2.435459617853164673e+03 4.000122074037903985e-02 -6.124990844447157023e+00
2.435473700523376465e+03 3.800115970336008508e-02 -6.139991302224800052e+00
2.435529232025146484e+03 3.800115970336008508e-02 -6.139991302224800052e+00
2.435542518615722656e+03 4.000122074037903985e-02 -6.124990844447157023e+00
2.435557783126831055e+03 4.000122074037903985e-02 -6.124990844447157023e+00
2.435575361013412476e+03 3.800115970336008508e-02 -6.139991302224800052e+00
2.435596811294555664e+03 3.800115970336008508e-02 -6.139991302224800052e+00
2.435609591722488403e+03 3.800115970336008508e-02 -6.139991302224800052e+00
2.435622842788696289e+03 3.800115970336008508e-02 -6.139991302224800052e+00
2.435656326055526733e+03 4.000122074037903985e-02 -6.124990844447157023e+00
2.435703253030776978e+03 4.000122074037903985e-02 -6.124990844447157023e+00
2.435768612146377563e+03 4.000122074037903985e-02 -6.124990844447157023e+00
2.435782462120056152e+03 4.000122074037903985e-02 -6.124990844447157023e+00
2.435812331676483154e+03 4.200128177739799462e-02 -6.109990386669514884e+00
2.435848710536956787e+03 3.800115970336008508e-02 -6.139991302224800052e+00
2.435870117902755737e+03 3.800115970336008508e-02 -6.139991302224800052e+00
2.435883558988571167e+03 3.800115970336008508e-02 -6.139991302224800052e+00
2.435896713495254517e+03 4.000122074037903985e-02 -6.124990844447157023e+00
2.435913200855255127e+03 3.600109866634113726e-02 -6.154991760002441303e+00
2.435955227613449097e+03 3.600109866634113726e-02 -6.154991760002441303e+00
2.435982220649719238e+03 3.800115970336008508e-02 -6.139991302224800052e+00
2.435996708154678345e+03 4.000122074037903985e-02 -6.124990844447157023e+00
2.436020172357559204e+03 4.000122074037903985e-02 -6.124990844447157023e+00
2.436034278631210327e+03 4.000122074037903985e-02 -6.124990844447157023e+00
2.436047535181045532e+03 3.800115970336008508e-02 -6.139991302224800052e+00
2.436061501741409302e+03 4.000122074037903985e-02 -6.124990844447157023e+00
2.436079748868942261e+03 4.000122074037903985e-02 -6.124990844447157023e+00
2.436124900817871094e+03 4.000122074037903985e-02 -6.124990844447157023e+00
2.436155219793319702e+03 3.800115970336008508e-02 -6.139991302224800052e+00
2.436224380493164062e+03 3.600109866634113726e-02 -6.154991760002441303e+00
2.436238434791564941e+03 4.000122074037903985e-02 -6.124990844447157023e+00
2.436261422157287598e+03 4.000122074037903985e-02 -6.124990844447157023e+00
2.436309899330139160e+03 4.000122074037903985e-02 -6.124990844447157023e+00
2.436327051877975464e+03 3.800115970336008508e-02 -6.139991302224800052e+00
2.436339431047439575e+03 3.800115970336008508e-02 -6.139991302224800052e+00
2.436350498676300049e+03 4.000122074037903985e-02 -6.124990844447157023e+00
2.436376903057098389e+03 3.800115970336008508e-02 -6.139991302224800052e+00
2.436410325765609741e+03 3.800115970336008508e-02 -6.139991302224800052e+00
2.436428633928298950e+03 3.800115970336008508e-02 -6.139991302224800052e+00
2.436442909240722656e+03 3.800115970336008508e-02 -6.139991302224800052e+00
2.436459806680679321e+03 4.000122074037903985e-02 -6.124990844447157023e+00
2.436471624851226807e+03 3.800115970336008508e-02 -6.139991302224800052e+00
2.436485061407089233e+03 3.800115970336008508e-02 -6.139991302224800052e+00
2.436499430656433105e+03 4.000122074037903985e-02 -6.124990844447157023e+00
2.436513139486312866e+03 4.000122074037903985e-02 -6.124990844447157023e+00
2.436560159206390381e+03 3.800115970336008508e-02 -6.139991302224800052e+00
2.436597592592239380e+03 4.000122074037903985e-02 -6.124990844447157023e+00
2.436656823396682739e+03 3.800115970336008508e-02 -6.139991302224800052e+00
2.436670414209365845e+03 3.800115970336008508e-02 -6.139991302224800052e+00
2.436697414636611938e+03 3.800115970336008508e-02 -6.139991302224800052e+00
2.436726752281188965e+03 4.000122074037903985e-02 -6.124990844447157023e+00
2.436756883621215820e+03 3.600109866634113726e-02 -6.154991760002441303e+00
2.436785106897354126e+03 4.000122074037903985e-02 -6.124990844447157023e+00
2.436821121692657471e+03 4.000122074037903985e-02 -6.124990844447157023e+00
2.436847304821014404e+03 4.000122074037903985e-02 -6.124990844447157023e+00
2.436882920980453491e+03 3.800115970336008508e-02 -6.139991302224800052e+00
2.436908668994903564e+03 3.600109866634113726e-02 -6.154991760002441303e+00
2.436925312042236328e+03 3.800115970336008508e-02 -6.139991302224800052e+00
2.436936715841293335e+03 4.000122074037903985e-02 -6.124990844447157023e+00
2.436947480678558350e+03 3.800115970336008508e-02 -6.139991302224800052e+00
2.436997830152511597e+03 3.800115970336008508e-02 -6.139991302224800052e+00
2.437015396356582642e+03 4.000122074037903985e-02 -6.124990844447157023e+00
2.437027966976165771e+03 3.800115970336008508e-02 -6.139991302224800052e+00
2.437054692506790161e+03 3.800115970336008508e-02 -6.139991302224800052e+00
2.437068386554718018e+03 3.800115970336008508e-02 -6.139991302224800052e+00
2.437082680702209473e+03 3.800115970336008508e-02 -6.139991302224800052e+00
2.437103671312332153e+03 4.000122074037903985e-02 -6.124990844447157023e+00
2.437156405925750732e+03 3.800115970336008508e-02 -6.139991302224800052e+00
2.437187274217605591e+03 4.000122074037903985e-02 -6.124990844447157023e+00
2.437247220516204834e+03 3.800115970336008508e-02 -6.139991302224800052e+00
2.437261198997497559e+03 4.000122074037903985e-02 -6.124990844447157023e+00
2.437285820960998535e+03 4.000122074037903985e-02 -6.124990844447157023e+00
2.437316977977752686e+03 3.800115970336008508e-02 -6.139991302224800052e+00
2.437336654424667358e+03 4.000122074037903985e-02 -6.124990844447157023e+00
2.437351130485534668e+03 3.800115970336008508e-02 -6.139991302224800052e+00
2.437364114999771118e+03 3.800115970336008508e-02 -6.139991302224800052e+00
2.437379880428314209e+03 4.000122074037903985e-02 -6.124990844447157023e+00
2.437439223527908325e+03 3.800115970336008508e-02 -6.139991302224800052e+00
2.437455077171325684e+03 4.000122074037903985e-02 -6.124990844447157023e+00
2.437471227645874023e+03 3.800115970336008508e-02 -6.139991302224800052e+00
2.437486148357391357e+03 3.600109866634113726e-02 -6.154991760002441303e+00
2.437501156330108643e+03 4.000122074037903985e-02 -6.124990844447157023e+00
2.437525478363037109e+03 3.800115970336008508e-02 -6.139991302224800052e+00
2.437540770053863525e+03 4.000122074037903985e-02 -6.124990844447157023e+00
2.437569434165954590e+03 4.000122074037903985e-02 -6.124990844447157023e+00
2.437600276470184326e+03 3.800115970336008508e-02 -6.139991302224800052e+00
2.437630313634872437e+03 3.800115970336008508e-02 -6.139991302224800052e+00
2.437686433553695679e+03 3.600109866634113726e-02 -6.154991760002441303e+00
2.437701308727264404e+03 3.600109866634113726e-02 -6.154991760002441303e+00
2.437724009752273560e+03 4.000122074037903985e-02 -6.124990844447157023e+00
2.437757301092147827e+03 3.600109866634113726e-02 -6.154991760002441303e+00
2.437781924486160278e+03 4.000122074037903985e-02 -6.124990844447157023e+00
2.437795697450637817e+03 4.000122074037903985e-02 -6.124990844447157023e+00
2.437808904170989990e+03 3.600109866634113726e-02 -6.154991760002441303e+00
2.437825021505355835e+03 3.800115970336008508e-02 -6.139991302224800052e+00
2.437866287231445312e+03 4.000122074037903985e-02 -6.124990844447157023e+00
2.437888257026672363e+03 4.000122074037903985e-02 -6.124990844447157023e+00
2.437903567790985107e+03 3.800115970336008508e-02 -6.139991302224800052e+00
2.437920681476593018e+03 4.000122074037903985e-02 -6.124990844447157023e+00
2.437934904813766479e+03 4.000122074037903985e-02 -6.124990844447157023e+00
2.437957257747650146e+03 3.600109866634113726e-02 -6.154991760002441303e+00
2.437971856355667114e+03 3.800115970336008508e-02 -6.139991302224800052e+00
2.438033448934555054e+03 3.800115970336008508e-02 -6.139991302224800052e+00
2.438064552545547485e+03 4.000122074037903985e-02 -6.124990844447157023e+00
2.438119916677474976e+03 3.800115970336008508e-02 -6.139991302224800052e+00
2.438134335756301880e+03 4.000122074037903985e-02 -6.124990844447157023e+00
2.438153300523757935e+03 3.800115970336008508e-02 -6.139991302224800052e+00
2.438181507349014282e+03 3.800115970336008508e-02 -6.139991302224800052e+00
2.438209939956665039e+03 4.000122074037903985e-02 -6.124990844447157023e+00
2.438237952470779419e+03 3.800115970336008508e-02 -6.139991302224800052e+00
2.438281127214431763e+03 4.000122074037903985e-02 -6.124990844447157023e+00
2.438301466464996338e+03 4.000122074037903985e-02 -6.124990844447157023e+00
2.438337878704071045e+03 4.000122074037903985e-02 -6.124990844447157023e+00
2.438364603519439697e+03 3.800115970336008508e-02 -6.139991302224800052e+00
2.438381924629211426e+03 4.000122074037903985e-02 -6.124990844447157023e+00
2.438397360086441040e+03 4.000122074037903985e-02 -6.124990844447157023e+00
2.438424500942230225e+03 3.800115970336008508e-02 -6.139991302224800052e+00
2.438467848539352417e+03 3.800115970336008508e-02 -6.139991302224800052e+00
2.438482404947280884e+03 3.800115970336008508e-02 -6.139991302224800052e+00
2.438500276327133179e+03 4.000122074037903985e-02 -6.124990844447157023e+00
2.438515812873840332e+03 4.000122074037903985e-02 -6.124990844447157023e+00
2.438528813123703003e+03 3.600109866634113726e-02 -6.154991760002441303e+00
2.438542309761047363e+03 3.800115970336008508e-02 -6.139991302224800052e+00
2.438556620836257935e+03 4.000122074037903985e-02 -6.124990844447157023e+00
2.438570166349411011e+03 3.600109866634113726e-02 -6.154991760002441303e+00
2.438625037908554077e+03 3.600109866634113726e-02 -6.154991760002441303e+00
2.438656412124633789e+03 3.600109866634113726e-02 -6.154991760002441303e+00
2.438713105678558350e+03 4.000122074037903985e-02 -6.124990844447157023e+00
2.438726814270019531e+03 3.600109866634113726e-02 -6.154991760002441303e+00
2.438767006635665894e+03 3.600109866634113726e-02 -6.154991760002441303e+00
2.438798798322677612e+03 3.800115970336008508e-02 -6.139991302224800052e+00
2.438812548875808716e+03 4.000122074037903985e-02 -6.124990844447157023e+00
2.438824190378189087e+03 3.600109866634113726e-02 -6.154991760002441303e+00
2.438835479736328125e+03 4.000122074037903985e-02 -6.124990844447157023e+00
2.438846560478210449e+03 3.600109866634113726e-02 -6.154991760002441303e+00
2.438872798681259155e+03 4.000122074037903985e-02 -6.124990844447157023e+00
2.438916267871856689e+03 3.800115970336008508e-02 -6.139991302224800052e+00
2.438934340715408325e+03 3.600109866634113726e-02 -6.154991760002441303e+00
2.438949196815490723e+03 3.800115970336008508e-02 -6.139991302224800052e+00
2.438963759422302246e+03 3.800115970336008508e-02 -6.139991302224800052e+00
2.438983979940414429e+03 4.000122074037903985e-02 -6.124990844447157023e+00
2.439000085592269897e+03 4.000122074037903985e-02 -6.124990844447157023e+00
2.439020754575729370e+03 4.000122074037903985e-02 -6.124990844447157023e+00
2.439067605495452881e+03 4.000122074037903985e-02 -6.124990844447157023e+00
2.439096631526947021e+03 3.800115970336008508e-02 -6.139991302224800052e+00
2.439152963399887085e+03 4.000122074037903985e-02 -6.124990844447157023e+00
2.439167582511901855e+03 3.600109866634113726e-02 -6.154991760002441303e+00
2.439194669485092163e+03 3.800115970336008508e-02 -6.139991302224800052e+00
2.439236190080642700e+03 4.000122074037903985e-02 -6.124990844447157023e+00
2.439249635219573975e+03 3.600109866634113726e-02 -6.154991760002441303e+00
2.439261287927627563e+03 3.800115970336008508e-02 -6.139991302224800052e+00
2.439279286623001099e+03 4.000122074037903985e-02 -6.124990844447157023e+00
2.439292769670486450e+03 4.000122074037903985e-02 -6.124990844447157023e+00
2.439356261730194092e+03 3.800115970336008508e-02 -6.139991302224800052e+00
2.439377701044082642e+03 3.800115970336008508e-02 -6.139991302224800052e+00
2.439396529197692871e+03 3.800115970336008508e-02 -6.139991302224800052e+00
2.439413161754608154e+03 3.600109866634113726e-02 -6.154991760002441303e+00
2.439431380033493042e+03 3.600109866634113726e-02 -6.154991760002441303e+00
2.439446729183197021e+03 3.800115970336008508e-02 -6.139991302224800052e+00
2.439502266645431519e+03 4.000122074037903985e-02 -6.124990844447157023e+00
2.439531897068023682e+03 3.600109866634113726e-02 -6.154991760002441303e+00
2.439587017536163330e+03 3.600109866634113726e-02 -6.154991760002441303e+00
2.439601094484329224e+03 3.800115970336008508e-02 -6.139991302224800052e+00
2.439625757217407227e+03 4.000122074037903985e-02 -6.124990844447157023e+00
2.439660839796066284e+03 3.600109866634113726e-02 -6.154991760002441303e+00
2.439691441059112549e+03 4.000122074037903985e-02 -6.124990844447157023e+00
2.439718767642974854e+03 3.600109866634113726e-02 -6.154991760002441303e+00
2.439750859498977661e+03 3.800115970336008508e-02 -6.139991302224800052e+00
2.439780470848083496e+03 3.800115970336008508e-02 -6.139991302224800052e+00
2.439812513351440430e+03 3.800115970336008508e-02 -6.139991302224800052e+00
2.439838654041290283e+03 3.600109866634113726e-02 -6.154991760002441303e+00
2.439857644319534302e+03 4.000122074037903985e-02 -6.124990844447157023e+00
2.439871157646179199e+03 3.800115970336008508e-02 -6.139991302224800052e+00
2.439890905141830444e+03 3.800115970336008508e-02 -6.139991302224800052e+00
2.439943345546722412e+03 3.800115970336008508e-02 -6.139991302224800052e+00
2.439962669610977173e+03 3.600109866634113726e-02 -6.154991760002441303e+00
2.439976079702377319e+03 4.000122074037903985e-02 -6.124990844447157023e+00
2.439989821910858154e+03 3.600109866634113726e-02 -6.154991760002441303e+00
2.440003590583801270e+03 3.800115970336008508e-02 -6.139991302224800052e+00
2.440023213624954224e+03 4.000122074037903985e-02 -6.124990844447157023e+00
2.440041428804397583e+03 4.000122074037903985e-02 -6.124990844447157023e+00
2.440054755210876465e+03 3.800115970336008508e-02 -6.139991302224800052e+00
2.440086593866348267e+03 3.600109866634113726e-02 -6.154991760002441303e+00
2.440109256267547607e+03 4.000122074037903985e-02 -6.124990844447157023e+00
2.440139466524124146e+03 3.800115970336008508e-02 -6.139991302224800052e+00
2.440195067167282104e+03 4.000122074037903985e-02 -6.124990844447157023e+00
2.440208582401275635e+03 3.600109866634113726e-02 -6.154991760002441303e+00
2.440236693620681763e+03 3.600109866634113726e-02 -6.154991760002441303e+00
2.440267012119293213e+03 4.000122074037903985e-02 -6.124990844447157023e+00
2.440290728330612183e+03 4.000122074037903985e-02 -6.124990844447157023e+00
2.440311131954193115e+03 3.400103762932218943e-02 -6.169992217780083443e+00
2.440331204891204834e+03 3.600109866634113726e-02 -6.154991760002441303e+00
2.440369277477264404e+03 3.800115970336008508e-02 -6.139991302224800052e+00
2.440404712677001953e+03 3.800115970336008508e-02 -6.139991302224800052e+00
2.440423764467239380e+03 3.800115970336008508e-02 -6.139991302224800052e+00
2.440442943096160889e+03 4.000122074037903985e-02 -6.124990844447157023e+00
2.440457454681396484e+03 4.000122074037903985e-02 -6.124990844447157023e+00
2.440480611801147461e+03 4.000122074037903985e-02 -6.124990844447157023e+00
2.440504021167755127e+03 4.000122074037903985e-02 -6.124990844447157023e+00
2.440546276569366455e+03 3.800115970336008508e-02 -6.139991302224800052e+00
2.440576921701431274e+03 3.800115970336008508e-02 -6.139991302224800052e+00
2.440632388114929199e+03 4.000122074037903985e-02 -6.124990844447157023e+00
2.440652533769607544e+03 3.600109866634113726e-02 -6.154991760002441303e+00
2.440678597688674927e+03 3.800115970336008508e-02 -6.139991302224800052e+00
2.440710871458053589e+03 4.000122074037903985e-02 -6.124990844447157023e+00
2.440724440574645996e+03 3.800115970336008508e-02 -6.139991302224800052e+00
2.440736343383789062e+03 4.000122074037903985e-02 -6.124990844447157023e+00
2.440747770547866821e+03 3.800115970336008508e-02 -6.139991302224800052e+00
2.440765155315399170e+03 3.800115970336008508e-02 -6.139991302224800052e+00
2.440808039426803589e+03 4.000122074037903985e-02 -6.124990844447157023e+00
2.440827836751937866e+03 3.600109866634113726e-02 -6.154991760002441303e+00
2.440842375278472900e+03 3.800115970336008508e-02 -6.139991302224800052e+00
2.440854681968688965e+03 4.000122074037903985e-02 -6.124990844447157023e+00
2.440875000953674316e+03 3.600109866634113726e-02 -6.154991760002441303e+00
2.440890218973159790e+03 3.600109866634113726e-02 -6.154991760002441303e+00
2.440903540134429932e+03 3.800115970336008508e-02 -6.139991302224800052e+00
2.440920441627502441e+03 4.000122074037903985e-02 -6.124990844447157023e+00
2.440941647052764893e+03 3.800115970336008508e-02 -6.139991302224800052e+00
2.441012446880340576e+03 3.600109866634113726e-02 -6.154991760002441303e+00
2.441026754379272461e+03 3.600109866634113726e-02 -6.154991760002441303e+00
2.441081561088562012e+03 3.800115970336008508e-02 -6.139991302224800052e+00
2.441095689773559570e+03 4.000122074037903985e-02 -6.124990844447157023e+00
2.441119323253631592e+03 4.000122074037903985e-02 -6.124990844447157023e+00
2.441153735399246216e+03 4.000122074037903985e-02 -6.124990844447157023e+00
2.441189318895339966e+03 3.800115970336008508e-02 -6.139991302224800052e+00
2.441237601995468140e+03 3.800115970336008508e-02 -6.139991302224800052e+00
2.441258261203765869e+03 3.800115970336008508e-02 -6.139991302224800052e+00
2.441294544458389282e+03 3.800115970336008508e-02 -6.139991302224800052e+00
2.441320657014846802e+03 4.000122074037903985e-02 -6.124990844447157023e+00
2.441334380388259888e+03 4.000122074037903985e-02 -6.124990844447157023e+00
2.441345468282699585e+03 3.600109866634113726e-02 -6.154991760002441303e+00
2.441360156774520874e+03 4.000122074037903985e-02 -6.124990844447157023e+00
2.441402420759201050e+03 3.800115970336008508e-02 -6.139991302224800052e+00
2.441425447702407837e+03 4.000122074037903985e-02 -6.124990844447157023e+00
2.441438479185104370e+03 4.000122074037903985e-02 -6.124990844447157023e+00
2.441455824136734009e+03 3.800115970336008508e-02 -6.139991302224800052e+00
2.441473114967346191e+03 3.800115970336008508e-02 -6.139991302224800052e+00
2.441487279653549194e+03 3.600109866634113726e-02 -6.154991760002441303e+00
2.441500803232192993e+03 4.000122074037903985e-02 -6.124990844447157023e+00
2.441514775276184082e+03 4.000122074037903985e-02 -6.124990844447157023e+00
2.441527769088745117e+03 3.600109866634113726e-02 -6.154991760002441303e+00
2.441551250457763672e+03 3.800115970336008508e-02 -6.139991302224800052e+00
2.441598420619964600e+03 4.000122074037903985e-02 -6.124990844447157023e+00
2.441612340450286865e+03 4.000122074037903985e-02 -6.124990844447157023e+00
2.441667291402816772e+03 3.600109866634113726e-02 -6.154991760002441303e+00
2.441680632829666138e+03 4.000122074037903985e-02 -6.124990844447157023e+00
2.441706963300704956e+03 3.800115970336008508e-02 -6.139991302224800052e+00
2.441750726699829102e+03 4.000122074037903985e-02 -6.124990844447157023e+00
2.441766592979431152e+03 3.800115970336008508e-02 -6.139991302224800052e+00
2.441780656814575195e+03 4.000122074037903985e-02 -6.124990844447157023e+00
2.441797242403030396e+03 3.800115970336008508e-02 -6.139991302224800052e+00
2.441815503597259521e+03 3.800115970336008508e-02 -6.139991302224800052e+00
2.441857986927032471e+03 3.800115970336008508e-02 -6.139991302224800052e+00
2.441875350475311279e+03 3.800115970336008508e-02 -6.139991302224800052e+00
2.441891274213790894e+03 3.800115970336008508e-02 -6.139991302224800052e+00
2.441907049655914307e+03 3.600109866634113726e-02 -6.154991760002441303e+00
2.441923998594284058e+03 4.000122074037903985e-02 -6.124990844447157023e+00
2.441941332578659058e+03 4.000122074037903985e-02 -6.124990844447157023e+00
2.441955523729324341e+03 4.000122074037903985e-02 -6.124990844447157023e+00
2.441985668897628784e+03 3.800115970336008508e-02 -6.139991302224800052e+00
2.442019443035125732e+03 4.000122074037903985e-02 -6.124990844447157023e+00
2.442049762964248657e+03 3.800115970336008508e-02 -6.139991302224800052e+00
2.442105481863021851e+03 3.600109866634113726e-02 -6.154991760002441303e+00
2.442119956254959106e+03 4.000122074037903985e-02 -6.124990844447157023e+00
2.442143271684646606e+03 4.000122074037903985e-02 -6.124990844447157023e+00
2.442187555789947510e+03 3.600109866634113726e-02 -6.154991760002441303e+00
2.442201955080032349e+03 3.800115970336008508e-02 -6.139991302224800052e+00
2.442220354557037354e+03 4.000122074037903985e-02 -6.124990844447157023e+00
2.442234563112258911e+03 4.000122074037903985e-02 -6.124990844447157023e+00
2.442253738164901733e+03 3.600109866634113726e-02 -6.154991760002441303e+00
2.442309320449829102e+03 3.600109866634113726e-02 -6.154991760002441303e+00
2.442322953224182129e+03 4.000122074037903985e-02 -6.124990844447157023e+00
2.442337752819061279e+03 4.000122074037903985e-02 -6.124990844447157023e+00
2.442355524301528931e+03 4.000122074037903985e-02 -6.124990844447157023e+00
2.442367381334304810e+03 3.600109866634113726e-02 -6.154991760002441303e+00
2.442391903638839722e+03 3.800115970336008508e-02 -6.139991302224800052e+00
2.442444708108901978e+03 3.600109866634113726e-02 -6.154991760002441303e+00
2.442483036041259766e+03 3.800115970336008508e-02 -6.139991302224800052e+00
2.442542372465133667e+03 4.000122074037903985e-02 -6.124990844447157023e+00
2.442556133270263672e+03 4.000122074037903985e-02 -6.124990844447157023e+00
2.442576204061508179e+03 4.000122074037903985e-02 -6.124990844447157023e+00
2.442605343580245972e+03 4.000122074037903985e-02 -6.124990844447157023e+00
2.442633495569229126e+03 3.800115970336008508e-02 -6.139991302224800052e+00
2.442661360025405884e+03 3.600109866634113726e-02 -6.154991760002441303e+00
2.442703610181808472e+03 4.000122074037903985e-02 -6.124990844447157023e+00
2.442723829984664917e+03 4.000122074037903985e-02 -6.124990844447157023e+00
2.442766607522964478e+03 4.000122074037903985e-02 -6.124990844447157023e+00
2.442787506103515625e+03 3.800115970336008508e-02 -6.139991302224800052e+00
2.442800191402435303e+03 4.000122074037903985e-02 -6.124990844447157023e+00
2.442813813686370850e+03 4.000122074037903985e-02 -6.124990844447157023e+00
2.442828068971633911e+03 3.600109866634113726e-02 -6.154991760002441303e+00
2.442887109041213989e+03 3.800115970336008508e-02 -6.139991302224800052e+00
2.442899761676788330e+03 4.000122074037903985e-02 -6.124990844447157023e+00
2.442916771650314331e+03 4.000122074037903985e-02 -6.124990844447157023e+00
2.442929907798767090e+03 3.600109866634113726e-02 -6.154991760002441303e+00
2.442943738698959351e+03 3.800115970336008508e-02 -6.139991302224800052e+00
2.442955437898635864e+03 4.000122074037903985e-02 -6.124990844447157023e+00
2.442969095230102539e+03 3.800115970336008508e-02 -6.139991302224800052e+00
2.442982602357864380e+03 3.800115970336008508e-02 -6.139991302224800052e+00
2.443010215997695923e+03 4.000122074037903985e-02 -6.124990844447157023e+00
2.443045220375061035e+03 3.800115970336008508e-02 -6.139991302224800052e+00
2.443074237823486328e+03 3.800115970336008508e-02 -6.139991302224800052e+00
2.443129565000534058e+03 3.800115970336008508e-02 -6.139991302224800052e+00
2.443142935037612915e+03 3.800115970336008508e-02 -6.139991302224800052e+00
2.443178700685501099e+03 4.000122074037903985e-02 -6.124990844447157023e+00
2.443200472354888916e+03 4.000122074037903985e-02 -6.124990844447157023e+00
2.443223051071166992e+03 4.000122074037903985e-02 -6.124990844447157023e+00
2.443236841440200806e+03 4.000122074037903985e-02 -6.124990844447157023e+00
2.443248132467269897e+03 3.800115970336008508e-02 -6.139991302224800052e+00
2.443259318590164185e+03 4.000122074037903985e-02 -6.124990844447157023e+00
2.443304193019866943e+03 3.800115970336008508e-02 -6.139991302224800052e+00
2.443334327697753906e+03 3.800115970336008508e-02 -6.139991302224800052e+00
2.443352454185485840e+03 3.800115970336008508e-02 -6.139991302224800052e+00
2.443366795778274536e+03 3.800115970336008508e-02 -6.139991302224800052e+00
2.443383066654205322e+03 4.000122074037903985e-02 -6.124990844447157023e+00
2.443399037599563599e+03 4.000122074037903985e-02 -6.124990844447157023e+00
2.443413481473922729e+03 4.000122074037903985e-02 -6.124990844447157023e+00
2.443427507638931274e+03 3.600109866634113726e-02 -6.154991760002441303e+00
2.443494713783264160e+03 3.800115970336008508e-02 -6.139991302224800052e+00
2.443509406566619873e+03 3.800115970336008508e-02 -6.139991302224800052e+00
2.443563890218734741e+03 3.800115970336008508e-02 -6.139991302224800052e+00
2.443589671850204468e+03 4.000122074037903985e-02 -6.124990844447157023e+00
2.443632161140441895e+03 3.800115970336008508e-02 -6.139991302224800052e+00
2.443649630784988403e+03 3.600109866634113726e-02 -6.154991760002441303e+00
2.443663751840591431e+03 4.000122074037903985e-02 -6.124990844447157023e+00
2.443679294347763062e+03 4.000122074037903985e-02 -6.124990844447157023e+00
2.443692383527755737e+03 3.800115970336008508e-02 -6.139991302224800052e+00
2.443757772684097290e+03 3.800115970336008508e-02 -6.139991302224800052e+00
2.443773860931396484e+03 3.800115970336008508e-02 -6.139991302224800052e+00
