3.408344014404736555e+00 2.801120281219482422e-01 2.384904851079730145e-02
3.414104190191351140e+00 5.527634620666503906e-01 8.745551336676357645e-03
3.416264256111331221e+00 8.230507373809814453e-01 2.257146639395554103e-03
3.416184253669850790e+00 1.094831705093383789e+00 1.998460347657343532e-03
3.416904275643178224e+00 1.365900516510009766e+00 1.697108066475803067e-03
3.415944246345408608e+00 1.637754678726196289e+00 3.437313067900654717e-03
3.415704239020966426e+00 1.907724618911743164e+00 2.116665644360942854e-03
3.415784241462446857e+00 2.178801774978637695e+00 2.810352656396895507e-03
3.418024309823907814e+00 2.458004951477050781e+00 2.855538071718255379e-03
3.421624419690542318e+00 2.726899147033691406e+00 2.061518708834302483e-03
3.421784424573504069e+00 2.995984077453613281e+00 1.933346356823649904e-03
3.421464414807581456e+00 3.263711690902709961e+00 1.670500021040611420e-03
3.422744453871273240e+00 3.533377408981323242e+00 1.091087833117003036e-03
3.422264439222388432e+00 3.799588680267333984e+00 1.254789264438035566e-03
3.422024431897946695e+00 4.069176912307739258e+00 1.916722261835111796e-03
3.421384412366100580e+00 4.336403608322143555e+00 1.778143126293267769e-03
3.422024431897946695e+00 4.604057312011718750e+00 1.916722261835131962e-03
3.422264439222388432e+00 4.871727943420410156e+00 1.120034180730616240e-03
3.421784424573504069e+00 5.144187927246093750e+00 1.848731620138309569e-03
3.422344441663869308e+00 5.411807537078857422e+00 1.030759354417122185e-03
3.422024431897946251e+00 5.682066202163696289e+00 1.741776439364788260e-03
3.421944429456465819e+00 5.951907157897949219e+00 1.869388480496700844e-03
3.421944429456465819e+00 6.224452972412109375e+00 7.838606392189689277e-04
3.422664451429791921e+00 6.491009235382080078e+00 1.202700413773639824e-03
3.422184436780908001e+00 6.760037899017333984e+00 1.440043946653644805e-03
3.422024431897946251e+00 7.027573108673095703e+00 1.741776439364769394e-03
3.421544417249060999e+00 7.295677900314331055e+00 1.834831185192845309e-03
3.418184314706869564e+00 7.563631772994995117e+00 2.682170591629088816e-03
3.413864182866908514e+00 7.833668708801269531e+00 1.188406579945755145e-02
3.417064280526139530e+00 8.100451946258544922e+00 1.612004528843031430e-03
3.416584265877255167e+00 8.369130611419677734e+00 1.982382368447107007e-03
3.416584265877254278e+00 8.638403415679931641e+00 2.137727512808442268e-03
3.416984278084658655e+00 8.914000988006591797e+00 1.142663419887150365e-03
3.416504263435773403e+00 9.186712741851806641e+00 1.600048829615245824e-03
3.417064280526139086e+00 9.457726240158081055e+00 1.708384656087302183e-03
3.416664268318734710e+00 9.729887008666992188e+00 2.001660446340626509e-03
3.419944368419446601e+00 1.000900578498840332e+01 3.094347168911753404e-03
3.420984400158696204e+00 1.027958607673645020e+01 2.405400827547391970e-03
3.422264439222388432e+00 1.054699230194091797e+01 1.488131433186329431e-03
3.421384412366100136e+00 1.081565260887145996e+01 2.030234364307791084e-03
3.421144405041658398e+00 1.108536267280578613e+01 2.408060199092117853e-03
3.421544417249061887e+00 1.136290264129638672e+01 3.225993674099026081e-03
3.421944429456465819e+00 1.162992763519287109e+01 1.254789264438054865e-03
3.421864427014984500e+00 1.189791011810302734e+01 2.285326839774132462e-03
3.421944429456465819e+00 1.216503739356994629e+01 1.781738970463869580e-03
3.422104434339427126e+00 1.243649387359619141e+01 1.385682933742293831e-03
3.422424444105350183e+00 1.270405960083007812e+01 1.348225108273291579e-03
3.422024431897946695e+00 1.297313427925109863e+01 1.916722261835148875e-03
3.421944429456465819e+00 1.323992848396301270e+01 1.689548527484645724e-03
3.421384412366100580e+00 1.350813341140747070e+01 2.182175666234209034e-03
3.422264439222388432e+00 1.377487802505493164e+01 1.254789264438035783e-03
3.422104434339427570e+00 1.404566144943237305e+01 1.496708630632127921e-03
3.422024431897946695e+00 1.431582474708557129e+01 1.831339590810598765e-03
3.421944429456465819e+00 1.458606553077697754e+01 1.376414047550071152e-03
3.421224407483138830e+00 1.485704636573791504e+01 2.337933619464357786e-03
3.411384107181005376e+00 1.513008117675781250e+01 1.213138831471616448e-02
3.417784302499466076e+00 1.540162611007690430e+01 1.462097970288869526e-03
3.416744270760215585e+00 1.567375564575195312e+01 1.763686438242670004e-03
3.417384290292062587e+00 1.594199132919311523e+01 9.600292977692247978e-04
3.416744270760216473e+00 1.621603512763977051e+01 1.352964051209230335e-03
3.416584265877254278e+00 1.648715686798095703e+01 1.899952715881597382e-03
3.415704239020965982e+00 1.676221513748168945e+01 2.653380807040381026e-03
3.416984278084657767e+00 1.703524971008300781e+01 1.505236953964590556e-03
3.416584265877253834e+00 1.731075477600097656e+01 1.723305329388175869e-03
3.421784424573504513e+00 1.758200573921203613e+01 2.092335345906958313e-03
3.422344441663869308e+00 1.785043382644653320e+01 1.030759354417122185e-03
3.422344441663868864e+00 1.811860346794128418e+01 1.530536825853838099e-03
3.422024431897946695e+00 1.838643789291381836e+01 1.197366904505749868e-03
3.422264439222388432e+00 1.865572905540466309e+01 9.666731784118027257e-04
3.422104434339427126e+00 1.892280173301696777e+01 1.131405377650504659e-03
3.422344441663869308e+00 1.919181609153747559e+01 8.616526646940017402e-04
3.422184436780907557e+00 1.945908546447753906e+01 1.741776439364776767e-03
3.421704422132023193e+00 1.972897076606750488e+01 1.600048829615174917e-03
3.421784424573504069e+00 1.999576473236083984e+01 2.092335345906958313e-03
3.421864427014984944e+00 2.026500201225280762e+01 1.727015355919919552e-03
3.422344441663869308e+00 2.053167486190795898e+01 1.530536825853866722e-03
3.421544417249060999e+00 2.080025339126586914e+01 1.651231786839107074e-03
3.421864427014984944e+00 2.106757545471191406e+01 2.354302082727720031e-03
3.422264439222388432e+00 2.133592987060546875e+01 1.376414047550036024e-03
3.421944429456465819e+00 2.160368227958679199e+01 2.033384458311333822e-03
3.421864427014984944e+00 2.187227964401245117e+01 1.304800333770161740e-03
3.421624419690542762e+00 2.213951802253723145e+01 2.137727512808424921e-03
3.417544295175023894e+00 2.241036272048950195e+01 8.495340186781212555e-03
3.410424077883236205e+00 2.267768907546997070e+01 1.376041993469041651e-02
3.416824273201697348e+00 2.294729852676391602e+01 2.584957994082214688e-03
3.415624236579485107e+00 2.321619677543640137e+01 2.787485289729712146e-03
3.416344258552812096e+00 2.348560476303100586e+01 2.140719435214265363e-03
3.415544234138005120e+00 2.375300669670104980e+01 2.228610136133508338e-03
3.416104251228369915e+00 2.402194046974182129e+01 2.332451938722480533e-03
3.417144282967619962e+00 2.428985691070556641e+01 1.280039063692215524e-03
3.417304287850581268e+00 2.455936956405639648e+01 9.798257990237724171e-04
3.416504263435774291e+00 2.483696675300598145e+01 2.939477397071003049e-03
3.421464414807581456e+00 2.510503816604614258e+01 2.017584805868935603e-03
3.422104434339427570e+00 2.537320995330810547e+01 1.131405377650504876e-03
3.421064402600177523e+00 2.564132905006408691e+01 2.271280444631016120e-03
3.421704422132023193e+00 2.591097187995910645e+01 1.385682933742319418e-03
3.420744392834254022e+00 2.618834948539733887e+01 2.512127618948156033e-03
3.422504446546830614e+00 2.646093702316284180e+01 1.385682933742288627e-03
3.422264439222388432e+00 2.673062419891357422e+01 1.592028484224212049e-03
3.420904397717216217e+00 2.700223278999328613e+01 2.653380807040476869e-03
