-4.320131839960936193e-02 2.806091308593750000e-01 2.653380807040394904e-03
-4.200128177739800156e-02 5.519988536834716797e-01 1.600048829615161039e-03
-4.160126956999420089e-02 8.321225643157958984e-01 2.039670051227251979e-03
-4.192127933591724420e-02 1.103375196456909180e+00 1.547173584455833334e-03
-4.248129642628253877e-02 1.374635457992553711e+00 1.982382368447021138e-03
-4.248129642628253877e-02 1.646517753601074219e+00 1.723305329388063545e-03
-4.448135746330149354e-02 1.917099237442016602e+00 4.011306779118951719e-03
-4.792146244697408769e-02 2.190293073654174805e+00 7.053838448516213527e-03
-4.448135746330150048e-02 2.462026119232177734e+00 2.609600667540260596e-03
-4.400134281441694245e-02 2.732866287231445312e+00 1.959651598047283758e-03
-4.352132816553240524e-02 3.005589485168457031e+00 1.627808872734509780e-03
-4.368133304849391996e-02 3.274695873260498047e+00 2.378643590012551132e-03
-4.344132572405164094e-02 3.545069694519042969e+00 1.551304896441597480e-03
-4.368133304849391996e-02 3.814442396163940430e+00 2.167460895120250450e-03
-4.288130863368633250e-02 4.086251735687255859e+00 1.704634081516757764e-03
-4.112125492110964980e-02 4.364020109176635742e+00 2.534954083500064355e-03
-3.952120609149448877e-02 4.634142160415649414e+00 1.627808872734513032e-03
-3.952120609149448877e-02 4.902945518493652344e+00 1.299885814108641150e-03
-3.992121829889828249e-02 5.177599906921386719e+00 1.916722261835121120e-03
-4.000122074037903985e-02 5.446521520614624023e+00 1.385682933742289928e-03
-4.064124027222511260e-02 5.723907947540283203e+00 2.313163759323895886e-03
-3.992121829889828249e-02 5.995954513549804688e+00 1.998460347657277612e-03
-3.952120609149448877e-02 6.265108108520507812e+00 1.627808872734512382e-03
-3.960120853297524612e-02 6.532787561416625977e+00 2.190957092724911404e-03
-3.912119388409070198e-02 6.803100585937500000e+00 1.505236953964482136e-03
-3.864117923520615089e-02 7.070725917816162109e+00 1.466468975467395946e-03
-3.888118655964842296e-02 7.340460062026977539e+00 1.394890230604604398e-03
-3.928119876705221669e-02 7.609958648681640625e+00 1.685756045648261706e-03
-3.856117679372539353e-02 7.880017518997192383e+00 2.080063478499710392e-03
-3.864117923520615089e-02 8.147272825241088867e+00 1.936654051896962532e-03
-3.832116946928312146e-02 8.417985916137695312e+00 1.760053712576677490e-03
-3.848117435224463617e-02 8.687112092971801758e+00 1.982382368447021571e-03
-3.880118411816766560e-02 8.957024335861206055e+00 2.400073244422742426e-03
-4.008122318185979721e-02 9.225334882736206055e+00 2.621835149366833016e-03
-4.248129642628253877e-02 9.497701168060302734e+00 4.875556465436966386e-03
-4.464136234626301519e-02 9.766833782196044922e+00 5.871328980951681306e-03
-4.008122318185979721e-02 1.003625893592834473e+01 1.440043946653647407e-03
-4.032123050630206929e-02 1.030799913406372070e+01 1.848731620138265768e-03
-4.000122074037903985e-02 1.057665920257568359e+01 1.600048829615163641e-03
-4.128125980407117146e-02 1.085167908668518066e+01 2.107574697646608965e-03
-4.096125003814814203e-02 1.112494039535522461e+01 2.199703463201094569e-03
-4.168127201147495825e-02 1.140155148506164551e+01 2.014410004836966230e-03
-4.304131351664785415e-02 1.171162128448486328e+01 2.271280444630955405e-03
-3.736114017151401928e-02 1.198817157745361328e+01 2.017584805868894403e-03
-3.728113773003326886e-02 1.225721740722656250e+01 1.483824242001540025e-03
-3.800115970336008508e-02 1.252958679199218750e+01 2.653380807040393169e-03
-3.840117191076387881e-02 1.279941082000732422e+01 1.788908975169240141e-03
-3.808116214484084244e-02 1.307073426246643066e+01 2.496794041599583684e-03
-3.896118900112918726e-02 1.333863997459411621e+01 2.199703463201093268e-03
-3.824116702780235716e-02 1.360826778411865234e+01 1.727015355919879003e-03
-3.800115970336008508e-02 1.387693333625793457e+01 1.600048829615161039e-03
-3.816116458632159980e-02 1.414657425880432129e+01 2.326957344662396437e-03
-3.808116214484084938e-02 1.441414880752563477e+01 1.647351095723682260e-03
-3.808116214484084244e-02 1.468426871299743652e+01 1.998460347657276745e-03
-3.944120365001373141e-02 1.495169067382812500e+01 1.920058595538195025e-03
-3.952120609149448877e-02 1.522128081321716309e+01 1.627808872734512165e-03
-3.928119876705221669e-02 1.548961949348449707e+01 1.371756118633100539e-03
-3.904119144260993768e-02 1.575958633422851562e+01 2.271280444630955839e-03
-3.872118167668691519e-02 1.602778005599975586e+01 2.182175666234113624e-03
-4.000122074037903985e-02 1.629680013656616211e+01 2.771365867484578555e-03
-3.832116946928312146e-02 1.656486153602600098e+01 2.092335345906906272e-03
-4.152126712851344353e-02 1.683761191368103027e+01 4.535510503374801453e-03
-4.160126956999420089e-02 1.710825991630554199e+01 2.771365867484578555e-03
-4.128125980407117146e-02 1.737812542915344238e+01 3.873308103793926798e-03
-3.952120609149448877e-02 1.764838695526123047e+01 1.627808872734512382e-03
-4.040123294778283358e-02 1.791768693923950195e+01 2.039670051227253280e-03
-3.960120853297524612e-02 1.818787956237792969e+01 1.385682933742290795e-03
-3.912119388409070198e-02 1.845601534843444824e+01 1.505236953964482569e-03
-3.960120853297525306e-02 1.872757101058959961e+01 1.385682933742289928e-03
-3.944120365001373141e-02 1.899986624717712402e+01 1.920058595538194591e-03
-3.872118167668690825e-02 1.928113150596618652e+01 1.685756045648261056e-03
-3.560108645893735047e-02 1.955061101913452148e+01 1.697108066475716548e-03
-3.536107913449507145e-02 1.982038712501525879e+01 1.763686438242552043e-03
-3.536107913449507145e-02 2.008852648735046387e+01 1.670500021040585399e-03
-3.608110110782190155e-02 2.035824131965637207e+01 2.365151458549528875e-03
-3.576109134189886518e-02 2.062628841400146484e+01 1.903318445208596749e-03
-3.688112552262947513e-02 2.090857291221618652e+01 2.597308556486453267e-03
-3.552108401745658617e-02 2.117771220207214355e+01 1.526349302751203209e-03
-3.592109622486037990e-02 2.144791030883789062e+01 2.225736363002309929e-03
-3.528107669301431409e-02 2.171627068519592285e+01 1.371756118633097070e-03
-3.552108401745658617e-02 2.198703503608703613e+01 1.417646874882802976e-03
-3.600109866634113726e-02 2.225555300712585449e+01 1.876223561728494011e-03
-3.560108645893734353e-02 2.252536487579345703e+01 2.039670051227248510e-03
-3.584109378337962254e-02 2.279402327537536621e+01 1.953108502658706166e-03
-3.560108645893735047e-02 2.306368994712829590e+01 2.400073244422740257e-03
-3.544108157597582881e-02 2.333222532272338867e+01 1.329100378991541001e-03
-3.552108401745658617e-02 2.360214471817016602e+01 1.627808872734508045e-03
-3.488106448561052730e-02 2.386964154243469238e+01 1.704634081516756897e-03
-3.512107181005279938e-02 2.413954854011535645e+01 1.394890230604601362e-03
-3.824116702780236410e-02 2.440794301033020020e+01 4.282933525342198615e-03
-3.864117923520615089e-02 2.467873239517211914e+01 2.868954925882665624e-03
-3.848117435224463617e-02 2.494898295402526855e+01 3.061073651707751225e-03
-3.832116946928312146e-02 2.521652698516845703e+01 1.760053712576677924e-03
-3.872118167668690825e-02 2.548714494705200195e+01 1.685756045648261056e-03
-3.840117191076387881e-02 2.575533270835876465e+01 1.697108066475719150e-03
-3.872118167668690825e-02 2.602682566642761230e+01 1.949828721162959015e-03
-3.800115970336008508e-02 2.629495573043823242e+01 1.600048829615161039e-03
-3.864117923520615089e-02 2.656544065475463867e+01 1.352964051209154224e-03
-3.784115482039857037e-02 2.684474301338195801e+01 2.394733809011427312e-03
-3.640111087374492405e-02 2.711464262008666992e+01 2.116665644360836169e-03
