-4.256129886776330307e-02 2.805261611938476562e-01 2.624275201220551638e-03
-4.136126224555192882e-02 5.538325309753417969e-01 2.095392082884999820e-03
-4.064124027222509872e-02 8.441953659057617188e-01 1.852190428812550659e-03
-3.760114749595629829e-02 1.119906425476074219e+00 2.190957092724909669e-03
-3.768114993743705565e-02 1.392351627349853516e+00 1.666664195034752013e-03
-3.848117435224463617e-02 1.664918422698974609e+00 1.526349302751206245e-03
-3.840117191076387881e-02 1.934647798538208008e+00 2.039670051227251112e-03
-3.816116458632159980e-02 2.205939769744873047e+00 1.953108502658708551e-03
-3.752114505447554094e-02 2.477428197860717773e+00 1.627808872734509780e-03
-3.760114749595629829e-02 2.745814085006713867e+00 1.264949667267645890e-03
-3.744114261299478358e-02 3.016061067581176758e+00 1.834831185192793918e-03
-3.752114505447554094e-02 3.285612821578979492e+00 1.627808872734509346e-03
-3.688112552262947513e-02 3.555721998214721680e+00 1.394890230604601362e-03
-3.696112796411023249e-02 3.824054241180419922e+00 2.049062288396979407e-03
-3.688112552262947513e-02 4.094911575317382812e+00 1.883033832982479320e-03
-3.680112308114871777e-02 4.364005804061889648e+00 2.039670051227250244e-03
-3.632110843226417363e-02 4.634148120880126953e+00 1.462097970288796667e-03
-3.656111575670643876e-02 4.903109073638916016e+00 2.001660446340537171e-03
-3.640111087374493098e-02 5.177239894866943359e+00 1.600048829615158871e-03
-3.632110843226417363e-02 5.445691347122192383e+00 2.014410004836963627e-03
-3.672112063966796042e-02 5.714919567108154297e+00 1.778143126293201632e-03
-3.840117191076387881e-02 5.984688282012939453e+00 3.098481235109094237e-03
-4.128125980407117146e-02 6.256728649139404297e+00 4.992306196877648906e-03
-3.992121829889828249e-02 6.524682521820068359e+00 3.979267074536513120e-03
-3.944120365001373141e-02 6.796462059020996094e+00 1.202700413773672566e-03
-3.976121341593676778e-02 7.066832304000854492e+00 1.631736040981802754e-03
-4.096125003814814203e-02 7.338531970977783203e+00 2.271280444630956272e-03
-4.120125736259041410e-02 7.611217498779296875e+00 1.959651598047284192e-03
-3.984121585741751820e-02 7.882530212402343750e+00 1.376414047550050769e-03
-3.968121097445601042e-02 8.150964736938476562e+00 1.567721278437828568e-03
-3.832116946928312146e-02 8.436477184295654297e+00 2.378643590012550265e-03
-3.648111331522568140e-02 8.707022428512573242e+00 1.723305329388061594e-03
-3.584109378337962254e-02 8.977805852890014648e+00 1.869388480496664631e-03
-3.680112308114871777e-02 9.245701551437377930e+00 1.496708630632139197e-03
-3.744114261299477664e-02 9.516263484954833984e+00 2.228610136133397750e-03
-3.736114017151401928e-02 9.784580230712890625e+00 1.936654051896961447e-03
-3.712113284707175415e-02 1.006445956230163574e+01 2.405400827547340362e-03
-3.616110354930265891e-02 1.033696961402893066e+01 1.781738970463833151e-03
-3.552108401745659311e-02 1.060670447349548340e+01 1.627808872734507828e-03
-3.592109622486037990e-02 1.087727427482604980e+01 1.741776439364740988e-03
-3.624110599078340933e-02 1.114663815498352051e+01 1.903318445208596098e-03
-3.616110354930265197e-02 1.141880249977111816e+01 1.869388480496665065e-03
-3.624110599078340933e-02 1.168803930282592773e+01 1.817306130437896898e-03
-3.672112063966796042e-02 1.195886015892028809e+01 1.588003121311651203e-03
-3.776115237891780607e-02 1.223022294044494629e+01 1.985608379317378106e-03
-3.736114017151401928e-02 1.250361323356628418e+01 1.229020826398062767e-03
-3.792115726187932773e-02 1.277066349983215332e+01 1.647351095723682476e-03
-3.768114993743705565e-02 1.304079914093017578e+01 1.223802030736349843e-03
-3.848117435224463617e-02 1.330906701087951660e+01 2.670212571345338595e-03
-4.288130863368633250e-02 1.358038520812988281e+01 5.487024474532395217e-03
-4.192127933591723032e-02 1.384807658195495605e+01 5.698735133517251854e-03
-4.080124515518662037e-02 1.412224626541137695e+01 1.131405377650481024e-03
-3.984121585741751820e-02 1.439302539825439453e+01 1.781738970463837488e-03
-3.896118900112918726e-02 1.466411900520324707e+01 1.399471163233431117e-03
-4.136126224555192882e-02 1.495146775245666504e+01 2.924195940577600274e-03
-4.120125736259041410e-02 1.523213481903076172e+01 2.400073244422743727e-03
-3.952120609149448877e-02 1.550378608703613281e+01 1.417646874882807747e-03
-4.080124515518662037e-02 1.579364299774169922e+01 2.529899334535293948e-03
-3.656111575670643876e-02 1.607925891876220703e+01 1.551304896441595528e-03
-3.688112552262947513e-02 1.637680125236511230e+01 2.405400827547339929e-03
-3.696112796411023249e-02 1.667027664184570312e+01 2.340669645701222608e-03
-3.584109378337962254e-02 1.695646691322326660e+01 2.394733809011425144e-03
-3.728113773003326192e-02 1.725970697402954102e+01 1.588003121311653588e-03
-3.696112796411023943e-02 1.753072667121887207e+01 2.408060199092039357e-03
-3.608110110782189461e-02 1.780088663101196289e+01 1.547173584455831382e-03
-3.608110110782189461e-02 1.806784033775329590e+01 1.547173584455830732e-03
-3.640111087374493098e-02 1.833690333366394043e+01 1.600048829615158220e-03
-3.752114505447554094e-02 1.861818575859069824e+01 2.729478834560690112e-03
-3.792115726187932773e-02 1.891096425056457520e+01 2.431863679161123427e-03
-3.896118900112918032e-02 1.921382927894592285e+01 2.271280444630954538e-03
-3.528107669301430716e-02 1.948541784286499023e+01 1.483824242001538507e-03
-3.592109622486037990e-02 1.975973606109619141e+01 1.998460347657274577e-03
-3.648111331522568834e-02 2.003885388374328613e+01 1.723305329388061810e-03
-3.584109378337962254e-02 2.030885720252990723e+01 1.781738970463833584e-03
-3.552108401745658617e-02 2.057965373992919922e+01 1.299885814108636597e-03
-3.760114749595629829e-02 2.085758972167968750e+01 3.394216132951437433e-03
-4.064124027222511260e-02 2.113524484634399414e+01 5.898518757680373467e-03
-3.904119144260993768e-02 2.140700626373291016e+01 1.612004528842938189e-03
-3.968121097445600348e-02 2.168297314643859863e+01 2.092335345906906705e-03
-3.936120120853297405e-02 2.195823025703430176e+01 1.571798583837160377e-03
-4.016122562334056151e-02 2.223486161231994629e+01 1.953108502658710069e-03
-3.960120853297524612e-02 2.250918698310852051e+01 1.788908975169241225e-03
-3.968121097445600348e-02 2.278630685806274414e+01 1.933346356823619546e-03
-3.960120853297524612e-02 2.305705380439758301e+01 1.876223561728497698e-03
-3.832116946928312146e-02 2.333643150329589844e+01 1.760053712576677490e-03
-3.568108890041810088e-02 2.360572075843811035e+01 1.848731620138261865e-03
-3.632110843226417363e-02 2.387742137908935547e+01 2.014410004836963627e-03
-3.568108890041810782e-02 2.414698076248168945e+01 1.462097970288797535e-03
-3.568108890041810782e-02 2.441713643074035645e+01 1.567721278437824231e-03
-3.624110599078340933e-02 2.468805909156799316e+01 2.064621071325070840e-03
-3.824116702780235716e-02 2.497415971755981445e+01 2.846558370012594683e-03
-3.816116458632160674e-02 2.526485943794250488e+01 2.587432822790709450e-03
-3.896118900112918726e-02 2.555060148239135742e+01 2.720083010345774894e-03
-3.776115237891781995e-02 2.583297419548034668e+01 2.486519125408876395e-03
-3.960120853297525306e-02 2.613828277587890625e+01 2.190957092724910970e-03
-3.776115237891781301e-02 2.643971633911132812e+01 2.486519125408875961e-03
-3.640111087374493098e-02 2.671131825447082520e+01 2.592375392381708350e-03
-3.464105716116824829e-02 2.698199701309204102e+01 1.571798583837157558e-03
-3.496106692709127772e-02 2.725086593627929688e+01 1.280039063692127270e-03
-3.384103274636067471e-02 2.752152276039123535e+01 1.488131433186334202e-03
