2.993109722137451172e+02 2.342071474349193050e+00 1.114053605761894872e+01
2.993274798393249512e+02 2.346071596423230599e+00 1.117053697317422944e+01
2.993399999141693115e+02 2.370072328867458111e+00 1.135054246650593512e+01
2.993522853851318359e+02 2.344071535386211380e+00 1.115553651539658553e+01
2.993641276359558105e+02 2.376072511978514878e+00 1.139554383983886154e+01
2.993801875114440918e+02 2.344071535386211380e+00 1.115553651539658553e+01
2.993944168090820312e+02 2.346071596423230599e+00 1.117053697317422944e+01
2.994056453704833984e+02 2.370072328867458111e+00 1.135054246650593512e+01
2.994213321208953857e+02 2.344071535386211380e+00 1.115553651539658553e+01
2.994674820899963379e+02 2.378072573015534097e+00 1.141054429761650546e+01
2.994952027797698975e+02 2.346071596423230599e+00 1.117053697317422944e+01
2.995093121528625488e+02 2.320070802941984311e+00 1.097553102206488163e+01
2.995256536006927490e+02 2.330071108127079071e+00 1.105053331095309233e+01
2.995399487018585205e+02 2.362072084719382570e+00 1.129054063539537012e+01
2.995524721145629883e+02 2.368072267830438893e+00 1.133554200872829121e+01
2.995638613700866699e+02 2.376072511978514878e+00 1.139554383983886154e+01
2.995763068199157715e+02 2.376072511978514878e+00 1.139554383983886154e+01
2.995871975421905518e+02 2.370072328867458111e+00 1.135054246650593512e+01
2.995982742309570312e+02 2.368072267830438893e+00 1.133554200872829121e+01
2.996099472045898438e+02 2.368072267830438893e+00 1.133554200872829121e+01
2.996255831718444824e+02 2.372072389904476886e+00 1.136554292428357726e+01
2.996398458480834961e+02 2.374072450941496104e+00 1.138054338206122118e+01
2.996528322696685791e+02 2.382072695089572090e+00 1.144054521317179152e+01
2.996669881343841553e+02 2.382072695089572090e+00 1.144054521317179152e+01
2.996801199913024902e+02 2.370072328867458111e+00 1.135054246650593512e+01
2.996947646141052246e+02 2.380072634052552871e+00 1.142554475539414582e+01
2.997082455158233643e+02 2.378072573015534097e+00 1.141054429761650546e+01
2.997244913578033447e+02 2.328071047090059853e+00 1.103553285317544841e+01
2.997355983257293701e+02 2.374072450941496104e+00 1.138054338206122118e+01
2.997729861736297607e+02 2.368072267830438893e+00 1.133554200872829121e+01
2.998236792087554932e+02 2.378072573015534097e+00 1.141054429761650546e+01
2.998375792503356934e+02 2.364072145756401344e+00 1.130554109317301048e+01
2.998924131393432617e+02 2.358071962645344577e+00 1.126053971984008406e+01
2.999056522846221924e+02 2.342071474349193050e+00 1.114053605761894872e+01
2.999372026920318604e+02 2.380072634052552871e+00 1.142554475539414582e+01
2.999786431789398193e+02 2.374072450941496104e+00 1.138054338206122118e+01
2.999906456470489502e+02 2.376072511978514878e+00 1.139554383983886154e+01
3.000055024623870850e+02 2.362072084719382570e+00 1.129054063539537012e+01
3.000214781761169434e+02 2.356071901608325359e+00 1.124553926206244014e+01
3.000481331348419189e+02 2.384072756126590864e+00 1.145554567094943188e+01
3.000811715126037598e+02 2.366072206793420118e+00 1.132054155095065084e+01
3.000963406562805176e+02 2.372072389904476886e+00 1.136554292428357726e+01
3.001103174686431885e+02 2.378072573015534097e+00 1.141054429761650546e+01
3.001286509037017822e+02 2.376072511978514878e+00 1.139554383983886154e+01
3.001434445381164551e+02 2.374072450941496104e+00 1.138054338206122118e+01
3.001560699939727783e+02 2.378072573015534097e+00 1.141054429761650546e+01
3.001738636493682861e+02 2.360072023682363351e+00 1.127554017761772442e+01
3.001878638267517090e+02 2.374072450941496104e+00 1.138054338206122118e+01
3.002022390365600586e+02 2.374072450941496104e+00 1.138054338206122118e+01
3.002490479946136475e+02 2.370072328867458111e+00 1.135054246650593512e+01
3.002968814373016357e+02 2.412073610644855925e+00 1.166555207983642006e+01
3.003560712337493896e+02 2.402073305459761610e+00 1.159054979094821292e+01
3.003694188594818115e+02 2.386072817163609638e+00 1.147054612872707224e+01
3.003956606388092041e+02 2.398073183385723617e+00 1.156054887539292686e+01
3.004253733158111572e+02 2.416073732718893918e+00 1.169555299539170434e+01
3.004541361331939697e+02 2.420073854792931911e+00 1.172555391094698862e+01
3.004844274520874023e+02 2.406073427533799602e+00 1.162055070650349720e+01
3.005199024677276611e+02 2.416073732718893918e+00 1.169555299539170434e+01
3.005390949249267578e+02 2.400073244422742391e+00 1.157554933317056722e+01
3.005751070976257324e+02 2.416073732718893918e+00 1.169555299539170434e+01
3.006020996570587158e+02 2.416073732718893918e+00 1.169555299539170434e+01
3.006175205707550049e+02 2.402073305459761610e+00 1.159054979094821292e+01
3.006380977630615234e+02 2.420073854792931911e+00 1.172555391094698862e+01
3.006840989589691162e+02 2.398073183385723617e+00 1.156054887539292686e+01
3.007122669219970703e+02 2.424073976866969904e+00 1.175555482650227468e+01
3.007304599285125732e+02 2.414073671681875144e+00 1.168055253761406398e+01
3.007475910186767578e+02 2.398073183385723617e+00 1.156054887539292686e+01
3.007592830657958984e+02 2.398073183385723617e+00 1.156054887539292686e+01
3.007723712921142578e+02 2.418073793755913137e+00 1.171055345316934826e+01
3.007883920669555664e+02 2.408073488570817933e+00 1.163555116428113401e+01
3.008032813072204590e+02 2.414073671681875144e+00 1.168055253761406398e+01
3.008171060085296631e+02 2.416073732718893918e+00 1.169555299539170434e+01
3.008311779499053955e+02 2.414073671681875144e+00 1.168055253761406398e+01
3.008561246395111084e+02 2.408073488570817933e+00 1.163555116428113401e+01
3.009136126041412354e+02 2.416073732718893918e+00 1.169555299539170434e+01
3.009279263019561768e+02 2.394073061311685624e+00 1.153054795983764258e+01
3.009825298786163330e+02 2.392073000274666406e+00 1.151554750205999866e+01
3.009957048892974854e+02 2.368072267830438893e+00 1.133554200872829121e+01
3.010341575145721436e+02 2.420073854792931911e+00 1.172555391094698862e+01
3.010520560741424561e+02 2.420073854792931911e+00 1.172555391094698862e+01
3.010736646652221680e+02 2.404073366496780384e+00 1.160555024872585328e+01
3.010893805027008057e+02 2.418073793755913137e+00 1.171055345316934826e+01
3.011043801307678223e+02 2.376072511978514878e+00 1.139554383983886154e+01
3.011212992668151855e+02 2.418073793755913137e+00 1.171055345316934826e+01
3.011600949764251709e+02 2.414073671681875144e+00 1.168055253761406398e+01
3.011878778934478760e+02 2.408073488570817933e+00 1.163555116428113401e+01
3.012099213600158691e+02 2.372072389904476886e+00 1.136554292428357726e+01
3.012264966964721680e+02 2.410073549607837151e+00 1.165055162205877792e+01
3.012445189952850342e+02 2.410073549607837151e+00 1.165055162205877792e+01
3.012588632106781006e+02 2.412073610644855925e+00 1.166555207983642006e+01
3.012729408740997314e+02 2.416073732718893918e+00 1.169555299539170434e+01
3.012864775657653809e+02 2.412073610644855925e+00 1.166555207983642006e+01
3.013002693653106689e+02 2.420073854792931911e+00 1.172555391094698862e+01
3.013408753871917725e+02 2.408073488570817933e+00 1.163555116428113401e+01
3.013888723850250244e+02 2.412073610644855925e+00 1.166555207983642006e+01
3.014481892585754395e+02 2.386072817163609638e+00 1.147054612872707224e+01
3.014616410732269287e+02 2.368072267830438893e+00 1.133554200872829121e+01
3.014914040565490723e+02 2.404073366496780384e+00 1.160555024872585328e+01
3.015364744663238525e+02 2.412073610644855925e+00 1.166555207983642006e+01
3.015515470504760742e+02 2.402073305459761610e+00 1.159054979094821292e+01
3.015649044513702393e+02 2.380072634052552871e+00 1.142554475539414582e+01
3.015775837898254395e+02 2.398073183385723617e+00 1.156054887539292686e+01
3.016236975193023682e+02 2.416073732718893918e+00 1.169555299539170434e+01
3.016509091854095459e+02 2.416073732718893918e+00 1.169555299539170434e+01
3.016692547798156738e+02 2.414073671681875144e+00 1.168055253761406398e+01
3.016802985668182373e+02 2.414073671681875144e+00 1.168055253761406398e+01
3.016932797431945801e+02 2.416073732718893918e+00 1.169555299539170434e+01
3.017080729007720947e+02 2.418073793755913137e+00 1.171055345316934826e+01
3.017216506004333496e+02 2.418073793755913137e+00 1.171055345316934826e+01
3.017408373355865479e+02 2.390072939237647631e+00 1.150054704428235652e+01
3.017576384544372559e+02 2.412073610644855925e+00 1.166555207983642006e+01
3.017949624061584473e+02 2.414073671681875144e+00 1.168055253761406398e+01
3.018279070854187012e+02 2.410073549607837151e+00 1.165055162205877792e+01
3.018573396205902100e+02 2.416073732718893918e+00 1.169555299539170434e+01
3.019139533042907715e+02 2.398073183385723617e+00 1.156054887539292686e+01
3.019340109825134277e+02 2.388072878200628413e+00 1.148554658650471261e+01
3.019556901454925537e+02 2.416073732718893918e+00 1.169555299539170434e+01
3.019849724769592285e+02 2.418073793755913137e+00 1.171055345316934826e+01
3.020158295631408691e+02 2.426074037903989122e+00 1.177055528427991860e+01
3.020675947666168213e+02 2.414073671681875144e+00 1.168055253761406398e+01
3.020803320407867432e+02 2.382072695089572090e+00 1.144054521317179152e+01
3.021114594936370850e+02 2.410073549607837151e+00 1.165055162205877792e+01
3.021295397281646729e+02 2.404073366496780384e+00 1.160555024872585328e+01
3.021528882980346680e+02 2.416073732718893918e+00 1.169555299539170434e+01
3.021686217784881592e+02 2.418073793755913137e+00 1.171055345316934826e+01
3.021832828521728516e+02 2.406073427533799602e+00 1.162055070650349720e+01
3.021981730461120605e+02 2.416073732718893918e+00 1.169555299539170434e+01
3.022391879558563232e+02 2.398073183385723617e+00 1.156054887539292686e+01
3.022663776874542236e+02 2.414073671681875144e+00 1.168055253761406398e+01
3.022823219299316406e+02 2.408073488570817933e+00 1.163555116428113401e+01
3.022967028617858887e+02 2.408073488570817933e+00 1.163555116428113401e+01
3.023104038238525391e+02 2.418073793755913137e+00 1.171055345316934826e+01
3.023236217498779297e+02 2.418073793755913137e+00 1.171055345316934826e+01
3.023378498554229736e+02 2.414073671681875144e+00 1.168055253761406398e+01
3.023521628379821777e+02 2.416073732718893918e+00 1.169555299539170434e+01
3.023705351352691650e+02 2.418073793755913137e+00 1.171055345316934826e+01
3.024004554748535156e+02 2.402073305459761610e+00 1.159054979094821292e+01
3.024423568248748779e+02 2.414073671681875144e+00 1.168055253761406398e+01
3.024718654155731201e+02 2.414073671681875144e+00 1.168055253761406398e+01
3.025274794101715088e+02 2.382072695089572090e+00 1.144054521317179152e+01
3.025409440994262695e+02 2.386072817163609638e+00 1.147054612872707224e+01
3.025667922496795654e+02 2.416073732718893918e+00 1.169555299539170434e+01
3.025962429046630859e+02 2.380072634052552871e+00 1.142554475539414582e+01
3.026217937469482422e+02 2.418073793755913137e+00 1.171055345316934826e+01
3.026338603496551514e+02 2.400073244422742391e+00 1.157554933317056722e+01
3.026463220119476318e+02 2.418073793755913137e+00 1.171055345316934826e+01
3.026589527130126953e+02 2.402073305459761610e+00 1.159054979094821292e+01
3.027026481628417969e+02 2.410073549607837151e+00 1.165055162205877792e+01
3.027246758937835693e+02 2.406073427533799602e+00 1.162055070650349720e+01
3.027378547191619873e+02 2.420073854792931911e+00 1.172555391094698862e+01
3.027579624652862549e+02 2.404073366496780384e+00 1.160555024872585328e+01
3.027755281925201416e+02 2.416073732718893918e+00 1.169555299539170434e+01
3.027893059253692627e+02 2.412073610644855925e+00 1.166555207983642006e+01
3.028075065612792969e+02 2.402073305459761610e+00 1.159054979094821292e+01
3.028252952098846436e+02 2.414073671681875144e+00 1.168055253761406398e+01
3.028418469429016113e+02 2.418073793755913137e+00 1.171055345316934826e+01
3.028662486076354980e+02 2.400073244422742391e+00 1.157554933317056722e+01
3.029085927009582520e+02 2.412073610644855925e+00 1.166555207983642006e+01
3.029376959800720215e+02 2.412073610644855925e+00 1.166555207983642006e+01
3.029939076900482178e+02 2.380072634052552871e+00 1.142554475539414582e+01
3.030079801082611084e+02 2.386072817163609638e+00 1.147054612872707224e+01
3.030302789211273193e+02 2.414073671681875144e+00 1.168055253761406398e+01
3.030591957569122314e+02 2.400073244422742391e+00 1.157554933317056722e+01
3.030863862037658691e+02 2.412073610644855925e+00 1.166555207983642006e+01
3.030997037887573242e+02 2.386072817163609638e+00 1.147054612872707224e+01
3.031136465072631836e+02 2.402073305459761610e+00 1.159054979094821292e+01
3.031298742294311523e+02 2.406073427533799602e+00 1.162055070650349720e+01
3.031860296726226807e+02 2.404073366496780384e+00 1.160555024872585328e+01
3.032003791332244873e+02 2.390072939237647631e+00 1.150054704428235652e+01
3.032144265174865723e+02 2.416073732718893918e+00 1.169555299539170434e+01
3.032281644344329834e+02 2.412073610644855925e+00 1.166555207983642006e+01
3.032413163185119629e+02 2.410073549607837151e+00 1.165055162205877792e+01
3.032552568912506104e+02 2.416073732718893918e+00 1.169555299539170434e+01
3.032734081745147705e+02 2.400073244422742391e+00 1.157554933317056722e+01
3.032872395515441895e+02 2.420073854792931911e+00 1.172555391094698862e+01
3.033038537502288818e+02 2.402073305459761610e+00 1.159054979094821292e+01
3.033309147357940674e+02 2.416073732718893918e+00 1.169555299539170434e+01
3.033898007869720459e+02 2.418073793755913137e+00 1.171055345316934826e+01
3.034042522907257080e+02 2.404073366496780384e+00 1.160555024872585328e+01
3.034592351913452148e+02 2.374072450941496104e+00 1.138054338206122118e+01
3.034735212326049805e+02 2.384072756126590864e+00 1.145554567094943188e+01
3.034975609779357910e+02 2.416073732718893918e+00 1.169555299539170434e+01
3.035263357162475586e+02 2.416073732718893918e+00 1.169555299539170434e+01
3.035549268722534180e+02 2.418073793755913137e+00 1.171055345316934826e+01
3.035852108001708984e+02 2.414073671681875144e+00 1.168055253761406398e+01
3.036204302310943604e+02 2.414073671681875144e+00 1.168055253761406398e+01
3.036465396881103516e+02 2.412073610644855925e+00 1.166555207983642006e+01
3.036819727420806885e+02 2.398073183385723617e+00 1.156054887539292686e+01
3.036996970176696777e+02 2.418073793755913137e+00 1.171055345316934826e+01
3.037153947353363037e+02 2.402073305459761610e+00 1.159054979094821292e+01
3.037282073497772217e+02 2.404073366496780384e+00 1.160555024872585328e+01
3.037454180717468262e+02 2.402073305459761610e+00 1.159054979094821292e+01
3.037962803840637207e+02 2.414073671681875144e+00 1.168055253761406398e+01
3.038157768249511719e+02 2.402073305459761610e+00 1.159054979094821292e+01
3.038322970867156982e+02 2.400073244422742391e+00 1.157554933317056722e+01
3.038441634178161621e+02 2.416073732718893918e+00 1.169555299539170434e+01
3.038578307628631592e+02 2.408073488570817933e+00 1.163555116428113401e+01
3.038712899684906006e+02 2.408073488570817933e+00 1.163555116428113401e+01
3.038845999240875244e+02 2.396073122348704398e+00 1.154554841761528294e+01
3.038985440731048584e+02 2.410073549607837151e+00 1.165055162205877792e+01
3.039126636981964111e+02 2.402073305459761610e+00 1.159054979094821292e+01
3.039262013435363770e+02 2.388072878200628413e+00 1.148554658650471261e+01
3.040046451091766357e+02 2.400073244422742391e+00 1.157554933317056722e+01
3.040192606449127197e+02 2.396073122348704398e+00 1.154554841761528294e+01
3.040747923851013184e+02 2.382072695089572090e+00 1.144054521317179152e+01
3.040878350734710693e+02 2.380072634052552871e+00 1.142554475539414582e+01
3.041134459972381592e+02 2.410073549607837151e+00 1.165055162205877792e+01
3.041612892150878906e+02 2.382072695089572090e+00 1.144054521317179152e+01
3.041743223667144775e+02 2.412073610644855925e+00 1.166555207983642006e+01
3.041934809684753418e+02 2.406073427533799602e+00 1.162055070650349720e+01
3.042142183780670166e+02 2.416073732718893918e+00 1.169555299539170434e+01
3.042641847133636475e+02 2.412073610644855925e+00 1.166555207983642006e+01
3.042776019573211670e+02 2.416073732718893918e+00 1.169555299539170434e+01
3.042923572063446045e+02 2.414073671681875144e+00 1.168055253761406398e+01
3.043060307502746582e+02 2.416073732718893918e+00 1.169555299539170434e+01
3.043194189071655273e+02 2.408073488570817933e+00 1.163555116428113401e+01
3.043343925476074219e+02 2.416073732718893918e+00 1.169555299539170434e+01
3.043474705219268799e+02 2.414073671681875144e+00 1.168055253761406398e+01
3.043618381023406982e+02 2.410073549607837151e+00 1.165055162205877792e+01
3.043754241466522217e+02 2.418073793755913137e+00 1.171055345316934826e+01
3.043885495662689209e+02 2.414073671681875144e+00 1.168055253761406398e+01
3.044519920349121094e+02 2.412073610644855925e+00 1.166555207983642006e+01
3.044828405380249023e+02 2.412073610644855925e+00 1.166555207983642006e+01
3.045378134250640869e+02 2.340071413312173831e+00 1.112553559984130302e+01
3.045521209239959717e+02 2.356071901608325359e+00 1.124553926206244014e+01
3.045749692916870117e+02 2.374072450941496104e+00 1.138054338206122118e+01
3.046101336479187012e+02 2.376072511978514878e+00 1.139554383983886154e+01
3.046284096240997314e+02 2.346071596423230599e+00 1.117053697317422944e+01
3.046433777809143066e+02 2.384072756126590864e+00 1.145554567094943188e+01
3.046610724925994873e+02 2.376072511978514878e+00 1.139554383983886154e+01
3.046820821762084961e+02 2.366072206793420118e+00 1.132054155095065084e+01
3.047342946529388428e+02 2.374072450941496104e+00 1.138054338206122118e+01
3.047488949298858643e+02 2.380072634052552871e+00 1.142554475539414582e+01
3.047677211761474609e+02 2.374072450941496104e+00 1.138054338206122118e+01
3.047825803756713867e+02 2.356071901608325359e+00 1.124553926206244014e+01
3.047969439029693604e+02 2.382072695089572090e+00 1.144054521317179152e+01
3.048109593391418457e+02 2.192066896572771650e+00 1.001550172429578822e+01
3.048312251567840576e+02 2.378072573015534097e+00 1.141054429761650546e+01
3.048491106033325195e+02 2.382072695089572090e+00 1.144054521317179152e+01
3.048742475509643555e+02 2.352071779534287366e+00 1.121553834650715586e+01
3.049325134754180908e+02 2.384072756126590864e+00 1.145554567094943188e+01
3.049478211402893066e+02 2.370072328867458111e+00 1.135054246650593512e+01
3.050020914077758789e+02 2.162065981017486926e+00 9.790494857631152570e+00
3.050219480991363525e+02 2.350071718497268591e+00 1.120053788872951372e+01
3.050437026023864746e+02 2.380072634052552871e+00 1.142554475539414582e+01
3.050730779170989990e+02 2.384072756126590864e+00 1.145554567094943188e+01
3.051039640903472900e+02 2.360072023682363351e+00 1.127554017761772442e+01
3.051305832862854004e+02 2.374072450941496104e+00 1.138054338206122118e+01
3.051617159843444824e+02 2.368072267830438893e+00 1.133554200872829121e+01
3.051879665851593018e+02 2.376072511978514878e+00 1.139554383983886154e+01
3.052204105854034424e+02 2.358071962645344577e+00 1.126053971984008406e+01
3.052414274215698242e+02 2.376072511978514878e+00 1.139554383983886154e+01
3.052563915252685547e+02 2.370072328867458111e+00 1.135054246650593512e+01
3.052736115455627441e+02 2.378072573015534097e+00 1.141054429761650546e+01
3.052865691184997559e+02 2.350071718497268591e+00 1.120053788872951372e+01
3.053430058956146240e+02 2.372072389904476886e+00 1.136554292428357726e+01
3.053596811294555664e+02 2.374072450941496104e+00 1.138054338206122118e+01
3.053736574649810791e+02 2.378072573015534097e+00 1.141054429761650546e+01
3.053870780467987061e+02 2.378072573015534097e+00 1.141054429761650546e+01
3.054073946475982666e+02 2.366072206793420118e+00 1.132054155095065084e+01
3.054223649501800537e+02 2.380072634052552871e+00 1.142554475539414582e+01
3.054407367706298828e+02 2.374072450941496104e+00 1.138054338206122118e+01
3.054549903869628906e+02 2.366072206793420118e+00 1.132054155095065084e+01
3.054684970378875732e+02 2.378072573015534097e+00 1.141054429761650546e+01
3.055093863010406494e+02 2.370072328867458111e+00 1.135054246650593512e+01
3.055569539070129395e+02 2.362072084719382570e+00 1.129054063539537012e+01
3.056159260272979736e+02 2.366072206793420118e+00 1.132054155095065084e+01
3.056292829513549805e+02 2.334071230201117064e+00 1.108053422650837838e+01
3.056511509418487549e+02 2.376072511978514878e+00 1.139554383983886154e+01
3.056795237064361572e+02 2.366072206793420118e+00 1.132054155095065084e+01
3.057126717567443848e+02 2.366072206793420118e+00 1.132054155095065084e+01
3.057318732738494873e+02 2.376072511978514878e+00 1.139554383983886154e+01
3.057485337257385254e+02 2.356071901608325359e+00 1.124553926206244014e+01
3.057943842411041260e+02 2.374072450941496104e+00 1.138054338206122118e+01
3.058155250549316406e+02 2.368072267830438893e+00 1.133554200872829121e+01
3.058325138092041016e+02 2.358071962645344577e+00 1.126053971984008406e+01
3.058441591262817383e+02 2.366072206793420118e+00 1.132054155095065084e+01
3.058550076484680176e+02 2.374072450941496104e+00 1.138054338206122118e+01
3.058694982528686523e+02 2.382072695089572090e+00 1.144054521317179152e+01
3.058833003044128418e+02 2.344071535386211380e+00 1.115553651539658553e+01
3.058965656757354736e+02 2.380072634052552871e+00 1.142554475539414582e+01
3.059110510349273682e+02 2.380072634052552871e+00 1.142554475539414582e+01
3.059257862567901611e+02 2.344071535386211380e+00 1.115553651539658553e+01
3.059378762245178223e+02 2.368072267830438893e+00 1.133554200872829121e+01
3.059815742969512939e+02 2.376072511978514878e+00 1.139554383983886154e+01
3.060322422981262207e+02 2.342071474349193050e+00 1.114053605761894872e+01
3.060898795127868652e+02 2.354071840571306584e+00 1.123053880428479978e+01
3.061039443016052246e+02 2.348071657460249373e+00 1.118553743095186981e+01
3.061261689662933350e+02 2.366072206793420118e+00 1.132054155095065084e+01
3.061694667339324951e+02 2.372072389904476886e+00 1.136554292428357726e+01
3.061833615303039551e+02 2.378072573015534097e+00 1.141054429761650546e+01
3.061976616382598877e+02 2.364072145756401344e+00 1.130554109317301048e+01
3.062123248577117920e+02 2.378072573015534097e+00 1.141054429761650546e+01
3.062423779964447021e+02 2.350071718497268591e+00 1.120053788872951372e+01
3.062842381000518799e+02 2.340071413312173831e+00 1.112553559984130302e+01
3.062978527545928955e+02 2.374072450941496104e+00 1.138054338206122118e+01
3.063084142208099365e+02 2.374072450941496104e+00 1.138054338206122118e+01
3.063213174343109131e+02 2.378072573015534097e+00 1.141054429761650546e+01
3.063361089229583740e+02 2.378072573015534097e+00 1.141054429761650546e+01
3.063490240573883057e+02 2.342071474349193050e+00 1.114053605761894872e+01
3.063630294799804688e+02 2.364072145756401344e+00 1.130554109317301048e+01
3.063760607242584229e+02 2.378072573015534097e+00 1.141054429761650546e+01
3.063908989429473877e+02 2.352071779534287366e+00 1.121553834650715586e+01
3.064047372341156006e+02 2.376072511978514878e+00 1.139554383983886154e+01
3.064670815467834473e+02 2.366072206793420118e+00 1.132054155095065084e+01
3.064989628791809082e+02 2.352071779534287366e+00 1.121553834650715586e+01
3.065535190105438232e+02 2.354071840571306584e+00 1.123053880428479978e+01
3.065676877498626709e+02 2.322070863979003530e+00 1.099053147984252732e+01
3.065914776325225830e+02 2.378072573015534097e+00 1.141054429761650546e+01
3.066208288669586182e+02 2.378072573015534097e+00 1.141054429761650546e+01
3.066569607257843018e+02 2.374072450941496104e+00 1.138054338206122118e+01
3.066845283508300781e+02 2.372072389904476886e+00 1.136554292428357726e+01
3.067152452468872070e+02 2.374072450941496104e+00 1.138054338206122118e+01
3.067416234016418457e+02 2.330071108127079071e+00 1.105053331095309233e+01
3.067701129913330078e+02 2.362072084719382570e+00 1.129054063539537012e+01
3.067963528633117676e+02 2.368072267830438893e+00 1.133554200872829121e+01
3.068095862865447998e+02 2.372072389904476886e+00 1.136554292428357726e+01
3.068209500312805176e+02 2.372072389904476886e+00 1.136554292428357726e+01
3.068333277702331543e+02 2.340071413312173831e+00 1.112553559984130302e+01
3.068581485748291016e+02 2.376072511978514878e+00 1.139554383983886154e+01
3.069010326862335205e+02 2.368072267830438893e+00 1.133554200872829121e+01
3.069260683059692383e+02 2.382072695089572090e+00 1.144054521317179152e+01
3.069407486915588379e+02 2.402073305459761610e+00 1.159054979094821292e+01
3.069560451507568359e+02 2.408073488570817933e+00 1.163555116428113401e+01
3.069690732955932617e+02 2.418073793755913137e+00 1.171055345316934826e+01
3.069847824573516846e+02 2.412073610644855925e+00 1.166555207983642006e+01
3.069999089241027832e+02 2.412073610644855925e+00 1.166555207983642006e+01
3.070162601470947266e+02 2.392073000274666406e+00 1.151554750205999866e+01
3.070362596511840820e+02 2.412073610644855925e+00 1.166555207983642006e+01
3.071170213222503662e+02 2.412073610644855925e+00 1.166555207983642006e+01
3.071948707103729248e+02 2.400073244422742391e+00 1.157554933317056722e+01
3.072074701786041260e+02 2.380072634052552871e+00 1.142554475539414582e+01
3.072258763313293457e+02 2.392073000274666406e+00 1.151554750205999866e+01
3.072626321315765381e+02 2.412073610644855925e+00 1.166555207983642006e+01
3.072923939228057861e+02 2.414073671681875144e+00 1.168055253761406398e+01
3.073075234889984131e+02 2.414073671681875144e+00 1.168055253761406398e+01
3.073217284679412842e+02 2.402073305459761610e+00 1.159054979094821292e+01
3.073344409465789795e+02 2.402073305459761610e+00 1.159054979094821292e+01
3.073881204128265381e+02 2.400073244422742391e+00 1.157554933317056722e+01
3.074061298370361328e+02 2.418073793755913137e+00 1.171055345316934826e+01
3.074223556518554688e+02 2.418073793755913137e+00 1.171055345316934826e+01
3.074356269836425781e+02 2.420073854792931911e+00 1.172555391094698862e+01
3.074496655464172363e+02 2.378072573015534097e+00 1.141054429761650546e+01
3.074627654552459717e+02 2.418073793755913137e+00 1.171055345316934826e+01
3.074783079624176025e+02 2.412073610644855925e+00 1.166555207983642006e+01
3.074921817779541016e+02 2.416073732718893918e+00 1.169555299539170434e+01
3.075050776004791260e+02 2.418073793755913137e+00 1.171055345316934826e+01
3.075191848278045654e+02 2.424073976866969904e+00 1.175555482650227468e+01
3.075644311904907227e+02 2.414073671681875144e+00 1.168055253761406398e+01
3.076128592491149902e+02 2.412073610644855925e+00 1.166555207983642006e+01
3.076725320816040039e+02 2.400073244422742391e+00 1.157554933317056722e+01
3.076874904632568359e+02 2.390072939237647631e+00 1.150054704428235652e+01
3.077233057022094727e+02 2.414073671681875144e+00 1.168055253761406398e+01
3.077543799877166748e+02 2.410073549607837151e+00 1.165055162205877792e+01
3.077702865600585938e+02 2.400073244422742391e+00 1.157554933317056722e+01
3.077861289978027344e+02 2.380072634052552871e+00 1.142554475539414582e+01
3.078009788990020752e+02 2.406073427533799602e+00 1.162055070650349720e+01
3.078161931037902832e+02 2.404073366496780384e+00 1.160555024872585328e+01
3.078683876991271973e+02 2.400073244422742391e+00 1.157554933317056722e+01
3.078820574283599854e+02 2.402073305459761610e+00 1.159054979094821292e+01
3.078977515697479248e+02 2.400073244422742391e+00 1.157554933317056722e+01
3.079169790744781494e+02 2.410073549607837151e+00 1.165055162205877792e+01
3.079326667785644531e+02 2.384072756126590864e+00 1.145554567094943188e+01
3.079472262859344482e+02 2.416073732718893918e+00 1.169555299539170434e+01
3.079607193470001221e+02 2.406073427533799602e+00 1.162055070650349720e+01
3.079757325649261475e+02 2.418073793755913137e+00 1.171055345316934826e+01
3.079888162612915039e+02 2.406073427533799602e+00 1.162055070650349720e+01
3.080512135028839111e+02 2.414073671681875144e+00 1.168055253761406398e+01
3.080825557708740234e+02 2.412073610644855925e+00 1.166555207983642006e+01
3.081382455825805664e+02 2.374072450941496104e+00 1.138054338206122118e+01
3.081535868644714355e+02 2.368072267830438893e+00 1.133554200872829121e+01
3.081882669925689697e+02 2.418073793755913137e+00 1.171055345316934826e+01
3.082176265716552734e+02 2.422073915829951130e+00 1.174055436872463432e+01
3.082491412162780762e+02 2.426074037903989122e+00 1.177055528427991860e+01
3.082850334644317627e+02 2.402073305459761610e+00 1.159054979094821292e+01
3.083059563636779785e+02 2.400073244422742391e+00 1.157554933317056722e+01
3.083365206718444824e+02 2.414073671681875144e+00 1.168055253761406398e+01
3.083664538860321045e+02 2.402073305459761610e+00 1.159054979094821292e+01
3.083816688060760498e+02 2.420073854792931911e+00 1.172555391094698862e+01
3.083949873447418213e+02 2.414073671681875144e+00 1.168055253761406398e+01
3.084106488227844238e+02 2.414073671681875144e+00 1.168055253761406398e+01
3.084753086566925049e+02 2.414073671681875144e+00 1.168055253761406398e+01
3.084932994842529297e+02 2.418073793755913137e+00 1.171055345316934826e+01
3.085063939094543457e+02 2.412073610644855925e+00 1.166555207983642006e+01
3.085213201045989990e+02 2.416073732718893918e+00 1.169555299539170434e+01
3.085391325950622559e+02 2.400073244422742391e+00 1.157554933317056722e+01
3.085516080856323242e+02 2.402073305459761610e+00 1.159054979094821292e+01
3.085656630992889404e+02 2.402073305459761610e+00 1.159054979094821292e+01
3.085792269706726074e+02 2.398073183385723617e+00 1.156054887539292686e+01
3.085902981758117676e+02 2.416073732718893918e+00 1.169555299539170434e+01
3.086322114467620850e+02 2.404073366496780384e+00 1.160555024872585328e+01
3.086797692775726318e+02 2.416073732718893918e+00 1.169555299539170434e+01
3.087433171272277832e+02 2.394073061311685624e+00 1.153054795983764258e+01
3.087570219039916992e+02 2.366072206793420118e+00 1.132054155095065084e+01
3.088010280132293701e+02 2.414073671681875144e+00 1.168055253761406398e+01
3.088333053588867188e+02 2.400073244422742391e+00 1.157554933317056722e+01
3.088500730991363525e+02 2.400073244422742391e+00 1.157554933317056722e+01
3.088657212257385254e+02 2.408073488570817933e+00 1.163555116428113401e+01
3.088768391609191895e+02 2.420073854792931911e+00 1.172555391094698862e+01
3.089332561492919922e+02 2.430074159978026671e+00 1.180055619983519932e+01
3.089471619129180908e+02 2.414073671681875144e+00 1.168055253761406398e+01
3.089632530212402344e+02 2.394073061311685624e+00 1.153054795983764258e+01
3.089813914299011230e+02 2.410073549607837151e+00 1.165055162205877792e+01
3.089978144168853760e+02 2.408073488570817933e+00 1.163555116428113401e+01
3.090125305652618408e+02 2.380072634052552871e+00 1.142554475539414582e+01
3.090282759666442871e+02 2.412073610644855925e+00 1.166555207983642006e+01
3.090426425933837891e+02 2.380072634052552871e+00 1.142554475539414582e+01
3.090649750232696533e+02 2.388072878200628413e+00 1.148554658650471261e+01
3.091179020404815674e+02 2.416073732718893918e+00 1.169555299539170434e+01
3.091489207744598389e+02 2.416073732718893918e+00 1.169555299539170434e+01
3.092066578865051270e+02 2.424073976866969904e+00 1.175555482650227468e+01
3.092261114120483398e+02 2.378072573015534097e+00 1.141054429761650546e+01
3.092522149085998535e+02 2.416073732718893918e+00 1.169555299539170434e+01
3.092843351364135742e+02 2.388072878200628413e+00 1.148554658650471261e+01
3.092971668243408203e+02 2.414073671681875144e+00 1.168055253761406398e+01
3.093079254627227783e+02 2.410073549607837151e+00 1.165055162205877792e+01
3.093195667266845703e+02 2.376072511978514878e+00 1.139554383983886154e+01
3.093334536552429199e+02 2.406073427533799602e+00 1.162055070650349720e+01
3.093871433734893799e+02 2.414073671681875144e+00 1.168055253761406398e+01
3.094053449630737305e+02 2.412073610644855925e+00 1.166555207983642006e+01
3.094209299087524414e+02 2.408073488570817933e+00 1.163555116428113401e+01
3.094353544712066650e+02 2.410073549607837151e+00 1.165055162205877792e+01
3.094492793083190918e+02 2.384072756126590864e+00 1.145554567094943188e+01
3.094629173278808594e+02 2.406073427533799602e+00 1.162055070650349720e+01
3.094774684906005859e+02 2.416073732718893918e+00 1.169555299539170434e+01
3.094907910823822021e+02 2.384072756126590864e+00 1.145554567094943188e+01
3.095086648464202881e+02 2.396073122348704398e+00 1.154554841761528294e+01
3.095261180400848389e+02 2.400073244422742391e+00 1.157554933317056722e+01
3.095588848590850830e+02 2.412073610644855925e+00 1.166555207983642006e+01
3.096065945625305176e+02 2.406073427533799602e+00 1.162055070650349720e+01
3.096654214859008789e+02 2.400073244422742391e+00 1.157554933317056722e+01
3.096793885231018066e+02 2.364072145756401344e+00 1.130554109317301048e+01
3.097013196945190430e+02 2.416073732718893918e+00 1.169555299539170434e+01
3.097297539710998535e+02 2.420073854792931911e+00 1.172555391094698862e+01
3.097635116577148438e+02 2.386072817163609638e+00 1.147054612872707224e+01
3.097986757755279541e+02 2.404073366496780384e+00 1.160555024872585328e+01
3.098300251960754395e+02 2.380072634052552871e+00 1.142554475539414582e+01
3.098558232784271240e+02 2.410073549607837151e+00 1.165055162205877792e+01
3.098852722644805908e+02 2.376072511978514878e+00 1.139554383983886154e+01
3.099152543544769287e+02 2.404073366496780384e+00 1.160555024872585328e+01
3.099298362731933594e+02 2.400073244422742391e+00 1.157554933317056722e+01
3.099452693462371826e+02 2.414073671681875144e+00 1.168055253761406398e+01
3.099581527709960938e+02 2.412073610644855925e+00 1.166555207983642006e+01
3.099995548725128174e+02 2.380072634052552871e+00 1.142554475539414582e+01
3.100202775001525879e+02 2.412073610644855925e+00 1.166555207983642006e+01
3.100314593315124512e+02 2.410073549607837151e+00 1.165055162205877792e+01
3.100479831695556641e+02 2.404073366496780384e+00 1.160555024872585328e+01
3.100591573715209961e+02 2.414073671681875144e+00 1.168055253761406398e+01
3.100724945068359375e+02 2.418073793755913137e+00 1.171055345316934826e+01
3.100868952274322510e+02 2.392073000274666406e+00 1.151554750205999866e+01
3.100999691486358643e+02 2.414073671681875144e+00 1.168055253761406398e+01
3.101189208030700684e+02 2.400073244422742391e+00 1.157554933317056722e+01
3.101346440315246582e+02 2.414073671681875144e+00 1.168055253761406398e+01
3.101628947257995605e+02 2.410073549607837151e+00 1.165055162205877792e+01
3.102275333404541016e+02 2.414073671681875144e+00 1.168055253761406398e+01
3.102870085239410400e+02 2.376072511978514878e+00 1.139554383983886154e+01
3.102999947071075439e+02 2.360072023682363351e+00 1.127554017761772442e+01
3.103226225376129150e+02 2.416073732718893918e+00 1.169555299539170434e+01
3.103489747047424316e+02 2.404073366496780384e+00 1.160555024872585328e+01
3.103761005401611328e+02 2.418073793755913137e+00 1.171055345316934826e+01
3.103909726142883301e+02 2.416073732718893918e+00 1.169555299539170434e+01
3.104062516689300537e+02 2.418073793755913137e+00 1.171055345316934826e+01
3.104253337383270264e+02 2.416073732718893918e+00 1.169555299539170434e+01
3.104814651012420654e+02 2.410073549607837151e+00 1.165055162205877792e+01
3.104960780143737793e+02 2.398073183385723617e+00 1.156054887539292686e+01
3.105214323997497559e+02 2.410073549607837151e+00 1.165055162205877792e+01
3.105364694595336914e+02 2.424073976866969904e+00 1.175555482650227468e+01
3.105500671863555908e+02 2.414073671681875144e+00 1.168055253761406398e+01
3.105688929557800293e+02 2.414073671681875144e+00 1.168055253761406398e+01
3.105803842544555664e+02 2.408073488570817933e+00 1.163555116428113401e+01
3.105970094203948975e+02 2.394073061311685624e+00 1.153054795983764258e+01
3.106147899627685547e+02 2.398073183385723617e+00 1.156054887539292686e+01
3.106695258617401123e+02 2.408073488570817933e+00 1.163555116428113401e+01
3.106990923881530762e+02 2.416073732718893918e+00 1.169555299539170434e+01
3.107550954818725586e+02 2.396073122348704398e+00 1.154554841761528294e+01
3.107689702510833740e+02 2.386072817163609638e+00 1.147054612872707224e+01
3.107950007915496826e+02 2.408073488570817933e+00 1.163555116428113401e+01
3.108386306762695312e+02 2.416073732718893918e+00 1.169555299539170434e+01
3.108522894382476807e+02 2.400073244422742391e+00 1.157554933317056722e+01
3.108674366474151611e+02 2.420073854792931911e+00 1.172555391094698862e+01
3.108835620880126953e+02 2.414073671681875144e+00 1.168055253761406398e+01
3.108962886333465576e+02 2.414073671681875144e+00 1.168055253761406398e+01
3.109081707000732422e+02 2.424073976866969904e+00 1.175555482650227468e+01
3.109425342082977295e+02 2.424073976866969904e+00 1.175555482650227468e+01
3.109679212570190430e+02 2.414073671681875144e+00 1.168055253761406398e+01
3.109819531440734863e+02 2.416073732718893918e+00 1.169555299539170434e+01
3.110003821849822998e+02 2.414073671681875144e+00 1.168055253761406398e+01
3.110135719776153564e+02 2.410073549607837151e+00 1.165055162205877792e+01
3.110271489620208740e+02 2.418073793755913137e+00 1.171055345316934826e+01
3.110413911342620850e+02 2.416073732718893918e+00 1.169555299539170434e+01
3.110550887584686279e+02 2.420073854792931911e+00 1.172555391094698862e+01
3.110694811344146729e+02 2.420073854792931911e+00 1.172555391094698862e+01
3.110823428630828857e+02 2.414073671681875144e+00 1.168055253761406398e+01
3.111625328063964844e+02 2.412073610644855925e+00 1.166555207983642006e+01
3.111767160892486572e+02 2.400073244422742391e+00 1.157554933317056722e+01
3.112340576648712158e+02 2.398073183385723617e+00 1.156054887539292686e+01
3.112543110847473145e+02 2.380072634052552871e+00 1.142554475539414582e+01
3.112763228416442871e+02 2.416073732718893918e+00 1.169555299539170434e+01
3.113054053783416748e+02 2.414073671681875144e+00 1.168055253761406398e+01
3.113359684944152832e+02 2.414073671681875144e+00 1.168055253761406398e+01
3.113882288932800293e+02 2.416073732718893918e+00 1.169555299539170434e+01
3.114068868160247803e+02 2.416073732718893918e+00 1.169555299539170434e+01
3.114408946037292480e+02 2.416073732718893918e+00 1.169555299539170434e+01
3.114687361717224121e+02 2.400073244422742391e+00 1.157554933317056722e+01
3.114817333221435547e+02 2.416073732718893918e+00 1.169555299539170434e+01
3.114965054988861084e+02 2.402073305459761610e+00 1.159054979094821292e+01
3.115147907733917236e+02 2.416073732718893918e+00 1.169555299539170434e+01
3.115694978237152100e+02 2.386072817163609638e+00 1.147054612872707224e+01
3.115842819213867188e+02 2.414073671681875144e+00 1.168055253761406398e+01
3.116008133888244629e+02 2.414073671681875144e+00 1.168055253761406398e+01
3.116143746376037598e+02 2.420073854792931911e+00 1.172555391094698862e+01
3.116304867267608643e+02 2.390072939237647631e+00 1.150054704428235652e+01
3.116511001586914062e+02 2.410073549607837151e+00 1.165055162205877792e+01
3.116694979667663574e+02 2.380072634052552871e+00 1.142554475539414582e+01
3.116807060241699219e+02 2.414073671681875144e+00 1.168055253761406398e+01
3.116935017108917236e+02 2.418073793755913137e+00 1.171055345316934826e+01
3.117572145462036133e+02 2.412073610644855925e+00 1.166555207983642006e+01
3.117873089313507080e+02 2.420073854792931911e+00 1.172555391094698862e+01
3.118423810005187988e+02 2.390072939237647631e+00 1.150054704428235652e+01
3.118555037975311279e+02 2.390072939237647631e+00 1.150054704428235652e+01
3.118814136981964111e+02 2.420073854792931911e+00 1.172555391094698862e+01
3.119253947734832764e+02 2.398073183385723617e+00 1.156054887539292686e+01
3.119395792484283447e+02 2.378072573015534097e+00 1.141054429761650546e+01
3.119521944522857666e+02 2.382072695089572090e+00 1.144054521317179152e+01
3.119676997661590576e+02 2.348071657460249373e+00 1.118553743095186981e+01
3.119860227108001709e+02 2.382072695089572090e+00 1.144054521317179152e+01
3.120292603969573975e+02 2.388072878200628413e+00 1.148554658650471261e+01
3.120490005016326904e+02 2.348071657460249373e+00 1.118553743095186981e+01
3.120633289813995361e+02 2.248068605609302217e+00 1.043551454206976636e+01
3.120767803192138672e+02 2.380072634052552871e+00 1.142554475539414582e+01
3.120902378559112549e+02 2.382072695089572090e+00 1.144054521317179152e+01
3.121109328269958496e+02 2.364072145756401344e+00 1.130554109317301048e+01
3.121228673458099365e+02 2.296070070497757243e+00 1.079552552873317950e+01
3.121347789764404297e+02 2.386072817163609638e+00 1.147054612872707224e+01
3.121476948261260986e+02 2.264069093905453744e+00 1.055551820429090348e+01
3.121616842746734619e+02 2.382072695089572090e+00 1.144054521317179152e+01
3.122231392860412598e+02 2.374072450941496104e+00 1.138054338206122118e+01
3.122536904811859131e+02 2.386072817163609638e+00 1.147054612872707224e+01
3.123105912208557129e+02 2.358071962645344577e+00 1.126053971984008406e+01
3.123245904445648193e+02 2.332071169164097846e+00 1.106553376873073447e+01
3.123493573665618896e+02 2.374072450941496104e+00 1.138054338206122118e+01
3.123824744224548340e+02 2.378072573015534097e+00 1.141054429761650546e+01
3.124010581970214844e+02 2.204067262794885185e+00 1.010550447096163929e+01
3.124163386821746826e+02 2.386072817163609638e+00 1.147054612872707224e+01
3.124340424537658691e+02 2.370072328867458111e+00 1.135054246650593512e+01
3.124470167160034180e+02 2.382072695089572090e+00 1.144054521317179152e+01
3.124880554676055908e+02 2.364072145756401344e+00 1.130554109317301048e+01
3.125054426193237305e+02 2.376072511978514878e+00 1.139554383983886154e+01
3.125196309089660645e+02 2.376072511978514878e+00 1.139554383983886154e+01
3.125336000919342041e+02 2.374072450941496104e+00 1.138054338206122118e+01
3.125469996929168701e+02 2.316070680867946319e+00 1.094553010650959735e+01
3.125618209838867188e+02 2.374072450941496104e+00 1.138054338206122118e+01
3.125737051963806152e+02 2.372072389904476886e+00 1.136554292428357726e+01
3.125893831253051758e+02 2.376072511978514878e+00 1.139554383983886154e+01
3.126031646728515625e+02 2.374072450941496104e+00 1.138054338206122118e+01
3.126191480159759521e+02 2.382072695089572090e+00 1.144054521317179152e+01
3.126691961288452148e+02 2.294070009460738024e+00 1.078052507095553558e+01
3.127156679630279541e+02 2.372072389904476886e+00 1.136554292428357726e+01
3.127749738693237305e+02 2.330071108127079071e+00 1.105053331095309233e+01
3.127884643077850342e+02 2.338071352275155057e+00 1.111053514206366266e+01
3.128162028789520264e+02 2.374072450941496104e+00 1.138054338206122118e+01
3.128458168506622314e+02 2.366072206793420118e+00 1.132054155095065084e+01
3.128746223449707031e+02 2.378072573015534097e+00 1.141054429761650546e+01
3.129051427841186523e+02 2.370072328867458111e+00 1.135054246650593512e+01
3.129404542446136475e+02 2.378072573015534097e+00 1.141054429761650546e+01
3.129668235778808594e+02 2.382072695089572090e+00 1.144054521317179152e+01
3.130020964145660400e+02 2.358071962645344577e+00 1.126053971984008406e+01
3.130222027301788330e+02 2.368072267830438893e+00 1.133554200872829121e+01
3.130355625152587891e+02 2.376072511978514878e+00 1.139554383983886154e+01
3.130501787662506104e+02 2.322070863979003530e+00 1.099053147984252732e+01
3.130651512145996094e+02 2.370072328867458111e+00 1.135054246650593512e+01
3.131207461357116699e+02 2.374072450941496104e+00 1.138054338206122118e+01
3.131348454952239990e+02 2.380072634052552871e+00 1.142554475539414582e+01
3.131482429504394531e+02 2.376072511978514878e+00 1.139554383983886154e+01
3.131648814678192139e+02 2.362072084719382570e+00 1.129054063539537012e+01
3.131801407337188721e+02 2.356071901608325359e+00 1.124553926206244014e+01
3.131902887821197510e+02 2.370072328867458111e+00 1.135054246650593512e+01
3.132035727500915527e+02 2.378072573015534097e+00 1.141054429761650546e+01
3.132215616703033447e+02 2.376072511978514878e+00 1.139554383983886154e+01
3.132335274219512939e+02 2.372072389904476886e+00 1.136554292428357726e+01
3.132450044155120850e+02 2.374072450941496104e+00 1.138054338206122118e+01
3.132879621982574463e+02 2.368072267830438893e+00 1.133554200872829121e+01
3.133468277454376221e+02 2.330071108127079071e+00 1.105053331095309233e+01
3.134103085994720459e+02 2.366072206793420118e+00 1.132054155095065084e+01
3.134241416454315186e+02 2.332071169164097846e+00 1.106553376873073447e+01
3.134476389884948730e+02 2.376072511978514878e+00 1.139554383983886154e+01
3.134830627441406250e+02 2.374072450941496104e+00 1.138054338206122118e+01
3.135089843273162842e+02 2.366072206793420118e+00 1.132054155095065084e+01
3.135231864452362061e+02 2.376072511978514878e+00 1.139554383983886154e+01
3.135403854846954346e+02 2.364072145756401344e+00 1.130554109317301048e+01
3.135542056560516357e+02 2.376072511978514878e+00 1.139554383983886154e+01
3.135924935340881348e+02 2.368072267830438893e+00 1.133554200872829121e+01
3.136198983192443848e+02 2.372072389904476886e+00 1.136554292428357726e+01
3.136386420726776123e+02 2.342071474349193050e+00 1.114053605761894872e+01
3.136579794883728027e+02 2.370072328867458111e+00 1.135054246650593512e+01
3.136681210994720459e+02 2.378072573015534097e+00 1.141054429761650546e+01
3.136808073520660400e+02 2.364072145756401344e+00 1.130554109317301048e+01
3.137028067111968994e+02 2.358071962645344577e+00 1.126053971984008406e+01
3.137202799320220947e+02 2.374072450941496104e+00 1.138054338206122118e+01
3.137350835800170898e+02 2.376072511978514878e+00 1.139554383983886154e+01
3.138148519992828369e+02 2.378072573015534097e+00 1.141054429761650546e+01
3.138297517299652100e+02 2.354071840571306584e+00 1.123053880428479978e+01
3.138891780376434326e+02 2.360072023682363351e+00 1.127554017761772442e+01
3.139029264450073242e+02 2.340071413312173831e+00 1.112553559984130302e+01
3.139256665706634521e+02 2.376072511978514878e+00 1.139554383983886154e+01
3.139553306102752686e+02 2.368072267830438893e+00 1.133554200872829121e+01
3.139784574508666992e+02 2.374072450941496104e+00 1.138054338206122118e+01
3.139980847835540771e+02 2.354071840571306584e+00 1.123053880428479978e+01
3.140147764682769775e+02 2.346071596423230599e+00 1.117053697317422944e+01
3.140449881553649902e+02 2.352071779534287366e+00 1.121553834650715586e+01
3.140812728404998779e+02 2.370072328867458111e+00 1.135054246650593512e+01
3.140968039035797119e+02 2.366072206793420118e+00 1.132054155095065084e+01
3.141094324588775635e+02 2.380072634052552871e+00 1.142554475539414582e+01
3.141239194869995117e+02 2.372072389904476886e+00 1.136554292428357726e+01
3.141381931304931641e+02 2.376072511978514878e+00 1.139554383983886154e+01
3.141510796546936035e+02 2.378072573015534097e+00 1.141054429761650546e+01
3.141651742458343506e+02 2.378072573015534097e+00 1.141054429761650546e+01
3.141792943477630615e+02 2.376072511978514878e+00 1.139554383983886154e+01
3.141931951045989990e+02 2.374072450941496104e+00 1.138054338206122118e+01
3.142062501907348633e+02 2.380072634052552871e+00 1.142554475539414582e+01
3.142698721885681152e+02 2.366072206793420118e+00 1.132054155095065084e+01
3.143057625293731689e+02 2.384072756126590864e+00 1.145554567094943188e+01
3.143630158901214600e+02 2.398073183385723617e+00 1.156054887539292686e+01
3.143834905624389648e+02 2.380072634052552871e+00 1.142554475539414582e+01
3.144059722423553467e+02 2.414073671681875144e+00 1.168055253761406398e+01
3.144325008392333984e+02 2.410073549607837151e+00 1.165055162205877792e+01
3.144642415046691895e+02 2.418073793755913137e+00 1.171055345316934826e+01
3.144933018684387207e+02 2.404073366496780384e+00 1.160555024872585328e+01
3.145290777683258057e+02 2.404073366496780384e+00 1.160555024872585328e+01
3.145489597320556641e+02 2.412073610644855925e+00 1.166555207983642006e+01
3.146008696556091309e+02 2.414073671681875144e+00 1.168055253761406398e+01
3.146140940189361572e+02 2.418073793755913137e+00 1.171055345316934826e+01
3.146252615451812744e+02 2.412073610644855925e+00 1.166555207983642006e+01
3.146413493156433105e+02 2.416073732718893918e+00 1.169555299539170434e+01
3.146624069213867188e+02 2.416073732718893918e+00 1.169555299539170434e+01
3.147069737911224365e+02 2.410073549607837151e+00 1.165055162205877792e+01
3.147259538173675537e+02 2.412073610644855925e+00 1.166555207983642006e+01
3.147408976554870605e+02 2.408073488570817933e+00 1.163555116428113401e+01
3.147592096328735352e+02 2.402073305459761610e+00 1.159054979094821292e+01
3.147719774246215820e+02 2.402073305459761610e+00 1.159054979094821292e+01
3.147830667495727539e+02 2.412073610644855925e+00 1.166555207983642006e+01
3.147979502677917480e+02 2.418073793755913137e+00 1.171055345316934826e+01
3.148119056224822998e+02 2.416073732718893918e+00 1.169555299539170434e+01
3.148245151042938232e+02 2.416073732718893918e+00 1.169555299539170434e+01
3.148399970531463623e+02 2.418073793755913137e+00 1.171055345316934826e+01
3.149040315151214600e+02 2.416073732718893918e+00 1.169555299539170434e+01
3.149342870712280273e+02 2.420073854792931911e+00 1.172555391094698862e+01
3.149913201332092285e+02 2.382072695089572090e+00 1.144054521317179152e+01
3.150049343109130859e+02 2.388072878200628413e+00 1.148554658650471261e+01
3.150301716327667236e+02 2.418073793755913137e+00 1.171055345316934826e+01
3.150638778209686279e+02 2.388072878200628413e+00 1.148554658650471261e+01
3.150858771800994873e+02 2.418073793755913137e+00 1.171055345316934826e+01
3.151005942821502686e+02 2.400073244422742391e+00 1.157554933317056722e+01
3.151135723590850830e+02 2.398073183385723617e+00 1.156054887539292686e+01
3.151290035247802734e+02 2.376072511978514878e+00 1.139554383983886154e+01
3.151800394058227539e+02 2.416073732718893918e+00 1.169555299539170434e+01
3.152011520862579346e+02 2.400073244422742391e+00 1.157554933317056722e+01
3.152143466472625732e+02 2.416073732718893918e+00 1.169555299539170434e+01
3.152286944389343262e+02 2.400073244422742391e+00 1.157554933317056722e+01
3.152424149513244629e+02 2.406073427533799602e+00 1.162055070650349720e+01
3.152557346820831299e+02 2.412073610644855925e+00 1.166555207983642006e+01
3.152720022201538086e+02 2.354071840571306584e+00 1.123053880428479978e+01
3.152870733737945557e+02 2.408073488570817933e+00 1.163555116428113401e+01
3.152995319366455078e+02 2.392073000274666406e+00 1.151554750205999866e+01
3.153193831443786621e+02 2.364072145756401344e+00 1.130554109317301048e+01
3.153725461959838867e+02 2.400073244422742391e+00 1.157554933317056722e+01
3.154035041332244873e+02 2.380072634052552871e+00 1.142554475539414582e+01
3.154620430469512939e+02 2.386072817163609638e+00 1.147054612872707224e+01
3.154757270812988281e+02 2.386072817163609638e+00 1.147054612872707224e+01
3.154985599517822266e+02 2.416073732718893918e+00 1.169555299539170434e+01
3.155286014080047607e+02 2.410073549607837151e+00 1.165055162205877792e+01
3.155550832748413086e+02 2.414073671681875144e+00 1.168055253761406398e+01
3.155734496116638184e+02 2.416073732718893918e+00 1.169555299539170434e+01
3.155874056816101074e+02 2.416073732718893918e+00 1.169555299539170434e+01
3.156074748039245605e+02 2.400073244422742391e+00 1.157554933317056722e+01
3.156494204998016357e+02 2.412073610644855925e+00 1.166555207983642006e+01
3.156687877178192139e+02 2.412073610644855925e+00 1.166555207983642006e+01
3.156849243640899658e+02 2.412073610644855925e+00 1.166555207983642006e+01
3.156980745792388916e+02 2.412073610644855925e+00 1.166555207983642006e+01
3.157136247158050537e+02 2.410073549607837151e+00 1.165055162205877792e+01
3.157265002727508545e+02 2.418073793755913137e+00 1.171055345316934826e+01
3.157402839660644531e+02 2.418073793755913137e+00 1.171055345316934826e+01
3.157555797100067139e+02 2.414073671681875144e+00 1.168055253761406398e+01
3.157688102722167969e+02 2.414073671681875144e+00 1.168055253761406398e+01
3.157830100059509277e+02 2.418073793755913137e+00 1.171055345316934826e+01
3.158452603816986084e+02 2.412073610644855925e+00 1.166555207983642006e+01
3.158757753372192383e+02 2.408073488570817933e+00 1.163555116428113401e+01
3.159361159801483154e+02 2.396073122348704398e+00 1.154554841761528294e+01
3.159504578113555908e+02 2.386072817163609638e+00 1.147054612872707224e+01
3.159685769081115723e+02 2.412073610644855925e+00 1.166555207983642006e+01
3.159981892108917236e+02 2.432074221015045445e+00 1.181555665761284146e+01
3.160274975299835205e+02 2.418073793755913137e+00 1.171055345316934826e+01
3.160565154552459717e+02 2.414073671681875144e+00 1.168055253761406398e+01
3.160993640422821045e+02 2.414073671681875144e+00 1.168055253761406398e+01
3.161201326847076416e+02 2.396073122348704398e+00 1.154554841761528294e+01
3.161512892246246338e+02 2.406073427533799602e+00 1.162055070650349720e+01
3.161816656589508057e+02 2.418073793755913137e+00 1.171055345316934826e+01
3.161975800991058350e+02 2.416073732718893918e+00 1.169555299539170434e+01
3.162155025005340576e+02 2.398073183385723617e+00 1.156054887539292686e+01
3.162282476425170898e+02 2.416073732718893918e+00 1.169555299539170434e+01
3.162696895599365234e+02 2.412073610644855925e+00 1.166555207983642006e+01
3.162906329631805420e+02 2.420073854792931911e+00 1.172555391094698862e+01
3.163046801090240479e+02 2.398073183385723617e+00 1.156054887539292686e+01
3.163223307132720947e+02 2.382072695089572090e+00 1.144054521317179152e+01
3.163402011394500732e+02 2.420073854792931911e+00 1.172555391094698862e+01
3.163562631607055664e+02 2.416073732718893918e+00 1.169555299539170434e+01
3.163749587535858154e+02 2.400073244422742391e+00 1.157554933317056722e+01
3.163891689777374268e+02 2.410073549607837151e+00 1.165055162205877792e+01
3.164041953086853027e+02 2.374072450941496104e+00 1.138054338206122118e+01
3.164321091175079346e+02 2.404073366496780384e+00 1.160555024872585328e+01
3.164939107894897461e+02 2.410073549607837151e+00 1.165055162205877792e+01
3.165087327957153320e+02 2.402073305459761610e+00 1.159054979094821292e+01
3.165646626949310303e+02 2.388072878200628413e+00 1.148554658650471261e+01
3.165785088539123535e+02 2.380072634052552871e+00 1.142554475539414582e+01
3.166054739952087402e+02 2.400073244422742391e+00 1.157554933317056722e+01
3.166476366519927979e+02 2.408073488570817933e+00 1.163555116428113401e+01
3.166641154289245605e+02 2.420073854792931911e+00 1.172555391094698862e+01
3.166801347732543945e+02 2.396073122348704398e+00 1.154554841761528294e+01
3.166977236270904541e+02 2.396073122348704398e+00 1.154554841761528294e+01
3.167247900962829590e+02 2.414073671681875144e+00 1.168055253761406398e+01
3.167655847072601318e+02 2.404073366496780384e+00 1.160555024872585328e+01
3.167834351062774658e+02 2.400073244422742391e+00 1.157554933317056722e+01
3.167959115505218506e+02 2.412073610644855925e+00 1.166555207983642006e+01
3.168071653842926025e+02 2.412073610644855925e+00 1.166555207983642006e+01
3.168205590248107910e+02 2.406073427533799602e+00 1.162055070650349720e+01
3.168337576389312744e+02 2.414073671681875144e+00 1.168055253761406398e+01
3.168504106998443604e+02 2.404073366496780384e+00 1.160555024872585328e+01
3.168640539646148682e+02 2.412073610644855925e+00 1.166555207983642006e+01
3.168776907920837402e+02 2.402073305459761610e+00 1.159054979094821292e+01
3.168922088146209717e+02 2.414073671681875144e+00 1.168055253761406398e+01
3.169561927318572998e+02 2.404073366496780384e+00 1.160555024872585328e+01
3.169887807369232178e+02 2.404073366496780384e+00 1.160555024872585328e+01
3.170444440841674805e+02 2.400073244422742391e+00 1.157554933317056722e+01
3.170588574409484863e+02 2.388072878200628413e+00 1.148554658650471261e+01
3.170816955566406250e+02 2.416073732718893918e+00 1.169555299539170434e+01
3.171324353218078613e+02 2.414073671681875144e+00 1.168055253761406398e+01
3.171482203006744385e+02 2.412073610644855925e+00 1.166555207983642006e+01
3.171629421710968018e+02 2.414073671681875144e+00 1.168055253761406398e+01
3.171790969371795654e+02 2.386072817163609638e+00 1.147054612872707224e+01
3.172208790779113770e+02 2.414073671681875144e+00 1.168055253761406398e+01
3.172440600395202637e+02 2.414073671681875144e+00 1.168055253761406398e+01
3.172543811798095703e+02 2.414073671681875144e+00 1.168055253761406398e+01
3.172681243419647217e+02 2.418073793755913137e+00 1.171055345316934826e+01
3.172820236682891846e+02 2.386072817163609638e+00 1.147054612872707224e+01
3.172950677871704102e+02 2.414073671681875144e+00 1.168055253761406398e+01
3.173084850311279297e+02 2.416073732718893918e+00 1.169555299539170434e+01
3.173217856884002686e+02 2.418073793755913137e+00 1.171055345316934826e+01
3.173363122940063477e+02 2.418073793755913137e+00 1.171055345316934826e+01
3.173503665924072266e+02 2.418073793755913137e+00 1.171055345316934826e+01
3.173647513389587402e+02 2.416073732718893918e+00 1.169555299539170434e+01
3.174068586826324463e+02 2.400073244422742391e+00 1.157554933317056722e+01
3.174563031196594238e+02 2.410073549607837151e+00 1.165055162205877792e+01
3.175209786891937256e+02 2.396073122348704398e+00 1.154554841761528294e+01
3.175349936485290527e+02 2.364072145756401344e+00 1.130554109317301048e+01
3.175586390495300293e+02 2.420073854792931911e+00 1.172555391094698862e+01
3.175830376148223877e+02 2.396073122348704398e+00 1.154554841761528294e+01
3.176139030456542969e+02 2.414073671681875144e+00 1.168055253761406398e+01
3.176435656547546387e+02 2.414073671681875144e+00 1.168055253761406398e+01
3.176886684894561768e+02 2.414073671681875144e+00 1.168055253761406398e+01
3.177090086936950684e+02 2.400073244422742391e+00 1.157554933317056722e+01
3.177456238269805908e+02 2.408073488570817933e+00 1.163555116428113401e+01
3.177669937610626221e+02 2.414073671681875144e+00 1.168055253761406398e+01
3.177830271720886230e+02 2.414073671681875144e+00 1.168055253761406398e+01
3.177984130382537842e+02 2.414073671681875144e+00 1.168055253761406398e+01
3.178129749298095703e+02 2.406073427533799602e+00 1.162055070650349720e+01
3.178352305889129639e+02 2.368072267830438893e+00 1.133554200872829121e+01
3.178790791034698486e+02 2.412073610644855925e+00 1.166555207983642006e+01
3.178957269191741943e+02 2.414073671681875144e+00 1.168055253761406398e+01
3.179098432064056396e+02 2.408073488570817933e+00 1.163555116428113401e+01
3.179244914054870605e+02 2.406073427533799602e+00 1.162055070650349720e+01
3.179396748542785645e+02 2.386072817163609638e+00 1.147054612872707224e+01
3.179570579528808594e+02 2.398073183385723617e+00 1.156054887539292686e+01
3.179706618785858154e+02 2.418073793755913137e+00 1.171055345316934826e+01
3.179846508502960205e+02 2.412073610644855925e+00 1.166555207983642006e+01
3.180119664669036865e+02 2.412073610644855925e+00 1.166555207983642006e+01
3.180568926334381104e+02 2.408073488570817933e+00 1.163555116428113401e+01
3.180868248939514160e+02 2.422073915829951130e+00 1.174055436872463432e+01
3.181422181129455566e+02 2.386072817163609638e+00 1.147054612872707224e+01
3.181555373668670654e+02 2.386072817163609638e+00 1.147054612872707224e+01
3.181840736865997314e+02 2.402073305459761610e+00 1.159054979094821292e+01
3.182160525321960449e+02 2.408073488570817933e+00 1.163555116428113401e+01
3.182360670566558838e+02 2.412073610644855925e+00 1.166555207983642006e+01
3.182491195201873779e+02 2.416073732718893918e+00 1.169555299539170434e+01
3.182662651538848877e+02 2.414073671681875144e+00 1.168055253761406398e+01
3.182791295051574707e+02 2.418073793755913137e+00 1.171055345316934826e+01
3.183301553726196289e+02 2.420073854792931911e+00 1.172555391094698862e+01
3.183483560085296631e+02 2.416073732718893918e+00 1.169555299539170434e+01
3.183616125583648682e+02 2.406073427533799602e+00 1.162055070650349720e+01
3.183805675506591797e+02 2.398073183385723617e+00 1.156054887539292686e+01
3.183996305465698242e+02 2.416073732718893918e+00 1.169555299539170434e+01
3.184159479141235352e+02 2.412073610644855925e+00 1.166555207983642006e+01
3.184330291748046875e+02 2.416073732718893918e+00 1.169555299539170434e+01
3.184468712806701660e+02 2.410073549607837151e+00 1.165055162205877792e+01
3.184571802616119385e+02 2.404073366496780384e+00 1.160555024872585328e+01
3.184867742061614990e+02 2.410073549607837151e+00 1.165055162205877792e+01
3.185483260154724121e+02 2.410073549607837151e+00 1.165055162205877792e+01
3.186059038639068604e+02 2.398073183385723617e+00 1.156054887539292686e+01
3.186202878952026367e+02 2.386072817163609638e+00 1.147054612872707224e+01
3.186428875923156738e+02 2.414073671681875144e+00 1.168055253761406398e+01
3.186915693283081055e+02 2.408073488570817933e+00 1.163555116428113401e+01
3.187079386711120605e+02 2.416073732718893918e+00 1.169555299539170434e+01
3.187202615737915039e+02 2.416073732718893918e+00 1.169555299539170434e+01
3.187312746047973633e+02 2.414073671681875144e+00 1.168055253761406398e+01
3.187504148483276367e+02 2.400073244422742391e+00 1.157554933317056722e+01
3.187972724437713623e+02 2.406073427533799602e+00 1.162055070650349720e+01
3.188127224445343018e+02 2.388072878200628413e+00 1.148554658650471261e+01
3.188258240222930908e+02 2.404073366496780384e+00 1.160555024872585328e+01
3.188401207923889160e+02 2.414073671681875144e+00 1.168055253761406398e+01
3.188563711643218994e+02 2.394073061311685624e+00 1.153054795983764258e+01
3.188727605342864990e+02 2.400073244422742391e+00 1.157554933317056722e+01
3.188839550018310547e+02 2.424073976866969904e+00 1.175555482650227468e+01
3.188971335887908936e+02 2.412073610644855925e+00 1.166555207983642006e+01
3.189101436138153076e+02 2.418073793755913137e+00 1.171055345316934826e+01
3.189255177974700928e+02 2.416073732718893918e+00 1.169555299539170434e+01
3.189885830879211426e+02 2.392073000274666406e+00 1.151554750205999866e+01
3.190193948745727539e+02 2.416073732718893918e+00 1.169555299539170434e+01
3.190757434368133545e+02 2.400073244422742391e+00 1.157554933317056722e+01
3.190896317958831787e+02 2.382072695089572090e+00 1.144054521317179152e+01
3.191134958267211914e+02 2.418073793755913137e+00 1.171055345316934826e+01
3.191429331302642822e+02 2.418073793755913137e+00 1.171055345316934826e+01
3.191718504428863525e+02 2.416073732718893918e+00 1.169555299539170434e+01
3.192022874355316162e+02 2.376072511978514878e+00 1.139554383983886154e+01
3.192434182167053223e+02 2.412073610644855925e+00 1.166555207983642006e+01
3.192671134471893311e+02 2.398073183385723617e+00 1.156054887539292686e+01
3.192995922565460205e+02 2.414073671681875144e+00 1.168055253761406398e+01
3.193181385993957520e+02 2.348071657460249373e+00 1.118553743095186981e+01
3.193342921733856201e+02 2.194066957609790425e+00 1.003050218207342859e+01
3.193518738746643066e+02 2.374072450941496104e+00 1.138054338206122118e+01
3.193650965690612793e+02 2.372072389904476886e+00 1.136554292428357726e+01
3.193865592479705811e+02 2.374072450941496104e+00 1.138054338206122118e+01
3.194289462566375732e+02 2.378072573015534097e+00 1.141054429761650546e+01
3.194418060779571533e+02 2.366072206793420118e+00 1.132054155095065084e+01
3.194580688476562500e+02 2.380072634052552871e+00 1.142554475539414582e+01
3.194767863750457764e+02 2.378072573015534097e+00 1.141054429761650546e+01
3.194906773567199707e+02 2.366072206793420118e+00 1.132054155095065084e+01
3.195041248798370361e+02 2.350071718497268591e+00 1.120053788872951372e+01
3.195179958343505859e+02 2.380072634052552871e+00 1.142554475539414582e+01
3.195331201553344727e+02 2.384072756126590864e+00 1.145554567094943188e+01
3.195483825206756592e+02 2.382072695089572090e+00 1.144054521317179152e+01
3.195889441967010498e+02 2.186066713461714439e+00 9.970500350962858249e+00
3.196372611522674561e+02 2.374072450941496104e+00 1.138054338206122118e+01
3.196967725753784180e+02 2.340071413312173831e+00 1.112553559984130302e+01
3.197103283405303955e+02 2.240068361461226232e+00 1.037551271095919603e+01
3.197503988742828369e+02 2.372072389904476886e+00 1.136554292428357726e+01
3.197715132236480713e+02 2.378072573015534097e+00 1.141054429761650546e+01
3.197945499420166016e+02 2.376072511978514878e+00 1.139554383983886154e+01
3.198093783855438232e+02 2.366072206793420118e+00 1.132054155095065084e+01
3.198226015567779541e+02 2.382072695089572090e+00 1.144054521317179152e+01
3.198384022712707520e+02 2.364072145756401344e+00 1.130554109317301048e+01
3.198924591541290283e+02 2.372072389904476886e+00 1.136554292428357726e+01
3.199059591293334961e+02 2.360072023682363351e+00 1.127554017761772442e+01
3.199205293655395508e+02 2.378072573015534097e+00 1.141054429761650546e+01
3.199354622364044189e+02 2.382072695089572090e+00 1.144054521317179152e+01
3.199505589008331299e+02 2.374072450941496104e+00 1.138054338206122118e+01
3.199644885063171387e+02 2.364072145756401344e+00 1.130554109317301048e+01
3.199778025150299072e+02 2.378072573015534097e+00 1.141054429761650546e+01
3.199912283420562744e+02 2.366072206793420118e+00 1.132054155095065084e+01
3.200116076469421387e+02 2.332071169164097846e+00 1.106553376873073447e+01
3.200566544532775879e+02 2.364072145756401344e+00 1.130554109317301048e+01
3.201076676845550537e+02 2.390072939237647631e+00 1.150054704428235652e+01
3.201650490760803223e+02 2.364072145756401344e+00 1.130554109317301048e+01
3.201790671348571777e+02 2.346071596423230599e+00 1.117053697317422944e+01
3.202050218582153320e+02 2.374072450941496104e+00 1.138054338206122118e+01
3.202476997375488281e+02 2.372072389904476886e+00 1.136554292428357726e+01
3.202675130367279053e+02 2.352071779534287366e+00 1.121553834650715586e+01
3.202840023040771484e+02 2.374072450941496104e+00 1.138054338206122118e+01
3.202985355854034424e+02 2.374072450941496104e+00 1.138054338206122118e+01
3.203231198787689209e+02 2.372072389904476886e+00 1.136554292428357726e+01
3.203543076515197754e+02 2.376072511978514878e+00 1.139554383983886154e+01
3.203705024719238281e+02 2.370072328867458111e+00 1.135054246650593512e+01
3.203869433403015137e+02 2.378072573015534097e+00 1.141054429761650546e+01
3.204000706672668457e+02 2.376072511978514878e+00 1.139554383983886154e+01
3.204178509712219238e+02 2.360072023682363351e+00 1.127554017761772442e+01
3.204311068058013916e+02 2.358071962645344577e+00 1.126053971984008406e+01
3.204462721347808838e+02 2.350071718497268591e+00 1.120053788872951372e+01
3.204626750946044922e+02 2.370072328867458111e+00 1.135054246650593512e+01
3.204810752868652344e+02 2.374072450941496104e+00 1.138054338206122118e+01
3.205438985824584961e+02 2.374072450941496104e+00 1.138054338206122118e+01
3.205741109848022461e+02 2.360072023682363351e+00 1.127554017761772442e+01
3.206300022602081299e+02 2.362072084719382570e+00 1.129054063539537012e+01
3.206502611637115479e+02 2.332071169164097846e+00 1.106553376873073447e+01
3.206669359207153320e+02 2.376072511978514878e+00 1.139554383983886154e+01
3.206957309246063232e+02 2.366072206793420118e+00 1.132054155095065084e+01
3.207241423130035400e+02 2.378072573015534097e+00 1.141054429761650546e+01
3.207541179656982422e+02 2.368072267830438893e+00 1.133554200872829121e+01
3.207895615100860596e+02 2.366072206793420118e+00 1.132054155095065084e+01
3.208155639171600342e+02 2.350071718497268591e+00 1.120053788872951372e+01
3.208646457195281982e+02 2.372072389904476886e+00 1.136554292428357726e+01
3.208769493103027344e+02 2.366072206793420118e+00 1.132054155095065084e+01
3.208923509120941162e+02 2.378072573015534097e+00 1.141054429761650546e+01
3.209099104404449463e+02 2.354071840571306584e+00 1.123053880428479978e+01
3.209771473407745361e+02 2.378072573015534097e+00 1.141054429761650546e+01
3.209916887283325195e+02 2.352071779534287366e+00 1.121553834650715586e+01
3.210060725212097168e+02 2.380072634052552871e+00 1.142554475539414582e+01
3.210214753150939941e+02 2.370072328867458111e+00 1.135054246650593512e+01
3.210362176895141602e+02 2.344071535386211380e+00 1.115553651539658553e+01
3.210533156394958496e+02 2.368072267830438893e+00 1.133554200872829121e+01
3.210681049823760986e+02 2.372072389904476886e+00 1.136554292428357726e+01
3.210846586227416992e+02 2.372072389904476886e+00 1.136554292428357726e+01
3.211586291790008545e+02 2.378072573015534097e+00 1.141054429761650546e+01
3.212434015274047852e+02 2.376072511978514878e+00 1.139554383983886154e+01
3.212560672760009766e+02 2.328071047090059853e+00 1.103553285317544841e+01
3.212771377563476562e+02 2.348071657460249373e+00 1.118553743095186981e+01
3.213093090057373047e+02 2.376072511978514878e+00 1.139554383983886154e+01
3.213348708152770996e+02 2.372072389904476886e+00 1.136554292428357726e+01
3.213486039638519287e+02 2.370072328867458111e+00 1.135054246650593512e+01
3.213597269058227539e+02 2.374072450941496104e+00 1.138054338206122118e+01
3.213776464462280273e+02 2.364072145756401344e+00 1.130554109317301048e+01
3.213991985321044922e+02 2.364072145756401344e+00 1.130554109317301048e+01
3.214431777000427246e+02 2.380072634052552871e+00 1.142554475539414582e+01
3.214609849452972412e+02 2.376072511978514878e+00 1.139554383983886154e+01
3.214788017272949219e+02 2.372072389904476886e+00 1.136554292428357726e+01
3.214936957359313965e+02 2.374072450941496104e+00 1.138054338206122118e+01
3.215088860988616943e+02 2.376072511978514878e+00 1.139554383983886154e+01
3.215255579948425293e+02 2.374072450941496104e+00 1.138054338206122118e+01
3.215476803779602051e+02 2.370072328867458111e+00 1.135054246650593512e+01
3.215654768943786621e+02 2.370072328867458111e+00 1.135054246650593512e+01
3.216118600368499756e+02 2.368072267830438893e+00 1.133554200872829121e+01
3.216660766601562500e+02 2.380072634052552871e+00 1.142554475539414582e+01
3.217252602577209473e+02 2.394073061311685624e+00 1.153054795983764258e+01
3.217389702796936035e+02 2.394073061311685624e+00 1.153054795983764258e+01
3.217817249298095703e+02 2.416073732718893918e+00 1.169555299539170434e+01
3.218133118152618408e+02 2.408073488570817933e+00 1.163555116428113401e+01
3.218308935165405273e+02 2.388072878200628413e+00 1.148554658650471261e+01
3.218432109355926514e+02 2.414073671681875144e+00 1.168055253761406398e+01
3.218586852550506592e+02 2.410073549607837151e+00 1.165055162205877792e+01
3.218812258243560791e+02 2.412073610644855925e+00 1.166555207983642006e+01
3.219172506332397461e+02 2.408073488570817933e+00 1.163555116428113401e+01
3.219312708377838135e+02 2.418073793755913137e+00 1.171055345316934826e+01
3.219452378749847412e+02 2.402073305459761610e+00 1.159054979094821292e+01
3.219600992202758789e+02 2.420073854792931911e+00 1.172555391094698862e+01
3.219732563495635986e+02 2.418073793755913137e+00 1.171055345316934826e+01
3.219870686531066895e+02 2.418073793755913137e+00 1.171055345316934826e+01
3.220018954277038574e+02 2.394073061311685624e+00 1.153054795983764258e+01
3.220148539543151855e+02 2.412073610644855925e+00 1.166555207983642006e+01
3.220289278030395508e+02 2.414073671681875144e+00 1.168055253761406398e+01
3.220433890819549561e+02 2.404073366496780384e+00 1.160555024872585328e+01
3.220696954727172852e+02 2.414073671681875144e+00 1.168055253761406398e+01
3.221257755756378174e+02 2.398073183385723617e+00 1.156054887539292686e+01
3.221396744251251221e+02 2.402073305459761610e+00 1.159054979094821292e+01
3.221950755119323730e+02 2.384072756126590864e+00 1.145554567094943188e+01
3.222089841365814209e+02 2.366072206793420118e+00 1.132054155095065084e+01
3.222339560985565186e+02 2.390072939237647631e+00 1.150054704428235652e+01
3.222576715946197510e+02 2.388072878200628413e+00 1.148554658650471261e+01
3.222863123416900635e+02 2.416073732718893918e+00 1.169555299539170434e+01
3.223149638175964355e+02 2.416073732718893918e+00 1.169555299539170434e+01
3.223572409152984619e+02 2.404073366496780384e+00 1.160555024872585328e+01
3.223768851757049561e+02 2.394073061311685624e+00 1.153054795983764258e+01
3.224128253459930420e+02 2.412073610644855925e+00 1.166555207983642006e+01
3.224389390945434570e+02 2.410073549607837151e+00 1.165055162205877792e+01
3.224504156112670898e+02 2.414073671681875144e+00 1.168055253761406398e+01
3.224632434844970703e+02 2.416073732718893918e+00 1.169555299539170434e+01
3.224756312370300293e+02 2.390072939237647631e+00 1.150054704428235652e+01
3.224920723438262939e+02 2.408073488570817933e+00 1.163555116428113401e+01
3.225340852737426758e+02 2.416073732718893918e+00 1.169555299539170434e+01
3.225526478290557861e+02 2.410073549607837151e+00 1.165055162205877792e+01
3.225677165985107422e+02 2.418073793755913137e+00 1.171055345316934826e+01
3.225828719139099121e+02 2.406073427533799602e+00 1.162055070650349720e+01
3.225983176231384277e+02 2.398073183385723617e+00 1.156054887539292686e+01
3.226163320541381836e+02 2.378072573015534097e+00 1.141054429761650546e+01
3.226348872184753418e+02 2.414073671681875144e+00 1.168055253761406398e+01
3.226546287536621094e+02 2.404073366496780384e+00 1.160555024872585328e+01
3.226811776161193848e+02 2.418073793755913137e+00 1.171055345316934826e+01
3.227416205406188965e+02 2.406073427533799602e+00 1.162055070650349720e+01
3.227559843063354492e+02 2.402073305459761610e+00 1.159054979094821292e+01
3.228103711605072021e+02 2.384072756126590864e+00 1.145554567094943188e+01
3.228237044811248779e+02 2.380072634052552871e+00 1.142554475539414582e+01
3.228495535850524902e+02 2.416073732718893918e+00 1.169555299539170434e+01
3.228819575309753418e+02 2.410073549607837151e+00 1.165055162205877792e+01
3.229003934860229492e+02 2.414073671681875144e+00 1.168055253761406398e+01
3.229156398773193359e+02 2.414073671681875144e+00 1.168055253761406398e+01
3.229286057949066162e+02 2.408073488570817933e+00 1.163555116428113401e+01
3.229447069168090820e+02 2.386072817163609638e+00 1.147054612872707224e+01
3.230050764083862305e+02 2.410073549607837151e+00 1.165055162205877792e+01
3.230218062400817871e+02 2.402073305459761610e+00 1.159054979094821292e+01
3.230417129993438721e+02 2.420073854792931911e+00 1.172555391094698862e+01
3.230572702884674072e+02 2.418073793755913137e+00 1.171055345316934826e+01
3.230705430507659912e+02 2.416073732718893918e+00 1.169555299539170434e+01
3.230847048759460449e+02 2.418073793755913137e+00 1.171055345316934826e+01
3.231002948284149170e+02 2.402073305459761610e+00 1.159054979094821292e+01
3.231121842861175537e+02 2.410073549607837151e+00 1.165055162205877792e+01
3.231253948211669922e+02 2.418073793755913137e+00 1.171055345316934826e+01
3.231874685287475586e+02 2.412073610644855925e+00 1.166555207983642006e+01
3.232193207740783691e+02 2.406073427533799602e+00 1.162055070650349720e+01
3.232742459774017334e+02 2.392073000274666406e+00 1.151554750205999866e+01
3.232938776016235352e+02 2.386072817163609638e+00 1.147054612872707224e+01
3.233200137615203857e+02 2.412073610644855925e+00 1.166555207983642006e+01
3.233633484840393066e+02 2.382072695089572090e+00 1.144054521317179152e+01
3.233768506050109863e+02 2.410073549607837151e+00 1.165055162205877792e+01
3.233894031047821045e+02 2.402073305459761610e+00 1.159054979094821292e+01
3.234058480262756348e+02 2.406073427533799602e+00 1.162055070650349720e+01
3.234611146450042725e+02 2.416073732718893918e+00 1.169555299539170434e+01
3.234763100147247314e+02 2.388072878200628413e+00 1.148554658650471261e+01
3.234907619953155518e+02 2.416073732718893918e+00 1.169555299539170434e+01
3.235036537647247314e+02 2.420073854792931911e+00 1.172555391094698862e+01
3.235174834728240967e+02 2.414073671681875144e+00 1.168055253761406398e+01
3.235317695140838623e+02 2.414073671681875144e+00 1.168055253761406398e+01
3.235455355644226074e+02 2.408073488570817933e+00 1.163555116428113401e+01
3.235588591098785400e+02 2.418073793755913137e+00 1.171055345316934826e+01
