4.276797771453857422e-01 1.920058595538193913e+00 7.975439466536454525e+00
4.426827430725097656e-01 1.922058656575212687e+00 7.990439924314094888e+00
4.554190635681152344e-01 1.924058717612231684e+00 8.005440382091737916e+00
4.685065746307373047e-01 1.932058961760307669e+00 8.065442213202306476e+00
5.018811225891113281e-01 1.940059205908383433e+00 8.125444044312875036e+00
5.396056175231933594e-01 1.978060365611743476e+00 8.410452742088075695e+00
6.124155521392822266e-01 1.970060121463667713e+00 8.350450910977507135e+00
6.377992630004882812e-01 1.982060487685781469e+00 8.440453657643359975e+00
6.528866291046142578e-01 1.968060060426648716e+00 8.335450453199864995e+00
6.655087471008300781e-01 1.976060304574724480e+00 8.395452284310433555e+00
6.785955429077148438e-01 1.968060060426648716e+00 8.335450453199864995e+00
6.904237270355224609e-01 1.970060121463667713e+00 8.350450910977507135e+00
7.050075531005859375e-01 1.978060365611743476e+00 8.410452742088075695e+00
7.225308418273925781e-01 1.968060060426648716e+00 8.335450453199864995e+00
7.380616664886474609e-01 1.972060182500686709e+00 8.365451368755149275e+00
7.729549407958984375e-01 1.956059694204534960e+00 8.245447706534012156e+00
7.895910739898681641e-01 1.974060243537705706e+00 8.380451826532793191e+00
8.079698085784912109e-01 1.974060243537705706e+00 8.380451826532793191e+00
8.215003013610839844e-01 1.984060548722800466e+00 8.455454115421003891e+00
8.449792861938476562e-01 1.986060609759819240e+00 8.470454573198644255e+00
8.934216499328613281e-01 1.978060365611743476e+00 8.410452742088075695e+00
9.854240417480468750e-01 1.962059877315591949e+00 8.290449079866938575e+00
1.007005453109741211e+00 1.986060609759819240e+00 8.470454573198644255e+00
1.020221471786499023e+00 1.984060548722800466e+00 8.455454115421003891e+00
1.031955003738403320e+00 1.958059755241553956e+00 8.260448164311654295e+00
1.043542146682739258e+00 1.968060060426648716e+00 8.335450453199864995e+00
1.055794477462768555e+00 1.974060243537705706e+00 8.380451826532793191e+00
1.073024272918701172e+00 1.982060487685781469e+00 8.440453657643359975e+00
1.090253353118896484e+00 1.950059511093478193e+00 8.200446333201085736e+00
1.100395679473876953e+00 1.974060243537705706e+00 8.380451826532793191e+00
1.120723485946655273e+00 1.974060243537705706e+00 8.380451826532793191e+00
1.140571594238281250e+00 1.986060609759819240e+00 8.470454573198644255e+00
1.155391693115234375e+00 1.986060609759819240e+00 8.470454573198644255e+00
1.190149545669555664e+00 1.972060182500686709e+00 8.365451368755149275e+00
1.207088470458984375e+00 1.980060426648762473e+00 8.425453199865717835e+00
1.221660375595092773e+00 1.974060243537705706e+00 8.380451826532793191e+00
1.234391450881958008e+00 1.960059816278572953e+00 8.275448622089296435e+00
1.260586500167846680e+00 1.980060426648762473e+00 8.425453199865717835e+00
1.295201539993286133e+00 1.976060304574724480e+00 8.395452284310433555e+00
1.356989145278930664e+00 1.978060365611743476e+00 8.410452742088075695e+00
1.393448591232299805e+00 1.984060548722800466e+00 8.455454115421003891e+00
1.444681882858276367e+00 1.980060426648762473e+00 8.425453199865717835e+00
1.459227561950683594e+00 1.978060365611743476e+00 8.410452742088075695e+00
1.470685720443725586e+00 1.986060609759819240e+00 8.470454573198644255e+00
1.483679056167602539e+00 1.978060365611743476e+00 8.410452742088075695e+00
1.496548891067504883e+00 1.986060609759819240e+00 8.470454573198644255e+00
1.508610963821411133e+00 1.968060060426648716e+00 8.335450453199864995e+00
1.520451068878173828e+00 1.984060548722800466e+00 8.455454115421003891e+00
1.533889532089233398e+00 1.974060243537705706e+00 8.380451826532793191e+00
1.547141790390014648e+00 1.984060548722800466e+00 8.455454115421003891e+00
1.560566425323486328e+00 1.986060609759819240e+00 8.470454573198644255e+00
1.573231458663940430e+00 1.970060121463667713e+00 8.350450910977507135e+00
1.584295034408569336e+00 1.984060548722800466e+00 8.455454115421003891e+00
1.597051858901977539e+00 1.984060548722800466e+00 8.455454115421003891e+00
1.608551025390625000e+00 1.986060609759819240e+00 8.470454573198644255e+00
1.620995044708251953e+00 1.978060365611743476e+00 8.410452742088075695e+00
1.632591724395751953e+00 1.970060121463667713e+00 8.350450910977507135e+00
1.644370317459106445e+00 1.990060731833857233e+00 8.500455488753928535e+00
1.656731843948364258e+00 1.974060243537705706e+00 8.380451826532793191e+00
1.704802513122558594e+00 1.980060426648762473e+00 8.425453199865717835e+00
1.718559503555297852e+00 1.980060426648762473e+00 8.425453199865717835e+00
1.729397535324096680e+00 1.984060548722800466e+00 8.455454115421003891e+00
1.742401123046875000e+00 1.974060243537705706e+00 8.380451826532793191e+00
1.753633737564086914e+00 1.984060548722800466e+00 8.455454115421003891e+00
1.770450592041015625e+00 1.982060487685781469e+00 8.440453657643359975e+00
1.784021139144897461e+00 1.986060609759819240e+00 8.470454573198644255e+00
1.800417184829711914e+00 1.978060365611743476e+00 8.410452742088075695e+00
1.816890716552734375e+00 1.988060670796838236e+00 8.485455030976286395e+00
1.831037759780883789e+00 1.984060548722800466e+00 8.455454115421003891e+00
1.861812591552734375e+00 1.990060731833857233e+00 8.500455488753928535e+00
1.881926536560058594e+00 1.978060365611743476e+00 8.410452742088075695e+00
1.941977977752685547e+00 1.976060304574724480e+00 8.395452284310433555e+00
1.958366632461547852e+00 1.958059755241553956e+00 8.260448164311654295e+00
1.987177610397338867e+00 1.982060487685781469e+00 8.440453657643359975e+00
2.016383171081542969e+00 1.986060609759819240e+00 8.470454573198644255e+00
2.045326709747314453e+00 1.986060609759819240e+00 8.470454573198644255e+00
2.092951297760009766e+00 1.988060670796838236e+00 8.485455030976286395e+00
2.107957601547241211e+00 1.986060609759819240e+00 8.470454573198644255e+00
2.139391422271728516e+00 1.982060487685781469e+00 8.440453657643359975e+00
2.169112920761108398e+00 1.972060182500686709e+00 8.365451368755149275e+00
2.181602478027343750e+00 1.986060609759819240e+00 8.470454573198644255e+00
2.194222211837768555e+00 1.974060243537705706e+00 8.380451826532793191e+00
2.207110881805419922e+00 1.976060304574724480e+00 8.395452284310433555e+00
2.219311475753784180e+00 1.970060121463667713e+00 8.350450910977507135e+00
2.231557846069335938e+00 1.976060304574724480e+00 8.395452284310433555e+00
2.243390321731567383e+00 1.976060304574724480e+00 8.395452284310433555e+00
2.255589962005615234e+00 1.976060304574724480e+00 8.395452284310433555e+00
2.267277002334594727e+00 1.982060487685781469e+00 8.440453657643359975e+00
2.280702829360961914e+00 1.984060548722800466e+00 8.455454115421003891e+00
2.348618745803833008e+00 1.986060609759819240e+00 8.470454573198644255e+00
2.364299058914184570e+00 1.984060548722800466e+00 8.455454115421003891e+00
2.378532886505126953e+00 1.984060548722800466e+00 8.455454115421003891e+00
2.393570423126220703e+00 1.976060304574724480e+00 8.395452284310433555e+00
2.407851696014404297e+00 1.986060609759819240e+00 8.470454573198644255e+00
2.444685220718383789e+00 1.980060426648762473e+00 8.425453199865717835e+00
2.461095094680786133e+00 1.978060365611743476e+00 8.410452742088075695e+00
2.521731853485107422e+00 1.970060121463667713e+00 8.350450910977507135e+00
2.535516262054443359e+00 1.960059816278572953e+00 8.275448622089296435e+00
2.557172060012817383e+00 1.986060609759819240e+00 8.470454573198644255e+00
2.599369525909423828e+00 1.984060548722800466e+00 8.455454115421003891e+00
2.616292953491210938e+00 1.982060487685781469e+00 8.440453657643359975e+00
2.628575086593627930e+00 1.988060670796838236e+00 8.485455030976286395e+00
2.642088651657104492e+00 1.970060121463667713e+00 8.350450910977507135e+00
2.653201341629028320e+00 1.984060548722800466e+00 8.455454115421003891e+00
2.666075468063354492e+00 1.982060487685781469e+00 8.440453657643359975e+00
2.677548170089721680e+00 1.988060670796838236e+00 8.485455030976286395e+00
2.689646244049072266e+00 1.986060609759819240e+00 8.470454573198644255e+00
2.702076673507690430e+00 1.984060548722800466e+00 8.455454115421003891e+00
2.714342117309570312e+00 1.986060609759819240e+00 8.470454573198644255e+00
2.761127471923828125e+00 1.980060426648762473e+00 8.425453199865717835e+00
2.784679174423217773e+00 1.978060365611743476e+00 8.410452742088075695e+00
2.800832271575927734e+00 1.984060548722800466e+00 8.455454115421003891e+00
2.819251060485839844e+00 1.980060426648762473e+00 8.425453199865717835e+00
2.833968162536621094e+00 1.984060548722800466e+00 8.455454115421003891e+00
2.859427452087402344e+00 1.988060670796838236e+00 8.485455030976286395e+00
2.891334056854248047e+00 1.978060365611743476e+00 8.410452742088075695e+00
2.946470737457275391e+00 1.976060304574724480e+00 8.395452284310433555e+00
2.964416742324829102e+00 1.958059755241553956e+00 8.260448164311654295e+00
3.004243135452270508e+00 1.974060243537705706e+00 8.380451826532793191e+00
3.030756711959838867e+00 1.982060487685781469e+00 8.440453657643359975e+00
3.045414686203002930e+00 1.986060609759819240e+00 8.470454573198644255e+00
3.057804584503173828e+00 1.986060609759819240e+00 8.470454573198644255e+00
3.069905996322631836e+00 1.982060487685781469e+00 8.440453657643359975e+00
3.081517696380615234e+00 1.972060182500686709e+00 8.365451368755149275e+00
3.098288059234619141e+00 1.968060060426648716e+00 8.335450453199864995e+00
3.113056898117065430e+00 1.986060609759819240e+00 8.470454573198644255e+00
3.127228260040283203e+00 1.982060487685781469e+00 8.440453657643359975e+00
3.176046609878540039e+00 1.984060548722800466e+00 8.455454115421003891e+00
3.194634437561035156e+00 1.986060609759819240e+00 8.470454573198644255e+00
3.208444356918334961e+00 1.984060548722800466e+00 8.455454115421003891e+00
3.221811771392822266e+00 1.978060365611743476e+00 8.410452742088075695e+00
3.233930349349975586e+00 1.982060487685781469e+00 8.440453657643359975e+00
3.251692295074462891e+00 1.978060365611743476e+00 8.410452742088075695e+00
3.289812088012695312e+00 1.968060060426648716e+00 8.335450453199864995e+00
3.306534767150878906e+00 1.982060487685781469e+00 8.440453657643359975e+00
3.362111091613769531e+00 1.982060487685781469e+00 8.440453657643359975e+00
3.376827001571655273e+00 1.952059572130497189e+00 8.215446790978727876e+00
3.398475885391235352e+00 1.982060487685781469e+00 8.440453657643359975e+00
3.427212715148925781e+00 1.986060609759819240e+00 8.470454573198644255e+00
3.457880020141601562e+00 1.988060670796838236e+00 8.485455030976286395e+00
3.484913349151611328e+00 1.988060670796838236e+00 8.485455030976286395e+00
3.515970945358276367e+00 1.982060487685781469e+00 8.440453657643359975e+00
3.533939361572265625e+00 1.980060426648762473e+00 8.425453199865717835e+00
3.566007375717163086e+00 1.982060487685781469e+00 8.440453657643359975e+00
3.594034194946289062e+00 1.984060548722800466e+00 8.455454115421003891e+00
3.607392787933349609e+00 1.960059816278572953e+00 8.275448622089296435e+00
3.620429515838623047e+00 1.986060609759819240e+00 8.470454573198644255e+00
3.633458375930786133e+00 1.972060182500686709e+00 8.365451368755149275e+00
3.645349979400634766e+00 1.990060731833857233e+00 8.500455488753928535e+00
3.663104057312011719e+00 1.986060609759819240e+00 8.470454573198644255e+00
3.679318428039550781e+00 1.980060426648762473e+00 8.425453199865717835e+00
3.692115545272827148e+00 1.982060487685781469e+00 8.440453657643359975e+00
3.718266963958740234e+00 1.984060548722800466e+00 8.455454115421003891e+00
3.758415460586547852e+00 1.982060487685781469e+00 8.440453657643359975e+00
3.775192260742187500e+00 1.984060548722800466e+00 8.455454115421003891e+00
3.792936325073242188e+00 1.984060548722800466e+00 8.455454115421003891e+00
3.809964179992675781e+00 1.986060609759819240e+00 8.470454573198644255e+00
3.838831186294555664e+00 1.976060304574724480e+00 8.395452284310433555e+00
3.867554903030395508e+00 1.990060731833857233e+00 8.500455488753928535e+00
3.923664808273315430e+00 1.960059816278572953e+00 8.275448622089296435e+00
3.937775135040283203e+00 1.962059877315591949e+00 8.290449079866938575e+00
3.956718683242797852e+00 1.976060304574724480e+00 8.395452284310433555e+00
3.989379167556762695e+00 1.978060365611743476e+00 8.410452742088075695e+00
4.013722658157348633e+00 1.984060548722800466e+00 8.455454115421003891e+00
4.028619289398193359e+00 1.962059877315591949e+00 8.290449079866938575e+00
4.039705514907836914e+00 1.986060609759819240e+00 8.470454573198644255e+00
4.052190542221069336e+00 1.986060609759819240e+00 8.470454573198644255e+00
4.065000772476196289e+00 1.986060609759819240e+00 8.470454573198644255e+00
4.076740026473999023e+00 1.982060487685781469e+00 8.440453657643359975e+00
4.093163490295410156e+00 1.984060548722800466e+00 8.455454115421003891e+00
4.109086275100708008e+00 1.984060548722800466e+00 8.455454115421003891e+00
4.157895326614379883e+00 1.982060487685781469e+00 8.440453657643359975e+00
4.183654308319091797e+00 1.988060670796838236e+00 8.485455030976286395e+00
4.198378801345825195e+00 1.986060609759819240e+00 8.470454573198644255e+00
4.211267709732055664e+00 1.982060487685781469e+00 8.440453657643359975e+00
4.233860254287719727e+00 1.984060548722800466e+00 8.455454115421003891e+00
4.270046949386596680e+00 1.980060426648762473e+00 8.425453199865717835e+00
4.287731885910034180e+00 1.970060121463667713e+00 8.350450910977507135e+00
4.342329502105712891e+00 1.974060243537705706e+00 8.380451826532793191e+00
4.356343746185302734e+00 1.960059816278572953e+00 8.275448622089296435e+00
4.390584707260131836e+00 1.986060609759819240e+00 8.470454573198644255e+00
4.420362949371337891e+00 1.978060365611743476e+00 8.410452742088075695e+00
4.432385206222534180e+00 1.982060487685781469e+00 8.440453657643359975e+00
4.445914268493652344e+00 1.984060548722800466e+00 8.455454115421003891e+00
4.457021474838256836e+00 1.986060609759819240e+00 8.470454573198644255e+00
4.471072912216186523e+00 1.974060243537705706e+00 8.380451826532793191e+00
4.488979816436767578e+00 1.972060182500686709e+00 8.365451368755149275e+00
4.503068447113037109e+00 1.984060548722800466e+00 8.455454115421003891e+00
4.514970302581787109e+00 1.986060609759819240e+00 8.470454573198644255e+00
4.527590751647949219e+00 1.974060243537705706e+00 8.380451826532793191e+00
4.573379039764404297e+00 1.986060609759819240e+00 8.470454573198644255e+00
4.599675416946411133e+00 1.962059877315591949e+00 8.290449079866938575e+00
4.617511987686157227e+00 1.976060304574724480e+00 8.395452284310433555e+00
4.637860059738159180e+00 1.986060609759819240e+00 8.470454573198644255e+00
4.668725013732910156e+00 1.950059511093478193e+00 8.200446333201085736e+00
4.700962305068969727e+00 1.958059755241553956e+00 8.260448164311654295e+00
4.757687091827392578e+00 1.976060304574724480e+00 8.395452284310433555e+00
4.771247148513793945e+00 1.958059755241553956e+00 8.260448164311654295e+00
4.798522710800170898e+00 1.986060609759819240e+00 8.470454573198644255e+00
4.829479932785034180e+00 1.988060670796838236e+00 8.485455030976286395e+00
4.858215093612670898e+00 1.994060853907895225e+00 8.530456404309214591e+00
4.906553745269775391e+00 1.980060426648762473e+00 8.425453199865717835e+00
4.925021409988403320e+00 1.982060487685781469e+00 8.440453657643359975e+00
4.954649209976196289e+00 1.978060365611743476e+00 8.410452742088075695e+00
4.984120368957519531e+00 1.984060548722800466e+00 8.455454115421003891e+00
4.998746156692504883e+00 1.988060670796838236e+00 8.485455030976286395e+00
5.012438297271728516e+00 1.978060365611743476e+00 8.410452742088075695e+00
5.023656845092773438e+00 1.982060487685781469e+00 8.440453657643359975e+00
5.038947343826293945e+00 1.986060609759819240e+00 8.470454573198644255e+00
5.049304246902465820e+00 1.980060426648762473e+00 8.425453199865717835e+00
5.060179471969604492e+00 1.984060548722800466e+00 8.455454115421003891e+00
5.071670055389404297e+00 1.986060609759819240e+00 8.470454573198644255e+00
5.083765983581542969e+00 1.986060609759819240e+00 8.470454573198644255e+00
5.143188476562500000e+00 1.976060304574724480e+00 8.395452284310433555e+00
5.159815311431884766e+00 1.980060426648762473e+00 8.425453199865717835e+00
5.174058198928833008e+00 1.978060365611743476e+00 8.410452742088075695e+00
5.188242912292480469e+00 1.980060426648762473e+00 8.425453199865717835e+00
5.219088315963745117e+00 1.942059266945402429e+00 8.140444502090517176e+00
5.270300388336181641e+00 1.948059450056459196e+00 8.185445875423443596e+00
5.286976814270019531e+00 1.970060121463667713e+00 8.350450910977507135e+00
5.352363109588623047e+00 1.962059877315591949e+00 8.290449079866938575e+00
5.365673065185546875e+00 1.958059755241553956e+00 8.260448164311654295e+00
5.386924505233764648e+00 1.978060365611743476e+00 8.410452742088075695e+00
5.435386180877685547e+00 1.980060426648762473e+00 8.425453199865717835e+00
5.453387260437011719e+00 1.968060060426648716e+00 8.335450453199864995e+00
5.467768192291259766e+00 1.936059083834345440e+00 8.095443128757590756e+00
5.479540109634399414e+00 1.950059511093478193e+00 8.200446333201085736e+00
5.492735147476196289e+00 1.912058351390118149e+00 7.915437635425885965e+00
5.504956722259521484e+00 1.958059755241553956e+00 8.260448164311654295e+00
5.528553247451782227e+00 1.948059450056459196e+00 8.185445875423443596e+00
5.541714906692504883e+00 1.956059694204534960e+00 8.245447706534012156e+00
5.554494619369506836e+00 1.794054750206000026e+00 7.030410626545000596e+00
5.581227302551269531e+00 1.952059572130497189e+00 8.215446790978727876e+00
5.618001461029052734e+00 1.934059022797326444e+00 8.080442670979948616e+00
5.640430688858032227e+00 1.954059633167515964e+00 8.230447248756370016e+00
5.660033941268920898e+00 1.958059755241553956e+00 8.260448164311654295e+00
5.673360586166381836e+00 1.958059755241553956e+00 8.260448164311654295e+00
5.688433170318603516e+00 1.958059755241553956e+00 8.260448164311654295e+00
5.731344461441040039e+00 1.960059816278572953e+00 8.275448622089296435e+00
5.789677381515502930e+00 1.958059755241553956e+00 8.260448164311654295e+00
5.803322315216064453e+00 1.944059327982421204e+00 8.155444959868159316e+00
5.823730945587158203e+00 1.952059572130497189e+00 8.215446790978727876e+00
5.855781078338623047e+00 1.966059999389629720e+00 8.320449995422222855e+00
5.897478580474853516e+00 1.954059633167515964e+00 8.230447248756370016e+00
5.914355039596557617e+00 1.964059938352610724e+00 8.305449537644580715e+00
5.927169561386108398e+00 1.964059938352610724e+00 8.305449537644580715e+00
5.939281463623046875e+00 1.954059633167515964e+00 8.230447248756370016e+00
5.951153278350830078e+00 1.898057924130985619e+00 7.810434430982391873e+00
5.963144540786743164e+00 1.960059816278572953e+00 8.275448622089296435e+00
5.981779336929321289e+00 1.780054322946867273e+00 6.925407422101504729e+00
5.995480537414550781e+00 1.830055848872341073e+00 7.300418866542558227e+00
6.046095371246337891e+00 1.962059877315591949e+00 8.290449079866938575e+00
6.066550493240356445e+00 1.930058900723288673e+00 8.050441755424664336e+00
6.083617925643920898e+00 1.964059938352610724e+00 8.305449537644580715e+00
6.098290205001831055e+00 1.958059755241553956e+00 8.260448164311654295e+00
6.112230300903320312e+00 1.958059755241553956e+00 8.260448164311654295e+00
6.130804777145385742e+00 1.946059389019440200e+00 8.170445417645801456e+00
6.172208070755004883e+00 1.960059816278572953e+00 8.275448622089296435e+00
6.233577013015747070e+00 1.964059938352610724e+00 8.305449537644580715e+00
6.257923126220703125e+00 1.954059633167515964e+00 8.230447248756370016e+00
6.292696475982666016e+00 1.956059694204534960e+00 8.245447706534012156e+00
6.329441070556640625e+00 1.960059816278572953e+00 8.275448622089296435e+00
6.377233028411865234e+00 1.960059816278572953e+00 8.275448622089296435e+00
6.396354436874389648e+00 1.950059511093478193e+00 8.200446333201085736e+00
6.426160335540771484e+00 1.950059511093478193e+00 8.200446333201085736e+00
6.450457096099853516e+00 1.956059694204534960e+00 8.245447706534012156e+00
6.461749553680419922e+00 1.962059877315591949e+00 8.290449079866938575e+00
6.473854780197143555e+00 1.960059816278572953e+00 8.275448622089296435e+00
6.485202074050903320e+00 1.960059816278572953e+00 8.275448622089296435e+00
6.498249292373657227e+00 1.928058839686269677e+00 8.035441297647022196e+00
6.509645938873291016e+00 1.960059816278572953e+00 8.275448622089296435e+00
6.522565841674804688e+00 1.958059755241553956e+00 8.260448164311654295e+00
6.533671617507934570e+00 1.960059816278572953e+00 8.275448622089296435e+00
6.545679569244384766e+00 1.966059999389629720e+00 8.320449995422222855e+00
6.558297872543334961e+00 1.956059694204534960e+00 8.245447706534012156e+00
6.624553918838500977e+00 1.958059755241553956e+00 8.260448164311654295e+00
6.642394781112670898e+00 1.956059694204534960e+00 8.245447706534012156e+00
6.655663967132568359e+00 1.960059816278572953e+00 8.275448622089296435e+00
6.669187784194946289e+00 1.960059816278572953e+00 8.275448622089296435e+00
6.682669639587402344e+00 1.952059572130497189e+00 8.215446790978727876e+00
6.719695806503295898e+00 1.956059694204534960e+00 8.245447706534012156e+00
6.735480785369873047e+00 1.944059327982421204e+00 8.155444959868159316e+00
6.790401935577392578e+00 1.946059389019440200e+00 8.170445417645801456e+00
6.803793668746948242e+00 1.942059266945402429e+00 8.140444502090517176e+00
6.823487997055053711e+00 1.950059511093478193e+00 8.200446333201085736e+00
6.854290246963500977e+00 1.960059816278572953e+00 8.275448622089296435e+00
6.879027366638183594e+00 1.952059572130497189e+00 8.215446790978727876e+00
6.895614385604858398e+00 1.960059816278572953e+00 8.275448622089296435e+00
6.909374475479125977e+00 1.956059694204534960e+00 8.245447706534012156e+00
6.922107219696044922e+00 1.950059511093478193e+00 8.200446333201085736e+00
6.933632135391235352e+00 1.962059877315591949e+00 8.290449079866938575e+00
6.949732780456542969e+00 1.950059511093478193e+00 8.200446333201085736e+00
6.961775541305541992e+00 1.950059511093478193e+00 8.200446333201085736e+00
6.978133201599121094e+00 1.960059816278572953e+00 8.275448622089296435e+00
7.025275945663452148e+00 1.960059816278572953e+00 8.275448622089296435e+00
7.048569917678833008e+00 1.958059755241553956e+00 8.260448164311654295e+00
7.066421985626220703e+00 1.962059877315591949e+00 8.290449079866938575e+00
7.083010196685791016e+00 1.962059877315591949e+00 8.290449079866938575e+00
7.096058130264282227e+00 1.952059572130497189e+00 8.215446790978727876e+00
7.115220546722412109e+00 1.946059389019440200e+00 8.170445417645801456e+00
7.150080204010009766e+00 1.950059511093478193e+00 8.200446333201085736e+00
7.210797786712646484e+00 1.952059572130497189e+00 8.215446790978727876e+00
7.223984003067016602e+00 1.934059022797326444e+00 8.080442670979948616e+00
7.253042221069335938e+00 1.956059694204534960e+00 8.245447706534012156e+00
7.298480033874511719e+00 1.954059633167515964e+00 8.230447248756370016e+00
7.313043594360351562e+00 1.950059511093478193e+00 8.200446333201085736e+00
7.324433565139770508e+00 1.960059816278572953e+00 8.275448622089296435e+00
7.337424039840698242e+00 1.926058778649250680e+00 8.020440839869380056e+00
7.348493337631225586e+00 1.958059755241553956e+00 8.260448164311654295e+00
7.361810684204101562e+00 1.958059755241553956e+00 8.260448164311654295e+00
7.380353689193725586e+00 1.952059572130497189e+00 8.215446790978727876e+00
7.393256187438964844e+00 1.960059816278572953e+00 8.275448622089296435e+00
7.445068836212158203e+00 1.954059633167515964e+00 8.230447248756370016e+00
7.461347341537475586e+00 1.958059755241553956e+00 8.260448164311654295e+00
7.474678754806518555e+00 1.960059816278572953e+00 8.275448622089296435e+00
7.492798089981079102e+00 1.958059755241553956e+00 8.260448164311654295e+00
7.511187791824340820e+00 1.954059633167515964e+00 8.230447248756370016e+00
7.524277925491333008e+00 1.950059511093478193e+00 8.200446333201085736e+00
7.559465646743774414e+00 1.954059633167515964e+00 8.230447248756370016e+00
7.576165199279785156e+00 1.960059816278572953e+00 8.275448622089296435e+00
7.631190299987792969e+00 1.946059389019440200e+00 8.170445417645801456e+00
7.645573377609252930e+00 1.930058900723288673e+00 8.050441755424664336e+00
7.661849975585937500e+00 1.954059633167515964e+00 8.230447248756370016e+00
7.690643310546875000e+00 1.960059816278572953e+00 8.275448622089296435e+00
7.719242334365844727e+00 1.958059755241553956e+00 8.260448164311654295e+00
7.777315855026245117e+00 1.956059694204534960e+00 8.245447706534012156e+00
7.789132118225097656e+00 1.954059633167515964e+00 8.230447248756370016e+00
7.837829828262329102e+00 1.960059816278572953e+00 8.275448622089296435e+00
7.867499351501464844e+00 1.958059755241553956e+00 8.260448164311654295e+00
7.878590822219848633e+00 1.980060426648762473e+00 8.425453199865717835e+00
7.890535354614257812e+00 1.984060548722800466e+00 8.455454115421003891e+00
7.904130220413208008e+00 1.980060426648762473e+00 8.425453199865717835e+00
7.916429996490478516e+00 1.988060670796838236e+00 8.485455030976286395e+00
7.929139375686645508e+00 1.984060548722800466e+00 8.455454115421003891e+00
7.942806482315063477e+00 1.986060609759819240e+00 8.470454573198644255e+00
7.955439567565917969e+00 1.988060670796838236e+00 8.485455030976286395e+00
7.967720985412597656e+00 1.986060609759819240e+00 8.470454573198644255e+00
7.979530096054077148e+00 1.984060548722800466e+00 8.455454115421003891e+00
8.003352642059326172e+00 1.980060426648762473e+00 8.425453199865717835e+00
8.042101860046386719e+00 1.978060365611743476e+00 8.410452742088075695e+00
8.059172391891479492e+00 1.986060609759819240e+00 8.470454573198644255e+00
8.074038028717041016e+00 1.990060731833857233e+00 8.500455488753928535e+00
8.087161779403686523e+00 1.988060670796838236e+00 8.485455030976286395e+00
8.100412607192993164e+00 1.980060426648762473e+00 8.425453199865717835e+00
8.120239019393920898e+00 1.980060426648762473e+00 8.425453199865717835e+00
8.150714397430419922e+00 1.988060670796838236e+00 8.485455030976286395e+00
8.166330575942993164e+00 1.978060365611743476e+00 8.410452742088075695e+00
8.220846652984619141e+00 1.972060182500686709e+00 8.365451368755149275e+00
8.233986377716064453e+00 1.960059816278572953e+00 8.275448622089296435e+00
8.253948926925659180e+00 1.986060609759819240e+00 8.470454573198644255e+00
8.295613050460815430e+00 1.984060548722800466e+00 8.455454115421003891e+00
8.311009407043457031e+00 1.986060609759819240e+00 8.470454573198644255e+00
8.324467897415161133e+00 1.962059877315591949e+00 8.290449079866938575e+00
8.337210893630981445e+00 1.986060609759819240e+00 8.470454573198644255e+00
8.349350690841674805e+00 1.960059816278572953e+00 8.275448622089296435e+00
8.366801023483276367e+00 1.978060365611743476e+00 8.410452742088075695e+00
8.383216381072998047e+00 1.984060548722800466e+00 8.455454115421003891e+00
8.395543098449707031e+00 1.990060731833857233e+00 8.500455488753928535e+00
8.409024715423583984e+00 1.976060304574724480e+00 8.395452284310433555e+00
8.464260101318359375e+00 1.982060487685781469e+00 8.440453657643359975e+00
8.480594396591186523e+00 1.988060670796838236e+00 8.485455030976286395e+00
8.498678684234619141e+00 1.982060487685781469e+00 8.440453657643359975e+00
8.511052846908569336e+00 1.980060426648762473e+00 8.425453199865717835e+00
8.531440973281860352e+00 1.980060426648762473e+00 8.425453199865717835e+00
8.568562269210815430e+00 1.980060426648762473e+00 8.425453199865717835e+00
8.585406303405761719e+00 1.978060365611743476e+00 8.410452742088075695e+00
8.640094518661499023e+00 1.972060182500686709e+00 8.365451368755149275e+00
8.654444217681884766e+00 1.952059572130497189e+00 8.215446790978727876e+00
8.689467430114746094e+00 1.976060304574724480e+00 8.395452284310433555e+00
8.721176147460937500e+00 1.982060487685781469e+00 8.440453657643359975e+00
8.731243610382080078e+00 1.984060548722800466e+00 8.455454115421003891e+00
8.743859529495239258e+00 1.974060243537705706e+00 8.380451826532793191e+00
8.755735158920288086e+00 1.972060182500686709e+00 8.365451368755149275e+00
8.767323255538940430e+00 1.988060670796838236e+00 8.485455030976286395e+00
8.779368877410888672e+00 1.988060670796838236e+00 8.485455030976286395e+00
8.794531345367431641e+00 1.976060304574724480e+00 8.395452284310433555e+00
8.808545351028442383e+00 1.960059816278572953e+00 8.275448622089296435e+00
8.824931144714355469e+00 1.978060365611743476e+00 8.410452742088075695e+00
8.882104635238647461e+00 1.984060548722800466e+00 8.455454115421003891e+00
8.898168802261352539e+00 1.986060609759819240e+00 8.470454573198644255e+00
8.913041353225708008e+00 1.992060792870876229e+00 8.515455946531570675e+00
8.926450967788696289e+00 1.986060609759819240e+00 8.470454573198644255e+00
8.939979076385498047e+00 1.988060670796838236e+00 8.485455030976286395e+00
8.953897237777709961e+00 1.984060548722800466e+00 8.455454115421003891e+00
8.988607645034790039e+00 1.982060487685781469e+00 8.440453657643359975e+00
9.006230592727661133e+00 1.980060426648762473e+00 8.425453199865717835e+00
9.060910463333129883e+00 1.966059999389629720e+00 8.320449995422222855e+00
9.075288772583007812e+00 1.964059938352610724e+00 8.305449537644580715e+00
9.096805572509765625e+00 1.984060548722800466e+00 8.455454115421003891e+00
9.125576734542846680e+00 1.958059755241553956e+00 8.260448164311654295e+00
9.155772924423217773e+00 1.988060670796838236e+00 8.485455030976286395e+00
9.206212282180786133e+00 1.986060609759819240e+00 8.470454573198644255e+00
9.227962732315063477e+00 1.988060670796838236e+00 8.485455030976286395e+00
9.257649421691894531e+00 1.982060487685781469e+00 8.440453657643359975e+00
9.285163164138793945e+00 1.986060609759819240e+00 8.470454573198644255e+00
9.300796508789062500e+00 1.988060670796838236e+00 8.485455030976286395e+00
9.314673185348510742e+00 1.962059877315591949e+00 8.290449079866938575e+00
9.326436996459960938e+00 1.988060670796838236e+00 8.485455030976286395e+00
9.339395761489868164e+00 1.976060304574724480e+00 8.395452284310433555e+00
9.355924129486083984e+00 1.986060609759819240e+00 8.470454573198644255e+00
9.370690345764160156e+00 1.988060670796838236e+00 8.485455030976286395e+00
9.384363651275634766e+00 1.988060670796838236e+00 8.485455030976286395e+00
9.443602085113525391e+00 1.986060609759819240e+00 8.470454573198644255e+00
9.465495824813842773e+00 1.984060548722800466e+00 8.455454115421003891e+00
9.482308149337768555e+00 1.986060609759819240e+00 8.470454573198644255e+00
9.496918201446533203e+00 1.968060060426648716e+00 8.335450453199864995e+00
9.510209798812866211e+00 1.986060609759819240e+00 8.470454573198644255e+00
9.547280788421630859e+00 1.982060487685781469e+00 8.440453657643359975e+00
9.562605619430541992e+00 1.976060304574724480e+00 8.395452284310433555e+00
9.617176294326782227e+00 1.970060121463667713e+00 8.350450910977507135e+00
9.631262779235839844e+00 1.960059816278572953e+00 8.275448622089296435e+00
9.668210983276367188e+00 1.980060426648762473e+00 8.425453199865717835e+00
9.701727151870727539e+00 1.986060609759819240e+00 8.470454573198644255e+00
9.714208602905273438e+00 1.988060670796838236e+00 8.485455030976286395e+00
9.729504346847534180e+00 1.980060426648762473e+00 8.425453199865717835e+00
9.744081497192382812e+00 1.986060609759819240e+00 8.470454573198644255e+00
9.759127616882324219e+00 1.982060487685781469e+00 8.440453657643359975e+00
9.771333694458007812e+00 1.982060487685781469e+00 8.440453657643359975e+00
9.784734487533569336e+00 1.980060426648762473e+00 8.425453199865717835e+00
9.800452947616577148e+00 1.984060548722800466e+00 8.455454115421003891e+00
9.862701177597045898e+00 1.978060365611743476e+00 8.410452742088075695e+00
9.877690553665161133e+00 1.974060243537705706e+00 8.380451826532793191e+00
9.895513772964477539e+00 1.976060304574724480e+00 8.395452284310433555e+00
9.913084030151367188e+00 1.986060609759819240e+00 8.470454573198644255e+00
9.926532745361328125e+00 1.988060670796838236e+00 8.485455030976286395e+00
9.961275339126586914e+00 1.976060304574724480e+00 8.395452284310433555e+00
9.978826522827148438e+00 1.980060426648762473e+00 8.425453199865717835e+00
1.003378629684448242e+01 1.968060060426648716e+00 8.335450453199864995e+00
1.005117630958557129e+01 1.962059877315591949e+00 8.290449079866938575e+00
1.008216142654418945e+01 1.984060548722800466e+00 8.455454115421003891e+00
1.011565947532653809e+01 1.982060487685781469e+00 8.440453657643359975e+00
1.013093376159667969e+01 1.962059877315591949e+00 8.290449079866938575e+00
1.014571833610534668e+01 1.960059816278572953e+00 8.275448622089296435e+00
1.015949535369873047e+01 1.986060609759819240e+00 8.470454573198644255e+00
1.017301416397094727e+01 1.988060670796838236e+00 8.485455030976286395e+00
1.019279289245605469e+01 1.976060304574724480e+00 8.395452284310433555e+00
1.020610165596008301e+01 1.986060609759819240e+00 8.470454573198644255e+00
1.021933317184448242e+01 1.982060487685781469e+00 8.440453657643359975e+00
1.026875519752502441e+01 1.984060548722800466e+00 8.455454115421003891e+00
1.028763222694396973e+01 1.986060609759819240e+00 8.470454573198644255e+00
1.030054068565368652e+01 1.984060548722800466e+00 8.455454115421003891e+00
1.031285285949707031e+01 1.982060487685781469e+00 8.440453657643359975e+00
1.032853746414184570e+01 1.974060243537705706e+00 8.380451826532793191e+00
1.034781169891357422e+01 1.982060487685781469e+00 8.440453657643359975e+00
1.038226652145385742e+01 1.986060609759819240e+00 8.470454573198644255e+00
1.040044379234313965e+01 1.976060304574724480e+00 8.395452284310433555e+00
1.045517277717590332e+01 1.976060304574724480e+00 8.395452284310433555e+00
1.047012233734130859e+01 1.968060060426648716e+00 8.335450453199864995e+00
1.049739241600036621e+01 1.962059877315591949e+00 8.290449079866938575e+00
1.052855563163757324e+01 1.988060670796838236e+00 8.485455030976286395e+00
1.055763339996337891e+01 1.956059694204534960e+00 8.245447706534012156e+00
1.060537767410278320e+01 1.988060670796838236e+00 8.485455030976286395e+00
1.062476944923400879e+01 1.978060365611743476e+00 8.410452742088075695e+00
1.066847538948059082e+01 1.978060365611743476e+00 8.410452742088075695e+00
1.068436074256896973e+01 1.980060426648762473e+00 8.425453199865717835e+00
1.069674873352050781e+01 1.984060548722800466e+00 8.455454115421003891e+00
1.071008181571960449e+01 1.980060426648762473e+00 8.425453199865717835e+00
1.072250270843505859e+01 1.984060548722800466e+00 8.455454115421003891e+00
1.073573780059814453e+01 1.972060182500686709e+00 8.365451368755149275e+00
1.074735045433044434e+01 1.982060487685781469e+00 8.440453657643359975e+00
1.075907969474792480e+01 1.984060548722800466e+00 8.455454115421003891e+00
1.077032351493835449e+01 1.986060609759819240e+00 8.470454573198644255e+00
1.078259444236755371e+01 1.982060487685781469e+00 8.440453657643359975e+00
1.083247303962707520e+01 1.984060548722800466e+00 8.455454115421003891e+00
1.085590720176696777e+01 1.986060609759819240e+00 8.470454573198644255e+00
1.087108802795410156e+01 1.982060487685781469e+00 8.440453657643359975e+00
1.089157724380493164e+01 1.976060304574724480e+00 8.395452284310433555e+00
1.090901350975036621e+01 1.988060670796838236e+00 8.485455030976286395e+00
1.095582008361816406e+01 1.988060670796838236e+00 8.485455030976286395e+00
1.101264882087707520e+01 1.972060182500686709e+00 8.365451368755149275e+00
1.102573180198669434e+01 1.962059877315591949e+00 8.290449079866938575e+00
1.104637575149536133e+01 1.960059816278572953e+00 8.275448622089296435e+00
1.108796334266662598e+01 1.958059755241553956e+00 8.260448164311654295e+00
1.110472774505615234e+01 1.984060548722800466e+00 8.455454115421003891e+00
1.111721706390380859e+01 1.976060304574724480e+00 8.395452284310433555e+00
1.113002943992614746e+01 1.978060365611743476e+00 8.410452742088075695e+00
1.114174032211303711e+01 1.978060365611743476e+00 8.410452742088075695e+00
1.115393257141113281e+01 1.968060060426648716e+00 8.335450453199864995e+00
1.116622805595397949e+01 1.978060365611743476e+00 8.410452742088075695e+00
1.117770934104919434e+01 1.992060792870876229e+00 8.515455946531570675e+00
1.119394755363464355e+01 1.970060121463667713e+00 8.350450910977507135e+00
1.122423553466796875e+01 1.988060670796838236e+00 8.485455030976286395e+00
1.126794815063476562e+01 1.984060548722800466e+00 8.455454115421003891e+00
1.128549814224243164e+01 1.982060487685781469e+00 8.440453657643359975e+00
1.129938077926635742e+01 1.980060426648762473e+00 8.425453199865717835e+00
1.131732344627380371e+01 1.984060548722800466e+00 8.455454115421003891e+00
1.133444404602050781e+01 1.990060731833857233e+00 8.500455488753928535e+00
1.136192440986633301e+01 1.986060609759819240e+00 8.470454573198644255e+00
1.137754249572753906e+01 1.976060304574724480e+00 8.395452284310433555e+00
1.143245959281921387e+01 1.974060243537705706e+00 8.380451826532793191e+00
1.144680094718933105e+01 1.956059694204534960e+00 8.245447706534012156e+00
1.148146963119506836e+01 1.982060487685781469e+00 8.440453657643359975e+00
1.151701068878173828e+01 1.970060121463667713e+00 8.350450910977507135e+00
1.153223872184753418e+01 1.976060304574724480e+00 8.395452284310433555e+00
1.154475307464599609e+01 1.988060670796838236e+00 8.485455030976286395e+00
1.155788064002990723e+01 1.974060243537705706e+00 8.380451826532793191e+00
1.156963682174682617e+01 1.982060487685781469e+00 8.440453657643359975e+00
1.158201384544372559e+01 1.976060304574724480e+00 8.395452284310433555e+00
1.159436941146850586e+01 1.976060304574724480e+00 8.395452284310433555e+00
1.160666918754577637e+01 1.976060304574724480e+00 8.395452284310433555e+00
1.167218518257141113e+01 1.976060304574724480e+00 8.395452284310433555e+00
1.168734025955200195e+01 1.980060426648762473e+00 8.425453199865717835e+00
1.170656156539916992e+01 1.982060487685781469e+00 8.440453657643359975e+00
1.171871757507324219e+01 1.986060609759819240e+00 8.470454573198644255e+00
1.173929476737976074e+01 1.976060304574724480e+00 8.395452284310433555e+00
1.177721834182739258e+01 1.982060487685781469e+00 8.440453657643359975e+00
1.179270863533020020e+01 1.978060365611743476e+00 8.410452742088075695e+00
1.184771013259887695e+01 1.976060304574724480e+00 8.395452284310433555e+00
1.186603903770446777e+01 1.962059877315591949e+00 8.290449079866938575e+00
1.189709615707397461e+01 1.986060609759819240e+00 8.470454573198644255e+00
1.192569661140441895e+01 1.984060548722800466e+00 8.455454115421003891e+00
1.195450210571289062e+01 1.984060548722800466e+00 8.455454115421003891e+00
1.199613428115844727e+01 1.962059877315591949e+00 8.290449079866938575e+00
1.201475262641906738e+01 1.980060426648762473e+00 8.425453199865717835e+00
1.204419231414794922e+01 1.980060426648762473e+00 8.425453199865717835e+00
1.207435274124145508e+01 1.986060609759819240e+00 8.470454573198644255e+00
1.208879160881042480e+01 1.986060609759819240e+00 8.470454573198644255e+00
1.210119414329528809e+01 1.986060609759819240e+00 8.470454573198644255e+00
1.211422777175903320e+01 1.968060060426648716e+00 8.335450453199864995e+00
1.212547588348388672e+01 1.988060670796838236e+00 8.485455030976286395e+00
1.213883376121520996e+01 1.960059816278572953e+00 8.275448622089296435e+00
1.215376114845275879e+01 1.974060243537705706e+00 8.380451826532793191e+00
1.217030835151672363e+01 1.988060670796838236e+00 8.485455030976286395e+00
1.222055649757385254e+01 1.986060609759819240e+00 8.470454573198644255e+00
1.224377512931823730e+01 1.982060487685781469e+00 8.440453657643359975e+00
1.225844812393188477e+01 1.986060609759819240e+00 8.470454573198644255e+00
1.227303457260131836e+01 1.986060609759819240e+00 8.470454573198644255e+00
1.229028916358947754e+01 1.968060060426648716e+00 8.335450453199864995e+00
1.233348345756530762e+01 1.980060426648762473e+00 8.425453199865717835e+00
1.235102868080139160e+01 1.986060609759819240e+00 8.470454573198644255e+00
1.240520787239074707e+01 1.972060182500686709e+00 8.365451368755149275e+00
1.241913747787475586e+01 1.968060060426648716e+00 8.335450453199864995e+00
1.243950319290161133e+01 1.952059572130497189e+00 8.215446790978727876e+00
1.247175335884094238e+01 1.990060731833857233e+00 8.500455488753928535e+00
1.249564719200134277e+01 1.982060487685781469e+00 8.440453657643359975e+00
1.250869464874267578e+01 1.988060670796838236e+00 8.485455030976286395e+00
1.252211117744445801e+01 1.988060670796838236e+00 8.485455030976286395e+00
1.253585100173950195e+01 1.986060609759819240e+00 8.470454573198644255e+00
1.255201220512390137e+01 1.984060548722800466e+00 8.455454115421003891e+00
1.256880569458007812e+01 1.976060304574724480e+00 8.395452284310433555e+00
1.258734631538391113e+01 1.982060487685781469e+00 8.440453657643359975e+00
1.261527848243713379e+01 1.978060365611743476e+00 8.410452742088075695e+00
1.265613126754760742e+01 1.978060365611743476e+00 8.410452742088075695e+00
1.266981863975524902e+01 1.984060548722800466e+00 8.455454115421003891e+00
1.268704271316528320e+01 1.976060304574724480e+00 8.395452284310433555e+00
1.270262527465820312e+01 1.984060548722800466e+00 8.455454115421003891e+00
1.271628379821777344e+01 1.984060548722800466e+00 8.455454115421003891e+00
1.273278737068176270e+01 1.986060609759819240e+00 8.470454573198644255e+00
1.277239918708801270e+01 1.988060670796838236e+00 8.485455030976286395e+00
1.283096814155578613e+01 1.964059938352610724e+00 8.305449537644580715e+00
1.284489130973815918e+01 1.926058778649250680e+00 8.020440839869380056e+00
1.286393213272094727e+01 1.952059572130497189e+00 8.215446790978727876e+00
1.290435695648193359e+01 1.954059633167515964e+00 8.230447248756370016e+00
1.292179656028747559e+01 1.962059877315591949e+00 8.290449079866938575e+00
1.293527150154113770e+01 1.936059083834345440e+00 8.095443128757590756e+00
1.294750022888183594e+01 1.950059511093478193e+00 8.200446333201085736e+00
1.295927095413208008e+01 1.960059816278572953e+00 8.275448622089296435e+00
1.297291254997253418e+01 1.946059389019440200e+00 8.170445417645801456e+00
1.298548388481140137e+01 1.956059694204534960e+00 8.245447706534012156e+00
1.300103807449340820e+01 1.946059389019440200e+00 8.170445417645801456e+00
1.301547265052795410e+01 1.970060121463667713e+00 8.350450910977507135e+00
1.306433296203613281e+01 1.964059938352610724e+00 8.305449537644580715e+00
1.309143590927124023e+01 1.958059755241553956e+00 8.260448164311654295e+00
1.310517311096191406e+01 1.954059633167515964e+00 8.230447248756370016e+00
1.311866378784179688e+01 1.958059755241553956e+00 8.260448164311654295e+00
1.313156986236572266e+01 1.962059877315591949e+00 8.290449079866938575e+00
1.314545059204101562e+01 1.962059877315591949e+00 8.290449079866938575e+00
1.318801665306091309e+01 1.942059266945402429e+00 8.140444502090517176e+00
1.324707460403442383e+01 1.950059511093478193e+00 8.200446333201085736e+00
1.326002717018127441e+01 1.942059266945402429e+00 8.140444502090517176e+00
1.328819704055786133e+01 1.932058961760307669e+00 8.065442213202306476e+00
1.331964373588562012e+01 1.966059999389629720e+00 8.320449995422222855e+00
1.335437560081481934e+01 1.966059999389629720e+00 8.320449995422222855e+00
1.340079975128173828e+01 1.958059755241553956e+00 8.260448164311654295e+00
1.342016005516052246e+01 1.952059572130497189e+00 8.215446790978727876e+00
1.345611858367919922e+01 1.952059572130497189e+00 8.215446790978727876e+00
1.348057603836059570e+01 1.960059816278572953e+00 8.275448622089296435e+00
1.349504518508911133e+01 1.960059816278572953e+00 8.275448622089296435e+00
1.350846982002258301e+01 1.946059389019440200e+00 8.170445417645801456e+00
1.351961922645568848e+01 1.952059572130497189e+00 8.215446790978727876e+00
1.353262042999267578e+01 1.946059389019440200e+00 8.170445417645801456e+00
1.354442715644836426e+01 1.950059511093478193e+00 8.200446333201085736e+00
1.355532383918762207e+01 1.954059633167515964e+00 8.230447248756370016e+00
1.356707239151000977e+01 1.948059450056459196e+00 8.185445875423443596e+00
1.357877659797668457e+01 1.946059389019440200e+00 8.170445417645801456e+00
1.362852501869201660e+01 1.956059694204534960e+00 8.245447706534012156e+00
1.365157818794250488e+01 1.960059816278572953e+00 8.275448622089296435e+00
1.367074823379516602e+01 1.950059511093478193e+00 8.200446333201085736e+00
1.368530106544494629e+01 1.956059694204534960e+00 8.245447706534012156e+00
1.369833874702453613e+01 1.956059694204534960e+00 8.245447706534012156e+00
1.372729539871215820e+01 1.932058961760307669e+00 8.065442213202306476e+00
1.375458002090454102e+01 1.946059389019440200e+00 8.170445417645801456e+00
1.381179881095886230e+01 1.948059450056459196e+00 8.185445875423443596e+00
1.382541322708129883e+01 1.938059144871364436e+00 8.110443586535232896e+00
1.384498572349548340e+01 1.944059327982421204e+00 8.155444959868159316e+00
1.387794256210327148e+01 1.946059389019440200e+00 8.170445417645801456e+00
1.389819169044494629e+01 1.956059694204534960e+00 8.245447706534012156e+00
1.391202235221862793e+01 1.956059694204534960e+00 8.245447706534012156e+00
1.392441773414611816e+01 1.956059694204534960e+00 8.245447706534012156e+00
1.394006061553955078e+01 1.928058839686269677e+00 8.035441297647022196e+00
1.395393300056457520e+01 1.958059755241553956e+00 8.260448164311654295e+00
1.397027921676635742e+01 1.948059450056459196e+00 8.185445875423443596e+00
1.398540067672729492e+01 1.958059755241553956e+00 8.260448164311654295e+00
1.399865150451660156e+01 1.960059816278572953e+00 8.275448622089296435e+00
1.404592108726501465e+01 1.954059633167515964e+00 8.230447248756370016e+00
1.407132577896118164e+01 1.958059755241553956e+00 8.260448164311654295e+00
1.408583879470825195e+01 1.956059694204534960e+00 8.245447706534012156e+00
1.410029554367065430e+01 1.954059633167515964e+00 8.230447248756370016e+00
1.411872863769531250e+01 1.962059877315591949e+00 8.290449079866938575e+00
1.415821743011474609e+01 1.940059205908383433e+00 8.125444044312875036e+00
1.417559838294982910e+01 1.958059755241553956e+00 8.260448164311654295e+00
1.423071646690368652e+01 1.950059511093478193e+00 8.200446333201085736e+00
1.424508905410766602e+01 1.932058961760307669e+00 8.065442213202306476e+00
1.426338005065917969e+01 1.958059755241553956e+00 8.260448164311654295e+00
1.430682706832885742e+01 1.958059755241553956e+00 8.260448164311654295e+00
1.432317709922790527e+01 1.950059511093478193e+00 8.200446333201085736e+00
1.433651328086853027e+01 1.948059450056459196e+00 8.185445875423443596e+00
1.434816527366638184e+01 1.956059694204534960e+00 8.245447706534012156e+00
1.436121273040771484e+01 1.956059694204534960e+00 8.245447706534012156e+00
1.437250900268554688e+01 1.960059816278572953e+00 8.275448622089296435e+00
1.438529682159423828e+01 1.960059816278572953e+00 8.275448622089296435e+00
1.439719700813293457e+01 1.952059572130497189e+00 8.215446790978727876e+00
1.440987658500671387e+01 1.950059511093478193e+00 8.200446333201085736e+00
1.442671036720275879e+01 1.948059450056459196e+00 8.185445875423443596e+00
1.447934985160827637e+01 1.948059450056459196e+00 8.185445875423443596e+00
1.449447059631347656e+01 1.940059205908383433e+00 8.125444044312875036e+00
1.450819921493530273e+01 1.960059816278572953e+00 8.275448622089296435e+00
1.452829289436340332e+01 1.956059694204534960e+00 8.245447706534012156e+00
1.454484891891479492e+01 1.950059511093478193e+00 8.200446333201085736e+00
1.458162069320678711e+01 1.956059694204534960e+00 8.245447706534012156e+00
1.459858083724975586e+01 1.960059816278572953e+00 8.275448622089296435e+00
1.465452075004577637e+01 1.926058778649250680e+00 8.020440839869380056e+00
1.466856694221496582e+01 1.934059022797326444e+00 8.080442670979948616e+00
1.469059562683105469e+01 1.956059694204534960e+00 8.245447706534012156e+00
1.471910309791564941e+01 1.956059694204534960e+00 8.245447706534012156e+00
1.474957275390625000e+01 1.954059633167515964e+00 8.230447248756370016e+00
1.480046153068542480e+01 1.960059816278572953e+00 8.275448622089296435e+00
1.481480097770690918e+01 1.956059694204534960e+00 8.245447706534012156e+00
1.484415364265441895e+01 1.958059755241553956e+00 8.260448164311654295e+00
1.488182473182678223e+01 1.948059450056459196e+00 8.185445875423443596e+00
1.489505696296691895e+01 1.960059816278572953e+00 8.275448622089296435e+00
1.491012549400329590e+01 1.950059511093478193e+00 8.200446333201085736e+00
1.492147254943847656e+01 1.954059633167515964e+00 8.230447248756370016e+00
1.493335676193237305e+01 1.962059877315591949e+00 8.290449079866938575e+00
1.494589257240295410e+01 1.928058839686269677e+00 8.035441297647022196e+00
1.495853209495544434e+01 1.952059572130497189e+00 8.215446790978727876e+00
1.497525215148925781e+01 1.948059450056459196e+00 8.185445875423443596e+00
1.500138044357299805e+01 1.944059327982421204e+00 8.155444959868159316e+00
1.504858565330505371e+01 1.958059755241553956e+00 8.260448164311654295e+00
1.506212067604064941e+01 1.956059694204534960e+00 8.245447706534012156e+00
1.507582569122314453e+01 1.960059816278572953e+00 8.275448622089296435e+00
1.509223604202270508e+01 1.960059816278572953e+00 8.275448622089296435e+00
1.510779929161071777e+01 1.944059327982421204e+00 8.155444959868159316e+00
1.513112854957580566e+01 1.960059816278572953e+00 8.275448622089296435e+00
1.515874218940734863e+01 1.950059511093478193e+00 8.200446333201085736e+00
1.523921394348144531e+01 1.952059572130497189e+00 8.215446790978727876e+00
1.525270318984985352e+01 1.966059999389629720e+00 8.320449995422222855e+00
1.527437758445739746e+01 1.988060670796838236e+00 8.485455030976286395e+00
1.530699443817138672e+01 1.986060609759819240e+00 8.470454573198644255e+00
1.532755708694458008e+01 1.984060548722800466e+00 8.455454115421003891e+00
1.533944392204284668e+01 1.980060426648762473e+00 8.425453199865717835e+00
1.534995365142822266e+01 1.980060426648762473e+00 8.425453199865717835e+00
1.536322450637817383e+01 1.978060365611743476e+00 8.410452742088075695e+00
1.537554025650024414e+01 1.976060304574724480e+00 8.395452284310433555e+00
1.538783884048461914e+01 1.970060121463667713e+00 8.350450910977507135e+00
1.539908146858215332e+01 1.968060060426648716e+00 8.335450453199864995e+00
1.541177129745483398e+01 1.990060731833857233e+00 8.500455488753928535e+00
1.542303013801574707e+01 1.986060609759819240e+00 8.470454573198644255e+00
1.543518757820129395e+01 1.982060487685781469e+00 8.440453657643359975e+00
1.549438691139221191e+01 1.978060365611743476e+00 8.410452742088075695e+00
1.551005983352661133e+01 1.982060487685781469e+00 8.440453657643359975e+00
1.552434611320495605e+01 1.984060548722800466e+00 8.455454115421003891e+00
1.553854966163635254e+01 1.986060609759819240e+00 8.470454573198644255e+00
1.555237007141113281e+01 1.988060670796838236e+00 8.485455030976286395e+00
1.556646394729614258e+01 1.980060426648762473e+00 8.425453199865717835e+00
1.560229778289794922e+01 1.990060731833857233e+00 8.500455488753928535e+00
1.562016034126281738e+01 1.986060609759819240e+00 8.470454573198644255e+00
1.567644309997558594e+01 1.974060243537705706e+00 8.380451826532793191e+00
1.569052052497863770e+01 1.966059999389629720e+00 8.320449995422222855e+00
1.571634769439697266e+01 1.980060426648762473e+00 8.425453199865717835e+00
1.573779535293579102e+01 1.986060609759819240e+00 8.470454573198644255e+00
1.576945686340332031e+01 1.982060487685781469e+00 8.440453657643359975e+00
1.578499388694763184e+01 1.964059938352610724e+00 8.305449537644580715e+00
1.580199694633483887e+01 1.986060609759819240e+00 8.470454573198644255e+00
1.581426644325256348e+01 1.970060121463667713e+00 8.350450910977507135e+00
1.582726907730102539e+01 1.974060243537705706e+00 8.380451826532793191e+00
1.583869695663452148e+01 1.988060670796838236e+00 8.485455030976286395e+00
1.585733079910278320e+01 1.986060609759819240e+00 8.470454573198644255e+00
1.587300395965576172e+01 1.978060365611743476e+00 8.410452742088075695e+00
1.589539408683776855e+01 1.978060365611743476e+00 8.410452742088075695e+00
1.595204520225524902e+01 1.978060365611743476e+00 8.410452742088075695e+00
1.597082662582397461e+01 1.956059694204534960e+00 8.245447706534012156e+00
1.599138522148132324e+01 1.938059144871364436e+00 8.110443586535232896e+00
1.600577640533447266e+01 1.988060670796838236e+00 8.485455030976286395e+00
1.601916885375976562e+01 1.980060426648762473e+00 8.425453199865717835e+00
1.603419685363769531e+01 1.986060609759819240e+00 8.470454573198644255e+00
1.606914234161376953e+01 1.982060487685781469e+00 8.440453657643359975e+00
1.609295392036437988e+01 1.978060365611743476e+00 8.410452742088075695e+00
1.615710330009460449e+01 1.976060304574724480e+00 8.395452284310433555e+00
1.617102742195129395e+01 1.958059755241553956e+00 8.260448164311654295e+00
1.619424986839294434e+01 1.978060365611743476e+00 8.410452742088075695e+00
1.622268390655517578e+01 1.978060365611743476e+00 8.410452742088075695e+00
1.625380492210388184e+01 1.976060304574724480e+00 8.395452284310433555e+00
1.628088808059692383e+01 1.968060060426648716e+00 8.335450453199864995e+00
1.631262016296386719e+01 1.968060060426648716e+00 8.335450453199864995e+00
1.634170937538146973e+01 1.974060243537705706e+00 8.380451826532793191e+00
1.637903857231140137e+01 1.978060365611743476e+00 8.410452742088075695e+00
1.639202427864074707e+01 1.984060548722800466e+00 8.455454115421003891e+00
1.640483522415161133e+01 1.984060548722800466e+00 8.455454115421003891e+00
1.642429375648498535e+01 1.980060426648762473e+00 8.425453199865717835e+00
1.643725275993347168e+01 1.960059816278572953e+00 8.275448622089296435e+00
1.645296955108642578e+01 1.982060487685781469e+00 8.440453657643359975e+00
1.646565985679626465e+01 1.984060548722800466e+00 8.455454115421003891e+00
1.647877788543701172e+01 1.978060365611743476e+00 8.410452742088075695e+00
1.649157190322875977e+01 1.976060304574724480e+00 8.395452284310433555e+00
1.654013276100158691e+01 1.980060426648762473e+00 8.425453199865717835e+00
1.656021475791931152e+01 1.986060609759819240e+00 8.470454573198644255e+00
1.658084344863891602e+01 1.986060609759819240e+00 8.470454573198644255e+00
1.659169936180114746e+01 1.984060548722800466e+00 8.455454115421003891e+00
1.660440850257873535e+01 1.982060487685781469e+00 8.440453657643359975e+00
1.661766648292541504e+01 1.988060670796838236e+00 8.485455030976286395e+00
1.665628457069396973e+01 1.976060304574724480e+00 8.395452284310433555e+00
1.667144203186035156e+01 1.978060365611743476e+00 8.410452742088075695e+00
1.672975945472717285e+01 1.972060182500686709e+00 8.365451368755149275e+00
1.674318599700927734e+01 1.966059999389629720e+00 8.320449995422222855e+00
1.676411056518554688e+01 1.976060304574724480e+00 8.395452284310433555e+00
1.679581475257873535e+01 1.980060426648762473e+00 8.425453199865717835e+00
1.681760764122009277e+01 1.988060670796838236e+00 8.485455030976286395e+00
1.682954192161560059e+01 1.988060670796838236e+00 8.485455030976286395e+00
1.684222745895385742e+01 1.974060243537705706e+00 8.380451826532793191e+00
1.685480356216430664e+01 1.978060365611743476e+00 8.410452742088075695e+00
1.686704468727111816e+01 1.986060609759819240e+00 8.470454573198644255e+00
1.688277196884155273e+01 1.988060670796838236e+00 8.485455030976286395e+00
1.689548325538635254e+01 1.988060670796838236e+00 8.485455030976286395e+00
1.690819215774536133e+01 1.986060609759819240e+00 8.470454573198644255e+00
1.692054009437561035e+01 1.968060060426648716e+00 8.335450453199864995e+00
1.698193812370300293e+01 1.982060487685781469e+00 8.440453657643359975e+00
1.699735641479492188e+01 1.976060304574724480e+00 8.395452284310433555e+00
1.701408815383911133e+01 1.978060365611743476e+00 8.410452742088075695e+00
1.703669238090515137e+01 1.978060365611743476e+00 8.410452742088075695e+00
1.705387949943542480e+01 1.984060548722800466e+00 8.455454115421003891e+00
1.709298539161682129e+01 1.982060487685781469e+00 8.440453657643359975e+00
1.715047764778137207e+01 1.976060304574724480e+00 8.395452284310433555e+00
1.716816139221191406e+01 1.966059999389629720e+00 8.320449995422222855e+00
1.720531201362609863e+01 1.982060487685781469e+00 8.440453657643359975e+00
1.723457694053649902e+01 1.982060487685781469e+00 8.440453657643359975e+00
1.724972319602966309e+01 1.982060487685781469e+00 8.440453657643359975e+00
1.726169133186340332e+01 1.988060670796838236e+00 8.485455030976286395e+00
1.727381086349487305e+01 1.986060609759819240e+00 8.470454573198644255e+00
1.728612542152404785e+01 1.958059755241553956e+00 8.260448164311654295e+00
1.730213308334350586e+01 1.980060426648762473e+00 8.425453199865717835e+00
1.731469535827636719e+01 1.988060670796838236e+00 8.485455030976286395e+00
1.733140635490417480e+01 1.980060426648762473e+00 8.425453199865717835e+00
1.735515880584716797e+01 1.982060487685781469e+00 8.440453657643359975e+00
1.739881706237792969e+01 1.984060548722800466e+00 8.455454115421003891e+00
1.741160893440246582e+01 1.986060609759819240e+00 8.470454573198644255e+00
1.743027472496032715e+01 1.984060548722800466e+00 8.455454115421003891e+00
1.744782876968383789e+01 1.982060487685781469e+00 8.440453657643359975e+00
1.745964908599853516e+01 1.980060426648762473e+00 8.425453199865717835e+00
1.749595332145690918e+01 1.980060426648762473e+00 8.425453199865717835e+00
1.751142811775207520e+01 1.984060548722800466e+00 8.455454115421003891e+00
1.756558918952941895e+01 1.970060121463667713e+00 8.350450910977507135e+00
1.757942605018615723e+01 1.970060121463667713e+00 8.350450910977507135e+00
1.760145354270935059e+01 1.984060548722800466e+00 8.455454115421003891e+00
1.763013339042663574e+01 1.984060548722800466e+00 8.455454115421003891e+00
1.766615438461303711e+01 1.988060670796838236e+00 8.485455030976286395e+00
1.771366572380065918e+01 1.986060609759819240e+00 8.470454573198644255e+00
1.773296761512756348e+01 1.980060426648762473e+00 8.425453199865717835e+00
1.777684187889099121e+01 1.974060243537705706e+00 8.380451826532793191e+00
1.779240822792053223e+01 1.990060731833857233e+00 8.500455488753928535e+00
1.780556845664978027e+01 1.986060609759819240e+00 8.470454573198644255e+00
1.781958389282226562e+01 1.976060304574724480e+00 8.395452284310433555e+00
1.783154368400573730e+01 1.978060365611743476e+00 8.410452742088075695e+00
1.784311819076538086e+01 1.980060426648762473e+00 8.425453199865717835e+00
1.785482215881347656e+01 1.980060426648762473e+00 8.425453199865717835e+00
1.786650490760803223e+01 1.984060548722800466e+00 8.455454115421003891e+00
1.787895083427429199e+01 1.968060060426648716e+00 8.335450453199864995e+00
1.788983702659606934e+01 1.988060670796838236e+00 8.485455030976286395e+00
1.794785451889038086e+01 1.984060548722800466e+00 8.455454115421003891e+00
1.797055459022521973e+01 1.976060304574724480e+00 8.395452284310433555e+00
1.798843693733215332e+01 1.980060426648762473e+00 8.425453199865717835e+00
1.800180530548095703e+01 1.988060670796838236e+00 8.485455030976286395e+00
1.801557660102844238e+01 1.970060121463667713e+00 8.350450910977507135e+00
1.805798029899597168e+01 1.982060487685781469e+00 8.440453657643359975e+00
1.811678767204284668e+01 1.954059633167515964e+00 8.230447248756370016e+00
1.812931871414184570e+01 1.960059816278572953e+00 8.275448622089296435e+00
1.814475393295288086e+01 1.970060121463667713e+00 8.350450910977507135e+00
1.818702983856201172e+01 1.980060426648762473e+00 8.425453199865717835e+00
1.821124076843261719e+01 1.978060365611743476e+00 8.410452742088075695e+00
1.822613906860351562e+01 1.986060609759819240e+00 8.470454573198644255e+00
1.823755359649658203e+01 1.986060609759819240e+00 8.470454573198644255e+00
1.825146842002868652e+01 1.982060487685781469e+00 8.440453657643359975e+00
1.826442337036132812e+01 1.974060243537705706e+00 8.380451826532793191e+00
1.827581357955932617e+01 1.982060487685781469e+00 8.440453657643359975e+00
1.828753376007080078e+01 1.976060304574724480e+00 8.395452284310433555e+00
1.829926061630249023e+01 1.982060487685781469e+00 8.440453657643359975e+00
1.831112623214721680e+01 1.990060731833857233e+00 8.500455488753928535e+00
1.836751484870910645e+01 1.984060548722800466e+00 8.455454115421003891e+00
1.837979555130004883e+01 1.994060853907895225e+00 8.530456404309214591e+00
1.839714860916137695e+01 1.982060487685781469e+00 8.440453657643359975e+00
1.841619777679443359e+01 1.984060548722800466e+00 8.455454115421003891e+00
1.843459033966064453e+01 1.986060609759819240e+00 8.470454573198644255e+00
1.847082352638244629e+01 1.980060426648762473e+00 8.425453199865717835e+00
1.848691534996032715e+01 1.976060304574724480e+00 8.395452284310433555e+00
1.854210495948791504e+01 1.974060243537705706e+00 8.380451826532793191e+00
1.855605077743530273e+01 1.966059999389629720e+00 8.320449995422222855e+00
1.859060025215148926e+01 1.984060548722800466e+00 8.455454115421003891e+00
1.863217473030090332e+01 1.976060304574724480e+00 8.395452284310433555e+00
1.864539432525634766e+01 1.982060487685781469e+00 8.440453657643359975e+00
1.865782094001770020e+01 1.974060243537705706e+00 8.380451826532793191e+00
1.867096328735351562e+01 1.976060304574724480e+00 8.395452284310433555e+00
1.868321347236633301e+01 1.972060182500686709e+00 8.365451368755149275e+00
1.869682717323303223e+01 1.978060365611743476e+00 8.410452742088075695e+00
1.870706367492675781e+01 1.966059999389629720e+00 8.320449995422222855e+00
1.872195625305175781e+01 1.976060304574724480e+00 8.395452284310433555e+00
1.877339029312133789e+01 1.986060609759819240e+00 8.470454573198644255e+00
1.879539942741394043e+01 1.978060365611743476e+00 8.410452742088075695e+00
1.881331086158752441e+01 1.984060548722800466e+00 8.455454115421003891e+00
1.883554124832153320e+01 1.986060609759819240e+00 8.470454573198644255e+00
1.885317587852478027e+01 1.984060548722800466e+00 8.455454115421003891e+00
1.889714384078979492e+01 1.976060304574724480e+00 8.395452284310433555e+00
1.895536828041076660e+01 1.970060121463667713e+00 8.350450910977507135e+00
1.896825218200683594e+01 1.964059938352610724e+00 8.305449537644580715e+00
1.898838305473327637e+01 1.972060182500686709e+00 8.365451368755149275e+00
1.901686024665832520e+01 1.986060609759819240e+00 8.470454573198644255e+00
1.904736876487731934e+01 1.972060182500686709e+00 8.365451368755149275e+00
1.907557606697082520e+01 1.988060670796838236e+00 8.485455030976286395e+00
1.911141943931579590e+01 1.964059938352610724e+00 8.305449537644580715e+00
1.913158559799194336e+01 1.984060548722800466e+00 8.455454115421003891e+00
1.916154003143310547e+01 1.964059938352610724e+00 8.305449537644580715e+00
1.918560886383056641e+01 1.982060487685781469e+00 8.440453657643359975e+00
1.919832348823547363e+01 1.966059999389629720e+00 8.320449995422222855e+00
1.921442890167236328e+01 1.986060609759819240e+00 8.470454573198644255e+00
1.922664284706115723e+01 1.986060609759819240e+00 8.470454573198644255e+00
1.924063682556152344e+01 1.972060182500686709e+00 8.365451368755149275e+00
1.925858879089355469e+01 1.962059877315591949e+00 8.290449079866938575e+00
1.927955341339111328e+01 1.976060304574724480e+00 8.395452284310433555e+00
1.930645585060119629e+01 1.982060487685781469e+00 8.440453657643359975e+00
1.934263610839843750e+01 1.980060426648762473e+00 8.425453199865717835e+00
1.935736227035522461e+01 1.984060548722800466e+00 8.455454115421003891e+00
1.937368893623352051e+01 1.974060243537705706e+00 8.380451826532793191e+00
1.938498091697692871e+01 1.976060304574724480e+00 8.395452284310433555e+00
1.939796018600463867e+01 1.980060426648762473e+00 8.425453199865717835e+00
1.941709756851196289e+01 1.984060548722800466e+00 8.455454115421003891e+00
1.945464897155761719e+01 1.980060426648762473e+00 8.425453199865717835e+00
1.951296639442443848e+01 1.978060365611743476e+00 8.410452742088075695e+00
1.952562832832336426e+01 1.958059755241553956e+00 8.260448164311654295e+00
1.954080080986022949e+01 1.968060060426648716e+00 8.335450453199864995e+00
1.957685303688049316e+01 1.980060426648762473e+00 8.425453199865717835e+00
1.960612368583679199e+01 1.986060609759819240e+00 8.470454573198644255e+00
1.962138986587524414e+01 1.968060060426648716e+00 8.335450453199864995e+00
1.963500428199768066e+01 1.976060304574724480e+00 8.395452284310433555e+00
1.964751195907592773e+01 1.946059389019440200e+00 8.170445417645801456e+00
1.966135096549987793e+01 1.986060609759819240e+00 8.470454573198644255e+00
1.967482066154479980e+01 1.984060548722800466e+00 8.455454115421003891e+00
1.969017195701599121e+01 1.980060426648762473e+00 8.425453199865717835e+00
1.970310997962951660e+01 1.986060609759819240e+00 8.470454573198644255e+00
1.972516369819641113e+01 1.974060243537705706e+00 8.380451826532793191e+00
1.977258157730102539e+01 1.982060487685781469e+00 8.440453657643359975e+00
1.978960418701171875e+01 1.986060609759819240e+00 8.470454573198644255e+00
1.980405902862548828e+01 1.986060609759819240e+00 8.470454573198644255e+00
1.982019305229187012e+01 1.976060304574724480e+00 8.395452284310433555e+00
1.983154129981994629e+01 1.962059877315591949e+00 8.290449079866938575e+00
1.986582517623901367e+01 1.990060731833857233e+00 8.500455488753928535e+00
1.988230371475219727e+01 1.986060609759819240e+00 8.470454573198644255e+00
1.993750762939453125e+01 1.974060243537705706e+00 8.380451826532793191e+00
1.995128130912780762e+01 1.966059999389629720e+00 8.320449995422222855e+00
1.998641180992126465e+01 1.984060548722800466e+00 8.455454115421003891e+00
2.002329039573669434e+01 1.980060426648762473e+00 8.425453199865717835e+00
2.003773260116577148e+01 1.984060548722800466e+00 8.455454115421003891e+00
2.004933094978332520e+01 1.986060609759819240e+00 8.470454573198644255e+00
2.006172704696655273e+01 1.982060487685781469e+00 8.440453657643359975e+00
2.007443118095397949e+01 1.986060609759819240e+00 8.470454573198644255e+00
2.009152555465698242e+01 1.984060548722800466e+00 8.455454115421003891e+00
2.010706830024719238e+01 1.986060609759819240e+00 8.470454573198644255e+00
2.011970114707946777e+01 1.982060487685781469e+00 8.440453657643359975e+00
2.017717027664184570e+01 1.980060426648762473e+00 8.425453199865717835e+00
2.019293642044067383e+01 1.988060670796838236e+00 8.485455030976286395e+00
2.020886445045471191e+01 1.968060060426648716e+00 8.335450453199864995e+00
2.022278594970703125e+01 1.936059083834345440e+00 8.095443128757590756e+00
2.024269270896911621e+01 1.952059572130497189e+00 8.215446790978727876e+00
2.028486800193786621e+01 1.940059205908383433e+00 8.125444044312875036e+00
2.029978442192077637e+01 1.934059022797326444e+00 8.080442670979948616e+00
2.035454893112182617e+01 1.954059633167515964e+00 8.230447248756370016e+00
2.037232851982116699e+01 1.938059144871364436e+00 8.110443586535232896e+00
2.040322852134704590e+01 1.958059755241553956e+00 8.260448164311654295e+00
2.043200182914733887e+01 1.960059816278572953e+00 8.275448622089296435e+00
2.046057748794555664e+01 1.972060182500686709e+00 8.365451368755149275e+00
2.050230360031127930e+01 1.956059694204534960e+00 8.245447706534012156e+00
2.052210450172424316e+01 1.938059144871364436e+00 8.110443586535232896e+00
2.056546807289123535e+01 1.966059999389629720e+00 8.320449995422222855e+00
2.058326148986816406e+01 1.790054628131962033e+00 7.000409710989715428e+00
2.059518909454345703e+01 1.964059938352610724e+00 8.305449537644580715e+00
2.060765981674194336e+01 1.958059755241553956e+00 8.260448164311654295e+00
2.062048268318176270e+01 1.958059755241553956e+00 8.260448164311654295e+00
2.063259387016296387e+01 1.958059755241553956e+00 8.260448164311654295e+00
2.064460062980651855e+01 1.964059938352610724e+00 8.305449537644580715e+00
2.065782976150512695e+01 1.948059450056459196e+00 8.185445875423443596e+00
2.066885638236999512e+01 1.962059877315591949e+00 8.290449079866938575e+00
2.068280243873596191e+01 1.964059938352610724e+00 8.305449537644580715e+00
2.074034523963928223e+01 1.970060121463667713e+00 8.350450910977507135e+00
2.075655364990234375e+01 1.962059877315591949e+00 8.290449079866938575e+00
2.077031087875366211e+01 1.942059266945402429e+00 8.140444502090517176e+00
2.078337836265563965e+01 1.954059633167515964e+00 8.230447248756370016e+00
2.079683947563171387e+01 1.958059755241553956e+00 8.260448164311654295e+00
2.081046462059020996e+01 1.936059083834345440e+00 8.095443128757590756e+00
2.083333086967468262e+01 1.948059450056459196e+00 8.185445875423443596e+00
2.086018204689025879e+01 1.950059511093478193e+00 8.200446333201085736e+00
2.091767597198486328e+01 1.940059205908383433e+00 8.125444044312875036e+00
2.093142604827880859e+01 1.940059205908383433e+00 8.125444044312875036e+00
2.095229792594909668e+01 1.954059633167515964e+00 8.230447248756370016e+00
2.100080180168151855e+01 1.934059022797326444e+00 8.080442670979948616e+00
2.101449322700500488e+01 1.966059999389629720e+00 8.320449995422222855e+00
2.102943634986877441e+01 1.950059511093478193e+00 8.200446333201085736e+00
2.104333543777465820e+01 1.962059877315591949e+00 8.290449079866938575e+00
2.105618977546691895e+01 1.958059755241553956e+00 8.260448164311654295e+00
2.107128953933715820e+01 1.956059694204534960e+00 8.245447706534012156e+00
2.108532238006591797e+01 1.948059450056459196e+00 8.185445875423443596e+00
2.110074615478515625e+01 1.960059816278572953e+00 8.275448622089296435e+00
2.115966701507568359e+01 1.958059755241553956e+00 8.260448164311654295e+00
2.117638444900512695e+01 1.962059877315591949e+00 8.290449079866938575e+00
2.119363260269165039e+01 1.952059572130497189e+00 8.215446790978727876e+00
2.121276879310607910e+01 1.960059816278572953e+00 8.275448622089296435e+00
2.123690295219421387e+01 1.952059572130497189e+00 8.215446790978727876e+00
2.127123689651489258e+01 1.944059327982421204e+00 8.155444959868159316e+00
2.132960653305053711e+01 1.950059511093478193e+00 8.200446333201085736e+00
2.134315752983093262e+01 1.926058778649250680e+00 8.020440839869380056e+00
2.136645507812500000e+01 1.950059511093478193e+00 8.200446333201085736e+00
2.139927935600280762e+01 1.956059694204534960e+00 8.245447706534012156e+00
2.142360377311706543e+01 1.956059694204534960e+00 8.245447706534012156e+00
2.143846917152404785e+01 1.958059755241553956e+00 8.260448164311654295e+00
2.145191693305969238e+01 1.946059389019440200e+00 8.170445417645801456e+00
2.146594524383544922e+01 1.958059755241553956e+00 8.260448164311654295e+00
2.147956228256225586e+01 1.940059205908383433e+00 8.125444044312875036e+00
2.149517178535461426e+01 1.956059694204534960e+00 8.245447706534012156e+00
2.150965833663940430e+01 1.948059450056459196e+00 8.185445875423443596e+00
2.152056217193603516e+01 1.952059572130497189e+00 8.215446790978727876e+00
2.154526901245117188e+01 1.930058900723288673e+00 8.050441755424664336e+00
2.158906483650207520e+01 1.928058839686269677e+00 8.035441297647022196e+00
2.160455465316772461e+01 1.956059694204534960e+00 8.245447706534012156e+00
2.162269139289855957e+01 1.952059572130497189e+00 8.215446790978727876e+00
2.164176201820373535e+01 1.960059816278572953e+00 8.275448622089296435e+00
2.165602898597717285e+01 1.954059633167515964e+00 8.230447248756370016e+00
2.168840694427490234e+01 1.950059511093478193e+00 8.200446333201085736e+00
2.170354461669921875e+01 1.944059327982421204e+00 8.155444959868159316e+00
2.175810432434082031e+01 1.948059450056459196e+00 8.185445875423443596e+00
2.177539253234863281e+01 1.938059144871364436e+00 8.110443586535232896e+00
2.180628466606140137e+01 1.962059877315591949e+00 8.290449079866938575e+00
2.183476543426513672e+01 1.960059816278572953e+00 8.275448622089296435e+00
2.186312627792358398e+01 1.958059755241553956e+00 8.260448164311654295e+00
2.190550112724304199e+01 1.964059938352610724e+00 8.305449537644580715e+00
2.192422676086425781e+01 1.950059511093478193e+00 8.200446333201085736e+00
2.196808290481567383e+01 1.932058961760307669e+00 8.065442213202306476e+00
2.198427534103393555e+01 1.956059694204534960e+00 8.245447706534012156e+00
2.199835991859436035e+01 1.934059022797326444e+00 8.080442670979948616e+00
2.201147913932800293e+01 1.948059450056459196e+00 8.185445875423443596e+00
2.202393174171447754e+01 1.952059572130497189e+00 8.215446790978727876e+00
2.203565454483032227e+01 1.946059389019440200e+00 8.170445417645801456e+00
2.204770970344543457e+01 1.956059694204534960e+00 8.245447706534012156e+00
2.205864095687866211e+01 1.960059816278572953e+00 8.275448622089296435e+00
2.207134962081909180e+01 1.958059755241553956e+00 8.260448164311654295e+00
2.208827924728393555e+01 1.916058473464156142e+00 7.945438550981171133e+00
2.213221311569213867e+01 1.936059083834345440e+00 8.095443128757590756e+00
2.215702462196350098e+01 1.934059022797326444e+00 8.080442670979948616e+00
2.217083573341369629e+01 1.960059816278572953e+00 8.275448622089296435e+00
2.218387317657470703e+01 1.960059816278572953e+00 8.275448622089296435e+00
2.219965863227844238e+01 1.924058717612231684e+00 8.005440382091737916e+00
2.224304938316345215e+01 1.952059572130497189e+00 8.215446790978727876e+00
2.225957274436950684e+01 1.956059694204534960e+00 8.245447706534012156e+00
2.231427931785583496e+01 1.940059205908383433e+00 8.125444044312875036e+00
2.232800626754760742e+01 1.932058961760307669e+00 8.065442213202306476e+00
2.234799003601074219e+01 1.958059755241553956e+00 8.260448164311654295e+00
2.239060091972351074e+01 1.956059694204534960e+00 8.245447706534012156e+00
2.240556883811950684e+01 1.930058900723288673e+00 8.050441755424664336e+00
2.241833257675170898e+01 1.960059816278572953e+00 8.275448622089296435e+00
2.243122243881225586e+01 1.952059572130497189e+00 8.215446790978727876e+00
2.244298744201660156e+01 1.958059755241553956e+00 8.260448164311654295e+00
2.245600247383117676e+01 1.952059572130497189e+00 8.215446790978727876e+00
2.246780705451965332e+01 1.954059633167515964e+00 8.230447248756370016e+00
2.248662686347961426e+01 1.942059266945402429e+00 8.140444502090517176e+00
2.250050640106201172e+01 1.960059816278572953e+00 8.275448622089296435e+00
2.256170678138732910e+01 1.962059877315591949e+00 8.290449079866938575e+00
2.258459877967834473e+01 1.970060121463667713e+00 8.350450910977507135e+00
2.259806489944458008e+01 1.950059511093478193e+00 8.200446333201085736e+00
2.261631679534912109e+01 1.972060182500686709e+00 8.365451368755149275e+00
2.263509869575500488e+01 1.982060487685781469e+00 8.440453657643359975e+00
2.264853692054748535e+01 1.984060548722800466e+00 8.455454115421003891e+00
2.268625783920288086e+01 1.982060487685781469e+00 8.440453657643359975e+00
2.270240235328674316e+01 1.986060609759819240e+00 8.470454573198644255e+00
2.275771093368530273e+01 1.974060243537705706e+00 8.380451826532793191e+00
2.277513241767883301e+01 1.962059877315591949e+00 8.290449079866938575e+00
2.280472445487976074e+01 1.988060670796838236e+00 8.485455030976286395e+00
2.283153700828552246e+01 1.986060609759819240e+00 8.470454573198644255e+00
2.284936094284057617e+01 1.986060609759819240e+00 8.470454573198644255e+00
2.286333012580871582e+01 1.976060304574724480e+00 8.395452284310433555e+00
2.287564253807067871e+01 1.984060548722800466e+00 8.455454115421003891e+00
2.288819289207458496e+01 1.974060243537705706e+00 8.380451826532793191e+00
2.290626406669616699e+01 1.974060243537705706e+00 8.380451826532793191e+00
2.292078757286071777e+01 1.988060670796838236e+00 8.485455030976286395e+00
