6.710921716690063477e+01 1.684051393169957445e+00 6.205385448774681123e+00
6.712605857849121094e+01 1.676051149021881681e+00 6.145383617664112563e+00
6.713961768150329590e+01 1.698051820429090197e+00 6.310388653218176103e+00
6.715208554267883301e+01 1.692051637318033430e+00 6.265387279885250571e+00
6.716269040107727051e+01 1.686051454206976441e+00 6.220385906552323263e+00
6.717530298233032227e+01 1.682051332132938670e+00 6.190384990997039871e+00
6.719626283645629883e+01 1.674051087984862685e+00 6.130383159886470423e+00
6.720939421653747559e+01 1.688051515243995437e+00 6.235386364329965403e+00
6.722651553153991699e+01 1.698051820429090197e+00 6.310388653218176103e+00
6.726942133903503418e+01 1.682051332132938670e+00 6.190384990997039871e+00
6.729363799095153809e+01 1.702051942503128190e+00 6.340389568773461271e+00
6.731565642356872559e+01 1.702051942503128190e+00 6.340389568773461271e+00
6.732941317558288574e+01 1.706052064577165961e+00 6.370390484328744662e+00
6.734189319610595703e+01 1.704052003540146965e+00 6.355390026551102522e+00
6.735810756683349609e+01 1.704052003540146965e+00 6.355390026551102522e+00
6.737457442283630371e+01 1.706052064577165961e+00 6.370390484328744662e+00
6.741384720802307129e+01 1.684051393169957445e+00 6.205385448774681123e+00
6.745509171485900879e+01 1.702051942503128190e+00 6.340389568773461271e+00
6.751538562774658203e+01 1.698051820429090197e+00 6.310388653218176103e+00
6.752866625785827637e+01 1.678051210058900677e+00 6.160384075441754703e+00
6.755123233795166016e+01 1.694051698355052205e+00 6.280387737662891823e+00
6.759158134460449219e+01 1.702051942503128190e+00 6.340389568773461271e+00
6.761192440986633301e+01 1.704052003540146965e+00 6.355390026551102522e+00
6.762727379798889160e+01 1.704052003540146965e+00 6.355390026551102522e+00
6.764780354499816895e+01 1.706052064577165961e+00 6.370390484328744662e+00
6.770254468917846680e+01 1.704052003540146965e+00 6.355390026551102522e+00
6.772040152549743652e+01 1.692051637318033430e+00 6.265387279885250571e+00
6.773900628089904785e+01 1.706052064577165961e+00 6.370390484328744662e+00
6.775783133506774902e+01 1.702051942503128190e+00 6.340389568773461271e+00
6.777343153953552246e+01 1.690051576281014434e+00 6.250386822107608431e+00
6.779595160484313965e+01 1.690051576281014434e+00 6.250386822107608431e+00
6.782082843780517578e+01 1.708052125614184957e+00 6.385390942106386802e+00
6.786944317817687988e+01 1.706052064577165961e+00 6.370390484328744662e+00
6.788402175903320312e+01 1.696051759392071201e+00 6.295388195440533963e+00
6.793938708305358887e+01 1.698051820429090197e+00 6.310388653218176103e+00
6.795357656478881836e+01 1.690051576281014434e+00 6.250386822107608431e+00
6.797826981544494629e+01 1.682051332132938670e+00 6.190384990997039871e+00
6.801120853424072266e+01 1.702051942503128190e+00 6.340389568773461271e+00
6.803243160247802734e+01 1.704052003540146965e+00 6.355390026551102522e+00
6.804563117027282715e+01 1.708052125614184957e+00 6.385390942106386802e+00
6.805819201469421387e+01 1.700051881466109194e+00 6.325389110995819131e+00
6.807305121421813965e+01 1.702051942503128190e+00 6.340389568773461271e+00
6.812935447692871094e+01 1.694051698355052205e+00 6.280387737662891823e+00
6.814639639854431152e+01 1.704052003540146965e+00 6.355390026551102522e+00
6.817030286788940430e+01 1.702051942503128190e+00 6.340389568773461271e+00
6.818676447868347168e+01 1.706052064577165961e+00 6.370390484328744662e+00
6.820074653625488281e+01 1.690051576281014434e+00 6.250386822107608431e+00
6.821524572372436523e+01 1.702051942503128190e+00 6.340389568773461271e+00
6.825520777702331543e+01 1.698051820429090197e+00 6.310388653218176103e+00
6.829821801185607910e+01 1.706052064577165961e+00 6.370390484328744662e+00
6.835563707351684570e+01 1.692051637318033430e+00 6.265387279885250571e+00
6.836994934082031250e+01 1.682051332132938670e+00 6.190384990997039871e+00
6.838821721076965332e+01 1.706052064577165961e+00 6.370390484328744662e+00
6.841691732406616211e+01 1.702051942503128190e+00 6.340389568773461271e+00
6.845097088813781738e+01 1.692051637318033430e+00 6.265387279885250571e+00
6.848187994956970215e+01 1.706052064577165961e+00 6.370390484328744662e+00
6.851829099655151367e+01 1.706052064577165961e+00 6.370390484328744662e+00
6.853774142265319824e+01 1.698051820429090197e+00 6.310388653218176103e+00
6.857355213165283203e+01 1.702051942503128190e+00 6.340389568773461271e+00
6.859220051765441895e+01 1.704052003540146965e+00 6.355390026551102522e+00
6.860457491874694824e+01 1.706052064577165961e+00 6.370390484328744662e+00
6.862229275703430176e+01 1.694051698355052205e+00 6.280387737662891823e+00
6.863532567024230957e+01 1.682051332132938670e+00 6.190384990997039871e+00
6.868159222602844238e+01 1.706052064577165961e+00 6.370390484328744662e+00
6.870300555229187012e+01 1.708052125614184957e+00 6.385390942106386802e+00
6.871674776077270508e+01 1.700051881466109194e+00 6.325389110995819131e+00
6.873195457458496094e+01 1.694051698355052205e+00 6.280387737662891823e+00
6.874986243247985840e+01 1.704052003540146965e+00 6.355390026551102522e+00
6.876294922828674316e+01 1.706052064577165961e+00 6.370390484328744662e+00
6.878343939781188965e+01 1.706052064577165961e+00 6.370390484328744662e+00
6.883934426307678223e+01 1.702051942503128190e+00 6.340389568773461271e+00
6.887075614929199219e+01 1.704052003540146965e+00 6.355390026551102522e+00
6.892577552795410156e+01 1.694051698355052205e+00 6.280387737662891823e+00
6.893928360939025879e+01 1.690051576281014434e+00 6.250386822107608431e+00
6.896663832664489746e+01 1.700051881466109194e+00 6.325389110995819131e+00
6.900760078430175781e+01 1.704052003540146965e+00 6.355390026551102522e+00
6.902391362190246582e+01 1.704052003540146965e+00 6.355390026551102522e+00
6.903770780563354492e+01 1.698051820429090197e+00 6.310388653218176103e+00
6.905257439613342285e+01 1.702051942503128190e+00 6.340389568773461271e+00
6.907986474037170410e+01 1.696051759392071201e+00 6.295388195440533963e+00
6.912090086936950684e+01 1.704052003540146965e+00 6.355390026551102522e+00
6.913541436195373535e+01 1.690051576281014434e+00 6.250386822107608431e+00
6.914909458160400391e+01 1.688051515243995437e+00 6.235386364329965403e+00
6.916465067863464355e+01 1.702051942503128190e+00 6.340389568773461271e+00
6.918085098266601562e+01 1.708052125614184957e+00 6.385390942106386802e+00
6.919557332992553711e+01 1.706052064577165961e+00 6.370390484328744662e+00
6.920996618270874023e+01 1.708052125614184957e+00 6.385390942106386802e+00
6.924765682220458984e+01 1.702051942503128190e+00 6.340389568773461271e+00
6.929183697700500488e+01 1.704052003540146965e+00 6.355390026551102522e+00
6.935031938552856445e+01 1.698051820429090197e+00 6.310388653218176103e+00
6.936429405212402344e+01 1.692051637318033430e+00 6.265387279885250571e+00
6.939031267166137695e+01 1.706052064577165961e+00 6.370390484328744662e+00
6.942151737213134766e+01 1.706052064577165961e+00 6.370390484328744662e+00
6.944309186935424805e+01 1.702051942503128190e+00 6.340389568773461271e+00
6.945699834823608398e+01 1.702051942503128190e+00 6.340389568773461271e+00
6.947351431846618652e+01 1.704052003540146965e+00 6.355390026551102522e+00
6.949196672439575195e+01 1.704052003540146965e+00 6.355390026551102522e+00
6.954182457923889160e+01 1.690051576281014434e+00 6.250386822107608431e+00
6.955827569961547852e+01 1.698051820429090197e+00 6.310388653218176103e+00
6.957456398010253906e+01 1.704052003540146965e+00 6.355390026551102522e+00
6.958964633941650391e+01 1.706052064577165961e+00 6.370390484328744662e+00
6.960379981994628906e+01 1.706052064577165961e+00 6.370390484328744662e+00
6.961683964729309082e+01 1.706052064577165961e+00 6.370390484328744662e+00
6.963569641113281250e+01 1.696051759392071201e+00 6.295388195440533963e+00
6.968283653259277344e+01 1.704052003540146965e+00 6.355390026551102522e+00
6.971298599243164062e+01 1.684051393169957445e+00 6.205385448774681123e+00
6.976967597007751465e+01 1.684051393169957445e+00 6.205385448774681123e+00
6.978339457511901855e+01 1.690051576281014434e+00 6.250386822107608431e+00
6.980052280426025391e+01 1.706052064577165961e+00 6.370390484328744662e+00
6.983024096488952637e+01 1.706052064577165961e+00 6.370390484328744662e+00
6.985900640487670898e+01 1.706052064577165961e+00 6.370390484328744662e+00
6.988736915588378906e+01 1.704052003540146965e+00 6.355390026551102522e+00
6.993058419227600098e+01 1.706052064577165961e+00 6.370390484328744662e+00
6.995119738578796387e+01 1.696051759392071201e+00 6.295388195440533963e+00
6.999335980415344238e+01 1.698051820429090197e+00 6.310388653218176103e+00
7.001016259193420410e+01 1.706052064577165961e+00 6.370390484328744662e+00
7.002269601821899414e+01 1.704052003540146965e+00 6.355390026551102522e+00
7.003751873970031738e+01 1.706052064577165961e+00 6.370390484328744662e+00
7.005159330368041992e+01 1.698051820429090197e+00 6.310388653218176103e+00
7.010488867759704590e+01 1.702051942503128190e+00 6.340389568773461271e+00
7.012203383445739746e+01 1.702051942503128190e+00 6.340389568773461271e+00
7.013578701019287109e+01 1.704052003540146965e+00 6.355390026551102522e+00
7.015691065788269043e+01 1.702051942503128190e+00 6.340389568773461271e+00
7.017493009567260742e+01 1.704052003540146965e+00 6.355390026551102522e+00
7.018887996673583984e+01 1.704052003540146965e+00 6.355390026551102522e+00
7.020714879035949707e+01 1.698051820429090197e+00 6.310388653218176103e+00
7.025429582595825195e+01 1.690051576281014434e+00 6.250386822107608431e+00
7.028510999679565430e+01 1.694051698355052205e+00 6.280387737662891823e+00
7.034185791015625000e+01 1.672051026947843688e+00 6.115382702108827395e+00
7.035514330863952637e+01 1.584048341319010067e+00 5.455362559892575902e+00
7.037992548942565918e+01 1.590048524430066834e+00 5.500363933225501434e+00
7.040914273262023926e+01 1.684051393169957445e+00 6.205385448774681123e+00
7.043504333496093750e+01 1.692051637318033430e+00 6.265387279885250571e+00
7.045085573196411133e+01 1.686051454206976441e+00 6.220385906552323263e+00
7.046541500091552734e+01 1.688051515243995437e+00 6.235386364329965403e+00
7.048282861709594727e+01 1.688051515243995437e+00 6.235386364329965403e+00
7.052711200714111328e+01 1.590048524430066834e+00 5.500363933225501434e+00
7.054556393623352051e+01 1.684051393169957445e+00 6.205385448774681123e+00
7.055905127525329590e+01 1.688051515243995437e+00 6.235386364329965403e+00
7.057291913032531738e+01 1.684051393169957445e+00 6.205385448774681123e+00
7.058877849578857422e+01 1.690051576281014434e+00 6.250386822107608431e+00
7.060261797904968262e+01 1.676051149021881681e+00 6.145383617664112563e+00
7.062003850936889648e+01 1.688051515243995437e+00 6.235386364329965403e+00
7.066223454475402832e+01 1.686051454206976441e+00 6.220385906552323263e+00
7.070737004280090332e+01 1.692051637318033430e+00 6.265387279885250571e+00
7.076593756675720215e+01 1.666050843836786921e+00 6.070381328775901864e+00
7.077981400489807129e+01 1.670050965910824914e+00 6.100382244331187032e+00
7.080203962326049805e+01 1.678051210058900677e+00 6.160384075441754703e+00
7.084623885154724121e+01 1.690051576281014434e+00 6.250386822107608431e+00
7.086283016204833984e+01 1.684051393169957445e+00 6.205385448774681123e+00
7.087680077552795410e+01 1.686051454206976441e+00 6.220385906552323263e+00
7.089675450325012207e+01 1.684051393169957445e+00 6.205385448774681123e+00
7.094750285148620605e+01 1.664050782799768147e+00 6.055380870998261500e+00
7.096735620498657227e+01 1.686051454206976441e+00 6.220385906552323263e+00
7.098126649856567383e+01 1.670050965910824914e+00 6.100382244331187032e+00
7.099447631835937500e+01 1.682051332132938670e+00 6.190384990997039871e+00
7.101098084449768066e+01 1.672051026947843688e+00 6.115382702108827395e+00
7.102712845802307129e+01 1.688051515243995437e+00 6.235386364329965403e+00
7.104288363456726074e+01 1.684051393169957445e+00 6.205385448774681123e+00
7.109455680847167969e+01 1.680051271095919674e+00 6.175384533219397731e+00
7.112569594383239746e+01 1.686051454206976441e+00 6.220385906552323263e+00
7.118116688728332520e+01 1.678051210058900677e+00 6.160384075441754703e+00
7.119494724273681641e+01 1.668050904873805917e+00 6.085381786553544003e+00
7.121645450592041016e+01 1.690051576281014434e+00 6.250386822107608431e+00
7.125146508216857910e+01 1.686051454206976441e+00 6.220385906552323263e+00
7.128032827377319336e+01 1.678051210058900677e+00 6.160384075441754703e+00
7.131082344055175781e+01 1.676051149021881681e+00 6.145383617664112563e+00
7.134696531295776367e+01 1.684051393169957445e+00 6.205385448774681123e+00
7.136625218391418457e+01 1.682051332132938670e+00 6.190384990997039871e+00
7.139670848846435547e+01 1.680051271095919674e+00 6.175384533219397731e+00
7.142479348182678223e+01 1.684051393169957445e+00 6.205385448774681123e+00
7.144526529312133789e+01 1.686051454206976441e+00 6.220385906552323263e+00
7.145978879928588867e+01 1.680051271095919674e+00 6.175384533219397731e+00
7.151735758781433105e+01 1.682051332132938670e+00 6.190384990997039871e+00
7.153482508659362793e+01 1.688051515243995437e+00 6.235386364329965403e+00
7.154854226112365723e+01 1.686051454206976441e+00 6.220385906552323263e+00
7.156651306152343750e+01 1.684051393169957445e+00 6.205385448774681123e+00
7.158455133438110352e+01 1.684051393169957445e+00 6.205385448774681123e+00
7.160557699203491211e+01 1.680051271095919674e+00 6.175384533219397731e+00
7.162222933769226074e+01 1.678051210058900677e+00 6.160384075441754703e+00
7.166728925704956055e+01 1.684051393169957445e+00 6.205385448774681123e+00
7.169731259346008301e+01 1.678051210058900677e+00 6.160384075441754703e+00
7.175381803512573242e+01 1.674051087984862685e+00 6.130383159886470423e+00
7.176700806617736816e+01 1.656050538651692383e+00 5.995379039887692940e+00
7.179629182815551758e+01 1.678051210058900677e+00 6.160384075441754703e+00
7.182519698143005371e+01 1.682051332132938670e+00 6.190384990997039871e+00
7.184837913513183594e+01 1.684051393169957445e+00 6.205385448774681123e+00
7.186463832855224609e+01 1.682051332132938670e+00 6.190384990997039871e+00
7.187934112548828125e+01 1.690051576281014434e+00 6.250386822107608431e+00
7.189784359931945801e+01 1.680051271095919674e+00 6.175384533219397731e+00
7.193874001502990723e+01 1.678051210058900677e+00 6.160384075441754703e+00
7.195308828353881836e+01 1.680051271095919674e+00 6.175384533219397731e+00
7.197135519981384277e+01 1.680051271095919674e+00 6.175384533219397731e+00
7.198435139656066895e+01 1.684051393169957445e+00 6.205385448774681123e+00
7.199748158454895020e+01 1.686051454206976441e+00 6.220385906552323263e+00
7.202095246315002441e+01 1.678051210058900677e+00 6.160384075441754703e+00
7.203556275367736816e+01 1.684051393169957445e+00 6.205385448774681123e+00
7.208882474899291992e+01 1.674051087984862685e+00 6.130383159886470423e+00
7.212680053710937500e+01 1.666050843836786921e+00 6.070381328775901864e+00
7.218494057655334473e+01 1.672051026947843688e+00 6.115382702108827395e+00
7.219877004623413086e+01 1.660050660725730376e+00 6.025379955442978108e+00
7.222152781486511230e+01 1.686051454206976441e+00 6.220385906552323263e+00
7.226553559303283691e+01 1.678051210058900677e+00 6.160384075441754703e+00
7.227856159210205078e+01 1.686051454206976441e+00 6.220385906552323263e+00
7.229583644866943359e+01 1.676051149021881681e+00 6.145383617664112563e+00
7.231009459495544434e+01 1.684051393169957445e+00 6.205385448774681123e+00
7.235794186592102051e+01 1.684051393169957445e+00 6.205385448774681123e+00
7.237638092041015625e+01 1.682051332132938670e+00 6.190384990997039871e+00
7.239802956581115723e+01 1.682051332132938670e+00 6.190384990997039871e+00
7.241232204437255859e+01 1.664050782799768147e+00 6.055380870998261500e+00
7.242749571800231934e+01 1.684051393169957445e+00 6.205385448774681123e+00
7.243894886970520020e+01 1.686051454206976441e+00 6.220385906552323263e+00
7.245285606384277344e+01 1.686051454206976441e+00 6.220385906552323263e+00
7.246561384201049805e+01 1.686051454206976441e+00 6.220385906552323263e+00
7.250547981262207031e+01 1.684051393169957445e+00 6.205385448774681123e+00
7.254462909698486328e+01 1.682051332132938670e+00 6.190384990997039871e+00
7.263020086288452148e+01 1.674051087984862685e+00 6.130383159886470423e+00
7.264513587951660156e+01 1.686051454206976441e+00 6.220385906552323263e+00
7.266868162155151367e+01 1.706052064577165961e+00 6.370390484328744662e+00
7.269820141792297363e+01 1.706052064577165961e+00 6.370390484328744662e+00
7.272726917266845703e+01 1.706052064577165961e+00 6.370390484328744662e+00
7.275657010078430176e+01 1.708052125614184957e+00 6.385390942106386802e+00
7.280140900611877441e+01 1.706052064577165961e+00 6.370390484328744662e+00
7.282778954505920410e+01 1.710052186651203954e+00 6.400391399884029831e+00
7.286353516578674316e+01 1.700051881466109194e+00 6.325389110995819131e+00
7.288586091995239258e+01 1.710052186651203954e+00 6.400391399884029831e+00
7.290209293365478516e+01 1.702051942503128190e+00 6.340389568773461271e+00
7.291673541069030762e+01 1.700051881466109194e+00 6.325389110995819131e+00
7.294677853584289551e+01 1.696051759392071201e+00 6.295388195440533963e+00
7.297860765457153320e+01 1.704052003540146965e+00 6.355390026551102522e+00
7.299443888664245605e+01 1.706052064577165961e+00 6.370390484328744662e+00
7.301479625701904297e+01 1.702051942503128190e+00 6.340389568773461271e+00
7.302886199951171875e+01 1.686051454206976441e+00 6.220385906552323263e+00
7.304201412200927734e+01 1.704052003540146965e+00 6.355390026551102522e+00
7.305931878089904785e+01 1.698051820429090197e+00 6.310388653218176103e+00
7.308276963233947754e+01 1.702051942503128190e+00 6.340389568773461271e+00
7.313281869888305664e+01 1.706052064577165961e+00 6.370390484328744662e+00
7.316235566139221191e+01 1.706052064577165961e+00 6.370390484328744662e+00
7.321946716308593750e+01 1.684051393169957445e+00 6.205385448774681123e+00
7.323291110992431641e+01 1.690051576281014434e+00 6.250386822107608431e+00
7.326065111160278320e+01 1.706052064577165961e+00 6.370390484328744662e+00
7.329439783096313477e+01 1.704052003540146965e+00 6.355390026551102522e+00
7.331306958198547363e+01 1.704052003540146965e+00 6.355390026551102522e+00
7.332991981506347656e+01 1.698051820429090197e+00 6.310388653218176103e+00
7.334681010246276855e+01 1.686051454206976441e+00 6.220385906552323263e+00
7.337563347816467285e+01 1.696051759392071201e+00 6.295388195440533963e+00
7.341285109519958496e+01 1.702051942503128190e+00 6.340389568773461271e+00
7.343385243415832520e+01 1.700051881466109194e+00 6.325389110995819131e+00
7.345033073425292969e+01 1.702051942503128190e+00 6.340389568773461271e+00
7.346790790557861328e+01 1.706052064577165961e+00 6.370390484328744662e+00
7.348454976081848145e+01 1.704052003540146965e+00 6.355390026551102522e+00
7.350091052055358887e+01 1.698051820429090197e+00 6.310388653218176103e+00
7.351596307754516602e+01 1.706052064577165961e+00 6.370390484328744662e+00
7.356355166435241699e+01 1.688051515243995437e+00 6.235386364329965403e+00
7.359510469436645508e+01 1.690051576281014434e+00 6.250386822107608431e+00
7.365109682083129883e+01 1.696051759392071201e+00 6.295388195440533963e+00
7.367160248756408691e+01 1.688051515243995437e+00 6.235386364329965403e+00
7.369025850296020508e+01 1.698051820429090197e+00 6.310388653218176103e+00
7.373093366622924805e+01 1.694051698355052205e+00 6.280387737662891823e+00
7.374471116065979004e+01 1.706052064577165961e+00 6.370390484328744662e+00
7.375697970390319824e+01 1.698051820429090197e+00 6.310388653218176103e+00
7.377427363395690918e+01 1.704052003540146965e+00 6.355390026551102522e+00
7.379088425636291504e+01 1.704052003540146965e+00 6.355390026551102522e+00
7.383500385284423828e+01 1.706052064577165961e+00 6.370390484328744662e+00
7.384960031509399414e+01 1.706052064577165961e+00 6.370390484328744662e+00
7.386857199668884277e+01 1.704052003540146965e+00 6.355390026551102522e+00
7.388147616386413574e+01 1.708052125614184957e+00 6.385390942106386802e+00
7.389966988563537598e+01 1.700051881466109194e+00 6.325389110995819131e+00
7.391119599342346191e+01 1.704052003540146965e+00 6.355390026551102522e+00
7.392507696151733398e+01 1.694051698355052205e+00 6.280387737662891823e+00
7.394067788124084473e+01 1.704052003540146965e+00 6.355390026551102522e+00
7.398860526084899902e+01 1.702051942503128190e+00 6.340389568773461271e+00
7.402099823951721191e+01 1.700051881466109194e+00 6.325389110995819131e+00
7.407707428932189941e+01 1.694051698355052205e+00 6.280387737662891823e+00
7.409077906608581543e+01 1.688051515243995437e+00 6.235386364329965403e+00
7.410900664329528809e+01 1.702051942503128190e+00 6.340389568773461271e+00
7.413828754425048828e+01 1.702051942503128190e+00 6.340389568773461271e+00
7.416753220558166504e+01 1.702051942503128190e+00 6.340389568773461271e+00
7.419726943969726562e+01 1.706052064577165961e+00 6.370390484328744662e+00
7.424202084541320801e+01 1.706052064577165961e+00 6.370390484328744662e+00
7.426257514953613281e+01 1.706052064577165961e+00 6.370390484328744662e+00
7.429180645942687988e+01 1.708052125614184957e+00 6.385390942106386802e+00
7.432698059082031250e+01 1.712052247688222950e+00 6.415391857661671970e+00
7.434705376625061035e+01 1.708052125614184957e+00 6.385390942106386802e+00
7.436021637916564941e+01 1.704052003540146965e+00 6.355390026551102522e+00
7.437496471405029297e+01 1.704052003540146965e+00 6.355390026551102522e+00
7.442741441726684570e+01 1.700051881466109194e+00 6.325389110995819131e+00
7.443835210800170898e+01 1.704052003540146965e+00 6.355390026551102522e+00
7.445164084434509277e+01 1.698051820429090197e+00 6.310388653218176103e+00
7.447207450866699219e+01 1.706052064577165961e+00 6.370390484328744662e+00
7.448987936973571777e+01 1.704052003540146965e+00 6.355390026551102522e+00
7.450368452072143555e+01 1.704052003540146965e+00 6.355390026551102522e+00
7.451757645606994629e+01 1.706052064577165961e+00 6.370390484328744662e+00
7.454145145416259766e+01 1.704052003540146965e+00 6.355390026551102522e+00
7.459083247184753418e+01 1.706052064577165961e+00 6.370390484328744662e+00
7.460565328598022461e+01 1.698051820429090197e+00 6.310388653218176103e+00
7.466188311576843262e+01 1.692051637318033430e+00 6.265387279885250571e+00
7.467514038085937500e+01 1.688051515243995437e+00 6.235386364329965403e+00
7.470148777961730957e+01 1.702051942503128190e+00 6.340389568773461271e+00
7.474598240852355957e+01 1.696051759392071201e+00 6.295388195440533963e+00
7.475838422775268555e+01 1.706052064577165961e+00 6.370390484328744662e+00
7.477393555641174316e+01 1.690051576281014434e+00 6.250386822107608431e+00
7.479163146018981934e+01 1.704052003540146965e+00 6.355390026551102522e+00
7.484978771209716797e+01 1.706052064577165961e+00 6.370390484328744662e+00
7.486582922935485840e+01 1.704052003540146965e+00 6.355390026551102522e+00
7.488878417015075684e+01 1.694051698355052205e+00 6.280387737662891823e+00
7.490700006484985352e+01 1.704052003540146965e+00 6.355390026551102522e+00
7.492073631286621094e+01 1.702051942503128190e+00 6.340389568773461271e+00
7.493443131446838379e+01 1.692051637318033430e+00 6.265387279885250571e+00
7.494741916656494141e+01 1.702051942503128190e+00 6.340389568773461271e+00
7.500077629089355469e+01 1.704052003540146965e+00 6.355390026551102522e+00
7.503236293792724609e+01 1.702051942503128190e+00 6.340389568773461271e+00
7.508971118927001953e+01 1.690051576281014434e+00 6.250386822107608431e+00
7.510373950004577637e+01 1.678051210058900677e+00 6.160384075441754703e+00
7.512647104263305664e+01 1.704052003540146965e+00 6.355390026551102522e+00
7.515079402923583984e+01 1.686051454206976441e+00 6.220385906552323263e+00
7.518441057205200195e+01 1.704052003540146965e+00 6.355390026551102522e+00
7.519979500770568848e+01 1.704052003540146965e+00 6.355390026551102522e+00
7.522136998176574707e+01 1.700051881466109194e+00 6.325389110995819131e+00
7.526517701148986816e+01 1.696051759392071201e+00 6.295388195440533963e+00
7.528885102272033691e+01 1.706052064577165961e+00 6.370390484328744662e+00
7.530678224563598633e+01 1.704052003540146965e+00 6.355390026551102522e+00
7.531985425949096680e+01 1.704052003540146965e+00 6.355390026551102522e+00
7.533458638191223145e+01 1.706052064577165961e+00 6.370390484328744662e+00
7.534805870056152344e+01 1.706052064577165961e+00 6.370390484328744662e+00
7.536211037635803223e+01 1.702051942503128190e+00 6.340389568773461271e+00
7.537587714195251465e+01 1.690051576281014434e+00 6.250386822107608431e+00
7.541398262977600098e+01 1.698051820429090197e+00 6.310388653218176103e+00
7.545922064781188965e+01 1.702051942503128190e+00 6.340389568773461271e+00
7.551811456680297852e+01 1.698051820429090197e+00 6.310388653218176103e+00
7.553204703330993652e+01 1.688051515243995437e+00 6.235386364329965403e+00
7.555625271797180176e+01 1.702051942503128190e+00 6.340389568773461271e+00
7.558535933494567871e+01 1.708052125614184957e+00 6.385390942106386802e+00
7.561420273780822754e+01 1.702051942503128190e+00 6.340389568773461271e+00
7.565517067909240723e+01 1.706052064577165961e+00 6.370390484328744662e+00
7.568792510032653809e+01 1.690051576281014434e+00 6.250386822107608431e+00
7.571459960937500000e+01 1.704052003540146965e+00 6.355390026551102522e+00
7.576177167892456055e+01 1.700051881466109194e+00 6.325389110995819131e+00
7.577857995033264160e+01 1.706052064577165961e+00 6.370390484328744662e+00
7.579285645484924316e+01 1.706052064577165961e+00 6.370390484328744662e+00
7.580919480323791504e+01 1.706052064577165961e+00 6.370390484328744662e+00
7.586403131484985352e+01 1.700051881466109194e+00 6.325389110995819131e+00
7.588258051872253418e+01 1.690051576281014434e+00 6.250386822107608431e+00
7.589811563491821289e+01 1.704052003540146965e+00 6.355390026551102522e+00
7.592223167419433594e+01 1.706052064577165961e+00 6.370390484328744662e+00
7.593920040130615234e+01 1.700051881466109194e+00 6.325389110995819131e+00
7.596996712684631348e+01 1.704052003540146965e+00 6.355390026551102522e+00
7.600577187538146973e+01 1.704052003540146965e+00 6.355390026551102522e+00
7.603480744361877441e+01 1.704052003540146965e+00 6.355390026551102522e+00
7.609124326705932617e+01 1.686051454206976441e+00 6.220385906552323263e+00
7.610534238815307617e+01 1.694051698355052205e+00 6.280387737662891823e+00
7.613365387916564941e+01 1.702051942503128190e+00 6.340389568773461271e+00
7.617681217193603516e+01 1.706052064577165961e+00 6.370390484328744662e+00
7.619390726089477539e+01 1.698051820429090197e+00 6.310388653218176103e+00
7.621033239364624023e+01 1.702051942503128190e+00 6.340389568773461271e+00
7.625992703437805176e+01 1.692051637318033430e+00 6.265387279885250571e+00
7.628375768661499023e+01 1.692051637318033430e+00 6.265387279885250571e+00
7.629657077789306641e+01 1.710052186651203954e+00 6.400391399884029831e+00
7.631282019615173340e+01 1.704052003540146965e+00 6.355390026551102522e+00
7.633097386360168457e+01 1.706052064577165961e+00 6.370390484328744662e+00
7.634430122375488281e+01 1.708052125614184957e+00 6.385390942106386802e+00
7.635828471183776855e+01 1.706052064577165961e+00 6.370390484328744662e+00
7.637145614624023438e+01 1.704052003540146965e+00 6.355390026551102522e+00
7.641019535064697266e+01 1.704052003540146965e+00 6.355390026551102522e+00
7.644963669776916504e+01 1.702051942503128190e+00 6.340389568773461271e+00
7.650963664054870605e+01 1.702051942503128190e+00 6.340389568773461271e+00
7.652303981781005859e+01 1.686051454206976441e+00 6.220385906552323263e+00
7.655131626129150391e+01 1.698051820429090197e+00 6.310388653218176103e+00
7.658106374740600586e+01 1.700051881466109194e+00 6.325389110995819131e+00
7.660121107101440430e+01 1.706052064577165961e+00 6.370390484328744662e+00
7.661979961395263672e+01 1.706052064577165961e+00 6.370390484328744662e+00
7.663514828681945801e+01 1.700051881466109194e+00 6.325389110995819131e+00
7.666143703460693359e+01 1.696051759392071201e+00 6.295388195440533963e+00
7.670638799667358398e+01 1.704052003540146965e+00 6.355390026551102522e+00
7.673057341575622559e+01 1.708052125614184957e+00 6.385390942106386802e+00
7.674704575538635254e+01 1.706052064577165961e+00 6.370390484328744662e+00
7.676148986816406250e+01 1.688051515243995437e+00 6.235386364329965403e+00
7.678079366683959961e+01 1.704052003540146965e+00 6.355390026551102522e+00
7.681174468994140625e+01 1.700051881466109194e+00 6.325389110995819131e+00
7.684380698204040527e+01 1.704052003540146965e+00 6.355390026551102522e+00
7.687319779396057129e+01 1.704052003540146965e+00 6.355390026551102522e+00
7.692831277847290039e+01 1.690051576281014434e+00 6.250386822107608431e+00
7.694217514991760254e+01 1.690051576281014434e+00 6.250386822107608431e+00
7.696151256561279297e+01 1.706052064577165961e+00 6.370390484328744662e+00
7.699628829956054688e+01 1.706052064577165961e+00 6.370390484328744662e+00
7.702485275268554688e+01 1.702051942503128190e+00 6.340389568773461271e+00
7.705559563636779785e+01 1.706052064577165961e+00 6.370390484328744662e+00
7.709196496009826660e+01 1.700051881466109194e+00 6.325389110995819131e+00
7.711778616905212402e+01 1.704052003540146965e+00 6.355390026551102522e+00
7.715068960189819336e+01 1.702051942503128190e+00 6.340389568773461271e+00
7.717113995552062988e+01 1.706052064577165961e+00 6.370390484328744662e+00
7.718804097175598145e+01 1.704052003540146965e+00 6.355390026551102522e+00
7.720463395118713379e+01 1.706052064577165961e+00 6.370390484328744662e+00
7.722106313705444336e+01 1.698051820429090197e+00 6.310388653218176103e+00
7.725301790237426758e+01 1.700051881466109194e+00 6.325389110995819131e+00
7.728143644332885742e+01 1.698051820429090197e+00 6.310388653218176103e+00
7.729699301719665527e+01 1.704052003540146965e+00 6.355390026551102522e+00
7.731014418601989746e+01 1.708052125614184957e+00 6.385390942106386802e+00
7.733047318458557129e+01 1.704052003540146965e+00 6.355390026551102522e+00
7.735198736190795898e+01 1.706052064577165961e+00 6.370390484328744662e+00
7.739628458023071289e+01 1.704052003540146965e+00 6.355390026551102522e+00
7.743746089935302734e+01 1.704052003540146965e+00 6.355390026551102522e+00
7.749707674980163574e+01 1.680051271095919674e+00 6.175384533219397731e+00
7.751075172424316406e+01 1.690051576281014434e+00 6.250386822107608431e+00
7.754243087768554688e+01 1.704052003540146965e+00 6.355390026551102522e+00
7.758290576934814453e+01 1.700051881466109194e+00 6.325389110995819131e+00
7.759742450714111328e+01 1.696051759392071201e+00 6.295388195440533963e+00
7.761014175415039062e+01 1.672051026947843688e+00 6.115382702108827395e+00
7.762613463401794434e+01 1.668050904873805917e+00 6.085381786553544003e+00
7.766916251182556152e+01 1.682051332132938670e+00 6.190384990997039871e+00
7.769384694099426270e+01 1.686051454206976441e+00 6.220385906552323263e+00
7.770726752281188965e+01 1.684051393169957445e+00 6.205385448774681123e+00
7.772992253303527832e+01 1.688051515243995437e+00 6.235386364329965403e+00
7.774506330490112305e+01 1.588048463393048060e+00 5.485363475447860182e+00
7.776507806777954102e+01 1.682051332132938670e+00 6.190384990997039871e+00
7.780218458175659180e+01 1.574048036133915307e+00 5.380360271004365202e+00
7.785512614250183105e+01 1.676051149021881681e+00 6.145383617664112563e+00
7.786976075172424316e+01 1.682051332132938670e+00 6.190384990997039871e+00
7.792592740058898926e+01 1.672051026947843688e+00 6.115382702108827395e+00
7.795081281661987305e+01 1.664050782799768147e+00 6.055380870998261500e+00
7.798142862319946289e+01 1.690051576281014434e+00 6.250386822107608431e+00
7.801155781745910645e+01 1.684051393169957445e+00 6.205385448774681123e+00
7.803074741363525391e+01 1.688051515243995437e+00 6.235386364329965403e+00
7.804577994346618652e+01 1.692051637318033430e+00 6.265387279885250571e+00
7.807300090789794922e+01 1.680051271095919674e+00 6.175384533219397731e+00
7.810527110099792480e+01 1.612049195837275350e+00 5.665368968779564973e+00
7.811947655677795410e+01 1.688051515243995437e+00 6.235386364329965403e+00
7.813690257072448730e+01 1.690051576281014434e+00 6.250386822107608431e+00
7.815054011344909668e+01 1.688051515243995437e+00 6.235386364329965403e+00
7.817002010345458984e+01 1.686051454206976441e+00 6.220385906552323263e+00
7.818822431564331055e+01 1.686051454206976441e+00 6.220385906552323263e+00
7.821018981933593750e+01 1.676051149021881681e+00 6.145383617664112563e+00
7.827100753784179688e+01 1.684051393169957445e+00 6.205385448774681123e+00
7.828580141067504883e+01 1.674051087984862685e+00 6.130383159886470423e+00
7.834053373336791992e+01 1.676051149021881681e+00 6.145383617664112563e+00
7.835443592071533203e+01 1.658050599688711380e+00 6.010379497665335080e+00
7.837261319160461426e+01 1.686051454206976441e+00 6.220385906552323263e+00
7.840158534049987793e+01 1.688051515243995437e+00 6.235386364329965403e+00
7.843031239509582520e+01 1.684051393169957445e+00 6.205385448774681123e+00
7.845884060859680176e+01 1.686051454206976441e+00 6.220385906552323263e+00
7.850322294235229492e+01 1.680051271095919674e+00 6.175384533219397731e+00
7.852309274673461914e+01 1.682051332132938670e+00 6.190384990997039871e+00
7.855181002616882324e+01 1.682051332132938670e+00 6.190384990997039871e+00
7.858532452583312988e+01 1.684051393169957445e+00 6.205385448774681123e+00
7.860402679443359375e+01 1.678051210058900677e+00 6.160384075441754703e+00
7.861635780334472656e+01 1.686051454206976441e+00 6.220385906552323263e+00
7.864465785026550293e+01 1.682051332132938670e+00 6.190384990997039871e+00
7.868751502037048340e+01 1.682051332132938670e+00 6.190384990997039871e+00
7.870542478561401367e+01 1.680051271095919674e+00 6.175384533219397731e+00
7.872495675086975098e+01 1.688051515243995437e+00 6.235386364329965403e+00
7.874268054962158203e+01 1.680051271095919674e+00 6.175384533219397731e+00
7.876779556274414062e+01 1.686051454206976441e+00 6.220385906552323263e+00
7.882158803939819336e+01 1.684051393169957445e+00 6.205385448774681123e+00
7.885170221328735352e+01 1.682051332132938670e+00 6.190384990997039871e+00
7.890771460533142090e+01 1.670050965910824914e+00 6.100382244331187032e+00
7.892174959182739258e+01 1.670050965910824914e+00 6.100382244331187032e+00
7.894858598709106445e+01 1.668050904873805917e+00 6.085381786553544003e+00
7.899695968627929688e+01 1.680051271095919674e+00 6.175384533219397731e+00
7.901111412048339844e+01 1.678051210058900677e+00 6.160384075441754703e+00
7.902971887588500977e+01 1.684051393169957445e+00 6.205385448774681123e+00
7.905739831924438477e+01 1.682051332132938670e+00 6.190384990997039871e+00
7.910599422454833984e+01 1.680051271095919674e+00 6.175384533219397731e+00
7.912166762351989746e+01 1.686051454206976441e+00 6.220385906552323263e+00
7.913458514213562012e+01 1.682051332132938670e+00 6.190384990997039871e+00
7.914897656440734863e+01 1.686051454206976441e+00 6.220385906552323263e+00
7.916166186332702637e+01 1.686051454206976441e+00 6.220385906552323263e+00
7.917511129379272461e+01 1.688051515243995437e+00 6.235386364329965403e+00
7.919723033905029297e+01 1.688051515243995437e+00 6.235386364329965403e+00
7.924183583259582520e+01 1.684051393169957445e+00 6.205385448774681123e+00
7.927322077751159668e+01 1.684051393169957445e+00 6.205385448774681123e+00
7.932772946357727051e+01 1.682051332132938670e+00 6.190384990997039871e+00
7.934214353561401367e+01 1.668050904873805917e+00 6.085381786553544003e+00
7.936620807647705078e+01 1.668050904873805917e+00 6.085381786553544003e+00
7.938405108451843262e+01 1.688051515243995437e+00 6.235386364329965403e+00
7.942219328880310059e+01 1.680051271095919674e+00 6.175384533219397731e+00
7.943434166908264160e+01 1.678051210058900677e+00 6.160384075441754703e+00
7.944971418380737305e+01 1.688051515243995437e+00 6.235386364329965403e+00
7.946719217300415039e+01 1.684051393169957445e+00 6.205385448774681123e+00
7.953260612487792969e+01 1.676051149021881681e+00 6.145383617664112563e+00
7.954877066612243652e+01 1.680051271095919674e+00 6.175384533219397731e+00
7.956648898124694824e+01 1.686051454206976441e+00 6.220385906552323263e+00
7.958043265342712402e+01 1.684051393169957445e+00 6.205385448774681123e+00
7.960055708885192871e+01 1.684051393169957445e+00 6.205385448774681123e+00
7.961752200126647949e+01 1.682051332132938670e+00 6.190384990997039871e+00
7.967097997665405273e+01 1.684051393169957445e+00 6.205385448774681123e+00
7.970279741287231445e+01 1.674051087984862685e+00 6.130383159886470423e+00
7.975958609580993652e+01 1.678051210058900677e+00 6.160384075441754703e+00
7.977276229858398438e+01 1.670050965910824914e+00 6.100382244331187032e+00
7.979924321174621582e+01 1.686051454206976441e+00 6.220385906552323263e+00
7.982934093475341797e+01 1.688051515243995437e+00 6.235386364329965403e+00
7.986083412170410156e+01 1.686051454206976441e+00 6.220385906552323263e+00
7.988937067985534668e+01 1.686051454206976441e+00 6.220385906552323263e+00
7.992633557319641113e+01 1.668050904873805917e+00 6.085381786553544003e+00
7.995329594612121582e+01 1.684051393169957445e+00 6.205385448774681123e+00
8.001679372787475586e+01 1.678051210058900677e+00 6.160384075441754703e+00
8.003344678878784180e+01 1.712052247688222950e+00 6.415391857661671970e+00
8.005026626586914062e+01 1.704052003540146965e+00 6.355390026551102522e+00
8.009980034828186035e+01 1.704052003540146965e+00 6.355390026551102522e+00
8.012967324256896973e+01 1.702051942503128190e+00 6.340389568773461271e+00
8.014375805854797363e+01 1.706052064577165961e+00 6.370390484328744662e+00
8.016394758224487305e+01 1.698051820429090197e+00 6.310388653218176103e+00
8.018199110031127930e+01 1.706052064577165961e+00 6.370390484328744662e+00
8.019951319694519043e+01 1.702051942503128190e+00 6.340389568773461271e+00
8.022632789611816406e+01 1.702051942503128190e+00 6.340389568773461271e+00
8.026258039474487305e+01 1.702051942503128190e+00 6.340389568773461271e+00
8.029217433929443359e+01 1.706052064577165961e+00 6.370390484328744662e+00
8.035279321670532227e+01 1.708052125614184957e+00 6.385390942106386802e+00
8.036625003814697266e+01 1.688051515243995437e+00 6.235386364329965403e+00
8.039219951629638672e+01 1.706052064577165961e+00 6.370390484328744662e+00
8.042183303833007812e+01 1.698051820429090197e+00 6.310388653218176103e+00
8.044035053253173828e+01 1.706052064577165961e+00 6.370390484328744662e+00
8.045579671859741211e+01 1.702051942503128190e+00 6.340389568773461271e+00
8.046764135360717773e+01 1.704052003540146965e+00 6.355390026551102522e+00
8.048196625709533691e+01 1.706052064577165961e+00 6.370390484328744662e+00
8.052353739738464355e+01 1.702051942503128190e+00 6.340389568773461271e+00
8.054518485069274902e+01 1.696051759392071201e+00 6.295388195440533963e+00
8.055833601951599121e+01 1.706052064577165961e+00 6.370390484328744662e+00
8.057343983650207520e+01 1.706052064577165961e+00 6.370390484328744662e+00
8.058519244194030762e+01 1.706052064577165961e+00 6.370390484328744662e+00
8.059647345542907715e+01 1.690051576281014434e+00 6.250386822107608431e+00
8.060939478874206543e+01 1.702051942503128190e+00 6.340389568773461271e+00
8.062695407867431641e+01 1.706052064577165961e+00 6.370390484328744662e+00
8.064530134201049805e+01 1.682051332132938670e+00 6.190384990997039871e+00
8.070570802688598633e+01 1.706052064577165961e+00 6.370390484328744662e+00
8.072045612335205078e+01 1.696051759392071201e+00 6.295388195440533963e+00
8.077550578117370605e+01 1.696051759392071201e+00 6.295388195440533963e+00
8.078969550132751465e+01 1.690051576281014434e+00 6.250386822107608431e+00
8.081559371948242188e+01 1.706052064577165961e+00 6.370390484328744662e+00
8.084766602516174316e+01 1.704052003540146965e+00 6.355390026551102522e+00
8.087260246276855469e+01 1.688051515243995437e+00 6.235386364329965403e+00
8.088756465911865234e+01 1.702051942503128190e+00 6.340389568773461271e+00
8.090129566192626953e+01 1.704052003540146965e+00 6.355390026551102522e+00
8.095856094360351562e+01 1.704052003540146965e+00 6.355390026551102522e+00
8.097255063056945801e+01 1.704052003540146965e+00 6.355390026551102522e+00
8.099092960357666016e+01 1.706052064577165961e+00 6.370390484328744662e+00
8.100619316101074219e+01 1.700051881466109194e+00 6.325389110995819131e+00
8.102386307716369629e+01 1.704052003540146965e+00 6.355390026551102522e+00
8.103742170333862305e+01 1.694051698355052205e+00 6.280387737662891823e+00
8.105059814453125000e+01 1.700051881466109194e+00 6.325389110995819131e+00
8.108901596069335938e+01 1.706052064577165961e+00 6.370390484328744662e+00
8.112933135032653809e+01 1.700051881466109194e+00 6.325389110995819131e+00
8.118940615653991699e+01 1.686051454206976441e+00 6.220385906552323263e+00
8.120303964614868164e+01 1.688051515243995437e+00 6.235386364329965403e+00
8.122473835945129395e+01 1.706052064577165961e+00 6.370390484328744662e+00
8.125350022315979004e+01 1.706052064577165961e+00 6.370390484328744662e+00
8.128208494186401367e+01 1.706052064577165961e+00 6.370390484328744662e+00
8.131081318855285645e+01 1.706052064577165961e+00 6.370390484328744662e+00
8.135377836227416992e+01 1.688051515243995437e+00 6.235386364329965403e+00
8.137359905242919922e+01 1.702051942503128190e+00 6.340389568773461271e+00
8.140223217010498047e+01 1.704052003540146965e+00 6.355390026551102522e+00
8.142806148529052734e+01 1.706052064577165961e+00 6.370390484328744662e+00
8.144700527191162109e+01 1.708052125614184957e+00 6.385390942106386802e+00
8.146143245697021484e+01 1.708052125614184957e+00 6.385390942106386802e+00
8.147807455062866211e+01 1.702051942503128190e+00 6.340389568773461271e+00
8.151580190658569336e+01 1.704052003540146965e+00 6.355390026551102522e+00
8.153753280639648438e+01 1.700051881466109194e+00 6.325389110995819131e+00
8.155201482772827148e+01 1.704052003540146965e+00 6.355390026551102522e+00
8.157088255882263184e+01 1.702051942503128190e+00 6.340389568773461271e+00
8.158661913871765137e+01 1.706052064577165961e+00 6.370390484328744662e+00
8.159968495368957520e+01 1.706052064577165961e+00 6.370390484328744662e+00
8.161302542686462402e+01 1.706052064577165961e+00 6.370390484328744662e+00
8.163558077812194824e+01 1.700051881466109194e+00 6.325389110995819131e+00
8.167965602874755859e+01 1.704052003540146965e+00 6.355390026551102522e+00
8.170965695381164551e+01 1.706052064577165961e+00 6.370390484328744662e+00
8.176596546173095703e+01 1.692051637318033430e+00 6.265387279885250571e+00
8.177942013740539551e+01 1.696051759392071201e+00 6.295388195440533963e+00
8.180523180961608887e+01 1.706052064577165961e+00 6.370390484328744662e+00
8.183771061897277832e+01 1.700051881466109194e+00 6.325389110995819131e+00
8.186123776435852051e+01 1.698051820429090197e+00 6.310388653218176103e+00
8.187448024749755859e+01 1.704052003540146965e+00 6.355390026551102522e+00
8.188952803611755371e+01 1.688051515243995437e+00 6.235386364329965403e+00
8.190798377990722656e+01 1.698051820429090197e+00 6.310388653218176103e+00
8.195449995994567871e+01 1.702051942503128190e+00 6.340389568773461271e+00
8.197346520423889160e+01 1.704052003540146965e+00 6.355390026551102522e+00
8.199273991584777832e+01 1.702051942503128190e+00 6.340389568773461271e+00
8.200774979591369629e+01 1.700051881466109194e+00 6.325389110995819131e+00
8.202641272544860840e+01 1.706052064577165961e+00 6.370390484328744662e+00
8.204037904739379883e+01 1.688051515243995437e+00 6.235386364329965403e+00
8.205767321586608887e+01 1.700051881466109194e+00 6.325389110995819131e+00
8.210037708282470703e+01 1.700051881466109194e+00 6.325389110995819131e+00
8.213159418106079102e+01 1.704052003540146965e+00 6.355390026551102522e+00
8.218755793571472168e+01 1.692051637318033430e+00 6.265387279885250571e+00
8.220735979080200195e+01 1.690051576281014434e+00 6.250386822107608431e+00
8.223315691947937012e+01 1.704052003540146965e+00 6.355390026551102522e+00
8.225998091697692871e+01 1.706052064577165961e+00 6.370390484328744662e+00
8.228093266487121582e+01 1.682051332132938670e+00 6.190384990997039871e+00
8.229262804985046387e+01 1.700051881466109194e+00 6.325389110995819131e+00
8.230960750579833984e+01 1.700051881466109194e+00 6.325389110995819131e+00
8.235727834701538086e+01 1.696051759392071201e+00 6.295388195440533963e+00
8.237871837615966797e+01 1.706052064577165961e+00 6.370390484328744662e+00
8.239488768577575684e+01 1.696051759392071201e+00 6.295388195440533963e+00
8.241003084182739258e+01 1.704052003540146965e+00 6.355390026551102522e+00
8.242755532264709473e+01 1.708052125614184957e+00 6.385390942106386802e+00
8.244173526763916016e+01 1.694051698355052205e+00 6.280387737662891823e+00
8.245541954040527344e+01 1.706052064577165961e+00 6.370390484328744662e+00
8.247603201866149902e+01 1.700051881466109194e+00 6.325389110995819131e+00
8.252009534835815430e+01 1.704052003540146965e+00 6.355390026551102522e+00
8.255192756652832031e+01 1.706052064577165961e+00 6.370390484328744662e+00
8.260726499557495117e+01 1.698051820429090197e+00 6.310388653218176103e+00
8.262717723846435547e+01 1.684051393169957445e+00 6.205385448774681123e+00
8.264338970184326172e+01 1.706052064577165961e+00 6.370390484328744662e+00
8.267250609397888184e+01 1.700051881466109194e+00 6.325389110995819131e+00
8.270132422447204590e+01 1.706052064577165961e+00 6.370390484328744662e+00
8.276203870773315430e+01 1.706052064577165961e+00 6.370390484328744662e+00
8.277430582046508789e+01 1.702051942503128190e+00 6.340389568773461271e+00
8.279803252220153809e+01 1.706052064577165961e+00 6.370390484328744662e+00
8.282854962348937988e+01 1.704052003540146965e+00 6.355390026551102522e+00
8.285230278968811035e+01 1.704052003540146965e+00 6.355390026551102522e+00
8.286732459068298340e+01 1.704052003540146965e+00 6.355390026551102522e+00
8.288440227508544922e+01 1.696051759392071201e+00 6.295388195440533963e+00
8.290839648246765137e+01 1.704052003540146965e+00 6.355390026551102522e+00
8.295008063316345215e+01 1.706052064577165961e+00 6.370390484328744662e+00
8.296856451034545898e+01 1.706052064577165961e+00 6.370390484328744662e+00
8.298245739936828613e+01 1.706052064577165961e+00 6.370390484328744662e+00
8.299762988090515137e+01 1.700051881466109194e+00 6.325389110995819131e+00
8.301529645919799805e+01 1.704052003540146965e+00 6.355390026551102522e+00
8.302974390983581543e+01 1.688051515243995437e+00 6.235386364329965403e+00
8.307299232482910156e+01 1.700051881466109194e+00 6.325389110995819131e+00
8.311383914947509766e+01 1.698051820429090197e+00 6.310388653218176103e+00
8.317311143875122070e+01 1.700051881466109194e+00 6.325389110995819131e+00
8.318653702735900879e+01 1.688051515243995437e+00 6.235386364329965403e+00
8.320876526832580566e+01 1.704052003540146965e+00 6.355390026551102522e+00
8.323915338516235352e+01 1.704052003540146965e+00 6.355390026551102522e+00
8.326700782775878906e+01 1.706052064577165961e+00 6.370390484328744662e+00
8.328073930740356445e+01 1.690051576281014434e+00 6.250386822107608431e+00
8.330324625968933105e+01 1.696051759392071201e+00 6.295388195440533963e+00
8.332347869873046875e+01 1.696051759392071201e+00 6.295388195440533963e+00
8.337265133857727051e+01 1.704052003540146965e+00 6.355390026551102522e+00
8.339088082313537598e+01 1.698051820429090197e+00 6.310388653218176103e+00
8.340858960151672363e+01 1.706052064577165961e+00 6.370390484328744662e+00
8.342376375198364258e+01 1.706052064577165961e+00 6.370390484328744662e+00
8.344037795066833496e+01 1.704052003540146965e+00 6.355390026551102522e+00
8.345943808555603027e+01 1.704052003540146965e+00 6.355390026551102522e+00
8.349985790252685547e+01 1.696051759392071201e+00 6.295388195440533963e+00
8.353977823257446289e+01 1.702051942503128190e+00 6.340389568773461271e+00
8.359964227676391602e+01 1.688051515243995437e+00 6.235386364329965403e+00
8.361410641670227051e+01 1.680051271095919674e+00 6.175384533219397731e+00
8.364180946350097656e+01 1.696051759392071201e+00 6.295388195440533963e+00
8.368308448791503906e+01 1.702051942503128190e+00 6.340389568773461271e+00
8.369977426528930664e+01 1.704052003540146965e+00 6.355390026551102522e+00
8.371457576751708984e+01 1.712052247688222950e+00 6.415391857661671970e+00
8.372553801536560059e+01 1.706052064577165961e+00 6.370390484328744662e+00
8.374383878707885742e+01 1.700051881466109194e+00 6.325389110995819131e+00
8.377594995498657227e+01 1.702051942503128190e+00 6.340389568773461271e+00
8.379864358901977539e+01 1.706052064577165961e+00 6.370390484328744662e+00
8.381669950485229492e+01 1.684051393169957445e+00 6.205385448774681123e+00
8.383507084846496582e+01 1.702051942503128190e+00 6.340389568773461271e+00
8.384923911094665527e+01 1.694051698355052205e+00 6.280387737662891823e+00
8.386283802986145020e+01 1.706052064577165961e+00 6.370390484328744662e+00
8.387871026992797852e+01 1.704052003540146965e+00 6.355390026551102522e+00
8.392238521575927734e+01 1.704052003540146965e+00 6.355390026551102522e+00
8.396145057678222656e+01 1.700051881466109194e+00 6.325389110995819131e+00
8.402179956436157227e+01 1.698051820429090197e+00 6.310388653218176103e+00
8.403599119186401367e+01 1.690051576281014434e+00 6.250386822107608431e+00
8.405561566352844238e+01 1.708052125614184957e+00 6.385390942106386802e+00
8.408455514907836914e+01 1.708052125614184957e+00 6.385390942106386802e+00
8.411307358741760254e+01 1.708052125614184957e+00 6.385390942106386802e+00
8.414174175262451172e+01 1.708052125614184957e+00 6.385390942106386802e+00
8.418483066558837891e+01 1.708052125614184957e+00 6.385390942106386802e+00
8.420483589172363281e+01 1.696051759392071201e+00 6.295388195440533963e+00
8.426169061660766602e+01 1.700051881466109194e+00 6.325389110995819131e+00
8.428085255622863770e+01 1.704052003540146965e+00 6.355390026551102522e+00
8.429934501647949219e+01 1.708052125614184957e+00 6.385390942106386802e+00
8.435283136367797852e+01 1.706052064577165961e+00 6.370390484328744662e+00
8.437058472633361816e+01 1.706052064577165961e+00 6.370390484328744662e+00
8.438398647308349609e+01 1.702051942503128190e+00 6.340389568773461271e+00
8.439760589599609375e+01 1.708052125614184957e+00 6.385390942106386802e+00
8.442086458206176758e+01 1.704052003540146965e+00 6.355390026551102522e+00
8.443733501434326172e+01 1.704052003540146965e+00 6.355390026551102522e+00
8.445288395881652832e+01 1.702051942503128190e+00 6.340389568773461271e+00
8.453169703483581543e+01 1.706052064577165961e+00 6.370390484328744662e+00
8.458924531936645508e+01 1.692051637318033430e+00 6.265387279885250571e+00
8.460311985015869141e+01 1.684051393169957445e+00 6.205385448774681123e+00
8.463155460357666016e+01 1.708052125614184957e+00 6.385390942106386802e+00
8.466075229644775391e+01 1.698051820429090197e+00 6.310388653218176103e+00
8.469192767143249512e+01 1.704052003540146965e+00 6.355390026551102522e+00
8.470629215240478516e+01 1.684051393169957445e+00 6.205385448774681123e+00
8.472202467918395996e+01 1.706052064577165961e+00 6.370390484328744662e+00
8.478401732444763184e+01 1.700051881466109194e+00 6.325389110995819131e+00
8.480162763595581055e+01 1.704052003540146965e+00 6.355390026551102522e+00
8.481526589393615723e+01 1.706052064577165961e+00 6.370390484328744662e+00
8.482955503463745117e+01 1.692051637318033430e+00 6.265387279885250571e+00
8.484722971916198730e+01 1.706052064577165961e+00 6.370390484328744662e+00
8.486538219451904297e+01 1.706052064577165961e+00 6.370390484328744662e+00
8.490477752685546875e+01 1.708052125614184957e+00 6.385390942106386802e+00
8.494559478759765625e+01 1.704052003540146965e+00 6.355390026551102522e+00
8.500534605979919434e+01 1.688051515243995437e+00 6.235386364329965403e+00
8.501936006546020508e+01 1.672051026947843688e+00 6.115382702108827395e+00
8.504850172996520996e+01 1.686051454206976441e+00 6.220385906552323263e+00
8.508890962600708008e+01 1.590048524430066834e+00 5.500363933225501434e+00
8.510190868377685547e+01 1.686051454206976441e+00 6.220385906552323263e+00
8.511931633949279785e+01 1.594048646504104827e+00 5.530364848780786602e+00
8.513107490539550781e+01 1.688051515243995437e+00 6.235386364329965403e+00
8.514945912361145020e+01 1.676051149021881681e+00 6.145383617664112563e+00
8.520038247108459473e+01 1.682051332132938670e+00 6.190384990997039871e+00
8.521296477317810059e+01 1.684051393169957445e+00 6.205385448774681123e+00
8.522898459434509277e+01 1.688051515243995437e+00 6.235386364329965403e+00
8.524559211730957031e+01 1.668050904873805917e+00 6.085381786553544003e+00
8.526035165786743164e+01 1.592048585467085831e+00 5.515364391003143574e+00
8.527502274513244629e+01 1.686051454206976441e+00 6.220385906552323263e+00
8.528872251510620117e+01 1.672051026947843688e+00 6.115382702108827395e+00
8.535812759399414062e+01 1.684051393169957445e+00 6.205385448774681123e+00
8.537269783020019531e+01 1.682051332132938670e+00 6.190384990997039871e+00
8.542756772041320801e+01 1.684051393169957445e+00 6.205385448774681123e+00
8.544212579727172852e+01 1.660050660725730376e+00 6.025379955442978108e+00
8.546070861816406250e+01 1.690051576281014434e+00 6.250386822107608431e+00
8.548955869674682617e+01 1.690051576281014434e+00 6.250386822107608431e+00
8.551858472824096680e+01 1.684051393169957445e+00 6.205385448774681123e+00
8.554713511466979980e+01 1.688051515243995437e+00 6.235386364329965403e+00
8.559039616584777832e+01 1.684051393169957445e+00 6.205385448774681123e+00
8.561056065559387207e+01 1.678051210058900677e+00 6.160384075441754703e+00
8.566742897033691406e+01 1.684051393169957445e+00 6.205385448774681123e+00
8.568261075019836426e+01 1.682051332132938670e+00 6.190384990997039871e+00
8.569707512855529785e+01 1.690051576281014434e+00 6.250386822107608431e+00
8.571189403533935547e+01 1.684051393169957445e+00 6.205385448774681123e+00
8.576624870300292969e+01 1.684051393169957445e+00 6.205385448774681123e+00
8.577968597412109375e+01 1.690051576281014434e+00 6.250386822107608431e+00
8.580108428001403809e+01 1.672051026947843688e+00 6.115382702108827395e+00
8.581755161285400391e+01 1.686051454206976441e+00 6.220385906552323263e+00
8.583086133003234863e+01 1.686051454206976441e+00 6.220385906552323263e+00
8.585122489929199219e+01 1.686051454206976441e+00 6.220385906552323263e+00
8.589436197280883789e+01 1.678051210058900677e+00 6.160384075441754703e+00
8.593414664268493652e+01 1.678051210058900677e+00 6.160384075441754703e+00
8.599425339698791504e+01 1.678051210058900677e+00 6.160384075441754703e+00
8.600912165641784668e+01 1.660050660725730376e+00 6.025379955442978108e+00
8.603604722023010254e+01 1.686051454206976441e+00 6.220385906552323263e+00
8.606500530242919922e+01 1.680051271095919674e+00 6.175384533219397731e+00
8.608660626411437988e+01 1.680051271095919674e+00 6.175384533219397731e+00
8.610307264328002930e+01 1.684051393169957445e+00 6.205385448774681123e+00
8.612104892730712891e+01 1.678051210058900677e+00 6.160384075441754703e+00
8.617926192283630371e+01 1.682051332132938670e+00 6.190384990997039871e+00
8.619637322425842285e+01 1.690051576281014434e+00 6.250386822107608431e+00
8.621033787727355957e+01 1.688051515243995437e+00 6.235386364329965403e+00
8.622462439537048340e+01 1.684051393169957445e+00 6.205385448774681123e+00
8.623828864097595215e+01 1.686051454206976441e+00 6.220385906552323263e+00
8.625130605697631836e+01 1.686051454206976441e+00 6.220385906552323263e+00
8.627147245407104492e+01 1.678051210058900677e+00 6.160384075441754703e+00
8.632908153533935547e+01 1.684051393169957445e+00 6.205385448774681123e+00
8.635923624038696289e+01 1.688051515243995437e+00 6.235386364329965403e+00
8.641521215438842773e+01 1.672051026947843688e+00 6.115382702108827395e+00
8.642963552474975586e+01 1.662050721762749150e+00 6.040380413220618472e+00
8.645466709136962891e+01 1.688051515243995437e+00 6.235386364329965403e+00
8.649575233459472656e+01 1.688051515243995437e+00 6.235386364329965403e+00
8.651121234893798828e+01 1.686051454206976441e+00 6.220385906552323263e+00
8.652670073509216309e+01 1.684051393169957445e+00 6.205385448774681123e+00
8.654199314117431641e+01 1.688051515243995437e+00 6.235386364329965403e+00
8.659497189521789551e+01 1.686051454206976441e+00 6.220385906552323263e+00
8.661229038238525391e+01 1.686051454206976441e+00 6.220385906552323263e+00
8.662706923484802246e+01 1.682051332132938670e+00 6.190384990997039871e+00
8.664076280593872070e+01 1.686051454206976441e+00 6.220385906552323263e+00
8.665783381462097168e+01 1.688051515243995437e+00 6.235386364329965403e+00
8.667075943946838379e+01 1.688051515243995437e+00 6.235386364329965403e+00
8.668482565879821777e+01 1.688051515243995437e+00 6.235386364329965403e+00
8.672100353240966797e+01 1.642050111392559630e+00 5.890375835444197072e+00
8.676771092414855957e+01 1.684051393169957445e+00 6.205385448774681123e+00
8.683134794235229492e+01 1.666050843836786921e+00 6.070381328775901864e+00
8.684551668167114258e+01 1.670050965910824914e+00 6.100382244331187032e+00
8.686900472640991211e+01 1.684051393169957445e+00 6.205385448774681123e+00
8.689772987365722656e+01 1.688051515243995437e+00 6.235386364329965403e+00
8.692717289924621582e+01 1.686051454206976441e+00 6.220385906552323263e+00
8.695605540275573730e+01 1.686051454206976441e+00 6.220385906552323263e+00
8.699919629096984863e+01 1.664050782799768147e+00 6.055380870998261500e+00
8.701947498321533203e+01 1.678051210058900677e+00 6.160384075441754703e+00
8.705557250976562500e+01 1.668050904873805917e+00 6.085381786553544003e+00
8.708274745941162109e+01 1.690051576281014434e+00 6.250386822107608431e+00
8.711306715011596680e+01 1.664050782799768147e+00 6.055380870998261500e+00
8.718381714820861816e+01 1.664050782799768147e+00 6.055380870998261500e+00
8.720129013061523438e+01 1.684051393169957445e+00 6.205385448774681123e+00
8.722169971466064453e+01 1.678051210058900677e+00 6.160384075441754703e+00
8.723738694190979004e+01 1.660050660725730376e+00 6.025379955442978108e+00
8.725482797622680664e+01 1.680051271095919674e+00 6.175384533219397731e+00
8.726958179473876953e+01 1.682051332132938670e+00 6.190384990997039871e+00
8.729133915901184082e+01 1.678051210058900677e+00 6.160384075441754703e+00
8.736095666885375977e+01 1.682051332132938670e+00 6.190384990997039871e+00
8.737509584426879883e+01 1.698051820429090197e+00 6.310388653218176103e+00
8.743021368980407715e+01 1.690051576281014434e+00 6.250386822107608431e+00
8.744336462020874023e+01 1.690051576281014434e+00 6.250386822107608431e+00
8.746522188186645508e+01 1.712052247688222950e+00 6.415391857661671970e+00
8.750080966949462891e+01 1.698051820429090197e+00 6.310388653218176103e+00
8.752281665802001953e+01 1.702051942503128190e+00 6.340389568773461271e+00
8.753567147254943848e+01 1.704052003540146965e+00 6.355390026551102522e+00
8.755072450637817383e+01 1.698051820429090197e+00 6.310388653218176103e+00
8.756285548210144043e+01 1.702051942503128190e+00 6.340389568773461271e+00
8.757777333259582520e+01 1.706052064577165961e+00 6.370390484328744662e+00
8.762093949317932129e+01 1.700051881466109194e+00 6.325389110995819131e+00
8.763773584365844727e+01 1.706052064577165961e+00 6.370390484328744662e+00
8.765235829353332520e+01 1.700051881466109194e+00 6.325389110995819131e+00
8.767353487014770508e+01 1.706052064577165961e+00 6.370390484328744662e+00
8.769048142433166504e+01 1.698051820429090197e+00 6.310388653218176103e+00
8.770838427543640137e+01 1.700051881466109194e+00 6.325389110995819131e+00
8.772368526458740234e+01 1.706052064577165961e+00 6.370390484328744662e+00
8.777059793472290039e+01 1.700051881466109194e+00 6.325389110995819131e+00
8.780070328712463379e+01 1.700051881466109194e+00 6.325389110995819131e+00
8.785824561119079590e+01 1.698051820429090197e+00 6.310388653218176103e+00
8.787913370132446289e+01 1.690051576281014434e+00 6.250386822107608431e+00
8.789664864540100098e+01 1.700051881466109194e+00 6.325389110995819131e+00
8.792670893669128418e+01 1.700051881466109194e+00 6.325389110995819131e+00
8.795465779304504395e+01 1.688051515243995437e+00 6.235386364329965403e+00
8.797157716751098633e+01 1.704052003540146965e+00 6.355390026551102522e+00
8.798793530464172363e+01 1.708052125614184957e+00 6.385390942106386802e+00
8.801049900054931641e+01 1.708052125614184957e+00 6.385390942106386802e+00
8.805220413208007812e+01 1.704052003540146965e+00 6.355390026551102522e+00
8.807884287834167480e+01 1.696051759392071201e+00 6.295388195440533963e+00
8.809408664703369141e+01 1.704052003540146965e+00 6.355390026551102522e+00
8.811443018913269043e+01 1.698051820429090197e+00 6.310388653218176103e+00
8.813049578666687012e+01 1.710052186651203954e+00 6.400391399884029831e+00
8.817009043693542480e+01 1.702051942503128190e+00 6.340389568773461271e+00
8.821082282066345215e+01 1.702051942503128190e+00 6.340389568773461271e+00
8.827032613754272461e+01 1.696051759392071201e+00 6.295388195440533963e+00
8.828342509269714355e+01 1.688051515243995437e+00 6.235386364329965403e+00
8.830487108230590820e+01 1.706052064577165961e+00 6.370390484328744662e+00
8.833450078964233398e+01 1.706052064577165961e+00 6.370390484328744662e+00
8.836288595199584961e+01 1.700051881466109194e+00 6.325389110995819131e+00
8.839141201972961426e+01 1.706052064577165961e+00 6.370390484328744662e+00
8.843280291557312012e+01 1.706052064577165961e+00 6.370390484328744662e+00
8.845366740226745605e+01 1.706052064577165961e+00 6.370390484328744662e+00
8.848341536521911621e+01 1.706052064577165961e+00 6.370390484328744662e+00
8.851377463340759277e+01 1.706052064577165961e+00 6.370390484328744662e+00
8.853482699394226074e+01 1.698051820429090197e+00 6.310388653218176103e+00
8.855355000495910645e+01 1.698051820429090197e+00 6.310388653218176103e+00
8.857306361198425293e+01 1.704052003540146965e+00 6.355390026551102522e+00
8.861621451377868652e+01 1.700051881466109194e+00 6.325389110995819131e+00
8.862976145744323730e+01 1.702051942503128190e+00 6.340389568773461271e+00
8.864492678642272949e+01 1.700051881466109194e+00 6.325389110995819131e+00
8.866155481338500977e+01 1.700051881466109194e+00 6.325389110995819131e+00
8.867711734771728516e+01 1.702051942503128190e+00 6.340389568773461271e+00
8.869391751289367676e+01 1.700051881466109194e+00 6.325389110995819131e+00
8.870839333534240723e+01 1.698051820429090197e+00 6.310388653218176103e+00
8.877217555046081543e+01 1.688051515243995437e+00 6.235386364329965403e+00
8.878648185729980469e+01 1.684051393169957445e+00 6.205385448774681123e+00
8.884103989601135254e+01 1.694051698355052205e+00 6.280387737662891823e+00
8.885429549217224121e+01 1.688051515243995437e+00 6.235386364329965403e+00
8.888084697723388672e+01 1.704052003540146965e+00 6.355390026551102522e+00
8.891594362258911133e+01 1.700051881466109194e+00 6.325389110995819131e+00
8.893202567100524902e+01 1.700051881466109194e+00 6.325389110995819131e+00
8.894408154487609863e+01 1.702051942503128190e+00 6.340389568773461271e+00
8.896605920791625977e+01 1.704052003540146965e+00 6.355390026551102522e+00
8.898074150085449219e+01 1.702051942503128190e+00 6.340389568773461271e+00
8.902916193008422852e+01 1.706052064577165961e+00 6.370390484328744662e+00
8.904657387733459473e+01 1.706052064577165961e+00 6.370390484328744662e+00
8.906792688369750977e+01 1.708052125614184957e+00 6.385390942106386802e+00
8.908573579788208008e+01 1.702051942503128190e+00 6.340389568773461271e+00
8.910284495353698730e+01 1.698051820429090197e+00 6.310388653218176103e+00
8.911500382423400879e+01 1.694051698355052205e+00 6.280387737662891823e+00
8.913164019584655762e+01 1.708052125614184957e+00 6.385390942106386802e+00
8.915636873245239258e+01 1.706052064577165961e+00 6.370390484328744662e+00
8.918198418617248535e+01 1.702051942503128190e+00 6.340389568773461271e+00
8.921263527870178223e+01 1.704052003540146965e+00 6.355390026551102522e+00
8.926875543594360352e+01 1.686051454206976441e+00 6.220385906552323263e+00
8.928248405456542969e+01 1.688051515243995437e+00 6.235386364329965403e+00
8.930883002281188965e+01 1.704052003540146965e+00 6.355390026551102522e+00
8.934081840515136719e+01 1.694051698355052205e+00 6.280387737662891823e+00
8.935823750495910645e+01 1.706052064577165961e+00 6.370390484328744662e+00
8.937728166580200195e+01 1.692051637318033430e+00 6.265387279885250571e+00
8.939118504524230957e+01 1.704052003540146965e+00 6.355390026551102522e+00
8.941974568367004395e+01 1.696051759392071201e+00 6.295388195440533963e+00
8.945874285697937012e+01 1.702051942503128190e+00 6.340389568773461271e+00
8.947716259956359863e+01 1.698051820429090197e+00 6.310388653218176103e+00
8.949434399604797363e+01 1.706052064577165961e+00 6.370390484328744662e+00
8.951454329490661621e+01 1.698051820429090197e+00 6.310388653218176103e+00
8.953232288360595703e+01 1.706052064577165961e+00 6.370390484328744662e+00
8.955451750755310059e+01 1.704052003540146965e+00 6.355390026551102522e+00
8.961536288261413574e+01 1.708052125614184957e+00 6.385390942106386802e+00
8.962993884086608887e+01 1.700051881466109194e+00 6.325389110995819131e+00
8.968482160568237305e+01 1.698051820429090197e+00 6.310388653218176103e+00
8.969845175743103027e+01 1.688051515243995437e+00 6.235386364329965403e+00
8.971702027320861816e+01 1.706052064577165961e+00 6.370390484328744662e+00
8.974577426910400391e+01 1.706052064577165961e+00 6.370390484328744662e+00
8.977486157417297363e+01 1.706052064577165961e+00 6.370390484328744662e+00
8.980336570739746094e+01 1.706052064577165961e+00 6.370390484328744662e+00
8.984645390510559082e+01 1.704052003540146965e+00 6.355390026551102522e+00
8.986638236045837402e+01 1.700051881466109194e+00 6.325389110995819131e+00
8.989673948287963867e+01 1.700051881466109194e+00 6.325389110995819131e+00
8.992468595504760742e+01 1.702051942503128190e+00 6.340389568773461271e+00
8.994125652313232422e+01 1.704052003540146965e+00 6.355390026551102522e+00
8.995370054244995117e+01 1.704052003540146965e+00 6.355390026551102522e+00
8.996876645088195801e+01 1.706052064577165961e+00 6.370390484328744662e+00
9.000791454315185547e+01 1.704052003540146965e+00 6.355390026551102522e+00
9.003406596183776855e+01 1.702051942503128190e+00 6.340389568773461271e+00
9.005022311210632324e+01 1.704052003540146965e+00 6.355390026551102522e+00
9.006479907035827637e+01 1.708052125614184957e+00 6.385390942106386802e+00
9.008039474487304688e+01 1.698051820429090197e+00 6.310388653218176103e+00
9.009323954582214355e+01 1.706052064577165961e+00 6.370390484328744662e+00
9.010873150825500488e+01 1.704052003540146965e+00 6.355390026551102522e+00
9.015489768981933594e+01 1.702051942503128190e+00 6.340389568773461271e+00
9.019774055480957031e+01 1.706052064577165961e+00 6.370390484328744662e+00
9.025534200668334961e+01 1.696051759392071201e+00 6.295388195440533963e+00
9.026884579658508301e+01 1.688051515243995437e+00 6.235386364329965403e+00
9.029689812660217285e+01 1.700051881466109194e+00 6.325389110995819131e+00
9.033837985992431641e+01 1.704052003540146965e+00 6.355390026551102522e+00
9.035799574851989746e+01 1.696051759392071201e+00 6.295388195440533963e+00
9.037409281730651855e+01 1.702051942503128190e+00 6.340389568773461271e+00
9.040768885612487793e+01 1.704052003540146965e+00 6.355390026551102522e+00
9.044716691970825195e+01 1.682051332132938670e+00 6.190384990997039871e+00
9.046282267570495605e+01 1.706052064577165961e+00 6.370390484328744662e+00
9.047592639923095703e+01 1.706052064577165961e+00 6.370390484328744662e+00
9.049459481239318848e+01 1.698051820429090197e+00 6.310388653218176103e+00
9.050774669647216797e+01 1.706052064577165961e+00 6.370390484328744662e+00
9.052196574211120605e+01 1.700051881466109194e+00 6.325389110995819131e+00
9.054025435447692871e+01 1.698051820429090197e+00 6.310388653218176103e+00
9.058749747276306152e+01 1.702051942503128190e+00 6.340389568773461271e+00
9.061685109138488770e+01 1.704052003540146965e+00 6.355390026551102522e+00
9.067287588119506836e+01 1.692051637318033430e+00 6.265387279885250571e+00
9.068657803535461426e+01 1.686051454206976441e+00 6.220385906552323263e+00
9.071274256706237793e+01 1.706052064577165961e+00 6.370390484328744662e+00
9.075477981567382812e+01 1.702051942503128190e+00 6.340389568773461271e+00
9.077346801757812500e+01 1.694051698355052205e+00 6.280387737662891823e+00
9.078780150413513184e+01 1.702051942503128190e+00 6.340389568773461271e+00
9.080392694473266602e+01 1.706052064577165961e+00 6.370390484328744662e+00
9.086501526832580566e+01 1.700051881466109194e+00 6.325389110995819131e+00
9.088310527801513672e+01 1.706052064577165961e+00 6.370390484328744662e+00
9.089635300636291504e+01 1.706052064577165961e+00 6.370390484328744662e+00
9.091180586814880371e+01 1.698051820429090197e+00 6.310388653218176103e+00
9.092679929733276367e+01 1.698051820429090197e+00 6.310388653218176103e+00
9.093895602226257324e+01 1.688051515243995437e+00 6.235386364329965403e+00
9.095858955383300781e+01 1.696051759392071201e+00 6.295388195440533963e+00
9.097323966026306152e+01 1.704052003540146965e+00 6.355390026551102522e+00
9.102845931053161621e+01 1.704052003540146965e+00 6.355390026551102522e+00
9.108854222297668457e+01 1.682051332132938670e+00 6.190384990997039871e+00
9.110233187675476074e+01 1.690051576281014434e+00 6.250386822107608431e+00
9.112861561775207520e+01 1.704052003540146965e+00 6.355390026551102522e+00
9.115842247009277344e+01 1.710052186651203954e+00 6.400391399884029831e+00
9.118808507919311523e+01 1.688051515243995437e+00 6.235386364329965403e+00
9.121888375282287598e+01 1.706052064577165961e+00 6.370390484328744662e+00
9.125524497032165527e+01 1.704052003540146965e+00 6.355390026551102522e+00
9.128087091445922852e+01 1.706052064577165961e+00 6.370390484328744662e+00
9.132426571846008301e+01 1.694051698355052205e+00 6.280387737662891823e+00
9.133939242362976074e+01 1.704052003540146965e+00 6.355390026551102522e+00
9.135726165771484375e+01 1.704052003540146965e+00 6.355390026551102522e+00
9.137357306480407715e+01 1.706052064577165961e+00 6.370390484328744662e+00
9.142644977569580078e+01 1.700051881466109194e+00 6.325389110995819131e+00
9.144372963905334473e+01 1.706052064577165961e+00 6.370390484328744662e+00
9.145952057838439941e+01 1.706052064577165961e+00 6.370390484328744662e+00
9.147076249122619629e+01 1.706052064577165961e+00 6.370390484328744662e+00
9.148388433456420898e+01 1.702051942503128190e+00 6.340389568773461271e+00
9.150066328048706055e+01 1.696051759392071201e+00 6.295388195440533963e+00
9.151162409782409668e+01 1.706052064577165961e+00 6.370390484328744662e+00
9.153106665611267090e+01 1.690051576281014434e+00 6.250386822107608431e+00
9.157702541351318359e+01 1.690051576281014434e+00 6.250386822107608431e+00
9.160786628723144531e+01 1.702051942503128190e+00 6.340389568773461271e+00
9.166377305984497070e+01 1.690051576281014434e+00 6.250386822107608431e+00
9.167704844474792480e+01 1.680051271095919674e+00 6.175384533219397731e+00
9.170355677604675293e+01 1.696051759392071201e+00 6.295388195440533963e+00
9.173895478248596191e+01 1.702051942503128190e+00 6.340389568773461271e+00
9.176069045066833496e+01 1.698051820429090197e+00 6.310388653218176103e+00
9.177761530876159668e+01 1.698051820429090197e+00 6.310388653218176103e+00
9.179322624206542969e+01 1.704052003540146965e+00 6.355390026551102522e+00
9.183766603469848633e+01 1.698051820429090197e+00 6.310388653218176103e+00
9.185853123664855957e+01 1.686051454206976441e+00 6.220385906552323263e+00
9.187633895874023438e+01 1.704052003540146965e+00 6.355390026551102522e+00
9.189163684844970703e+01 1.704052003540146965e+00 6.355390026551102522e+00
9.190558624267578125e+01 1.702051942503128190e+00 6.340389568773461271e+00
9.191855025291442871e+01 1.706052064577165961e+00 6.370390484328744662e+00
9.193268942832946777e+01 1.706052064577165961e+00 6.370390484328744662e+00
9.194565725326538086e+01 1.700051881466109194e+00 6.325389110995819131e+00
9.199720954895019531e+01 1.702051942503128190e+00 6.340389568773461271e+00
9.202807474136352539e+01 1.702051942503128190e+00 6.340389568773461271e+00
9.208466768264770508e+01 1.700051881466109194e+00 6.325389110995819131e+00
9.209842514991760254e+01 1.682051332132938670e+00 6.190384990997039871e+00
9.212491369247436523e+01 1.700051881466109194e+00 6.325389110995819131e+00
9.216979575157165527e+01 1.706052064577165961e+00 6.370390484328744662e+00
9.218195438385009766e+01 1.706052064577165961e+00 6.370390484328744662e+00
9.219868516921997070e+01 1.706052064577165961e+00 6.370390484328744662e+00
9.221438646316528320e+01 1.706052064577165961e+00 6.370390484328744662e+00
9.225630855560302734e+01 1.706052064577165961e+00 6.370390484328744662e+00
9.228138375282287598e+01 1.704052003540146965e+00 6.355390026551102522e+00
9.229630970954895020e+01 1.706052064577165961e+00 6.370390484328744662e+00
9.231048417091369629e+01 1.692051637318033430e+00 6.265387279885250571e+00
9.233294534683227539e+01 1.680051271095919674e+00 6.175384533219397731e+00
9.234866285324096680e+01 1.680051271095919674e+00 6.175384533219397731e+00
9.236897778511047363e+01 1.686051454206976441e+00 6.220385906552323263e+00
9.240248394012451172e+01 1.592048585467085831e+00 5.515364391003143574e+00
9.244539213180541992e+01 1.690051576281014434e+00 6.250386822107608431e+00
9.250331163406372070e+01 1.676051149021881681e+00 6.145383617664112563e+00
9.251764082908630371e+01 1.664050782799768147e+00 6.055380870998261500e+00
9.253598713874816895e+01 1.690051576281014434e+00 6.250386822107608431e+00
9.256994199752807617e+01 1.664050782799768147e+00 6.055380870998261500e+00
9.260058069229125977e+01 1.690051576281014434e+00 6.250386822107608431e+00
9.263130044937133789e+01 1.608049073763237580e+00 5.635368053224281581e+00
9.266730856895446777e+01 1.684051393169957445e+00 6.205385448774681123e+00
9.269285941123962402e+01 1.692051637318033430e+00 6.265387279885250571e+00
9.274657559394836426e+01 1.684051393169957445e+00 6.205385448774681123e+00
9.276548433303833008e+01 1.678051210058900677e+00 6.160384075441754703e+00
9.277943897247314453e+01 1.688051515243995437e+00 6.235386364329965403e+00
9.282591080665588379e+01 1.656050538651692383e+00 5.995379039887692940e+00
9.284300422668457031e+01 1.688051515243995437e+00 6.235386364329965403e+00
9.285996294021606445e+01 1.686051454206976441e+00 6.220385906552323263e+00
9.287817096710205078e+01 1.684051393169957445e+00 6.205385448774681123e+00
9.289240765571594238e+01 1.584048341319010067e+00 5.455362559892575902e+00
9.290684390068054199e+01 1.686051454206976441e+00 6.220385906552323263e+00
9.292111325263977051e+01 1.664050782799768147e+00 6.055380870998261500e+00
9.293371987342834473e+01 1.684051393169957445e+00 6.205385448774681123e+00
9.297180318832397461e+01 1.680051271095919674e+00 6.175384533219397731e+00
9.301267361640930176e+01 1.682051332132938670e+00 6.190384990997039871e+00
9.307259511947631836e+01 1.664050782799768147e+00 6.055380870998261500e+00
9.308583235740661621e+01 1.670050965910824914e+00 6.100382244331187032e+00
9.311402511596679688e+01 1.684051393169957445e+00 6.205385448774681123e+00
9.314372062683105469e+01 1.682051332132938670e+00 6.190384990997039871e+00
9.316838526725769043e+01 1.682051332132938670e+00 6.190384990997039871e+00
