4.164872169494628906e-01 1.264038575395977748e+00 3.055289315469833067e+00
4.272942543029785156e-01 1.262038514358958752e+00 3.040288857692190483e+00
4.719650745391845703e-01 1.268038697470015519e+00 3.085290231025116459e+00
5.084745883941650391e-01 1.270038758507034515e+00 3.100290688802759043e+00
5.502691268920898438e-01 1.266038636432996523e+00 3.070289773247473875e+00
6.070051193237304688e-01 1.240037842951750235e+00 2.875283822138126943e+00
6.221818923950195312e-01 1.274038880581072508e+00 3.130291604358043767e+00
6.342895030975341797e-01 1.232037598803674472e+00 2.815281991027558384e+00
6.476850509643554688e-01 1.272038819544053512e+00 3.115291146580401183e+00
6.581845283508300781e-01 1.254038270210882988e+00 2.980287026581622367e+00
6.729350090026855469e-01 1.270038758507034515e+00 3.100290688802759043e+00
6.884622573852539062e-01 1.274038880581072508e+00 3.130291604358043767e+00
7.037608623504638672e-01 1.274038880581072508e+00 3.130291604358043767e+00
7.159035205841064453e-01 1.274038880581072508e+00 3.130291604358043767e+00
7.452800273895263672e-01 1.272038819544053512e+00 3.115291146580401183e+00
7.588412761688232422e-01 1.274038880581072508e+00 3.130291604358043767e+00
7.755968570709228516e-01 1.272038819544053512e+00 3.115291146580401183e+00
7.864019870758056641e-01 1.272038819544053512e+00 3.115291146580401183e+00
8.022775650024414062e-01 1.266038636432996523e+00 3.070289773247473875e+00
8.233883380889892578e-01 1.274038880581072508e+00 3.130291604358043767e+00
8.848814964294433594e-01 1.274038880581072508e+00 3.130291604358043767e+00
9.357321262359619141e-01 1.274038880581072508e+00 3.130291604358043767e+00
9.792616367340087891e-01 1.272038819544053512e+00 3.115291146580401183e+00
9.914937019348144531e-01 1.268038697470015519e+00 3.085290231025116459e+00
1.005494117736816406e+00 1.270038758507034515e+00 3.100290688802759043e+00
1.016528606414794922e+00 1.272038819544053512e+00 3.115291146580401183e+00
1.029092073440551758e+00 1.272038819544053512e+00 3.115291146580401183e+00
1.040312290191650391e+00 1.268038697470015519e+00 3.085290231025116459e+00
1.050966739654541016e+00 1.266038636432996523e+00 3.070289773247473875e+00
1.067686319351196289e+00 1.276038941618091505e+00 3.145292062135686351e+00
1.095577239990234375e+00 1.274038880581072508e+00 3.130291604358043767e+00
1.111042976379394531e+00 1.274038880581072508e+00 3.130291604358043767e+00
1.125673770904541016e+00 1.272038819544053512e+00 3.115291146580401183e+00
1.138046979904174805e+00 1.274038880581072508e+00 3.130291604358043767e+00
1.152764081954956055e+00 1.274038880581072508e+00 3.130291604358043767e+00
1.188651323318481445e+00 1.274038880581072508e+00 3.130291604358043767e+00
1.199275493621826172e+00 1.266038636432996523e+00 3.070289773247473875e+00
1.215344905853271484e+00 1.270038758507034515e+00 3.100290688802759043e+00
1.226661205291748047e+00 1.274038880581072508e+00 3.130291604358043767e+00
1.238491535186767578e+00 1.274038880581072508e+00 3.130291604358043767e+00
1.263192892074584961e+00 1.274038880581072508e+00 3.130291604358043767e+00
1.292683362960815430e+00 1.272038819544053512e+00 3.115291146580401183e+00
1.305099725723266602e+00 1.266038636432996523e+00 3.070289773247473875e+00
1.371683359146118164e+00 1.268038697470015519e+00 3.085290231025116459e+00
1.406304836273193359e+00 1.272038819544053512e+00 3.115291146580401183e+00
1.449286699295043945e+00 1.274038880581072508e+00 3.130291604358043767e+00
1.462750434875488281e+00 1.272038819544053512e+00 3.115291146580401183e+00
1.474002599716186523e+00 1.274038880581072508e+00 3.130291604358043767e+00
1.487241268157958984e+00 1.274038880581072508e+00 3.130291604358043767e+00
1.499814987182617188e+00 1.270038758507034515e+00 3.100290688802759043e+00
1.512892723083496094e+00 1.270038758507034515e+00 3.100290688802759043e+00
1.524525403976440430e+00 1.270038758507034515e+00 3.100290688802759043e+00
1.535434484481811523e+00 1.272038819544053512e+00 3.115291146580401183e+00
1.547675609588623047e+00 1.272038819544053512e+00 3.115291146580401183e+00
1.562588691711425781e+00 1.266038636432996523e+00 3.070289773247473875e+00
1.576081037521362305e+00 1.274038880581072508e+00 3.130291604358043767e+00
1.588307380676269531e+00 1.274038880581072508e+00 3.130291604358043767e+00
1.600512027740478516e+00 1.268038697470015519e+00 3.085290231025116459e+00
1.612233877182006836e+00 1.274038880581072508e+00 3.130291604358043767e+00
1.628159523010253906e+00 1.270038758507034515e+00 3.100290688802759043e+00
1.642765760421752930e+00 1.274038880581072508e+00 3.130291604358043767e+00
1.660164833068847656e+00 1.274038880581072508e+00 3.130291604358043767e+00
1.710283041000366211e+00 1.274038880581072508e+00 3.130291604358043767e+00
1.752217769622802734e+00 1.274038880581072508e+00 3.130291604358043767e+00
1.764333009719848633e+00 1.272038819544053512e+00 3.115291146580401183e+00
1.775567531585693359e+00 1.268038697470015519e+00 3.085290231025116459e+00
1.786414384841918945e+00 1.272038819544053512e+00 3.115291146580401183e+00
1.802900791168212891e+00 1.274038880581072508e+00 3.130291604358043767e+00
1.818139791488647461e+00 1.266038636432996523e+00 3.070289773247473875e+00
1.834723472595214844e+00 1.274038880581072508e+00 3.130291604358043767e+00
1.851032495498657227e+00 1.270038758507034515e+00 3.100290688802759043e+00
1.896178007125854492e+00 1.274038880581072508e+00 3.130291604358043767e+00
1.911607503890991211e+00 1.272038819544053512e+00 3.115291146580401183e+00
1.969473838806152344e+00 1.266038636432996523e+00 3.070289773247473875e+00
1.994858980178833008e+00 1.274038880581072508e+00 3.130291604358043767e+00
2.024095773696899414e+00 1.274038880581072508e+00 3.130291604358043767e+00
2.054455518722534180e+00 1.272038819544053512e+00 3.115291146580401183e+00
2.081411123275756836e+00 1.268038697470015519e+00 3.085290231025116459e+00
2.112220764160156250e+00 1.274038880581072508e+00 3.130291604358043767e+00
2.141800642013549805e+00 1.274038880581072508e+00 3.130291604358043767e+00
2.173740386962890625e+00 1.274038880581072508e+00 3.130291604358043767e+00
2.188820123672485352e+00 1.274038880581072508e+00 3.130291604358043767e+00
2.203563451766967773e+00 1.268038697470015519e+00 3.085290231025116459e+00
2.214841842651367188e+00 1.276038941618091505e+00 3.145292062135686351e+00
2.227965116500854492e+00 1.274038880581072508e+00 3.130291604358043767e+00
2.242840766906738281e+00 1.270038758507034515e+00 3.100290688802759043e+00
2.258961915969848633e+00 1.274038880581072508e+00 3.130291604358043767e+00
2.272624015808105469e+00 1.274038880581072508e+00 3.130291604358043767e+00
2.293177843093872070e+00 1.264038575395977748e+00 3.055289315469833067e+00
2.351571559906005859e+00 1.276038941618091505e+00 3.145292062135686351e+00
2.367446899414062500e+00 1.274038880581072508e+00 3.130291604358043767e+00
2.381844997406005859e+00 1.274038880581072508e+00 3.130291604358043767e+00
2.396664381027221680e+00 1.274038880581072508e+00 3.130291604358043767e+00
2.409899473190307617e+00 1.274038880581072508e+00 3.130291604358043767e+00
2.453494548797607422e+00 1.272038819544053512e+00 3.115291146580401183e+00
2.515913248062133789e+00 1.274038880581072508e+00 3.130291604358043767e+00
2.528549432754516602e+00 1.264038575395977748e+00 3.055289315469833067e+00
2.544127941131591797e+00 1.264038575395977748e+00 3.055289315469833067e+00
2.574135541915893555e+00 1.272038819544053512e+00 3.115291146580401183e+00
2.598558902740478516e+00 1.272038819544053512e+00 3.115291146580401183e+00
2.614284276962280273e+00 1.274038880581072508e+00 3.130291604358043767e+00
2.627865314483642578e+00 1.252038209173863992e+00 2.965286568803979783e+00
2.639671802520751953e+00 1.274038880581072508e+00 3.130291604358043767e+00
2.652085304260253906e+00 1.272038819544053512e+00 3.115291146580401183e+00
2.668322801589965820e+00 1.272038819544053512e+00 3.115291146580401183e+00
2.689674854278564453e+00 1.274038880581072508e+00 3.130291604358043767e+00
2.704530954360961914e+00 1.272038819544053512e+00 3.115291146580401183e+00
2.717069625854492188e+00 1.282039124729148272e+00 3.190293435468611882e+00
2.738773822784423828e+00 1.282039124729148272e+00 3.190293435468611882e+00
2.788742303848266602e+00 1.280039063692129275e+00 3.175292977690969742e+00
2.803896427154541016e+00 1.282039124729148272e+00 3.190293435468611882e+00
2.817792415618896484e+00 1.278039002655110279e+00 3.160292519913327158e+00
2.832867383956909180e+00 1.280039063692129275e+00 3.175292977690969742e+00
2.852796077728271484e+00 1.278039002655110279e+00 3.160292519913327158e+00
2.879375219345092773e+00 1.282039124729148272e+00 3.190293435468611882e+00
2.895453691482543945e+00 1.282039124729148272e+00 3.190293435468611882e+00
2.950987577438354492e+00 1.280039063692129275e+00 3.175292977690969742e+00
2.965080499649047852e+00 1.272038819544053512e+00 3.115291146580401183e+00
3.009491443634033203e+00 1.280039063692129275e+00 3.175292977690969742e+00
3.036111593246459961e+00 1.274038880581072508e+00 3.130291604358043767e+00
3.050816297531127930e+00 1.280039063692129275e+00 3.175292977690969742e+00
3.062642335891723633e+00 1.282039124729148272e+00 3.190293435468611882e+00
3.074961662292480469e+00 1.282039124729148272e+00 3.190293435468611882e+00
3.086914062500000000e+00 1.282039124729148272e+00 3.190293435468611882e+00
3.099567890167236328e+00 1.278039002655110279e+00 3.160292519913327158e+00
3.110835552215576172e+00 1.280039063692129275e+00 3.175292977690969742e+00
3.121999979019165039e+00 1.280039063692129275e+00 3.175292977690969742e+00
3.139837265014648438e+00 1.280039063692129275e+00 3.175292977690969742e+00
3.185197591781616211e+00 1.280039063692129275e+00 3.175292977690969742e+00
3.208128452301025391e+00 1.282039124729148272e+00 3.190293435468611882e+00
3.235702037811279297e+00 1.274038880581072508e+00 3.130291604358043767e+00
3.252274990081787109e+00 1.282039124729148272e+00 3.190293435468611882e+00
3.268765926361083984e+00 1.282039124729148272e+00 3.190293435468611882e+00
3.281581878662109375e+00 1.282039124729148272e+00 3.190293435468611882e+00
3.323344230651855469e+00 1.282039124729148272e+00 3.190293435468611882e+00
3.385518789291381836e+00 1.280039063692129275e+00 3.175292977690969742e+00
3.404659032821655273e+00 1.276038941618091505e+00 3.145292062135686351e+00
3.436398029327392578e+00 1.282039124729148272e+00 3.190293435468611882e+00
3.464901685714721680e+00 1.282039124729148272e+00 3.190293435468611882e+00
3.493522644042968750e+00 1.282039124729148272e+00 3.190293435468611882e+00
3.535556077957153320e+00 1.282039124729148272e+00 3.190293435468611882e+00
3.554181337356567383e+00 1.278039002655110279e+00 3.160292519913327158e+00
3.583408832550048828e+00 1.272038819544053512e+00 3.115291146580401183e+00
3.605597972869873047e+00 1.282039124729148272e+00 3.190293435468611882e+00
3.618772745132446289e+00 1.282039124729148272e+00 3.190293435468611882e+00
3.631513833999633789e+00 1.282039124729148272e+00 3.190293435468611882e+00
3.643525362014770508e+00 1.280039063692129275e+00 3.175292977690969742e+00
3.656352996826171875e+00 1.278039002655110279e+00 3.160292519913327158e+00
3.667507886886596680e+00 1.282039124729148272e+00 3.190293435468611882e+00
3.679390907287597656e+00 1.282039124729148272e+00 3.190293435468611882e+00
3.690163373947143555e+00 1.282039124729148272e+00 3.190293435468611882e+00
3.702807903289794922e+00 1.282039124729148272e+00 3.190293435468611882e+00
3.715372085571289062e+00 1.278039002655110279e+00 3.160292519913327158e+00
3.783400774002075195e+00 1.280039063692129275e+00 3.175292977690969742e+00
3.801814317703247070e+00 1.282039124729148272e+00 3.190293435468611882e+00
3.814782857894897461e+00 1.278039002655110279e+00 3.160292519913327158e+00
3.826044321060180664e+00 1.282039124729148272e+00 3.190293435468611882e+00
3.844826698303222656e+00 1.282039124729148272e+00 3.190293435468611882e+00
3.882593631744384766e+00 1.282039124729148272e+00 3.190293435468611882e+00
3.941957950592041016e+00 1.280039063692129275e+00 3.175292977690969742e+00
3.957671642303466797e+00 1.274038880581072508e+00 3.130291604358043767e+00
3.979628324508666992e+00 1.282039124729148272e+00 3.190293435468611882e+00
4.011327743530273438e+00 1.280039063692129275e+00 3.175292977690969742e+00
4.035492420196533203e+00 1.282039124729148272e+00 3.190293435468611882e+00
4.049150705337524414e+00 1.284039185766167268e+00 3.205293893246254466e+00
4.062381267547607422e+00 1.282039124729148272e+00 3.190293435468611882e+00
4.074418783187866211e+00 1.276038941618091505e+00 3.145292062135686351e+00
4.086872339248657227e+00 1.282039124729148272e+00 3.190293435468611882e+00
4.099418878555297852e+00 1.280039063692129275e+00 3.175292977690969742e+00
4.110949993133544922e+00 1.282039124729148272e+00 3.190293435468611882e+00
4.123757839202880859e+00 1.282039124729148272e+00 3.190293435468611882e+00
4.136580467224121094e+00 1.278039002655110279e+00 3.160292519913327158e+00
4.193794488906860352e+00 1.276038941618091505e+00 3.145292062135686351e+00
4.210811614990234375e+00 1.276038941618091505e+00 3.145292062135686351e+00
4.224462032318115234e+00 1.282039124729148272e+00 3.190293435468611882e+00
4.238115072250366211e+00 1.282039124729148272e+00 3.190293435468611882e+00
4.253601551055908203e+00 1.282039124729148272e+00 3.190293435468611882e+00
4.265743732452392578e+00 1.282039124729148272e+00 3.190293435468611882e+00
4.302869319915771484e+00 1.282039124729148272e+00 3.190293435468611882e+00
4.318629741668701172e+00 1.280039063692129275e+00 3.175292977690969742e+00
4.374988079071044922e+00 1.278039002655110279e+00 3.160292519913327158e+00
4.389173984527587891e+00 1.272038819544053512e+00 3.115291146580401183e+00
4.434164285659790039e+00 1.282039124729148272e+00 3.190293435468611882e+00
4.458827495574951172e+00 1.282039124729148272e+00 3.190293435468611882e+00
4.472081184387207031e+00 1.282039124729148272e+00 3.190293435468611882e+00
4.488225221633911133e+00 1.282039124729148272e+00 3.190293435468611882e+00
4.501004695892333984e+00 1.282039124729148272e+00 3.190293435468611882e+00
4.514364957809448242e+00 1.276038941618091505e+00 3.145292062135686351e+00
4.525691986083984375e+00 1.282039124729148272e+00 3.190293435468611882e+00
4.538493156433105469e+00 1.282039124729148272e+00 3.190293435468611882e+00
4.552501678466796875e+00 1.280039063692129275e+00 3.175292977690969742e+00
4.570930242538452148e+00 1.280039063692129275e+00 3.175292977690969742e+00
4.589184045791625977e+00 1.280039063692129275e+00 3.175292977690969742e+00
4.626713514328002930e+00 1.280039063692129275e+00 3.175292977690969742e+00
4.640180826187133789e+00 1.282039124729148272e+00 3.190293435468611882e+00
4.653810977935791016e+00 1.282039124729148272e+00 3.190293435468611882e+00
4.669985771179199219e+00 1.280039063692129275e+00 3.175292977690969742e+00
4.687521934509277344e+00 1.274038880581072508e+00 3.130291604358043767e+00
4.710766792297363281e+00 1.274038880581072508e+00 3.130291604358043767e+00
4.742780208587646484e+00 1.282039124729148272e+00 3.190293435468611882e+00
4.800989151000976562e+00 1.278039002655110279e+00 3.160292519913327158e+00
4.822009086608886719e+00 1.276038941618091505e+00 3.145292062135686351e+00
4.851200103759765625e+00 1.282039124729148272e+00 3.190293435468611882e+00
4.880636692047119141e+00 1.282039124729148272e+00 3.190293435468611882e+00
4.911340475082397461e+00 1.282039124729148272e+00 3.190293435468611882e+00
4.952344655990600586e+00 1.284039185766167268e+00 3.205293893246254466e+00
4.971216201782226562e+00 1.280039063692129275e+00 3.175292977690969742e+00
5.006565809249877930e+00 1.274038880581072508e+00 3.130291604358043767e+00
5.029468774795532227e+00 1.282039124729148272e+00 3.190293435468611882e+00
5.044461965560913086e+00 1.282039124729148272e+00 3.190293435468611882e+00
5.059448242187500000e+00 1.284039185766167268e+00 3.205293893246254466e+00
5.072682380676269531e+00 1.278039002655110279e+00 3.160292519913327158e+00
5.083851099014282227e+00 1.282039124729148272e+00 3.190293435468611882e+00
5.095541715621948242e+00 1.284039185766167268e+00 3.205293893246254466e+00
5.109643936157226562e+00 1.284039185766167268e+00 3.205293893246254466e+00
5.122856378555297852e+00 1.282039124729148272e+00 3.190293435468611882e+00
5.134968042373657227e+00 1.280039063692129275e+00 3.175292977690969742e+00
5.199563503265380859e+00 1.282039124729148272e+00 3.190293435468611882e+00
5.213585138320922852e+00 1.280039063692129275e+00 3.175292977690969742e+00
5.226312398910522461e+00 1.278039002655110279e+00 3.160292519913327158e+00
5.239241838455200195e+00 1.278039002655110279e+00 3.160292519913327158e+00
5.257048845291137695e+00 1.282039124729148272e+00 3.190293435468611882e+00
5.309837341308593750e+00 1.282039124729148272e+00 3.190293435468611882e+00
5.367801427841186523e+00 1.278039002655110279e+00 3.160292519913327158e+00
5.381697893142700195e+00 1.276038941618091505e+00 3.145292062135686351e+00
5.402640104293823242e+00 1.280039063692129275e+00 3.175292977690969742e+00
5.431938409805297852e+00 1.282039124729148272e+00 3.190293435468611882e+00
5.454754829406738281e+00 1.282039124729148272e+00 3.190293435468611882e+00
5.468503713607788086e+00 1.282039124729148272e+00 3.190293435468611882e+00
5.481104135513305664e+00 1.282039124729148272e+00 3.190293435468611882e+00
5.496408462524414062e+00 1.282039124729148272e+00 3.190293435468611882e+00
5.510039329528808594e+00 1.284039185766167268e+00 3.205293893246254466e+00
5.523993015289306641e+00 1.278039002655110279e+00 3.160292519913327158e+00
5.535965919494628906e+00 1.278039002655110279e+00 3.160292519913327158e+00
5.547243356704711914e+00 1.284039185766167268e+00 3.205293893246254466e+00
5.559089183807373047e+00 1.282039124729148272e+00 3.190293435468611882e+00
5.616459608078002930e+00 1.282039124729148272e+00 3.190293435468611882e+00
5.633796453475952148e+00 1.282039124729148272e+00 3.190293435468611882e+00
5.648173809051513672e+00 1.282039124729148272e+00 3.190293435468611882e+00
5.661830663681030273e+00 1.282039124729148272e+00 3.190293435468611882e+00
5.674088239669799805e+00 1.282039124729148272e+00 3.190293435468611882e+00
5.689089536666870117e+00 1.280039063692129275e+00 3.175292977690969742e+00
5.723909139633178711e+00 1.282039124729148272e+00 3.190293435468611882e+00
5.741045951843261719e+00 1.282039124729148272e+00 3.190293435468611882e+00
5.797979831695556641e+00 1.278039002655110279e+00 3.160292519913327158e+00
5.811594247817993164e+00 1.276038941618091505e+00 3.145292062135686351e+00
5.837292909622192383e+00 1.282039124729148272e+00 3.190293435468611882e+00
5.858371734619140625e+00 1.280039063692129275e+00 3.175292977690969742e+00
5.883375644683837891e+00 1.282039124729148272e+00 3.190293435468611882e+00
5.900503873825073242e+00 1.282039124729148272e+00 3.190293435468611882e+00
5.912471055984497070e+00 1.282039124729148272e+00 3.190293435468611882e+00
5.925547838211059570e+00 1.282039124729148272e+00 3.190293435468611882e+00
5.938024520874023438e+00 1.280039063692129275e+00 3.175292977690969742e+00
5.949743509292602539e+00 1.282039124729148272e+00 3.190293435468611882e+00
5.961429595947265625e+00 1.276038941618091505e+00 3.145292062135686351e+00
5.972974777221679688e+00 1.282039124729148272e+00 3.190293435468611882e+00
5.986953496932983398e+00 1.276038941618091505e+00 3.145292062135686351e+00
6.048271894454956055e+00 1.282039124729148272e+00 3.190293435468611882e+00
6.059995651245117188e+00 1.282039124729148272e+00 3.190293435468611882e+00
6.073654174804687500e+00 1.282039124729148272e+00 3.190293435468611882e+00
6.088066816329956055e+00 1.276038941618091505e+00 3.145292062135686351e+00
6.100995302200317383e+00 1.282039124729148272e+00 3.190293435468611882e+00
6.114808082580566406e+00 1.274038880581072508e+00 3.130291604358043767e+00
6.158447504043579102e+00 1.280039063692129275e+00 3.175292977690969742e+00
6.217874288558959961e+00 1.274038880581072508e+00 3.130291604358043767e+00
6.231817007064819336e+00 1.274038880581072508e+00 3.130291604358043767e+00
6.252660751342773438e+00 1.282039124729148272e+00 3.190293435468611882e+00
6.282505273818969727e+00 1.282039124729148272e+00 3.190293435468611882e+00
6.311612129211425781e+00 1.280039063692129275e+00 3.175292977690969742e+00
6.342248439788818359e+00 1.284039185766167268e+00 3.205293893246254466e+00
6.378328800201416016e+00 1.282039124729148272e+00 3.190293435468611882e+00
6.407814741134643555e+00 1.274038880581072508e+00 3.130291604358043767e+00
6.441667556762695312e+00 1.278039002655110279e+00 3.160292519913327158e+00
6.457508563995361328e+00 1.282039124729148272e+00 3.190293435468611882e+00
6.469607830047607422e+00 1.280039063692129275e+00 3.175292977690969742e+00
6.482787847518920898e+00 1.280039063692129275e+00 3.175292977690969742e+00
6.495349168777465820e+00 1.280039063692129275e+00 3.175292977690969742e+00
6.507860898971557617e+00 1.278039002655110279e+00 3.160292519913327158e+00
6.518579721450805664e+00 1.282039124729148272e+00 3.190293435468611882e+00
6.530689954757690430e+00 1.284039185766167268e+00 3.205293893246254466e+00
6.542322158813476562e+00 1.282039124729148272e+00 3.190293435468611882e+00
6.554601192474365234e+00 1.282039124729148272e+00 3.190293435468611882e+00
6.612299442291259766e+00 1.282039124729148272e+00 3.190293435468611882e+00
6.627798795700073242e+00 1.280039063692129275e+00 3.175292977690969742e+00
6.643015384674072266e+00 1.282039124729148272e+00 3.190293435468611882e+00
6.661627531051635742e+00 1.280039063692129275e+00 3.175292977690969742e+00
6.674297094345092773e+00 1.276038941618091505e+00 3.145292062135686351e+00
6.692744255065917969e+00 1.282039124729148272e+00 3.190293435468611882e+00
6.732786178588867188e+00 1.282039124729148272e+00 3.190293435468611882e+00
6.792725086212158203e+00 1.278039002655110279e+00 3.160292519913327158e+00
6.806116342544555664e+00 1.276038941618091505e+00 3.145292062135686351e+00
6.827179670333862305e+00 1.276038941618091505e+00 3.145292062135686351e+00
6.867237329483032227e+00 1.282039124729148272e+00 3.190293435468611882e+00
6.883274555206298828e+00 1.282039124729148272e+00 3.190293435468611882e+00
6.896875381469726562e+00 1.282039124729148272e+00 3.190293435468611882e+00
6.910079240798950195e+00 1.278039002655110279e+00 3.160292519913327158e+00
6.921983718872070312e+00 1.278039002655110279e+00 3.160292519913327158e+00
6.933076620101928711e+00 1.282039124729148272e+00 3.190293435468611882e+00
6.945811510086059570e+00 1.272038819544053512e+00 3.115291146580401183e+00
6.959752082824707031e+00 1.282039124729148272e+00 3.190293435468611882e+00
6.973311662673950195e+00 1.282039124729148272e+00 3.190293435468611882e+00
7.035019636154174805e+00 1.282039124729148272e+00 3.190293435468611882e+00
7.055353403091430664e+00 1.282039124729148272e+00 3.190293435468611882e+00
7.069658994674682617e+00 1.280039063692129275e+00 3.175292977690969742e+00
7.087996959686279297e+00 1.282039124729148272e+00 3.190293435468611882e+00
7.108065128326416016e+00 1.280039063692129275e+00 3.175292977690969742e+00
7.145468235015869141e+00 1.280039063692129275e+00 3.175292977690969742e+00
7.205717802047729492e+00 1.274038880581072508e+00 3.130291604358043767e+00
7.219335079193115234e+00 1.276038941618091505e+00 3.145292062135686351e+00
7.239222049713134766e+00 1.280039063692129275e+00 3.175292977690969742e+00
7.271938085556030273e+00 1.282039124729148272e+00 3.190293435468611882e+00
7.296759605407714844e+00 1.282039124729148272e+00 3.190293435468611882e+00
7.311824083328247070e+00 1.280039063692129275e+00 3.175292977690969742e+00
7.325671911239624023e+00 1.282039124729148272e+00 3.190293435468611882e+00
7.337874412536621094e+00 1.282039124729148272e+00 3.190293435468611882e+00
7.350693702697753906e+00 1.274038880581072508e+00 3.130291604358043767e+00
7.362445354461669922e+00 1.282039124729148272e+00 3.190293435468611882e+00
7.380832672119140625e+00 1.278039002655110279e+00 3.160292519913327158e+00
7.394623756408691406e+00 1.278039002655110279e+00 3.160292519913327158e+00
7.451331615447998047e+00 1.280039063692129275e+00 3.175292977690969742e+00
7.467573404312133789e+00 1.276038941618091505e+00 3.145292062135686351e+00
7.482222318649291992e+00 1.282039124729148272e+00 3.190293435468611882e+00
7.495300054550170898e+00 1.282039124729148272e+00 3.190293435468611882e+00
7.513689994812011719e+00 1.282039124729148272e+00 3.190293435468611882e+00
7.554270029067993164e+00 1.282039124729148272e+00 3.190293435468611882e+00
7.570892572402954102e+00 1.282039124729148272e+00 3.190293435468611882e+00
7.626015424728393555e+00 1.278039002655110279e+00 3.160292519913327158e+00
7.639643430709838867e+00 1.276038941618091505e+00 3.145292062135686351e+00
7.661260604858398438e+00 1.282039124729148272e+00 3.190293435468611882e+00
7.689918756484985352e+00 1.282039124729148272e+00 3.190293435468611882e+00
7.721084594726562500e+00 1.276038941618091505e+00 3.145292062135686351e+00
7.747948646545410156e+00 1.276038941618091505e+00 3.145292062135686351e+00
7.779832363128662109e+00 1.272038819544053512e+00 3.115291146580401183e+00
7.799714326858520508e+00 1.276038941618091505e+00 3.145292062135686351e+00
7.830159187316894531e+00 1.272038819544053512e+00 3.115291146580401183e+00
7.852491617202758789e+00 1.274038880581072508e+00 3.130291604358043767e+00
7.864619493484497070e+00 1.276038941618091505e+00 3.145292062135686351e+00
7.874799966812133789e+00 1.274038880581072508e+00 3.130291604358043767e+00
7.888054132461547852e+00 1.270038758507034515e+00 3.100290688802759043e+00
7.900223731994628906e+00 1.256038331247901763e+00 2.995287484359263175e+00
7.911337375640869141e+00 1.236037720877712243e+00 2.845282906582841775e+00
7.924126386642456055e+00 1.268038697470015519e+00 3.085290231025116459e+00
7.939548492431640625e+00 1.274038880581072508e+00 3.130291604358043767e+00
7.954442739486694336e+00 1.276038941618091505e+00 3.145292062135686351e+00
8.014255523681640625e+00 1.272038819544053512e+00 3.115291146580401183e+00
8.036566019058227539e+00 1.268038697470015519e+00 3.085290231025116459e+00
8.053182601928710938e+00 1.268038697470015519e+00 3.085290231025116459e+00
8.073940992355346680e+00 1.276038941618091505e+00 3.145292062135686351e+00
8.098640680313110352e+00 1.274038880581072508e+00 3.130291604358043767e+00
8.129259109497070312e+00 1.274038880581072508e+00 3.130291604358043767e+00
8.186769962310791016e+00 1.270038758507034515e+00 3.100290688802759043e+00
8.200158357620239258e+00 1.270038758507034515e+00 3.100290688802759043e+00
8.220662117004394531e+00 1.276038941618091505e+00 3.145292062135686351e+00
8.266502618789672852e+00 1.274038880581072508e+00 3.130291604358043767e+00
8.279933214187622070e+00 1.262038514358958752e+00 3.040288857692190483e+00
8.291574239730834961e+00 1.268038697470015519e+00 3.085290231025116459e+00
8.302278041839599609e+00 1.276038941618091505e+00 3.145292062135686351e+00
8.315996885299682617e+00 1.270038758507034515e+00 3.100290688802759043e+00
8.327439069747924805e+00 1.264038575395977748e+00 3.055289315469833067e+00
8.339298248291015625e+00 1.272038819544053512e+00 3.115291146580401183e+00
8.350919485092163086e+00 1.274038880581072508e+00 3.130291604358043767e+00
8.366861343383789062e+00 1.272038819544053512e+00 3.115291146580401183e+00
8.391292095184326172e+00 1.274038880581072508e+00 3.130291604358043767e+00
8.431657791137695312e+00 1.272038819544053512e+00 3.115291146580401183e+00
8.447432279586791992e+00 1.276038941618091505e+00 3.145292062135686351e+00
8.461194276809692383e+00 1.274038880581072508e+00 3.130291604358043767e+00
8.474410533905029297e+00 1.274038880581072508e+00 3.130291604358043767e+00
8.488192081451416016e+00 1.276038941618091505e+00 3.145292062135686351e+00
8.501597642898559570e+00 1.274038880581072508e+00 3.130291604358043767e+00
8.544965744018554688e+00 1.274038880581072508e+00 3.130291604358043767e+00
8.604245424270629883e+00 1.272038819544053512e+00 3.115291146580401183e+00
8.617584466934204102e+00 1.268038697470015519e+00 3.085290231025116459e+00
8.640415906906127930e+00 1.276038941618091505e+00 3.145292062135686351e+00
8.673188924789428711e+00 1.274038880581072508e+00 3.130291604358043767e+00
8.697613239288330078e+00 1.276038941618091505e+00 3.145292062135686351e+00
8.710931301116943359e+00 1.272038819544053512e+00 3.115291146580401183e+00
8.723853349685668945e+00 1.272038819544053512e+00 3.115291146580401183e+00
8.737627506256103516e+00 1.270038758507034515e+00 3.100290688802759043e+00
8.749266147613525391e+00 1.272038819544053512e+00 3.115291146580401183e+00
8.764806985855102539e+00 1.270038758507034515e+00 3.100290688802759043e+00
8.781316041946411133e+00 1.276038941618091505e+00 3.145292062135686351e+00
8.793436050415039062e+00 1.274038880581072508e+00 3.130291604358043767e+00
8.842718124389648438e+00 1.272038819544053512e+00 3.115291146580401183e+00
8.866318225860595703e+00 1.274038880581072508e+00 3.130291604358043767e+00
8.880622625350952148e+00 1.268038697470015519e+00 3.085290231025116459e+00
8.896378278732299805e+00 1.272038819544053512e+00 3.115291146580401183e+00
8.911159276962280273e+00 1.272038819544053512e+00 3.115291146580401183e+00
8.927180767059326172e+00 1.266038636432996523e+00 3.070289773247473875e+00
8.967842102050781250e+00 1.274038880581072508e+00 3.130291604358043767e+00
9.025200605392456055e+00 1.266038636432996523e+00 3.070289773247473875e+00
9.039138555526733398e+00 1.268038697470015519e+00 3.085290231025116459e+00
9.061172008514404297e+00 1.260038453321939755e+00 3.025288399914548343e+00
9.089810132980346680e+00 1.274038880581072508e+00 3.130291604358043767e+00
9.125208854675292969e+00 1.274038880581072508e+00 3.130291604358043767e+00
9.172254800796508789e+00 1.274038880581072508e+00 3.130291604358043767e+00
9.191695690155029297e+00 1.272038819544053512e+00 3.115291146580401183e+00
9.239876508712768555e+00 1.270038758507034515e+00 3.100290688802759043e+00
9.252912998199462891e+00 1.274038880581072508e+00 3.130291604358043767e+00
9.265740633010864258e+00 1.274038880581072508e+00 3.130291604358043767e+00
9.277034521102905273e+00 1.274038880581072508e+00 3.130291604358043767e+00
9.289124965667724609e+00 1.274038880581072508e+00 3.130291604358043767e+00
9.302142620086669922e+00 1.272038819544053512e+00 3.115291146580401183e+00
9.316291332244873047e+00 1.274038880581072508e+00 3.130291604358043767e+00
9.329106330871582031e+00 1.270038758507034515e+00 3.100290688802759043e+00
9.342555046081542969e+00 1.272038819544053512e+00 3.115291146580401183e+00
9.357627630233764648e+00 1.272038819544053512e+00 3.115291146580401183e+00
9.421082735061645508e+00 1.266038636432996523e+00 3.070289773247473875e+00
9.435596466064453125e+00 1.274038880581072508e+00 3.130291604358043767e+00
9.451571941375732422e+00 1.272038819544053512e+00 3.115291146580401183e+00
9.466080665588378906e+00 1.270038758507034515e+00 3.100290688802759043e+00
9.485005140304565430e+00 1.272038819544053512e+00 3.115291146580401183e+00
9.513790607452392578e+00 1.276038941618091505e+00 3.145292062135686351e+00
9.528472423553466797e+00 1.272038819544053512e+00 3.115291146580401183e+00
9.582209348678588867e+00 1.270038758507034515e+00 3.100290688802759043e+00
9.595744371414184570e+00 1.268038697470015519e+00 3.085290231025116459e+00
9.613683700561523438e+00 1.262038514358958752e+00 3.040288857692190483e+00
9.646180152893066406e+00 1.274038880581072508e+00 3.130291604358043767e+00
9.663982868194580078e+00 1.274038880581072508e+00 3.130291604358043767e+00
9.676721334457397461e+00 1.270038758507034515e+00 3.100290688802759043e+00
9.688770294189453125e+00 1.274038880581072508e+00 3.130291604358043767e+00
9.700958728790283203e+00 1.270038758507034515e+00 3.100290688802759043e+00
9.713285923004150391e+00 1.270038758507034515e+00 3.100290688802759043e+00
9.728732585906982422e+00 1.270038758507034515e+00 3.100290688802759043e+00
9.744023323059082031e+00 1.274038880581072508e+00 3.130291604358043767e+00
9.757589101791381836e+00 1.272038819544053512e+00 3.115291146580401183e+00
9.769507408142089844e+00 1.274038880581072508e+00 3.130291604358043767e+00
9.828946352005004883e+00 1.272038819544053512e+00 3.115291146580401183e+00
9.844943046569824219e+00 1.274038880581072508e+00 3.130291604358043767e+00
9.860329389572143555e+00 1.266038636432996523e+00 3.070289773247473875e+00
9.879096508026123047e+00 1.274038880581072508e+00 3.130291604358043767e+00
9.894115447998046875e+00 1.274038880581072508e+00 3.130291604358043767e+00
9.928390741348266602e+00 1.272038819544053512e+00 3.115291146580401183e+00
9.945760965347290039e+00 1.272038819544053512e+00 3.115291146580401183e+00
1.000079560279846191e+01 1.256038331247901763e+00 2.995287484359263175e+00
1.001904988288879395e+01 1.264038575395977748e+00 3.055289315469833067e+00
1.005935668945312500e+01 1.274038880581072508e+00 3.130291604358043767e+00
1.009374213218688965e+01 1.276038941618091505e+00 3.145292062135686351e+00
1.010670280456542969e+01 1.282039124729148272e+00 3.190293435468611882e+00
1.011890602111816406e+01 1.282039124729148272e+00 3.190293435468611882e+00
1.013052129745483398e+01 1.282039124729148272e+00 3.190293435468611882e+00
1.014304924011230469e+01 1.282039124729148272e+00 3.190293435468611882e+00
1.015403985977172852e+01 1.276038941618091505e+00 3.145292062135686351e+00
1.016624450683593750e+01 1.280039063692129275e+00 3.175292977690969742e+00
1.017901897430419922e+01 1.278039002655110279e+00 3.160292519913327158e+00
1.019851255416870117e+01 1.280039063692129275e+00 3.175292977690969742e+00
1.021662211418151855e+01 1.280039063692129275e+00 3.175292977690969742e+00
1.025830006599426270e+01 1.274038880581072508e+00 3.130291604358043767e+00
1.027273607254028320e+01 1.278039002655110279e+00 3.160292519913327158e+00
1.028637290000915527e+01 1.280039063692129275e+00 3.175292977690969742e+00
1.029837298393249512e+01 1.280039063692129275e+00 3.175292977690969742e+00
1.031506967544555664e+01 1.282039124729148272e+00 3.190293435468611882e+00
1.036188054084777832e+01 1.278039002655110279e+00 3.160292519913327158e+00
1.042113828659057617e+01 1.280039063692129275e+00 3.175292977690969742e+00
1.043647408485412598e+01 1.276038941618091505e+00 3.145292062135686351e+00
1.048014998435974121e+01 1.282039124729148272e+00 3.190293435468611882e+00
1.050917744636535645e+01 1.282039124729148272e+00 3.190293435468611882e+00
1.053917813301086426e+01 1.282039124729148272e+00 3.190293435468611882e+00
1.057586169242858887e+01 1.282039124729148272e+00 3.190293435468611882e+00
1.059582471847534180e+01 1.282039124729148272e+00 3.190293435468611882e+00
1.062637090682983398e+01 1.282039124729148272e+00 3.190293435468611882e+00
1.065064883232116699e+01 1.282039124729148272e+00 3.190293435468611882e+00
1.066287016868591309e+01 1.282039124729148272e+00 3.190293435468611882e+00
1.067977976799011230e+01 1.282039124729148272e+00 3.190293435468611882e+00
1.069265151023864746e+01 1.280039063692129275e+00 3.175292977690969742e+00
1.070865535736083984e+01 1.280039063692129275e+00 3.175292977690969742e+00
1.072319579124450684e+01 1.278039002655110279e+00 3.160292519913327158e+00
1.073824596405029297e+01 1.280039063692129275e+00 3.175292977690969742e+00
1.074900078773498535e+01 1.280039063692129275e+00 3.175292977690969742e+00
1.080513811111450195e+01 1.282039124729148272e+00 3.190293435468611882e+00
1.081984734535217285e+01 1.282039124729148272e+00 3.190293435468611882e+00
1.084050750732421875e+01 1.282039124729148272e+00 3.190293435468611882e+00
1.085801839828491211e+01 1.282039124729148272e+00 3.190293435468611882e+00
1.089137792587280273e+01 1.282039124729148272e+00 3.190293435468611882e+00
1.091726207733154297e+01 1.282039124729148272e+00 3.190293435468611882e+00
1.097742795944213867e+01 1.276038941618091505e+00 3.145292062135686351e+00
1.099225044250488281e+01 1.276038941618091505e+00 3.145292062135686351e+00
1.101407575607299805e+01 1.282039124729148272e+00 3.190293435468611882e+00
1.104676675796508789e+01 1.280039063692129275e+00 3.175292977690969742e+00
1.106563663482666016e+01 1.282039124729148272e+00 3.190293435468611882e+00
1.107695984840393066e+01 1.276038941618091505e+00 3.145292062135686351e+00
1.108891606330871582e+01 1.280039063692129275e+00 3.175292977690969742e+00
1.110084009170532227e+01 1.278039002655110279e+00 3.160292519913327158e+00
1.111204409599304199e+01 1.282039124729148272e+00 3.190293435468611882e+00
1.112411665916442871e+01 1.282039124729148272e+00 3.190293435468611882e+00
1.113560628890991211e+01 1.276038941618091505e+00 3.145292062135686351e+00
1.114838528633117676e+01 1.286039246803186265e+00 3.220294351023897050e+00
1.115965604782104492e+01 1.282039124729148272e+00 3.190293435468611882e+00
1.117204141616821289e+01 1.282039124729148272e+00 3.190293435468611882e+00
1.123846936225891113e+01 1.282039124729148272e+00 3.190293435468611882e+00
1.125541758537292480e+01 1.282039124729148272e+00 3.190293435468611882e+00
1.127005124092102051e+01 1.282039124729148272e+00 3.190293435468611882e+00
1.128559637069702148e+01 1.282039124729148272e+00 3.190293435468611882e+00
1.131223702430725098e+01 1.280039063692129275e+00 3.175292977690969742e+00
1.134227013587951660e+01 1.280039063692129275e+00 3.175292977690969742e+00
1.140121102333068848e+01 1.282039124729148272e+00 3.190293435468611882e+00
1.142552018165588379e+01 1.278039002655110279e+00 3.160292519913327158e+00
1.145761537551879883e+01 1.280039063692129275e+00 3.175292977690969742e+00
1.148849916458129883e+01 1.282039124729148272e+00 3.190293435468611882e+00
1.150191402435302734e+01 1.282039124729148272e+00 3.190293435468611882e+00
1.151529645919799805e+01 1.280039063692129275e+00 3.175292977690969742e+00
1.152691435813903809e+01 1.282039124729148272e+00 3.190293435468611882e+00
1.154341983795166016e+01 1.282039124729148272e+00 3.190293435468611882e+00
1.155897593498229980e+01 1.280039063692129275e+00 3.175292977690969742e+00
1.157185935974121094e+01 1.282039124729148272e+00 3.190293435468611882e+00
1.158349633216857910e+01 1.282039124729148272e+00 3.190293435468611882e+00
1.164120888710021973e+01 1.282039124729148272e+00 3.190293435468611882e+00
1.166354155540466309e+01 1.282039124729148272e+00 3.190293435468611882e+00
1.168202590942382812e+01 1.280039063692129275e+00 3.175292977690969742e+00
1.169506072998046875e+01 1.282039124729148272e+00 3.190293435468611882e+00
1.170857429504394531e+01 1.282039124729148272e+00 3.190293435468611882e+00
1.172946095466613770e+01 1.282039124729148272e+00 3.190293435468611882e+00
1.175384211540222168e+01 1.280039063692129275e+00 3.175292977690969742e+00
1.181226062774658203e+01 1.282039124729148272e+00 3.190293435468611882e+00
1.182580757141113281e+01 1.274038880581072508e+00 3.130291604358043767e+00
1.185076689720153809e+01 1.282039124729148272e+00 3.190293435468611882e+00
1.188006734848022461e+01 1.282039124729148272e+00 3.190293435468611882e+00
1.191072130203247070e+01 1.282039124729148272e+00 3.190293435468611882e+00
1.196160125732421875e+01 1.284039185766167268e+00 3.205293893246254466e+00
1.197633790969848633e+01 1.282039124729148272e+00 3.190293435468611882e+00
1.200720739364624023e+01 1.282039124729148272e+00 3.190293435468611882e+00
1.204347658157348633e+01 1.284039185766167268e+00 3.205293893246254466e+00
1.205771970748901367e+01 1.282039124729148272e+00 3.190293435468611882e+00
1.207238650321960449e+01 1.280039063692129275e+00 3.175292977690969742e+00
1.208455896377563477e+01 1.282039124729148272e+00 3.190293435468611882e+00
1.209547829627990723e+01 1.282039124729148272e+00 3.190293435468611882e+00
1.210897684097290039e+01 1.280039063692129275e+00 3.175292977690969742e+00
1.212029981613159180e+01 1.282039124729148272e+00 3.190293435468611882e+00
1.213261055946350098e+01 1.278039002655110279e+00 3.160292519913327158e+00
1.214421176910400391e+01 1.282039124729148272e+00 3.190293435468611882e+00
1.220275378227233887e+01 1.282039124729148272e+00 3.190293435468611882e+00
1.221843051910400391e+01 1.282039124729148272e+00 3.190293435468611882e+00
1.223109912872314453e+01 1.276038941618091505e+00 3.145292062135686351e+00
1.224444079399108887e+01 1.282039124729148272e+00 3.190293435468611882e+00
1.225836777687072754e+01 1.280039063692129275e+00 3.175292977690969742e+00
1.227212333679199219e+01 1.282039124729148272e+00 3.190293435468611882e+00
1.231461787223815918e+01 1.282039124729148272e+00 3.190293435468611882e+00
1.237330484390258789e+01 1.278039002655110279e+00 3.160292519913327158e+00
1.238839888572692871e+01 1.276038941618091505e+00 3.145292062135686351e+00
1.241291522979736328e+01 1.282039124729148272e+00 3.190293435468611882e+00
1.246194100379943848e+01 1.282039124729148272e+00 3.190293435468611882e+00
1.247571706771850586e+01 1.282039124729148272e+00 3.190293435468611882e+00
1.248805189132690430e+01 1.282039124729148272e+00 3.190293435468611882e+00
1.250405955314636230e+01 1.282039124729148272e+00 3.190293435468611882e+00
1.251682114601135254e+01 1.284039185766167268e+00 3.205293893246254466e+00
1.252962136268615723e+01 1.282039124729148272e+00 3.190293435468611882e+00
1.254248666763305664e+01 1.280039063692129275e+00 3.175292977690969742e+00
1.255311369895935059e+01 1.282039124729148272e+00 3.190293435468611882e+00
1.256546473503112793e+01 1.270038758507034515e+00 3.100290688802759043e+00
1.259058833122253418e+01 1.282039124729148272e+00 3.190293435468611882e+00
1.263420057296752930e+01 1.282039124729148272e+00 3.190293435468611882e+00
1.265650439262390137e+01 1.280039063692129275e+00 3.175292977690969742e+00
1.266909313201904297e+01 1.282039124729148272e+00 3.190293435468611882e+00
1.268360352516174316e+01 1.282039124729148272e+00 3.190293435468611882e+00
1.271127629280090332e+01 1.282039124729148272e+00 3.190293435468611882e+00
1.273458003997802734e+01 1.278039002655110279e+00 3.160292519913327158e+00
1.279293227195739746e+01 1.280039063692129275e+00 3.175292977690969742e+00
1.280610179901123047e+01 1.276038941618091505e+00 3.145292062135686351e+00
1.283045840263366699e+01 1.282039124729148272e+00 3.190293435468611882e+00
1.287284421920776367e+01 1.280039063692129275e+00 3.175292977690969742e+00
1.288912844657897949e+01 1.282039124729148272e+00 3.190293435468611882e+00
1.290211296081542969e+01 1.272038819544053512e+00 3.115291146580401183e+00
1.291343092918395996e+01 1.282039124729148272e+00 3.190293435468611882e+00
1.292585325241088867e+01 1.282039124729148272e+00 3.190293435468611882e+00
1.293881297111511230e+01 1.278039002655110279e+00 3.160292519913327158e+00
1.295542383193969727e+01 1.278039002655110279e+00 3.160292519913327158e+00
1.296990919113159180e+01 1.282039124729148272e+00 3.190293435468611882e+00
1.298821949958801270e+01 1.278039002655110279e+00 3.160292519913327158e+00
1.304072809219360352e+01 1.282039124729148272e+00 3.190293435468611882e+00
1.305581784248352051e+01 1.282039124729148272e+00 3.190293435468611882e+00
1.307328248023986816e+01 1.280039063692129275e+00 3.175292977690969742e+00
1.308491373062133789e+01 1.282039124729148272e+00 3.190293435468611882e+00
1.309987735748291016e+01 1.282039124729148272e+00 3.190293435468611882e+00
1.312542319297790527e+01 1.276038941618091505e+00 3.145292062135686351e+00
1.315700149536132812e+01 1.284039185766167268e+00 3.205293893246254466e+00
1.321226763725280762e+01 1.278039002655110279e+00 3.160292519913327158e+00
1.323224806785583496e+01 1.278039002655110279e+00 3.160292519913327158e+00
1.326166558265686035e+01 1.284039185766167268e+00 3.205293893246254466e+00
1.329005885124206543e+01 1.278039002655110279e+00 3.160292519913327158e+00
1.331971287727355957e+01 1.282039124729148272e+00 3.190293435468611882e+00
1.335978627204895020e+01 1.282039124729148272e+00 3.190293435468611882e+00
1.337857985496520996e+01 1.280039063692129275e+00 3.175292977690969742e+00
1.341111660003662109e+01 1.282039124729148272e+00 3.190293435468611882e+00
1.343518257141113281e+01 1.282039124729148272e+00 3.190293435468611882e+00
1.344729566574096680e+01 1.278039002655110279e+00 3.160292519913327158e+00
1.346279549598693848e+01 1.282039124729148272e+00 3.190293435468611882e+00
1.347521328926086426e+01 1.268038697470015519e+00 3.085290231025116459e+00
1.348947405815124512e+01 1.282039124729148272e+00 3.190293435468611882e+00
1.350387454032897949e+01 1.282039124729148272e+00 3.190293435468611882e+00
1.351759576797485352e+01 1.282039124729148272e+00 3.190293435468611882e+00
1.353089976310729980e+01 1.282039124729148272e+00 3.190293435468611882e+00
1.354553341865539551e+01 1.280039063692129275e+00 3.175292977690969742e+00
1.360400795936584473e+01 1.280039063692129275e+00 3.175292977690969742e+00
1.362015819549560547e+01 1.282039124729148272e+00 3.190293435468611882e+00
1.363568401336669922e+01 1.282039124729148272e+00 3.190293435468611882e+00
1.364986014366149902e+01 1.284039185766167268e+00 3.205293893246254466e+00
1.366752839088439941e+01 1.282039124729148272e+00 3.190293435468611882e+00
1.368619680404663086e+01 1.282039124729148272e+00 3.190293435468611882e+00
1.371502304077148438e+01 1.280039063692129275e+00 3.175292977690969742e+00
1.373035907745361328e+01 1.278039002655110279e+00 3.160292519913327158e+00
1.378603053092956543e+01 1.278039002655110279e+00 3.160292519913327158e+00
1.380024600028991699e+01 1.276038941618091505e+00 3.145292062135686351e+00
1.383502292633056641e+01 1.282039124729148272e+00 3.190293435468611882e+00
1.387261867523193359e+01 1.284039185766167268e+00 3.205293893246254466e+00
1.388839793205261230e+01 1.282039124729148272e+00 3.190293435468611882e+00
1.390248632431030273e+01 1.282039124729148272e+00 3.190293435468611882e+00
1.391412186622619629e+01 1.282039124729148272e+00 3.190293435468611882e+00
1.392658972740173340e+01 1.284039185766167268e+00 3.205293893246254466e+00
1.393952393531799316e+01 1.282039124729148272e+00 3.190293435468611882e+00
1.395621085166931152e+01 1.278039002655110279e+00 3.160292519913327158e+00
1.397284126281738281e+01 1.284039185766167268e+00 3.205293893246254466e+00
1.402164292335510254e+01 1.282039124729148272e+00 3.190293435468611882e+00
1.404529166221618652e+01 1.280039063692129275e+00 3.175292977690969742e+00
1.406343936920166016e+01 1.282039124729148272e+00 3.190293435468611882e+00
1.408158493041992188e+01 1.282039124729148272e+00 3.190293435468611882e+00
1.409528994560241699e+01 1.282039124729148272e+00 3.190293435468611882e+00
1.412110137939453125e+01 1.280039063692129275e+00 3.175292977690969742e+00
1.414849805831909180e+01 1.282039124729148272e+00 3.190293435468611882e+00
1.420909166336059570e+01 1.280039063692129275e+00 3.175292977690969742e+00
1.422239708900451660e+01 1.276038941618091505e+00 3.145292062135686351e+00
1.424360418319702148e+01 1.276038941618091505e+00 3.145292062135686351e+00
1.427662587165832520e+01 1.280039063692129275e+00 3.175292977690969742e+00
1.430105590820312500e+01 1.282039124729148272e+00 3.190293435468611882e+00
1.431648445129394531e+01 1.282039124729148272e+00 3.190293435468611882e+00
1.433148550987243652e+01 1.282039124729148272e+00 3.190293435468611882e+00
1.434408402442932129e+01 1.282039124729148272e+00 3.190293435468611882e+00
1.435668063163757324e+01 1.278039002655110279e+00 3.160292519913327158e+00
1.436855792999267578e+01 1.274038880581072508e+00 3.130291604358043767e+00
1.438518261909484863e+01 1.282039124729148272e+00 3.190293435468611882e+00
1.440073704719543457e+01 1.282039124729148272e+00 3.190293435468611882e+00
1.445996546745300293e+01 1.276038941618091505e+00 3.145292062135686351e+00
1.447505569458007812e+01 1.282039124729148272e+00 3.190293435468611882e+00
1.449057269096374512e+01 1.276038941618091505e+00 3.145292062135686351e+00
1.450398755073547363e+01 1.282039124729148272e+00 3.190293435468611882e+00
1.452129697799682617e+01 1.282039124729148272e+00 3.190293435468611882e+00
1.453766012191772461e+01 1.282039124729148272e+00 3.190293435468611882e+00
1.457897925376892090e+01 1.278039002655110279e+00 3.160292519913327158e+00
1.463703775405883789e+01 1.278039002655110279e+00 3.160292519913327158e+00
1.465495848655700684e+01 1.276038941618091505e+00 3.145292062135686351e+00
1.468565416336059570e+01 1.282039124729148272e+00 3.190293435468611882e+00
1.472129082679748535e+01 1.282039124729148272e+00 3.190293435468611882e+00
1.475193667411804199e+01 1.282039124729148272e+00 3.190293435468611882e+00
1.478767538070678711e+01 1.282039124729148272e+00 3.190293435468611882e+00
1.480635452270507812e+01 1.282039124729148272e+00 3.190293435468611882e+00
1.484128284454345703e+01 1.282039124729148272e+00 3.190293435468611882e+00
1.486496567726135254e+01 1.280039063692129275e+00 3.175292977690969742e+00
1.488094472885131836e+01 1.282039124729148272e+00 3.190293435468611882e+00
1.489319896697998047e+01 1.276038941618091505e+00 3.145292062135686351e+00
1.490509819984436035e+01 1.282039124729148272e+00 3.190293435468611882e+00
1.491835665702819824e+01 1.282039124729148272e+00 3.190293435468611882e+00
1.492996644973754883e+01 1.280039063692129275e+00 3.175292977690969742e+00
1.494184565544128418e+01 1.282039124729148272e+00 3.190293435468611882e+00
1.495474195480346680e+01 1.272038819544053512e+00 3.115291146580401183e+00
1.496609997749328613e+01 1.282039124729148272e+00 3.190293435468611882e+00
1.502581429481506348e+01 1.282039124729148272e+00 3.190293435468611882e+00
1.504879212379455566e+01 1.278039002655110279e+00 3.160292519913327158e+00
1.507100892066955566e+01 1.274038880581072508e+00 3.130291604358043767e+00
1.508688783645629883e+01 1.276038941618091505e+00 3.145292062135686351e+00
1.511479520797729492e+01 1.270038758507034515e+00 3.100290688802759043e+00
1.514413595199584961e+01 1.240037842951750235e+00 2.875283822138126943e+00
1.520280981063842773e+01 1.270038758507034515e+00 3.100290688802759043e+00
1.521621704101562500e+01 1.270038758507034515e+00 3.100290688802759043e+00
1.524520349502563477e+01 1.274038880581072508e+00 3.130291604358043767e+00
1.528342556953430176e+01 1.276038941618091505e+00 3.145292062135686351e+00
1.529620099067687988e+01 1.276038941618091505e+00 3.145292062135686351e+00
1.530990457534790039e+01 1.276038941618091505e+00 3.145292062135686351e+00
1.532128214836120605e+01 1.276038941618091505e+00 3.145292062135686351e+00
1.533545780181884766e+01 1.272038819544053512e+00 3.115291146580401183e+00
1.535484385490417480e+01 1.274038880581072508e+00 3.130291604358043767e+00
1.536882615089416504e+01 1.274038880581072508e+00 3.130291604358043767e+00
1.538149738311767578e+01 1.274038880581072508e+00 3.130291604358043767e+00
1.539382576942443848e+01 1.276038941618091505e+00 3.145292062135686351e+00
1.546208405494689941e+01 1.268038697470015519e+00 3.085290231025116459e+00
1.549015688896179199e+01 1.276038941618091505e+00 3.145292062135686351e+00
1.550564360618591309e+01 1.274038880581072508e+00 3.130291604358043767e+00
1.552781534194946289e+01 1.276038941618091505e+00 3.145292062135686351e+00
1.555644011497497559e+01 1.266038636432996523e+00 3.070289773247473875e+00
1.557252502441406250e+01 1.276038941618091505e+00 3.145292062135686351e+00
1.562859654426574707e+01 1.270038758507034515e+00 3.100290688802759043e+00
1.564273691177368164e+01 1.266038636432996523e+00 3.070289773247473875e+00
1.566961741447448730e+01 1.272038819544053512e+00 3.115291146580401183e+00
1.570554828643798828e+01 1.268038697470015519e+00 3.085290231025116459e+00
1.571873736381530762e+01 1.274038880581072508e+00 3.130291604358043767e+00
1.574348878860473633e+01 1.272038819544053512e+00 3.115291146580401183e+00
1.575832462310791016e+01 1.270038758507034515e+00 3.100290688802759043e+00
1.577045822143554688e+01 1.270038758507034515e+00 3.100290688802759043e+00
1.578298115730285645e+01 1.270038758507034515e+00 3.100290688802759043e+00
1.579522705078125000e+01 1.270038758507034515e+00 3.100290688802759043e+00
1.580585312843322754e+01 1.274038880581072508e+00 3.130291604358043767e+00
1.581787467002868652e+01 1.272038819544053512e+00 3.115291146580401183e+00
1.582893514633178711e+01 1.274038880581072508e+00 3.130291604358043767e+00
1.585251712799072266e+01 1.274038880581072508e+00 3.130291604358043767e+00
1.589765882492065430e+01 1.274038880581072508e+00 3.130291604358043767e+00
1.591302919387817383e+01 1.272038819544053512e+00 3.115291146580401183e+00
1.592777633666992188e+01 1.274038880581072508e+00 3.130291604358043767e+00
1.595250773429870605e+01 1.274038880581072508e+00 3.130291604358043767e+00
1.599392199516296387e+01 1.274038880581072508e+00 3.130291604358043767e+00
1.600915122032165527e+01 1.272038819544053512e+00 3.115291146580401183e+00
1.606472635269165039e+01 1.272038819544053512e+00 3.115291146580401183e+00
1.607848572731018066e+01 1.268038697470015519e+00 3.085290231025116459e+00
1.610017204284667969e+01 1.270038758507034515e+00 3.100290688802759043e+00
1.613091564178466797e+01 1.272038819544053512e+00 3.115291146580401183e+00
1.615921711921691895e+01 1.274038880581072508e+00 3.130291604358043767e+00
1.621126484870910645e+01 1.274038880581072508e+00 3.130291604358043767e+00
1.622586393356323242e+01 1.274038880581072508e+00 3.130291604358043767e+00
1.625518465042114258e+01 1.274038880581072508e+00 3.130291604358043767e+00
1.628523492813110352e+01 1.272038819544053512e+00 3.115291146580401183e+00
1.629683947563171387e+01 1.272038819544053512e+00 3.115291146580401183e+00
1.630898976325988770e+01 1.274038880581072508e+00 3.130291604358043767e+00
1.632225394248962402e+01 1.272038819544053512e+00 3.115291146580401183e+00
1.633559489250183105e+01 1.272038819544053512e+00 3.115291146580401183e+00
1.634682297706604004e+01 1.274038880581072508e+00 3.130291604358043767e+00
1.635877180099487305e+01 1.272038819544053512e+00 3.115291146580401183e+00
1.637123703956604004e+01 1.270038758507034515e+00 3.100290688802759043e+00
1.638311195373535156e+01 1.272038819544053512e+00 3.115291146580401183e+00
1.639395594596862793e+01 1.274038880581072508e+00 3.130291604358043767e+00
1.644195723533630371e+01 1.274038880581072508e+00 3.130291604358043767e+00
1.646753954887390137e+01 1.274038880581072508e+00 3.130291604358043767e+00
1.648249030113220215e+01 1.274038880581072508e+00 3.130291604358043767e+00
1.649674296379089355e+01 1.274038880581072508e+00 3.130291604358043767e+00
1.651682996749877930e+01 1.274038880581072508e+00 3.130291604358043767e+00
1.655602836608886719e+01 1.274038880581072508e+00 3.130291604358043767e+00
1.657242846488952637e+01 1.266038636432996523e+00 3.070289773247473875e+00
1.662739753723144531e+01 1.270038758507034515e+00 3.100290688802759043e+00
1.664092922210693359e+01 1.266038636432996523e+00 3.070289773247473875e+00
1.666729450225830078e+01 1.272038819544053512e+00 3.115291146580401183e+00
1.669242358207702637e+01 1.268038697470015519e+00 3.085290231025116459e+00
1.672845244407653809e+01 1.266038636432996523e+00 3.070289773247473875e+00
1.674067592620849609e+01 1.256038331247901763e+00 2.995287484359263175e+00
1.675259113311767578e+01 1.274038880581072508e+00 3.130291604358043767e+00
1.676424717903137207e+01 1.274038880581072508e+00 3.130291604358043767e+00
1.677728629112243652e+01 1.274038880581072508e+00 3.130291604358043767e+00
1.679024720191955566e+01 1.274038880581072508e+00 3.130291604358043767e+00
1.680576562881469727e+01 1.272038819544053512e+00 3.115291146580401183e+00
1.682170486450195312e+01 1.274038880581072508e+00 3.130291604358043767e+00
1.683373522758483887e+01 1.274038880581072508e+00 3.130291604358043767e+00
1.686080646514892578e+01 1.274038880581072508e+00 3.130291604358043767e+00
1.689888954162597656e+01 1.272038819544053512e+00 3.115291146580401183e+00
1.691558384895324707e+01 1.274038880581072508e+00 3.130291604358043767e+00
1.692823076248168945e+01 1.272038819544053512e+00 3.115291146580401183e+00
1.694035720825195312e+01 1.274038880581072508e+00 3.130291604358043767e+00
1.696085524559020996e+01 1.272038819544053512e+00 3.115291146580401183e+00
1.699566006660461426e+01 1.274038880581072508e+00 3.130291604358043767e+00
1.701357960700988770e+01 1.270038758507034515e+00 3.100290688802759043e+00
1.706922531127929688e+01 1.270038758507034515e+00 3.100290688802759043e+00
1.708338594436645508e+01 1.266038636432996523e+00 3.070289773247473875e+00
1.710282683372497559e+01 1.272038819544053512e+00 3.115291146580401183e+00
1.714323997497558594e+01 1.264038575395977748e+00 3.055289315469833067e+00
1.716010308265686035e+01 1.272038819544053512e+00 3.115291146580401183e+00
1.717307424545288086e+01 1.268038697470015519e+00 3.085290231025116459e+00
1.718579578399658203e+01 1.272038819544053512e+00 3.115291146580401183e+00
1.719684123992919922e+01 1.274038880581072508e+00 3.130291604358043767e+00
1.720882606506347656e+01 1.274038880581072508e+00 3.130291604358043767e+00
1.722814750671386719e+01 1.270038758507034515e+00 3.100290688802759043e+00
1.724223971366882324e+01 1.274038880581072508e+00 3.130291604358043767e+00
1.725496554374694824e+01 1.268038697470015519e+00 3.085290231025116459e+00
1.730128669738769531e+01 1.274038880581072508e+00 3.130291604358043767e+00
1.732450795173645020e+01 1.274038880581072508e+00 3.130291604358043767e+00
1.734235167503356934e+01 1.274038880581072508e+00 3.130291604358043767e+00
1.735582947731018066e+01 1.276038941618091505e+00 3.145292062135686351e+00
1.736922574043273926e+01 1.274038880581072508e+00 3.130291604358043767e+00
1.738362288475036621e+01 1.274038880581072508e+00 3.130291604358043767e+00
1.742504477500915527e+01 1.270038758507034515e+00 3.100290688802759043e+00
1.744324040412902832e+01 1.278039002655110279e+00 3.160292519913327158e+00
1.750238704681396484e+01 1.280039063692129275e+00 3.175292977690969742e+00
1.752182221412658691e+01 1.276038941618091505e+00 3.145292062135686351e+00
1.755385184288024902e+01 1.280039063692129275e+00 3.175292977690969742e+00
1.758793330192565918e+01 1.282039124729148272e+00 3.190293435468611882e+00
1.761870718002319336e+01 1.282039124729148272e+00 3.190293435468611882e+00
1.765470719337463379e+01 1.282039124729148272e+00 3.190293435468611882e+00
1.768421530723571777e+01 1.282039124729148272e+00 3.190293435468611882e+00
1.770903325080871582e+01 1.282039124729148272e+00 3.190293435468611882e+00
1.773096203804016113e+01 1.282039124729148272e+00 3.190293435468611882e+00
1.774729943275451660e+01 1.282039124729148272e+00 3.190293435468611882e+00
1.776208305358886719e+01 1.280039063692129275e+00 3.175292977690969742e+00
1.777364230155944824e+01 1.278039002655110279e+00 3.160292519913327158e+00
1.778580117225646973e+01 1.282039124729148272e+00 3.190293435468611882e+00
1.779794955253601074e+01 1.284039185766167268e+00 3.205293893246254466e+00
1.780946373939514160e+01 1.282039124729148272e+00 3.190293435468611882e+00
1.782143902778625488e+01 1.284039185766167268e+00 3.205293893246254466e+00
1.783367490768432617e+01 1.282039124729148272e+00 3.190293435468611882e+00
1.786393928527832031e+01 1.282039124729148272e+00 3.190293435468611882e+00
1.790846610069274902e+01 1.280039063692129275e+00 3.175292977690969742e+00
1.792674422264099121e+01 1.282039124729148272e+00 3.190293435468611882e+00
1.793995952606201172e+01 1.282039124729148272e+00 3.190293435468611882e+00
1.795809674263000488e+01 1.280039063692129275e+00 3.175292977690969742e+00
1.797330355644226074e+01 1.274038880581072508e+00 3.130291604358043767e+00
1.801174235343933105e+01 1.282039124729148272e+00 3.190293435468611882e+00
1.807134056091308594e+01 1.280039063692129275e+00 3.175292977690969742e+00
1.808429193496704102e+01 1.274038880581072508e+00 3.130291604358043767e+00
1.810731673240661621e+01 1.280039063692129275e+00 3.175292977690969742e+00
1.814143896102905273e+01 1.282039124729148272e+00 3.190293435468611882e+00
1.816722488403320312e+01 1.282039124729148272e+00 3.190293435468611882e+00
1.818031144142150879e+01 1.272038819544053512e+00 3.115291146580401183e+00
1.819232130050659180e+01 1.282039124729148272e+00 3.190293435468611882e+00
1.820623540878295898e+01 1.282039124729148272e+00 3.190293435468611882e+00
1.821808528900146484e+01 1.280039063692129275e+00 3.175292977690969742e+00
1.823011636734008789e+01 1.284039185766167268e+00 3.205293893246254466e+00
1.824214959144592285e+01 1.280039063692129275e+00 3.175292977690969742e+00
1.825481200218200684e+01 1.282039124729148272e+00 3.190293435468611882e+00
1.826782894134521484e+01 1.278039002655110279e+00 3.160292519913327158e+00
1.829760837554931641e+01 1.282039124729148272e+00 3.190293435468611882e+00
1.834037780761718750e+01 1.282039124729148272e+00 3.190293435468611882e+00
1.835495877265930176e+01 1.282039124729148272e+00 3.190293435468611882e+00
1.837031316757202148e+01 1.282039124729148272e+00 3.190293435468611882e+00
1.838996791839599609e+01 1.280039063692129275e+00 3.175292977690969742e+00
1.843203258514404297e+01 1.282039124729148272e+00 3.190293435468611882e+00
1.844662427902221680e+01 1.280039063692129275e+00 3.175292977690969742e+00
1.850207448005676270e+01 1.278039002655110279e+00 3.160292519913327158e+00
1.851595044136047363e+01 1.274038880581072508e+00 3.130291604358043767e+00
1.855702972412109375e+01 1.282039124729148272e+00 3.190293435468611882e+00
1.858300900459289551e+01 1.282039124729148272e+00 3.190293435468611882e+00
1.859320235252380371e+01 1.280039063692129275e+00 3.175292977690969742e+00
1.860484218597412109e+01 1.280039063692129275e+00 3.175292977690969742e+00
1.861575675010681152e+01 1.282039124729148272e+00 3.190293435468611882e+00
1.862876653671264648e+01 1.280039063692129275e+00 3.175292977690969742e+00
1.864036202430725098e+01 1.284039185766167268e+00 3.205293893246254466e+00
1.865708494186401367e+01 1.274038880581072508e+00 3.130291604358043767e+00
1.867270374298095703e+01 1.284039185766167268e+00 3.205293893246254466e+00
1.868565893173217773e+01 1.282039124729148272e+00 3.190293435468611882e+00
1.871152997016906738e+01 1.284039185766167268e+00 3.205293893246254466e+00
1.874685454368591309e+01 1.280039063692129275e+00 3.175292977690969742e+00
1.876227569580078125e+01 1.282039124729148272e+00 3.190293435468611882e+00
1.878122401237487793e+01 1.282039124729148272e+00 3.190293435468611882e+00
1.879904580116271973e+01 1.280039063692129275e+00 3.175292977690969742e+00
1.883189678192138672e+01 1.282039124729148272e+00 3.190293435468611882e+00
1.885968494415283203e+01 1.280039063692129275e+00 3.175292977690969742e+00
1.891666293144226074e+01 1.278039002655110279e+00 3.160292519913327158e+00
1.893076872825622559e+01 1.276038941618091505e+00 3.145292062135686351e+00
1.895273399353027344e+01 1.282039124729148272e+00 3.190293435468611882e+00
1.898130488395690918e+01 1.282039124729148272e+00 3.190293435468611882e+00
1.901176452636718750e+01 1.274038880581072508e+00 3.130291604358043767e+00
1.906259560585021973e+01 1.280039063692129275e+00 3.175292977690969742e+00
1.907703208923339844e+01 1.284039185766167268e+00 3.205293893246254466e+00
1.911327672004699707e+01 1.282039124729148272e+00 3.190293435468611882e+00
1.914332652091979980e+01 1.282039124729148272e+00 3.190293435468611882e+00
1.915784740447998047e+01 1.282039124729148272e+00 3.190293435468611882e+00
1.916967344284057617e+01 1.282039124729148272e+00 3.190293435468611882e+00
1.918228554725646973e+01 1.280039063692129275e+00 3.175292977690969742e+00
1.919467854499816895e+01 1.282039124729148272e+00 3.190293435468611882e+00
1.920905065536499023e+01 1.276038941618091505e+00 3.145292062135686351e+00
1.922565674781799316e+01 1.278039002655110279e+00 3.160292519913327158e+00
1.924002861976623535e+01 1.282039124729148272e+00 3.190293435468611882e+00
1.929930615425109863e+01 1.280039063692129275e+00 3.175292977690969742e+00
1.931531453132629395e+01 1.282039124729148272e+00 3.190293435468611882e+00
1.932885527610778809e+01 1.282039124729148272e+00 3.190293435468611882e+00
1.934425497055053711e+01 1.282039124729148272e+00 3.190293435468611882e+00
1.935892200469970703e+01 1.282039124729148272e+00 3.190293435468611882e+00
1.937415671348571777e+01 1.282039124729148272e+00 3.190293435468611882e+00
1.940211701393127441e+01 1.282039124729148272e+00 3.190293435468611882e+00
1.941957378387451172e+01 1.282039124729148272e+00 3.190293435468611882e+00
1.947492170333862305e+01 1.278039002655110279e+00 3.160292519913327158e+00
1.948817133903503418e+01 1.276038941618091505e+00 3.145292062135686351e+00
1.950916576385498047e+01 1.280039063692129275e+00 3.175292977690969742e+00
1.954056167602539062e+01 1.280039063692129275e+00 3.175292977690969742e+00
1.956058716773986816e+01 1.282039124729148272e+00 3.190293435468611882e+00
1.957064986228942871e+01 1.282039124729148272e+00 3.190293435468611882e+00
1.958182477951049805e+01 1.284039185766167268e+00 3.205293893246254466e+00
1.959395027160644531e+01 1.282039124729148272e+00 3.190293435468611882e+00
1.960690140724182129e+01 1.278039002655110279e+00 3.160292519913327158e+00
1.961896085739135742e+01 1.278039002655110279e+00 3.160292519913327158e+00
1.963049960136413574e+01 1.280039063692129275e+00 3.175292977690969742e+00
1.964170050621032715e+01 1.282039124729148272e+00 3.190293435468611882e+00
1.965356731414794922e+01 1.280039063692129275e+00 3.175292977690969742e+00
1.966524410247802734e+01 1.282039124729148272e+00 3.190293435468611882e+00
1.971201252937316895e+01 1.282039124729148272e+00 3.190293435468611882e+00
1.973862218856811523e+01 1.282039124729148272e+00 3.190293435468611882e+00
1.975631999969482422e+01 1.278039002655110279e+00 3.160292519913327158e+00
1.977121424674987793e+01 1.280039063692129275e+00 3.175292977690969742e+00
1.978331041336059570e+01 1.282039124729148272e+00 3.190293435468611882e+00
1.980095934867858887e+01 1.284039185766167268e+00 3.205293893246254466e+00
1.982884860038757324e+01 1.278039002655110279e+00 3.160292519913327158e+00
1.984400868415832520e+01 1.280039063692129275e+00 3.175292977690969742e+00
1.989814734458923340e+01 1.278039002655110279e+00 3.160292519913327158e+00
1.991183710098266602e+01 1.276038941618091505e+00 3.145292062135686351e+00
1.993755412101745605e+01 1.280039063692129275e+00 3.175292977690969742e+00
1.996358823776245117e+01 1.282039124729148272e+00 3.190293435468611882e+00
1.998554491996765137e+01 1.282039124729148272e+00 3.190293435468611882e+00
2.000126600265502930e+01 1.282039124729148272e+00 3.190293435468611882e+00
2.001473879814147949e+01 1.284039185766167268e+00 3.205293893246254466e+00
2.002758216857910156e+01 1.280039063692129275e+00 3.175292977690969742e+00
2.003907799720764160e+01 1.282039124729148272e+00 3.190293435468611882e+00
2.005096030235290527e+01 1.282039124729148272e+00 3.190293435468611882e+00
2.006317877769470215e+01 1.282039124729148272e+00 3.190293435468611882e+00
2.007729482650756836e+01 1.278039002655110279e+00 3.160292519913327158e+00
2.009218311309814453e+01 1.282039124729148272e+00 3.190293435468611882e+00
2.014274191856384277e+01 1.282039124729148272e+00 3.190293435468611882e+00
2.015875077247619629e+01 1.280039063692129275e+00 3.175292977690969742e+00
2.017317986488342285e+01 1.282039124729148272e+00 3.190293435468611882e+00
2.019092655181884766e+01 1.280039063692129275e+00 3.175292977690969742e+00
2.020409107208251953e+01 1.282039124729148272e+00 3.190293435468611882e+00
2.021944904327392578e+01 1.284039185766167268e+00 3.205293893246254466e+00
2.025774002075195312e+01 1.280039063692129275e+00 3.175292977690969742e+00
2.031692624092102051e+01 1.280039063692129275e+00 3.175292977690969742e+00
2.032998657226562500e+01 1.278039002655110279e+00 3.160292519913327158e+00
2.035595440864562988e+01 1.282039124729148272e+00 3.190293435468611882e+00
2.038515591621398926e+01 1.282039124729148272e+00 3.190293435468611882e+00
2.042113637924194336e+01 1.284039185766167268e+00 3.205293893246254466e+00
2.046888923645019531e+01 1.284039185766167268e+00 3.205293893246254466e+00
2.048790574073791504e+01 1.280039063692129275e+00 3.175292977690969742e+00
2.053158378601074219e+01 1.282039124729148272e+00 3.190293435468611882e+00
2.054812955856323242e+01 1.282039124729148272e+00 3.190293435468611882e+00
2.056207394599914551e+01 1.280039063692129275e+00 3.175292977690969742e+00
2.057423520088195801e+01 1.280039063692129275e+00 3.175292977690969742e+00
2.058590626716613770e+01 1.282039124729148272e+00 3.190293435468611882e+00
2.059795618057250977e+01 1.282039124729148272e+00 3.190293435468611882e+00
2.061043906211853027e+01 1.280039063692129275e+00 3.175292977690969742e+00
2.062214946746826172e+01 1.280039063692129275e+00 3.175292977690969742e+00
2.063816547393798828e+01 1.276038941618091505e+00 3.145292062135686351e+00
2.066371560096740723e+01 1.282039124729148272e+00 3.190293435468611882e+00
2.070266413688659668e+01 1.280039063692129275e+00 3.175292977690969742e+00
2.071878170967102051e+01 1.284039185766167268e+00 3.205293893246254466e+00
2.073644852638244629e+01 1.278039002655110279e+00 3.160292519913327158e+00
2.074959421157836914e+01 1.282039124729148272e+00 3.190293435468611882e+00
2.076304364204406738e+01 1.282039124729148272e+00 3.190293435468611882e+00
2.078115105628967285e+01 1.276038941618091505e+00 3.145292062135686351e+00
2.080949950218200684e+01 1.282039124729148272e+00 3.190293435468611882e+00
2.082484841346740723e+01 1.280039063692129275e+00 3.175292977690969742e+00
2.087921810150146484e+01 1.278039002655110279e+00 3.160292519913327158e+00
2.089238858222961426e+01 1.276038941618091505e+00 3.145292062135686351e+00
2.091449546813964844e+01 1.280039063692129275e+00 3.175292977690969742e+00
2.094583559036254883e+01 1.282039124729148272e+00 3.190293435468611882e+00
2.097007155418395996e+01 1.284039185766167268e+00 3.205293893246254466e+00
2.098407816886901855e+01 1.282039124729148272e+00 3.190293435468611882e+00
2.099678730964660645e+01 1.284039185766167268e+00 3.205293893246254466e+00
2.101021575927734375e+01 1.280039063692129275e+00 3.175292977690969742e+00
2.102114248275756836e+01 1.280039063692129275e+00 3.175292977690969742e+00
2.103301501274108887e+01 1.284039185766167268e+00 3.205293893246254466e+00
2.104424476623535156e+01 1.284039185766167268e+00 3.205293893246254466e+00
2.105701375007629395e+01 1.282039124729148272e+00 3.190293435468611882e+00
2.106908988952636719e+01 1.270038758507034515e+00 3.100290688802759043e+00
2.112611269950866699e+01 1.282039124729148272e+00 3.190293435468611882e+00
2.114017462730407715e+01 1.280039063692129275e+00 3.175292977690969742e+00
2.115540909767150879e+01 1.282039124729148272e+00 3.190293435468611882e+00
2.116917228698730469e+01 1.284039185766167268e+00 3.205293893246254466e+00
2.118605923652648926e+01 1.284039185766167268e+00 3.205293893246254466e+00
2.122906160354614258e+01 1.280039063692129275e+00 3.175292977690969742e+00
2.124464201927185059e+01 1.280039063692129275e+00 3.175292977690969742e+00
2.129885554313659668e+01 1.274038880581072508e+00 3.130291604358043767e+00
2.131282138824462891e+01 1.276038941618091505e+00 3.145292062135686351e+00
2.133100938796997070e+01 1.282039124729148272e+00 3.190293435468611882e+00
2.137105393409729004e+01 1.282039124729148272e+00 3.190293435468611882e+00
2.138783431053161621e+01 1.276038941618091505e+00 3.145292062135686351e+00
2.140041303634643555e+01 1.282039124729148272e+00 3.190293435468611882e+00
2.141356921195983887e+01 1.278039002655110279e+00 3.160292519913327158e+00
2.142572116851806641e+01 1.274038880581072508e+00 3.130291604358043767e+00
2.143682551383972168e+01 1.282039124729148272e+00 3.190293435468611882e+00
2.144954133033752441e+01 1.280039063692129275e+00 3.175292977690969742e+00
2.146159315109252930e+01 1.280039063692129275e+00 3.175292977690969742e+00
2.147669959068298340e+01 1.278039002655110279e+00 3.160292519913327158e+00
2.150824832916259766e+01 1.276038941618091505e+00 3.145292062135686351e+00
2.154033112525939941e+01 1.280039063692129275e+00 3.175292977690969742e+00
2.155557227134704590e+01 1.282039124729148272e+00 3.190293435468611882e+00
2.157063364982604980e+01 1.284039185766167268e+00 3.205293893246254466e+00
2.158769941329956055e+01 1.282039124729148272e+00 3.190293435468611882e+00
2.160402774810791016e+01 1.280039063692129275e+00 3.175292977690969742e+00
2.164315128326416016e+01 1.280039063692129275e+00 3.175292977690969742e+00
2.165999269485473633e+01 1.282039124729148272e+00 3.190293435468611882e+00
2.171474361419677734e+01 1.280039063692129275e+00 3.175292977690969742e+00
2.173215126991271973e+01 1.276038941618091505e+00 3.145292062135686351e+00
2.176296544075012207e+01 1.286039246803186265e+00 3.220294351023897050e+00
2.179184508323669434e+01 1.284039185766167268e+00 3.205293893246254466e+00
2.182002234458923340e+01 1.282039124729148272e+00 3.190293435468611882e+00
2.186218571662902832e+01 1.282039124729148272e+00 3.190293435468611882e+00
2.188070869445800781e+01 1.278039002655110279e+00 3.160292519913327158e+00
2.191616106033325195e+01 1.280039063692129275e+00 3.175292977690969742e+00
2.193626976013183594e+01 1.282039124729148272e+00 3.190293435468611882e+00
2.195309138298034668e+01 1.278039002655110279e+00 3.160292519913327158e+00
2.196905326843261719e+01 1.284039185766167268e+00 3.205293893246254466e+00
2.198196721076965332e+01 1.284039185766167268e+00 3.205293893246254466e+00
2.199500203132629395e+01 1.280039063692129275e+00 3.175292977690969742e+00
2.200682663917541504e+01 1.282039124729148272e+00 3.190293435468611882e+00
2.201932740211486816e+01 1.280039063692129275e+00 3.175292977690969742e+00
2.203039598464965820e+01 1.278039002655110279e+00 3.160292519913327158e+00
2.204170870780944824e+01 1.282039124729148272e+00 3.190293435468611882e+00
2.209921073913574219e+01 1.282039124729148272e+00 3.190293435468611882e+00
2.212518644332885742e+01 1.282039124729148272e+00 3.190293435468611882e+00
2.214055085182189941e+01 1.282039124729148272e+00 3.190293435468611882e+00
2.215482020378112793e+01 1.284039185766167268e+00 3.205293893246254466e+00
2.219975781440734863e+01 1.280039063692129275e+00 3.175292977690969742e+00
2.221626710891723633e+01 1.282039124729148272e+00 3.190293435468611882e+00
2.227168631553649902e+01 1.278039002655110279e+00 3.160292519913327158e+00
2.228493046760559082e+01 1.272038819544053512e+00 3.115291146580401183e+00
2.231441664695739746e+01 1.280039063692129275e+00 3.175292977690969742e+00
2.233221888542175293e+01 1.282039124729148272e+00 3.190293435468611882e+00
2.235666728019714355e+01 1.282039124729148272e+00 3.190293435468611882e+00
2.236758708953857422e+01 1.278039002655110279e+00 3.160292519913327158e+00
2.238005781173706055e+01 1.278039002655110279e+00 3.160292519913327158e+00
2.239262509346008301e+01 1.280039063692129275e+00 3.175292977690969742e+00
2.240432310104370117e+01 1.280039063692129275e+00 3.175292977690969742e+00
2.241625833511352539e+01 1.282039124729148272e+00 3.190293435468611882e+00
2.243269586563110352e+01 1.264038575395977748e+00 3.055289315469833067e+00
2.244829702377319336e+01 1.274038880581072508e+00 3.130291604358043767e+00
2.247079968452453613e+01 1.272038819544053512e+00 3.115291146580401183e+00
2.251843070983886719e+01 1.274038880581072508e+00 3.130291604358043767e+00
2.253580904006958008e+01 1.268038697470015519e+00 3.085290231025116459e+00
2.254840946197509766e+01 1.252038209173863992e+00 2.965286568803979783e+00
2.256269407272338867e+01 1.276038941618091505e+00 3.145292062135686351e+00
2.257617187500000000e+01 1.270038758507034515e+00 3.100290688802759043e+00
2.258790516853332520e+01 1.276038941618091505e+00 3.145292062135686351e+00
