1.024202742576599121e+02 1.150035096285897618e+00 2.200263222144232422e+00
1.024337015151977539e+02 1.152035157322916392e+00 2.215263679921872786e+00
1.024480609893798828e+02 1.152035157322916392e+00 2.215263679921872786e+00
1.024639060497283936e+02 1.154035218359935167e+00 2.230264137699514038e+00
1.024814298152923584e+02 1.154035218359935167e+00 2.230264137699514038e+00
1.025024538040161133e+02 1.150035096285897618e+00 2.200263222144232422e+00
1.025215098857879639e+02 1.148035035248878621e+00 2.185262764366589838e+00
1.025647723674774170e+02 1.150035096285897618e+00 2.200263222144232422e+00
1.025901954174041748e+02 1.156035279396954163e+00 2.245264595477156178e+00
1.026057693958282471e+02 1.152035157322916392e+00 2.215263679921872786e+00
1.026279714107513428e+02 1.156035279396954163e+00 2.245264595477156178e+00
1.026432363986968994e+02 1.156035279396954163e+00 2.245264595477156178e+00
1.026570420265197754e+02 1.156035279396954163e+00 2.245264595477156178e+00
1.026926484107971191e+02 1.154035218359935167e+00 2.230264137699514038e+00
1.027205786705017090e+02 1.156035279396954163e+00 2.245264595477156178e+00
1.027504484653472900e+02 1.158035340433973159e+00 2.260265053254798762e+00
1.028070931434631348e+02 1.154035218359935167e+00 2.230264137699514038e+00
1.028204889297485352e+02 1.154035218359935167e+00 2.230264137699514038e+00
1.028478524684906006e+02 1.158035340433973159e+00 2.260265053254798762e+00
1.028908874988555908e+02 1.158035340433973159e+00 2.260265053254798762e+00
1.029082612991333008e+02 1.158035340433973159e+00 2.260265053254798762e+00
1.029228451251983643e+02 1.158035340433973159e+00 2.260265053254798762e+00
1.029350249767303467e+02 1.158035340433973159e+00 2.260265053254798762e+00
1.029907977581024170e+02 1.158035340433973159e+00 2.260265053254798762e+00
1.030083372592926025e+02 1.160035401470992156e+00 2.275265511032441346e+00
1.030228989124298096e+02 1.160035401470992156e+00 2.275265511032441346e+00
1.030360100269317627e+02 1.160035401470992156e+00 2.275265511032441346e+00
1.030492777824401855e+02 1.160035401470992156e+00 2.275265511032441346e+00
1.030654225349426270e+02 1.156035279396954163e+00 2.245264595477156178e+00
1.030830101966857910e+02 1.158035340433973159e+00 2.260265053254798762e+00
1.031117060184478760e+02 1.160035401470992156e+00 2.275265511032441346e+00
1.031401741504669189e+02 1.160035401470992156e+00 2.275265511032441346e+00
1.031702210903167725e+02 1.156035279396954163e+00 2.245264595477156178e+00
1.032255945205688477e+02 1.160035401470992156e+00 2.275265511032441346e+00
1.032395820617675781e+02 1.156035279396954163e+00 2.245264595477156178e+00
1.032626154422760010e+02 1.162035462508010930e+00 2.290265968810082153e+00
1.032975003719329834e+02 1.162035462508010930e+00 2.290265968810082153e+00
1.033202276229858398e+02 1.158035340433973159e+00 2.260265053254798762e+00
1.033329265117645264e+02 1.160035401470992156e+00 2.275265511032441346e+00
1.033452308177947998e+02 1.160035401470992156e+00 2.275265511032441346e+00
1.033605775833129883e+02 1.162035462508010930e+00 2.290265968810082153e+00
1.033977355957031250e+02 1.160035401470992156e+00 2.275265511032441346e+00
1.034211089611053467e+02 1.162035462508010930e+00 2.290265968810082153e+00
1.034379966259002686e+02 1.162035462508010930e+00 2.290265968810082153e+00
1.034553611278533936e+02 1.162035462508010930e+00 2.290265968810082153e+00
1.034702031612396240e+02 1.160035401470992156e+00 2.275265511032441346e+00
1.034830932617187500e+02 1.162035462508010930e+00 2.290265968810082153e+00
1.035058326721191406e+02 1.162035462508010930e+00 2.290265968810082153e+00
1.035497443675994873e+02 1.158035340433973159e+00 2.260265053254798762e+00
1.035869565010070801e+02 1.134034607989745869e+00 2.080259559923093970e+00
1.036490671634674072e+02 1.158035340433973159e+00 2.260265053254798762e+00
1.036624455451965332e+02 1.156035279396954163e+00 2.245264595477156178e+00
1.036897561550140381e+02 1.158035340433973159e+00 2.260265053254798762e+00
1.037192459106445312e+02 1.158035340433973159e+00 2.260265053254798762e+00
1.037477595806121826e+02 1.138034730063783861e+00 2.110260475478379139e+00
1.037828960418701172e+02 1.158035340433973159e+00 2.260265053254798762e+00
1.038141570091247559e+02 1.158035340433973159e+00 2.260265053254798762e+00
1.038401217460632324e+02 1.158035340433973159e+00 2.260265053254798762e+00
1.038686158657073975e+02 1.158035340433973159e+00 2.260265053254798762e+00
1.038957757949829102e+02 1.160035401470992156e+00 2.275265511032441346e+00
1.039072718620300293e+02 1.160035401470992156e+00 2.275265511032441346e+00
1.039259076118469238e+02 1.154035218359935167e+00 2.230264137699514038e+00
1.039441220760345459e+02 1.152035157322916392e+00 2.215263679921872786e+00
1.039949581623077393e+02 1.160035401470992156e+00 2.275265511032441346e+00
1.040100255012512207e+02 1.158035340433973159e+00 2.260265053254798762e+00
1.040322556495666504e+02 1.160035401470992156e+00 2.275265511032441346e+00
1.040515394210815430e+02 1.160035401470992156e+00 2.275265511032441346e+00
1.040635266304016113e+02 1.160035401470992156e+00 2.275265511032441346e+00
1.040811905860900879e+02 1.160035401470992156e+00 2.275265511032441346e+00
1.041225347518920898e+02 1.160035401470992156e+00 2.275265511032441346e+00
1.041612386703491211e+02 1.160035401470992156e+00 2.275265511032441346e+00
1.042204599380493164e+02 1.156035279396954163e+00 2.245264595477156178e+00
1.042338440418243408e+02 1.156035279396954163e+00 2.245264595477156178e+00
1.042628467082977295e+02 1.162035462508010930e+00 2.290265968810082153e+00
1.042864580154418945e+02 1.156035279396954163e+00 2.245264595477156178e+00
1.043189353942871094e+02 1.162035462508010930e+00 2.290265968810082153e+00
1.043355364799499512e+02 1.160035401470992156e+00 2.275265511032441346e+00
1.043505737781524658e+02 1.162035462508010930e+00 2.290265968810082153e+00
1.043665215969085693e+02 1.162035462508010930e+00 2.290265968810082153e+00
1.044174082279205322e+02 1.162035462508010930e+00 2.290265968810082153e+00
1.044324393272399902e+02 1.160035401470992156e+00 2.275265511032441346e+00
1.044447007179260254e+02 1.160035401470992156e+00 2.275265511032441346e+00
1.044635510444641113e+02 1.160035401470992156e+00 2.275265511032441346e+00
1.044803509712219238e+02 1.162035462508010930e+00 2.290265968810082153e+00
1.044952559471130371e+02 1.162035462508010930e+00 2.290265968810082153e+00
1.045083930492401123e+02 1.162035462508010930e+00 2.290265968810082153e+00
1.045601105690002441e+02 1.162035462508010930e+00 2.290265968810082153e+00
1.045907850265502930e+02 1.164035523545029926e+00 2.305266426587724737e+00
1.046599733829498291e+02 1.160035401470992156e+00 2.275265511032441346e+00
1.046737787723541260e+02 1.160035401470992156e+00 2.275265511032441346e+00
1.046968889236450195e+02 1.164035523545029926e+00 2.305266426587724737e+00
1.047259402275085449e+02 1.160035401470992156e+00 2.275265511032441346e+00
1.047520461082458496e+02 1.162035462508010930e+00 2.290265968810082153e+00
1.047643690109252930e+02 1.164035523545029926e+00 2.305266426587724737e+00
1.047785601615905762e+02 1.164035523545029926e+00 2.305266426587724737e+00
1.047994692325592041e+02 1.160035401470992156e+00 2.275265511032441346e+00
1.048488659858703613e+02 1.164035523545029926e+00 2.305266426587724737e+00
1.048621900081634521e+02 1.164035523545029926e+00 2.305266426587724737e+00
1.048805005550384521e+02 1.160035401470992156e+00 2.275265511032441346e+00
1.048929810523986816e+02 1.164035523545029926e+00 2.305266426587724737e+00
1.049068517684936523e+02 1.164035523545029926e+00 2.305266426587724737e+00
1.049203433990478516e+02 1.160035401470992156e+00 2.275265511032441346e+00
1.049348375797271729e+02 1.164035523545029926e+00 2.305266426587724737e+00
1.049615075588226318e+02 1.162035462508010930e+00 2.290265968810082153e+00
1.049934132099151611e+02 1.162035462508010930e+00 2.290265968810082153e+00
1.050238239765167236e+02 1.164035523545029926e+00 2.305266426587724737e+00
1.050797166824340820e+02 1.160035401470992156e+00 2.275265511032441346e+00
1.050939207077026367e+02 1.160035401470992156e+00 2.275265511032441346e+00
1.051182305812835693e+02 1.162035462508010930e+00 2.290265968810082153e+00
1.051475679874420166e+02 1.164035523545029926e+00 2.305266426587724737e+00
1.051768078804016113e+02 1.164035523545029926e+00 2.305266426587724737e+00
1.052363364696502686e+02 1.164035523545029926e+00 2.305266426587724737e+00
1.052485792636871338e+02 1.164035523545029926e+00 2.305266426587724737e+00
1.052724666595458984e+02 1.164035523545029926e+00 2.305266426587724737e+00
1.053016157150268555e+02 1.164035523545029926e+00 2.305266426587724737e+00
1.053226096630096436e+02 1.164035523545029926e+00 2.305266426587724737e+00
1.053363332748413086e+02 1.164035523545029926e+00 2.305266426587724737e+00
1.053560166358947754e+02 1.162035462508010930e+00 2.290265968810082153e+00
1.053676135540008545e+02 1.164035523545029926e+00 2.305266426587724737e+00
1.054170091152191162e+02 1.164035523545029926e+00 2.305266426587724737e+00
1.054420645236968994e+02 1.164035523545029926e+00 2.305266426587724737e+00
1.054596865177154541e+02 1.164035523545029926e+00 2.305266426587724737e+00
1.054742047786712646e+02 1.162035462508010930e+00 2.290265968810082153e+00
1.054917454719543457e+02 1.164035523545029926e+00 2.305266426587724737e+00
1.055062406063079834e+02 1.164035523545029926e+00 2.305266426587724737e+00
1.055348522663116455e+02 1.164035523545029926e+00 2.305266426587724737e+00
1.055660667419433594e+02 1.160035401470992156e+00 2.275265511032441346e+00
1.055955197811126709e+02 1.166035584582048923e+00 2.320266884365366877e+00
1.056518900394439697e+02 1.164035523545029926e+00 2.305266426587724737e+00
1.056653060913085938e+02 1.158035340433973159e+00 2.260265053254798762e+00
1.056941027641296387e+02 1.162035462508010930e+00 2.290265968810082153e+00
1.057402837276458740e+02 1.164035523545029926e+00 2.305266426587724737e+00
1.057560284137725830e+02 1.166035584582048923e+00 2.320266884365366877e+00
1.057746961116790771e+02 1.164035523545029926e+00 2.305266426587724737e+00
1.057926318645477295e+02 1.164035523545029926e+00 2.305266426587724737e+00
1.058617737293243408e+02 1.170035706656086916e+00 2.350267799920652045e+00
1.058798582553863525e+02 1.170035706656086916e+00 2.350267799920652045e+00
1.058937733173370361e+02 1.170035706656086916e+00 2.350267799920652045e+00
1.059064302444458008e+02 1.170035706656086916e+00 2.350267799920652045e+00
1.059237444400787354e+02 1.166035584582048923e+00 2.320266884365366877e+00
1.059381864070892334e+02 1.170035706656086916e+00 2.350267799920652045e+00
1.059522531032562256e+02 1.170035706656086916e+00 2.350267799920652045e+00
1.059959316253662109e+02 1.170035706656086916e+00 2.350267799920652045e+00
1.060274481773376465e+02 1.170035706656086916e+00 2.350267799920652045e+00
1.060863063335418701e+02 1.170035706656086916e+00 2.350267799920652045e+00
1.061103098392486572e+02 1.164035523545029926e+00 2.305266426587724737e+00
1.061399295330047607e+02 1.170035706656086916e+00 2.350267799920652045e+00
1.061640129089355469e+02 1.170035706656086916e+00 2.350267799920652045e+00
1.061805505752563477e+02 1.170035706656086916e+00 2.350267799920652045e+00
1.061956303119659424e+02 1.170035706656086916e+00 2.350267799920652045e+00
1.062079493999481201e+02 1.170035706656086916e+00 2.350267799920652045e+00
1.062238032817840576e+02 1.170035706656086916e+00 2.350267799920652045e+00
1.062764332294464111e+02 1.170035706656086916e+00 2.350267799920652045e+00
1.062942185401916504e+02 1.170035706656086916e+00 2.350267799920652045e+00
1.063092544078826904e+02 1.170035706656086916e+00 2.350267799920652045e+00
1.063281352519989014e+02 1.166035584582048923e+00 2.320266884365366877e+00
1.063443543910980225e+02 1.170035706656086916e+00 2.350267799920652045e+00
1.063648581504821777e+02 1.170035706656086916e+00 2.350267799920652045e+00
1.063895707130432129e+02 1.170035706656086916e+00 2.350267799920652045e+00
1.064409778118133545e+02 1.170035706656086916e+00 2.350267799920652045e+00
1.065000541210174561e+02 1.170035706656086916e+00 2.350267799920652045e+00
1.065135343074798584e+02 1.166035584582048923e+00 2.320266884365366877e+00
1.065316603183746338e+02 1.170035706656086916e+00 2.350267799920652045e+00
1.065610575675964355e+02 1.166035584582048923e+00 2.320266884365366877e+00
1.065897164344787598e+02 1.170035706656086916e+00 2.350267799920652045e+00
1.066185274124145508e+02 1.170035706656086916e+00 2.350267799920652045e+00
1.066609532833099365e+02 1.170035706656086916e+00 2.350267799920652045e+00
1.066809465885162354e+02 1.164035523545029926e+00 2.305266426587724737e+00
1.067267756462097168e+02 1.162035462508010930e+00 2.290265968810082153e+00
1.067621369361877441e+02 1.170035706656086916e+00 2.350267799920652045e+00
1.067764029502868652e+02 1.170035706656086916e+00 2.350267799920652045e+00
1.067892761230468750e+02 1.170035706656086916e+00 2.350267799920652045e+00
1.068039658069610596e+02 1.170035706656086916e+00 2.350267799920652045e+00
1.068447873592376709e+02 1.170035706656086916e+00 2.350267799920652045e+00
1.068700926303863525e+02 1.170035706656086916e+00 2.350267799920652045e+00
1.068860256671905518e+02 1.170035706656086916e+00 2.350267799920652045e+00
1.068998143672943115e+02 1.170035706656086916e+00 2.350267799920652045e+00
1.069135208129882812e+02 1.170035706656086916e+00 2.350267799920652045e+00
1.069363672733306885e+02 1.168035645619067919e+00 2.335267342143009461e+00
1.069508609771728516e+02 1.170035706656086916e+00 2.350267799920652045e+00
1.069644427299499512e+02 1.170035706656086916e+00 2.350267799920652045e+00
1.070046973228454590e+02 1.170035706656086916e+00 2.350267799920652045e+00
1.070356116294860840e+02 1.170035706656086916e+00 2.350267799920652045e+00
1.070913159847259521e+02 1.168035645619067919e+00 2.335267342143009461e+00
1.071044957637786865e+02 1.166035584582048923e+00 2.320266884365366877e+00
1.071422879695892334e+02 1.166035584582048923e+00 2.320266884365366877e+00
1.071743788719177246e+02 1.170035706656086916e+00 2.350267799920652045e+00
1.071919043064117432e+02 1.164035523545029926e+00 2.305266426587724737e+00
1.072069363594055176e+02 1.170035706656086916e+00 2.350267799920652045e+00
1.072218329906463623e+02 1.170035706656086916e+00 2.350267799920652045e+00
1.072446215152740479e+02 1.166035584582048923e+00 2.320266884365366877e+00
1.072795805931091309e+02 1.170035706656086916e+00 2.350267799920652045e+00
1.072948923110961914e+02 1.170035706656086916e+00 2.350267799920652045e+00
1.073084454536437988e+02 1.170035706656086916e+00 2.350267799920652045e+00
1.073234457969665527e+02 1.170035706656086916e+00 2.350267799920652045e+00
1.073377361297607422e+02 1.166035584582048923e+00 2.320266884365366877e+00
1.073495502471923828e+02 1.172035767693105690e+00 2.365268257698292853e+00
1.073640325069427490e+02 1.170035706656086916e+00 2.350267799920652045e+00
1.073774678707122803e+02 1.170035706656086916e+00 2.350267799920652045e+00
1.074441635608673096e+02 1.170035706656086916e+00 2.350267799920652045e+00
1.074582748413085938e+02 1.168035645619067919e+00 2.335267342143009461e+00
1.075172934532165527e+02 1.168035645619067919e+00 2.335267342143009461e+00
1.075319240093231201e+02 1.166035584582048923e+00 2.320266884365366877e+00
1.075597732067108154e+02 1.170035706656086916e+00 2.350267799920652045e+00
1.075919337272644043e+02 1.170035706656086916e+00 2.350267799920652045e+00
1.076098084449768066e+02 1.170035706656086916e+00 2.350267799920652045e+00
1.076245832443237305e+02 1.170035706656086916e+00 2.350267799920652045e+00
1.076389112472534180e+02 1.168035645619067919e+00 2.335267342143009461e+00
1.076536607742309570e+02 1.170035706656086916e+00 2.350267799920652045e+00
1.076926295757293701e+02 1.170035706656086916e+00 2.350267799920652045e+00
1.077205572128295898e+02 1.168035645619067919e+00 2.335267342143009461e+00
1.077356157302856445e+02 1.170035706656086916e+00 2.350267799920652045e+00
1.077562448978424072e+02 1.170035706656086916e+00 2.350267799920652045e+00
1.077730934619903564e+02 1.170035706656086916e+00 2.350267799920652045e+00
1.077879927158355713e+02 1.172035767693105690e+00 2.365268257698292853e+00
1.078018245697021484e+02 1.172035767693105690e+00 2.365268257698292853e+00
1.078402421474456787e+02 1.170035706656086916e+00 2.350267799920652045e+00
1.078774976730346680e+02 1.170035706656086916e+00 2.350267799920652045e+00
1.079364714622497559e+02 1.170035706656086916e+00 2.350267799920652045e+00
1.079506399631500244e+02 1.164035523545029926e+00 2.305266426587724737e+00
1.079770681858062744e+02 1.170035706656086916e+00 2.350267799920652045e+00
1.080067653656005859e+02 1.172035767693105690e+00 2.365268257698292853e+00
1.080353450775146484e+02 1.170035706656086916e+00 2.350267799920652045e+00
1.080658204555511475e+02 1.170035706656086916e+00 2.350267799920652045e+00
1.081020565032958984e+02 1.166035584582048923e+00 2.320266884365366877e+00
1.081285903453826904e+02 1.168035645619067919e+00 2.335267342143009461e+00
1.081583421230316162e+02 1.170035706656086916e+00 2.350267799920652045e+00
1.081815848350524902e+02 1.170035706656086916e+00 2.350267799920652045e+00
1.081957669258117676e+02 1.170035706656086916e+00 2.350267799920652045e+00
1.082091968059539795e+02 1.170035706656086916e+00 2.350267799920652045e+00
1.082218298912048340e+02 1.170035706656086916e+00 2.350267799920652045e+00
1.082750546932220459e+02 1.170035706656086916e+00 2.350267799920652045e+00
1.082932744026184082e+02 1.168035645619067919e+00 2.335267342143009461e+00
1.083140299320220947e+02 1.170035706656086916e+00 2.350267799920652045e+00
1.083300776481628418e+02 1.170035706656086916e+00 2.350267799920652045e+00
1.083476736545562744e+02 1.170035706656086916e+00 2.350267799920652045e+00
1.083653070926666260e+02 1.170035706656086916e+00 2.350267799920652045e+00
1.084191710948944092e+02 1.170035706656086916e+00 2.350267799920652045e+00
1.084508244991302490e+02 1.170035706656086916e+00 2.350267799920652045e+00
1.085066843032836914e+02 1.168035645619067919e+00 2.335267342143009461e+00
1.085204436779022217e+02 1.166035584582048923e+00 2.320266884365366877e+00
1.085447592735290527e+02 1.170035706656086916e+00 2.350267799920652045e+00
1.085771467685699463e+02 1.170035706656086916e+00 2.350267799920652045e+00
1.085978741645812988e+02 1.170035706656086916e+00 2.350267799920652045e+00
1.086130061149597168e+02 1.172035767693105690e+00 2.365268257698292853e+00
1.086309673786163330e+02 1.166035584582048923e+00 2.320266884365366877e+00
1.086575286388397217e+02 1.170035706656086916e+00 2.350267799920652045e+00
1.086996250152587891e+02 1.170035706656086916e+00 2.350267799920652045e+00
1.087228295803070068e+02 1.170035706656086916e+00 2.350267799920652045e+00
1.087380518913269043e+02 1.170035706656086916e+00 2.350267799920652045e+00
1.087520372867584229e+02 1.170035706656086916e+00 2.350267799920652045e+00
1.087741787433624268e+02 1.170035706656086916e+00 2.350267799920652045e+00
1.087900977134704590e+02 1.170035706656086916e+00 2.350267799920652045e+00
1.088561356067657471e+02 1.172035767693105690e+00 2.365268257698292853e+00
1.088709316253662109e+02 1.170035706656086916e+00 2.350267799920652045e+00
1.089259457588195801e+02 1.168035645619067919e+00 2.335267342143009461e+00
1.089461040496826172e+02 1.168035645619067919e+00 2.335267342143009461e+00
1.089647636413574219e+02 1.170035706656086916e+00 2.350267799920652045e+00
1.089940259456634521e+02 1.170035706656086916e+00 2.350267799920652045e+00
1.090168669223785400e+02 1.170035706656086916e+00 2.350267799920652045e+00
1.090350804328918457e+02 1.170035706656086916e+00 2.350267799920652045e+00
1.090483131408691406e+02 1.170035706656086916e+00 2.350267799920652045e+00
1.090595216751098633e+02 1.170035706656086916e+00 2.350267799920652045e+00
1.091149642467498779e+02 1.170035706656086916e+00 2.350267799920652045e+00
1.091281208992004395e+02 1.168035645619067919e+00 2.335267342143009461e+00
1.091427445411682129e+02 1.168035645619067919e+00 2.335267342143009461e+00
1.091574945449829102e+02 1.170035706656086916e+00 2.350267799920652045e+00
1.091713640689849854e+02 1.168035645619067919e+00 2.335267342143009461e+00
1.091849710941314697e+02 1.170035706656086916e+00 2.350267799920652045e+00
1.091974494457244873e+02 1.170035706656086916e+00 2.350267799920652045e+00
1.092124998569488525e+02 1.172035767693105690e+00 2.365268257698292853e+00
1.092571659088134766e+02 1.168035645619067919e+00 2.335267342143009461e+00
1.092868223190307617e+02 1.170035706656086916e+00 2.350267799920652045e+00
1.093434178829193115e+02 1.168035645619067919e+00 2.335267342143009461e+00
1.093661954402923584e+02 1.166035584582048923e+00 2.320266884365366877e+00
1.093920197486877441e+02 1.168035645619067919e+00 2.335267342143009461e+00
1.094228656291961670e+02 1.170035706656086916e+00 2.350267799920652045e+00
1.094518158435821533e+02 1.170035706656086916e+00 2.350267799920652045e+00
1.094985802173614502e+02 1.172035767693105690e+00 2.365268257698292853e+00
1.095195574760437012e+02 1.170035706656086916e+00 2.350267799920652045e+00
1.095494556427001953e+02 1.170035706656086916e+00 2.350267799920652045e+00
1.095818283557891846e+02 1.170035706656086916e+00 2.350267799920652045e+00
1.095959289073944092e+02 1.170035706656086916e+00 2.350267799920652045e+00
1.096083981990814209e+02 1.170035706656086916e+00 2.350267799920652045e+00
1.096243970394134521e+02 1.170035706656086916e+00 2.350267799920652045e+00
1.096800510883331299e+02 1.170035706656086916e+00 2.350267799920652045e+00
1.096971821784973145e+02 1.170035706656086916e+00 2.350267799920652045e+00
1.097135004997253418e+02 1.170035706656086916e+00 2.350267799920652045e+00
1.097278196811676025e+02 1.170035706656086916e+00 2.350267799920652045e+00
1.097427787780761719e+02 1.170035706656086916e+00 2.350267799920652045e+00
1.097570323944091797e+02 1.170035706656086916e+00 2.350267799920652045e+00
1.097700181007385254e+02 1.170035706656086916e+00 2.350267799920652045e+00
1.098201854228973389e+02 1.170035706656086916e+00 2.350267799920652045e+00
1.098495986461639404e+02 1.170035706656086916e+00 2.350267799920652045e+00
1.099074475765228271e+02 1.170035706656086916e+00 2.350267799920652045e+00
1.099210448265075684e+02 1.166035584582048923e+00 2.320266884365366877e+00
1.099500210285186768e+02 1.170035706656086916e+00 2.350267799920652045e+00
1.099823791980743408e+02 1.170035706656086916e+00 2.350267799920652045e+00
1.100028889179229736e+02 1.170035706656086916e+00 2.350267799920652045e+00
1.100215227603912354e+02 1.170035706656086916e+00 2.350267799920652045e+00
1.100340692996978760e+02 1.170035706656086916e+00 2.350267799920652045e+00
1.100529186725616455e+02 1.168035645619067919e+00 2.335267342143009461e+00
1.101010222434997559e+02 1.168035645619067919e+00 2.335267342143009461e+00
1.101158823966979980e+02 1.170035706656086916e+00 2.350267799920652045e+00
1.101278169155120850e+02 1.168035645619067919e+00 2.335267342143009461e+00
1.101411478519439697e+02 1.170035706656086916e+00 2.350267799920652045e+00
1.101593925952911377e+02 1.170035706656086916e+00 2.350267799920652045e+00
1.101769704818725586e+02 1.170035706656086916e+00 2.350267799920652045e+00
1.102255196571350098e+02 1.168035645619067919e+00 2.335267342143009461e+00
1.102675333023071289e+02 1.170035706656086916e+00 2.350267799920652045e+00
1.103245413303375244e+02 1.168035645619067919e+00 2.335267342143009461e+00
1.103391635417938232e+02 1.164035523545029926e+00 2.305266426587724737e+00
1.103745448589324951e+02 1.168035645619067919e+00 2.335267342143009461e+00
1.104152660369873047e+02 1.170035706656086916e+00 2.350267799920652045e+00
1.104279897212982178e+02 1.170035706656086916e+00 2.350267799920652045e+00
1.104450387954711914e+02 1.170035706656086916e+00 2.350267799920652045e+00
1.104580619335174561e+02 1.170035706656086916e+00 2.350267799920652045e+00
1.105069777965545654e+02 1.170035706656086916e+00 2.350267799920652045e+00
1.105245709419250488e+02 1.170035706656086916e+00 2.350267799920652045e+00
1.105379080772399902e+02 1.170035706656086916e+00 2.350267799920652045e+00
1.105513443946838379e+02 1.170035706656086916e+00 2.350267799920652045e+00
1.105648388862609863e+02 1.170035706656086916e+00 2.350267799920652045e+00
1.105845789909362793e+02 1.168035645619067919e+00 2.335267342143009461e+00
1.106026031970977783e+02 1.170035706656086916e+00 2.350267799920652045e+00
1.106241140365600586e+02 1.170035706656086916e+00 2.350267799920652045e+00
1.106784114837646484e+02 1.170035706656086916e+00 2.350267799920652045e+00
1.107376103401184082e+02 1.166035584582048923e+00 2.320266884365366877e+00
1.107514376640319824e+02 1.166035584582048923e+00 2.320266884365366877e+00
1.107717432975769043e+02 1.170035706656086916e+00 2.350267799920652045e+00
1.108032524585723877e+02 1.172035767693105690e+00 2.365268257698292853e+00
1.108322110176086426e+02 1.164035523545029926e+00 2.305266426587724737e+00
1.108627262115478516e+02 1.166035584582048923e+00 2.320266884365366877e+00
1.109044125080108643e+02 1.166035584582048923e+00 2.320266884365366877e+00
1.109251260757446289e+02 1.164035523545029926e+00 2.305266426587724737e+00
1.109545331001281738e+02 1.166035584582048923e+00 2.320266884365366877e+00
1.109863400459289551e+02 1.140034791100802858e+00 2.125260933256021723e+00
1.110052537918090820e+02 1.166035584582048923e+00 2.320266884365366877e+00
1.110200693607330322e+02 1.166035584582048923e+00 2.320266884365366877e+00
1.110362355709075928e+02 1.164035523545029926e+00 2.305266426587724737e+00
1.110927717685699463e+02 1.166035584582048923e+00 2.320266884365366877e+00
1.111134519577026367e+02 1.144034913174840629e+00 2.155261848811304670e+00
1.111294198036193848e+02 1.162035462508010930e+00 2.290265968810082153e+00
1.111449344158172607e+02 1.166035584582048923e+00 2.320266884365366877e+00
1.111618194580078125e+02 1.162035462508010930e+00 2.290265968810082153e+00
1.111751196384429932e+02 1.166035584582048923e+00 2.320266884365366877e+00
1.112044765949249268e+02 1.166035584582048923e+00 2.320266884365366877e+00
1.112369279861450195e+02 1.166035584582048923e+00 2.320266884365366877e+00
1.112667803764343262e+02 1.164035523545029926e+00 2.305266426587724737e+00
1.113249318599700928e+02 1.166035584582048923e+00 2.320266884365366877e+00
1.113386015892028809e+02 1.162035462508010930e+00 2.290265968810082153e+00
1.113657357692718506e+02 1.164035523545029926e+00 2.305266426587724737e+00
1.114118173122406006e+02 1.164035523545029926e+00 2.305266426587724737e+00
1.114233658313751221e+02 1.164035523545029926e+00 2.305266426587724737e+00
1.114385566711425781e+02 1.166035584582048923e+00 2.320266884365366877e+00
1.114514470100402832e+02 1.166035584582048923e+00 2.320266884365366877e+00
1.114712812900543213e+02 1.164035523545029926e+00 2.305266426587724737e+00
1.115132832527160645e+02 1.164035523545029926e+00 2.305266426587724737e+00
1.115303320884704590e+02 1.166035584582048923e+00 2.320266884365366877e+00
1.115458996295928955e+02 1.166035584582048923e+00 2.320266884365366877e+00
1.115662808418273926e+02 1.164035523545029926e+00 2.305266426587724737e+00
1.115839948654174805e+02 1.166035584582048923e+00 2.320266884365366877e+00
1.115974395275115967e+02 1.162035462508010930e+00 2.290265968810082153e+00
1.116167891025543213e+02 1.164035523545029926e+00 2.305266426587724737e+00
1.116495745182037354e+02 1.164035523545029926e+00 2.305266426587724737e+00
1.116869938373565674e+02 1.164035523545029926e+00 2.305266426587724737e+00
1.117606258392333984e+02 1.166035584582048923e+00 2.320266884365366877e+00
1.117740073204040527e+02 1.162035462508010930e+00 2.290265968810082153e+00
1.117996270656585693e+02 1.164035523545029926e+00 2.305266426587724737e+00
1.118321573734283447e+02 1.164035523545029926e+00 2.305266426587724737e+00
1.118547830581665039e+02 1.166035584582048923e+00 2.320266884365366877e+00
1.118737342357635498e+02 1.166035584582048923e+00 2.320266884365366877e+00
1.118894627094268799e+02 1.166035584582048923e+00 2.320266884365366877e+00
1.119427821636199951e+02 1.164035523545029926e+00 2.305266426587724737e+00
1.119610662460327148e+02 1.166035584582048923e+00 2.320266884365366877e+00
1.119798152446746826e+02 1.166035584582048923e+00 2.320266884365366877e+00
1.119932882785797119e+02 1.166035584582048923e+00 2.320266884365366877e+00
1.120133049488067627e+02 1.164035523545029926e+00 2.305266426587724737e+00
1.120335249900817871e+02 1.164035523545029926e+00 2.305266426587724737e+00
1.120758850574493408e+02 1.166035584582048923e+00 2.320266884365366877e+00
1.121143367290496826e+02 1.166035584582048923e+00 2.320266884365366877e+00
1.121739363670349121e+02 1.164035523545029926e+00 2.305266426587724737e+00
1.121875667572021484e+02 1.162035462508010930e+00 2.290265968810082153e+00
1.122187325954437256e+02 1.164035523545029926e+00 2.305266426587724737e+00
1.122485582828521729e+02 1.166035584582048923e+00 2.320266884365366877e+00
1.122792303562164307e+02 1.166035584582048923e+00 2.320266884365366877e+00
1.123307726383209229e+02 1.166035584582048923e+00 2.320266884365366877e+00
1.123430511951446533e+02 1.164035523545029926e+00 2.305266426587724737e+00
1.123668992519378662e+02 1.166035584582048923e+00 2.320266884365366877e+00
1.124123222827911377e+02 1.166035584582048923e+00 2.320266884365366877e+00
1.124277865886688232e+02 1.166035584582048923e+00 2.320266884365366877e+00
1.124441328048706055e+02 1.164035523545029926e+00 2.305266426587724737e+00
1.124590828418731689e+02 1.164035523545029926e+00 2.305266426587724737e+00
1.124813184738159180e+02 1.166035584582048923e+00 2.320266884365366877e+00
1.125125858783721924e+02 1.166035584582048923e+00 2.320266884365366877e+00
1.125346922874450684e+02 1.166035584582048923e+00 2.320266884365366877e+00
1.125498745441436768e+02 1.166035584582048923e+00 2.320266884365366877e+00
1.125681605339050293e+02 1.166035584582048923e+00 2.320266884365366877e+00
1.125877344608306885e+02 1.162035462508010930e+00 2.290265968810082153e+00
1.126037111282348633e+02 1.164035523545029926e+00 2.305266426587724737e+00
1.126442604064941406e+02 1.166035584582048923e+00 2.320266884365366877e+00
1.126862373352050781e+02 1.164035523545029926e+00 2.305266426587724737e+00
1.127450397014617920e+02 1.166035584582048923e+00 2.320266884365366877e+00
1.127583723068237305e+02 1.162035462508010930e+00 2.290265968810082153e+00
1.127833640575408936e+02 1.164035523545029926e+00 2.305266426587724737e+00
1.128132889270782471e+02 1.164035523545029926e+00 2.305266426587724737e+00
1.128452541828155518e+02 1.164035523545029926e+00 2.305266426587724737e+00
1.128603191375732422e+02 1.166035584582048923e+00 2.320266884365366877e+00
1.128777587413787842e+02 1.162035462508010930e+00 2.290265968810082153e+00
1.129205787181854248e+02 1.160035401470992156e+00 2.275265511032441346e+00
1.129400453567504883e+02 1.162035462508010930e+00 2.290265968810082153e+00
1.129604868888854980e+02 1.164035523545029926e+00 2.305266426587724737e+00
1.129755558967590332e+02 1.166035584582048923e+00 2.320266884365366877e+00
1.129939627647399902e+02 1.164035523545029926e+00 2.305266426587724737e+00
1.130116150379180908e+02 1.166035584582048923e+00 2.320266884365366877e+00
1.130257713794708252e+02 1.166035584582048923e+00 2.320266884365366877e+00
1.130925977230072021e+02 1.166035584582048923e+00 2.320266884365366877e+00
1.131223044395446777e+02 1.172035767693105690e+00 2.365268257698292853e+00
1.131793467998504639e+02 1.168035645619067919e+00 2.335267342143009461e+00
1.132059054374694824e+02 1.168035645619067919e+00 2.335267342143009461e+00
1.132362513542175293e+02 1.170035706656086916e+00 2.350267799920652045e+00
1.132673263549804688e+02 1.172035767693105690e+00 2.365268257698292853e+00
1.132864074707031250e+02 1.166035584582048923e+00 2.320266884365366877e+00
1.133089945316314697e+02 1.170035706656086916e+00 2.350267799920652045e+00
1.133517506122589111e+02 1.172035767693105690e+00 2.365268257698292853e+00
1.133708441257476807e+02 1.170035706656086916e+00 2.350267799920652045e+00
1.133850455284118652e+02 1.170035706656086916e+00 2.350267799920652045e+00
1.133999488353729248e+02 1.170035706656086916e+00 2.350267799920652045e+00
1.134116671085357666e+02 1.168035645619067919e+00 2.335267342143009461e+00
1.134275360107421875e+02 1.170035706656086916e+00 2.350267799920652045e+00
1.134405562877655029e+02 1.170035706656086916e+00 2.350267799920652045e+00
1.134564700126647949e+02 1.170035706656086916e+00 2.350267799920652045e+00
1.135104153156280518e+02 1.170035706656086916e+00 2.350267799920652045e+00
1.135432898998260498e+02 1.170035706656086916e+00 2.350267799920652045e+00
1.136092135906219482e+02 1.168035645619067919e+00 2.335267342143009461e+00
1.136232414245605469e+02 1.166035584582048923e+00 2.320266884365366877e+00
1.136408967971801758e+02 1.170035706656086916e+00 2.350267799920652045e+00
1.136738524436950684e+02 1.170035706656086916e+00 2.350267799920652045e+00
1.137025554180145264e+02 1.166035584582048923e+00 2.320266884365366877e+00
1.137311868667602539e+02 1.170035706656086916e+00 2.350267799920652045e+00
1.137736437320709229e+02 1.170035706656086916e+00 2.350267799920652045e+00
1.137943856716156006e+02 1.168035645619067919e+00 2.335267342143009461e+00
1.138310053348541260e+02 1.170035706656086916e+00 2.350267799920652045e+00
1.138572740554809570e+02 1.170035706656086916e+00 2.350267799920652045e+00
1.138730790615081787e+02 1.170035706656086916e+00 2.350267799920652045e+00
1.138945295810699463e+02 1.170035706656086916e+00 2.350267799920652045e+00
1.139365322589874268e+02 1.170035706656086916e+00 2.350267799920652045e+00
1.139585368633270264e+02 1.168035645619067919e+00 2.335267342143009461e+00
1.139720766544342041e+02 1.170035706656086916e+00 2.350267799920652045e+00
1.139877176284790039e+02 1.170035706656086916e+00 2.350267799920652045e+00
1.140038113594055176e+02 1.170035706656086916e+00 2.350267799920652045e+00
1.140190107822418213e+02 1.170035706656086916e+00 2.350267799920652045e+00
1.140320246219635010e+02 1.170035706656086916e+00 2.350267799920652045e+00
1.140462050437927246e+02 1.172035767693105690e+00 2.365268257698292853e+00
1.140687825679779053e+02 1.170035706656086916e+00 2.350267799920652045e+00
1.141160287857055664e+02 1.172035767693105690e+00 2.365268257698292853e+00
1.141298787593841553e+02 1.170035706656086916e+00 2.350267799920652045e+00
1.141849262714385986e+02 1.168035645619067919e+00 2.335267342143009461e+00
1.141983337402343750e+02 1.168035645619067919e+00 2.335267342143009461e+00
1.142280240058898926e+02 1.168035645619067919e+00 2.335267342143009461e+00
1.142683031558990479e+02 1.170035706656086916e+00 2.350267799920652045e+00
1.142886388301849365e+02 1.168035645619067919e+00 2.335267342143009461e+00
1.143069787025451660e+02 1.170035706656086916e+00 2.350267799920652045e+00
1.143188281059265137e+02 1.170035706656086916e+00 2.350267799920652045e+00
1.143683662414550781e+02 1.168035645619067919e+00 2.335267342143009461e+00
1.143863267898559570e+02 1.170035706656086916e+00 2.350267799920652045e+00
1.144003236293792725e+02 1.170035706656086916e+00 2.350267799920652045e+00
1.144136509895324707e+02 1.170035706656086916e+00 2.350267799920652045e+00
1.144289333820343018e+02 1.170035706656086916e+00 2.350267799920652045e+00
1.144428765773773193e+02 1.170035706656086916e+00 2.350267799920652045e+00
1.144570012092590332e+02 1.172035767693105690e+00 2.365268257698292853e+00
1.144699003696441650e+02 1.172035767693105690e+00 2.365268257698292853e+00
1.145078487396240234e+02 1.172035767693105690e+00 2.365268257698292853e+00
1.145460112094879150e+02 1.170035706656086916e+00 2.350267799920652045e+00
1.146055190563201904e+02 1.168035645619067919e+00 2.335267342143009461e+00
1.146194233894348145e+02 1.168035645619067919e+00 2.335267342143009461e+00
1.146443474292755127e+02 1.168035645619067919e+00 2.335267342143009461e+00
1.146771204471588135e+02 1.168035645619067919e+00 2.335267342143009461e+00
1.147005894184112549e+02 1.172035767693105690e+00 2.365268257698292853e+00
1.147160177230834961e+02 1.168035645619067919e+00 2.335267342143009461e+00
1.147335333824157715e+02 1.170035706656086916e+00 2.350267799920652045e+00
1.147885196208953857e+02 1.172035767693105690e+00 2.365268257698292853e+00
1.148027889728546143e+02 1.170035706656086916e+00 2.350267799920652045e+00
1.148201782703399658e+02 1.172035767693105690e+00 2.365268257698292853e+00
1.148381636142730713e+02 1.170035706656086916e+00 2.350267799920652045e+00
1.148527781963348389e+02 1.170035706656086916e+00 2.350267799920652045e+00
1.148707034587860107e+02 1.168035645619067919e+00 2.335267342143009461e+00
1.148909642696380615e+02 1.170035706656086916e+00 2.350267799920652045e+00
1.149364240169525146e+02 1.170035706656086916e+00 2.350267799920652045e+00
1.149660263061523438e+02 1.172035767693105690e+00 2.365268257698292853e+00
1.150221855640411377e+02 1.168035645619067919e+00 2.335267342143009461e+00
1.150362687110900879e+02 1.166035584582048923e+00 2.320266884365366877e+00
1.150598042011260986e+02 1.168035645619067919e+00 2.335267342143009461e+00
1.150894660949707031e+02 1.172035767693105690e+00 2.365268257698292853e+00
1.151194491386413574e+02 1.170035706656086916e+00 2.350267799920652045e+00
1.151499555110931396e+02 1.168035645619067919e+00 2.335267342143009461e+00
1.151857044696807861e+02 1.170035706656086916e+00 2.350267799920652045e+00
1.152112476825714111e+02 1.170035706656086916e+00 2.350267799920652045e+00
1.152540726661682129e+02 1.170035706656086916e+00 2.350267799920652045e+00
1.152727589607238770e+02 1.172035767693105690e+00 2.365268257698292853e+00
1.152864856719970703e+02 1.170035706656086916e+00 2.350267799920652045e+00
1.153048315048217773e+02 1.170035706656086916e+00 2.350267799920652045e+00
1.153570299148559570e+02 1.168035645619067919e+00 2.335267342143009461e+00
1.153726327419281006e+02 1.166035584582048923e+00 2.320266884365366877e+00
1.153896367549896240e+02 1.170035706656086916e+00 2.350267799920652045e+00
1.154060626029968262e+02 1.170035706656086916e+00 2.350267799920652045e+00
1.154182491302490234e+02 1.170035706656086916e+00 2.350267799920652045e+00
1.154298245906829834e+02 1.170035706656086916e+00 2.350267799920652045e+00
1.154464259147644043e+02 1.170035706656086916e+00 2.350267799920652045e+00
1.154649221897125244e+02 1.168035645619067919e+00 2.335267342143009461e+00
1.155052740573883057e+02 1.170035706656086916e+00 2.350267799920652045e+00
1.155360407829284668e+02 1.172035767693105690e+00 2.365268257698292853e+00
1.155929048061370850e+02 1.170035706656086916e+00 2.350267799920652045e+00
1.156063253879547119e+02 1.166035584582048923e+00 2.320266884365366877e+00
1.156432063579559326e+02 1.170035706656086916e+00 2.350267799920652045e+00
1.156819067001342773e+02 1.170035706656086916e+00 2.350267799920652045e+00
1.157002677917480469e+02 1.170035706656086916e+00 2.350267799920652045e+00
1.157152743339538574e+02 1.170035706656086916e+00 2.350267799920652045e+00
1.157307043075561523e+02 1.168035645619067919e+00 2.335267342143009461e+00
1.157746682167053223e+02 1.170035706656086916e+00 2.350267799920652045e+00
1.157927124500274658e+02 1.170035706656086916e+00 2.350267799920652045e+00
1.158120844364166260e+02 1.170035706656086916e+00 2.350267799920652045e+00
1.158243424892425537e+02 1.170035706656086916e+00 2.350267799920652045e+00
1.158394482135772705e+02 1.170035706656086916e+00 2.350267799920652045e+00
1.158559625148773193e+02 1.170035706656086916e+00 2.350267799920652045e+00
1.158722560405731201e+02 1.170035706656086916e+00 2.350267799920652045e+00
1.159141061305999756e+02 1.170035706656086916e+00 2.350267799920652045e+00
1.159512007236480713e+02 1.170035706656086916e+00 2.350267799920652045e+00
1.160139381885528564e+02 1.166035584582048923e+00 2.320266884365366877e+00
1.160280439853668213e+02 1.164035523545029926e+00 2.305266426587724737e+00
1.160716154575347900e+02 1.170035706656086916e+00 2.350267799920652045e+00
1.161042666435241699e+02 1.170035706656086916e+00 2.350267799920652045e+00
1.161168665885925293e+02 1.170035706656086916e+00 2.350267799920652045e+00
1.161315524578094482e+02 1.170035706656086916e+00 2.350267799920652045e+00
1.161920926570892334e+02 1.168035645619067919e+00 2.335267342143009461e+00
1.162094793319702148e+02 1.170035706656086916e+00 2.350267799920652045e+00
1.162239902019500732e+02 1.170035706656086916e+00 2.350267799920652045e+00
1.162389016151428223e+02 1.170035706656086916e+00 2.350267799920652045e+00
1.162518963813781738e+02 1.170035706656086916e+00 2.350267799920652045e+00
1.162656681537628174e+02 1.172035767693105690e+00 2.365268257698292853e+00
1.162788033485412598e+02 1.170035706656086916e+00 2.350267799920652045e+00
1.162925190925598145e+02 1.166035584582048923e+00 2.320266884365366877e+00
1.163297960758209229e+02 1.170035706656086916e+00 2.350267799920652045e+00
1.163683204650878906e+02 1.172035767693105690e+00 2.365268257698292853e+00
1.164276669025421143e+02 1.170035706656086916e+00 2.350267799920652045e+00
1.164414844512939453e+02 1.166035584582048923e+00 2.320266884365366877e+00
1.164622230529785156e+02 1.170035706656086916e+00 2.350267799920652045e+00
1.164917559623718262e+02 1.170035706656086916e+00 2.350267799920652045e+00
1.165255939960479736e+02 1.170035706656086916e+00 2.350267799920652045e+00
1.165584566593170166e+02 1.170035706656086916e+00 2.350267799920652045e+00
1.165946946144104004e+02 1.170035706656086916e+00 2.350267799920652045e+00
1.166206512451171875e+02 1.170035706656086916e+00 2.350267799920652045e+00
1.166501271724700928e+02 1.170035706656086916e+00 2.350267799920652045e+00
1.166735286712646484e+02 1.168035645619067919e+00 2.335267342143009461e+00
1.166920294761657715e+02 1.170035706656086916e+00 2.350267799920652045e+00
1.167109010219573975e+02 1.170035706656086916e+00 2.350267799920652045e+00
1.167479333877563477e+02 1.170035706656086916e+00 2.350267799920652045e+00
1.167760324478149414e+02 1.170035706656086916e+00 2.350267799920652045e+00
1.167894837856292725e+02 1.170035706656086916e+00 2.350267799920652045e+00
1.168038086891174316e+02 1.168035645619067919e+00 2.335267342143009461e+00
1.168175730705261230e+02 1.170035706656086916e+00 2.350267799920652045e+00
1.168328444957733154e+02 1.170035706656086916e+00 2.350267799920652045e+00
1.168499443531036377e+02 1.170035706656086916e+00 2.350267799920652045e+00
1.168696258068084717e+02 1.170035706656086916e+00 2.350267799920652045e+00
1.169149346351623535e+02 1.170035706656086916e+00 2.350267799920652045e+00
1.169440672397613525e+02 1.170035706656086916e+00 2.350267799920652045e+00
1.170009927749633789e+02 1.170035706656086916e+00 2.350267799920652045e+00
1.170152337551116943e+02 1.166035584582048923e+00 2.320266884365366877e+00
1.170435774326324463e+02 1.170035706656086916e+00 2.350267799920652045e+00
1.170835134983062744e+02 1.166035584582048923e+00 2.320266884365366877e+00
1.170966601371765137e+02 1.172035767693105690e+00 2.365268257698292853e+00
1.171091403961181641e+02 1.168035645619067919e+00 2.335267342143009461e+00
1.171249806880950928e+02 1.170035706656086916e+00 2.350267799920652045e+00
1.171442275047302246e+02 1.170035706656086916e+00 2.350267799920652045e+00
1.171928033828735352e+02 1.170035706656086916e+00 2.350267799920652045e+00
1.172049665451049805e+02 1.170035706656086916e+00 2.350267799920652045e+00
1.172188792228698730e+02 1.170035706656086916e+00 2.350267799920652045e+00
1.172398161888122559e+02 1.170035706656086916e+00 2.350267799920652045e+00
1.172556455135345459e+02 1.170035706656086916e+00 2.350267799920652045e+00
1.172749562263488770e+02 1.170035706656086916e+00 2.350267799920652045e+00
1.173051981925964355e+02 1.170035706656086916e+00 2.350267799920652045e+00
1.173336999416351318e+02 1.170035706656086916e+00 2.350267799920652045e+00
1.173634479045867920e+02 1.170035706656086916e+00 2.350267799920652045e+00
1.174189496040344238e+02 1.168035645619067919e+00 2.335267342143009461e+00
1.174449918270111084e+02 1.166035584582048923e+00 2.320266884365366877e+00
1.174846050739288330e+02 1.170035706656086916e+00 2.350267799920652045e+00
1.175047936439514160e+02 1.170035706656086916e+00 2.350267799920652045e+00
1.175266025066375732e+02 1.170035706656086916e+00 2.350267799920652045e+00
1.175462696552276611e+02 1.170035706656086916e+00 2.350267799920652045e+00
1.175886778831481934e+02 1.170035706656086916e+00 2.350267799920652045e+00
1.176145408153533936e+02 1.170035706656086916e+00 2.350267799920652045e+00
1.176362900733947754e+02 1.168035645619067919e+00 2.335267342143009461e+00
1.176520338058471680e+02 1.170035706656086916e+00 2.350267799920652045e+00
1.176679394245147705e+02 1.172035767693105690e+00 2.365268257698292853e+00
1.176867594718933105e+02 1.172035767693105690e+00 2.365268257698292853e+00
1.177316625118255615e+02 1.166035584582048923e+00 2.320266884365366877e+00
1.177682645320892334e+02 1.172035767693105690e+00 2.365268257698292853e+00
1.178282337188720703e+02 1.170035706656086916e+00 2.350267799920652045e+00
1.178420147895812988e+02 1.166035584582048923e+00 2.320266884365366877e+00
1.178727538585662842e+02 1.170035706656086916e+00 2.350267799920652045e+00
1.179022698402404785e+02 1.170035706656086916e+00 2.350267799920652045e+00
1.179331092834472656e+02 1.170035706656086916e+00 2.350267799920652045e+00
1.179602344036102295e+02 1.170035706656086916e+00 2.350267799920652045e+00
1.179914624691009521e+02 1.170035706656086916e+00 2.350267799920652045e+00
1.180107595920562744e+02 1.170035706656086916e+00 2.350267799920652045e+00
1.180531504154205322e+02 1.168035645619067919e+00 2.335267342143009461e+00
1.180739514827728271e+02 1.168035645619067919e+00 2.335267342143009461e+00
1.180927979946136475e+02 1.164035523545029926e+00 2.305266426587724737e+00
1.181054241657257080e+02 1.166035584582048923e+00 2.320266884365366877e+00
1.181221256256103516e+02 1.164035523545029926e+00 2.305266426587724737e+00
1.181657366752624512e+02 1.166035584582048923e+00 2.320266884365366877e+00
1.181820240020751953e+02 1.166035584582048923e+00 2.320266884365366877e+00
1.182043144702911377e+02 1.166035584582048923e+00 2.320266884365366877e+00
1.182217271327972412e+02 1.166035584582048923e+00 2.320266884365366877e+00
1.182425272464752197e+02 1.160035401470992156e+00 2.275265511032441346e+00
1.182562165260314941e+02 1.166035584582048923e+00 2.320266884365366877e+00
1.183015413284301758e+02 1.168035645619067919e+00 2.335267342143009461e+00
1.183436973094940186e+02 1.142034852137821632e+00 2.140261391033662086e+00
1.184001321792602539e+02 1.164035523545029926e+00 2.305266426587724737e+00
1.184136316776275635e+02 1.164035523545029926e+00 2.305266426587724737e+00
1.184408087730407715e+02 1.166035584582048923e+00 2.320266884365366877e+00
1.184871389865875244e+02 1.166035584582048923e+00 2.320266884365366877e+00
1.185011982917785645e+02 1.166035584582048923e+00 2.320266884365366877e+00
1.185206615924835205e+02 1.166035584582048923e+00 2.320266884365366877e+00
1.185329103469848633e+02 1.166035584582048923e+00 2.320266884365366877e+00
1.185810265541076660e+02 1.162035462508010930e+00 2.290265968810082153e+00
1.185985481739044189e+02 1.162035462508010930e+00 2.290265968810082153e+00
1.186177413463592529e+02 1.164035523545029926e+00 2.305266426587724737e+00
1.186339640617370605e+02 1.166035584582048923e+00 2.320266884365366877e+00
1.186519861221313477e+02 1.166035584582048923e+00 2.320266884365366877e+00
1.186649670600891113e+02 1.166035584582048923e+00 2.320266884365366877e+00
1.186999990940093994e+02 1.166035584582048923e+00 2.320266884365366877e+00
1.187513139247894287e+02 1.166035584582048923e+00 2.320266884365366877e+00
1.188106801509857178e+02 1.164035523545029926e+00 2.305266426587724737e+00
1.188240377902984619e+02 1.160035401470992156e+00 2.275265511032441346e+00
1.188519318103790283e+02 1.162035462508010930e+00 2.290265968810082153e+00
1.188809702396392822e+02 1.164035523545029926e+00 2.305266426587724737e+00
1.189048418998718262e+02 1.164035523545029926e+00 2.305266426587724737e+00
1.189198865890502930e+02 1.166035584582048923e+00 2.320266884365366877e+00
1.189378221035003662e+02 1.164035523545029926e+00 2.305266426587724737e+00
1.189841108322143555e+02 1.166035584582048923e+00 2.320266884365366877e+00
1.190052909851074219e+02 1.166035584582048923e+00 2.320266884365366877e+00
1.190196633338928223e+02 1.164035523545029926e+00 2.305266426587724737e+00
1.190322461128234863e+02 1.166035584582048923e+00 2.320266884365366877e+00
1.190488524436950684e+02 1.162035462508010930e+00 2.290265968810082153e+00
1.190666239261627197e+02 1.166035584582048923e+00 2.320266884365366877e+00
1.190846462249755859e+02 1.168035645619067919e+00 2.335267342143009461e+00
1.191124923229217529e+02 1.160035401470992156e+00 2.275265511032441346e+00
1.191419262886047363e+02 1.164035523545029926e+00 2.305266426587724737e+00
1.191727936267852783e+02 1.166035584582048923e+00 2.320266884365366877e+00
1.192287778854370117e+02 1.164035523545029926e+00 2.305266426587724737e+00
1.192434489727020264e+02 1.160035401470992156e+00 2.275265511032441346e+00
1.192671797275543213e+02 1.166035584582048923e+00 2.320266884365366877e+00
1.192970387935638428e+02 1.166035584582048923e+00 2.320266884365366877e+00
1.193260684013366699e+02 1.166035584582048923e+00 2.320266884365366877e+00
1.193567016124725342e+02 1.166035584582048923e+00 2.320266884365366877e+00
1.193923494815826416e+02 1.166035584582048923e+00 2.320266884365366877e+00
1.194180369377136230e+02 1.164035523545029926e+00 2.305266426587724737e+00
1.194640519618988037e+02 1.166035584582048923e+00 2.320266884365366877e+00
1.194780747890472412e+02 1.164035523545029926e+00 2.305266426587724737e+00
1.194930558204650879e+02 1.166035584582048923e+00 2.320266884365366877e+00
1.195121777057647705e+02 1.164035523545029926e+00 2.305266426587724737e+00
1.195522208213806152e+02 1.164035523545029926e+00 2.305266426587724737e+00
1.195759108066558838e+02 1.166035584582048923e+00 2.320266884365366877e+00
1.195913658142089844e+02 1.160035401470992156e+00 2.275265511032441346e+00
1.196086068153381348e+02 1.164035523545029926e+00 2.305266426587724737e+00
1.196230940818786621e+02 1.166035584582048923e+00 2.320266884365366877e+00
1.196365563869476318e+02 1.166035584582048923e+00 2.320266884365366877e+00
1.196497457027435303e+02 1.166035584582048923e+00 2.320266884365366877e+00
1.196627404689788818e+02 1.166035584582048923e+00 2.320266884365366877e+00
1.197011213302612305e+02 1.164035523545029926e+00 2.305266426587724737e+00
1.197427246570587158e+02 1.166035584582048923e+00 2.320266884365366877e+00
1.198001887798309326e+02 1.160035401470992156e+00 2.275265511032441346e+00
1.198136327266693115e+02 1.162035462508010930e+00 2.290265968810082153e+00
1.198401582241058350e+02 1.166035584582048923e+00 2.320266884365366877e+00
1.198732089996337891e+02 1.164035523545029926e+00 2.305266426587724737e+00
1.198957509994506836e+02 1.164035523545029926e+00 2.305266426587724737e+00
1.199085490703582764e+02 1.162035462508010930e+00 2.290265968810082153e+00
1.199255530834197998e+02 1.164035523545029926e+00 2.305266426587724737e+00
1.199382741451263428e+02 1.166035584582048923e+00 2.320266884365366877e+00
1.200012626647949219e+02 1.166035584582048923e+00 2.320266884365366877e+00
1.200155634880065918e+02 1.162035462508010930e+00 2.290265968810082153e+00
1.200307846069335938e+02 1.166035584582048923e+00 2.320266884365366877e+00
1.200442821979522705e+02 1.166035584582048923e+00 2.320266884365366877e+00
1.200622763633728027e+02 1.164035523545029926e+00 2.305266426587724737e+00
1.200750434398651123e+02 1.166035584582048923e+00 2.320266884365366877e+00
1.200927085876464844e+02 1.164035523545029926e+00 2.305266426587724737e+00
1.201526153087615967e+02 1.164035523545029926e+00 2.305266426587724737e+00
1.201676402091979980e+02 1.160035401470992156e+00 2.275265511032441346e+00
1.202220761775970459e+02 1.162035462508010930e+00 2.290265968810082153e+00
1.202360930442810059e+02 1.162035462508010930e+00 2.290265968810082153e+00
1.202699627876281738e+02 1.166035584582048923e+00 2.320266884365366877e+00
1.203055536746978760e+02 1.164035523545029926e+00 2.305266426587724737e+00
1.203200991153717041e+02 1.164035523545029926e+00 2.305266426587724737e+00
1.203352742195129395e+02 1.166035584582048923e+00 2.320266884365366877e+00
1.203532073497772217e+02 1.166035584582048923e+00 2.320266884365366877e+00
1.204151997566223145e+02 1.164035523545029926e+00 2.305266426587724737e+00
1.204356122016906738e+02 1.164035523545029926e+00 2.305266426587724737e+00
1.204562153816223145e+02 1.164035523545029926e+00 2.305266426587724737e+00
1.204723799228668213e+02 1.172035767693105690e+00 2.365268257698292853e+00
1.204905118942260742e+02 1.170035706656086916e+00 2.350267799920652045e+00
1.205089261531829834e+02 1.170035706656086916e+00 2.350267799920652045e+00
1.205220105648040771e+02 1.166035584582048923e+00 2.320266884365366877e+00
1.205629351139068604e+02 1.170035706656086916e+00 2.350267799920652045e+00
1.206008493900299072e+02 1.170035706656086916e+00 2.350267799920652045e+00
1.206603226661682129e+02 1.170035706656086916e+00 2.350267799920652045e+00
1.206738169193267822e+02 1.166035584582048923e+00 2.320266884365366877e+00
1.207069184780120850e+02 1.170035706656086916e+00 2.350267799920652045e+00
1.207362337112426758e+02 1.170035706656086916e+00 2.350267799920652045e+00
1.207671093940734863e+02 1.170035706656086916e+00 2.350267799920652045e+00
1.208184082508087158e+02 1.170035706656086916e+00 2.350267799920652045e+00
1.208371393680572510e+02 1.170035706656086916e+00 2.350267799920652045e+00
1.208770103454589844e+02 1.170035706656086916e+00 2.350267799920652045e+00
1.209039378166198730e+02 1.170035706656086916e+00 2.350267799920652045e+00
1.209162080287933350e+02 1.170035706656086916e+00 2.350267799920652045e+00
1.209331102371215820e+02 1.170035706656086916e+00 2.350267799920652045e+00
1.209510090351104736e+02 1.168035645619067919e+00 2.335267342143009461e+00
1.209998257160186768e+02 1.168035645619067919e+00 2.335267342143009461e+00
1.210134260654449463e+02 1.170035706656086916e+00 2.350267799920652045e+00
1.210270311832427979e+02 1.168035645619067919e+00 2.335267342143009461e+00
1.210413155555725098e+02 1.170035706656086916e+00 2.350267799920652045e+00
1.210586040019989014e+02 1.170035706656086916e+00 2.350267799920652045e+00
1.210722045898437500e+02 1.168035645619067919e+00 2.335267342143009461e+00
1.210841600894927979e+02 1.170035706656086916e+00 2.350267799920652045e+00
1.211037898063659668e+02 1.170035706656086916e+00 2.350267799920652045e+00
1.211443138122558594e+02 1.170035706656086916e+00 2.350267799920652045e+00
1.211751985549926758e+02 1.170035706656086916e+00 2.350267799920652045e+00
1.212303740978240967e+02 1.168035645619067919e+00 2.335267342143009461e+00
1.212442004680633545e+02 1.164035523545029926e+00 2.305266426587724737e+00
1.212740566730499268e+02 1.170035706656086916e+00 2.350267799920652045e+00
1.213002643585205078e+02 1.168035645619067919e+00 2.335267342143009461e+00
1.213216745853424072e+02 1.170035706656086916e+00 2.350267799920652045e+00
1.213383843898773193e+02 1.172035767693105690e+00 2.365268257698292853e+00
1.213531434535980225e+02 1.166035584582048923e+00 2.320266884365366877e+00
1.213677706718444824e+02 1.172035767693105690e+00 2.365268257698292853e+00
1.214173169136047363e+02 1.172035767693105690e+00 2.365268257698292853e+00
1.214383652210235596e+02 1.164035523545029926e+00 2.305266426587724737e+00
1.214576408863067627e+02 1.168035645619067919e+00 2.335267342143009461e+00
1.214718317985534668e+02 1.170035706656086916e+00 2.350267799920652045e+00
1.214901616573333740e+02 1.170035706656086916e+00 2.350267799920652045e+00
1.215051927566528320e+02 1.168035645619067919e+00 2.335267342143009461e+00
1.215305163860321045e+02 1.170035706656086916e+00 2.350267799920652045e+00
1.215637741088867188e+02 1.172035767693105690e+00 2.365268257698292853e+00
1.215932593345642090e+02 1.170035706656086916e+00 2.350267799920652045e+00
1.216508972644805908e+02 1.166035584582048923e+00 2.320266884365366877e+00
1.216645555496215820e+02 1.166035584582048923e+00 2.320266884365366877e+00
1.216873517036437988e+02 1.172035767693105690e+00 2.365268257698292853e+00
1.217239859104156494e+02 1.166035584582048923e+00 2.320266884365366877e+00
1.217556371688842773e+02 1.166035584582048923e+00 2.320266884365366877e+00
1.217707939147949219e+02 1.170035706656086916e+00 2.350267799920652045e+00
1.217875740528106689e+02 1.168035645619067919e+00 2.335267342143009461e+00
1.217999370098114014e+02 1.172035767693105690e+00 2.365268257698292853e+00
1.218567996025085449e+02 1.170035706656086916e+00 2.350267799920652045e+00
1.218711709976196289e+02 1.170035706656086916e+00 2.350267799920652045e+00
1.218848953247070312e+02 1.166035584582048923e+00 2.320266884365366877e+00
1.218993902206420898e+02 1.170035706656086916e+00 2.350267799920652045e+00
1.219127042293548584e+02 1.172035767693105690e+00 2.365268257698292853e+00
1.219265582561492920e+02 1.172035767693105690e+00 2.365268257698292853e+00
1.219394593238830566e+02 1.164035523545029926e+00 2.305266426587724737e+00
1.219556136131286621e+02 1.170035706656086916e+00 2.350267799920652045e+00
1.220000813007354736e+02 1.170035706656086916e+00 2.350267799920652045e+00
1.220307784080505371e+02 1.166035584582048923e+00 2.320266884365366877e+00
1.220871529579162598e+02 1.166035584582048923e+00 2.320266884365366877e+00
1.221009502410888672e+02 1.166035584582048923e+00 2.320266884365366877e+00
1.221242899894714355e+02 1.170035706656086916e+00 2.350267799920652045e+00
1.221545474529266357e+02 1.172035767693105690e+00 2.365268257698292853e+00
1.221828708648681641e+02 1.170035706656086916e+00 2.350267799920652045e+00
1.222137014865875244e+02 1.172035767693105690e+00 2.365268257698292853e+00
1.222492115497589111e+02 1.170035706656086916e+00 2.350267799920652045e+00
1.222790637016296387e+02 1.170035706656086916e+00 2.350267799920652045e+00
1.223086555004119873e+02 1.170035706656086916e+00 2.350267799920652045e+00
1.223320882320404053e+02 1.170035706656086916e+00 2.350267799920652045e+00
1.223480002880096436e+02 1.170035706656086916e+00 2.350267799920652045e+00
1.223627815246582031e+02 1.170035706656086916e+00 2.350267799920652045e+00
1.223793344497680664e+02 1.168035645619067919e+00 2.335267342143009461e+00
1.224244234561920166e+02 1.170035706656086916e+00 2.350267799920652045e+00
1.224380464553833008e+02 1.170035706656086916e+00 2.350267799920652045e+00
1.224533011913299561e+02 1.170035706656086916e+00 2.350267799920652045e+00
1.224686839580535889e+02 1.170035706656086916e+00 2.350267799920652045e+00
1.224820868968963623e+02 1.172035767693105690e+00 2.365268257698292853e+00
1.224959671497344971e+02 1.170035706656086916e+00 2.350267799920652045e+00
1.225117597579956055e+02 1.170035706656086916e+00 2.350267799920652045e+00
1.225284416675567627e+02 1.168035645619067919e+00 2.335267342143009461e+00
1.225898830890655518e+02 1.172035767693105690e+00 2.365268257698292853e+00
1.226038062572479248e+02 1.170035706656086916e+00 2.350267799920652045e+00
1.226622204780578613e+02 1.168035645619067919e+00 2.335267342143009461e+00
1.226761641502380371e+02 1.168035645619067919e+00 2.335267342143009461e+00
1.227051277160644531e+02 1.166035584582048923e+00 2.320266884365366877e+00
1.227448267936706543e+02 1.170035706656086916e+00 2.350267799920652045e+00
1.227585411071777344e+02 1.166035584582048923e+00 2.320266884365366877e+00
1.227724039554595947e+02 1.170035706656086916e+00 2.350267799920652045e+00
1.227874784469604492e+02 1.172035767693105690e+00 2.365268257698292853e+00
1.228296010494232178e+02 1.168035645619067919e+00 2.335267342143009461e+00
1.228646469116210938e+02 1.170035706656086916e+00 2.350267799920652045e+00
1.228798739910125732e+02 1.170035706656086916e+00 2.350267799920652045e+00
1.228931388854980469e+02 1.170035706656086916e+00 2.350267799920652045e+00
1.229113132953643799e+02 1.170035706656086916e+00 2.350267799920652045e+00
1.229277553558349609e+02 1.170035706656086916e+00 2.350267799920652045e+00
1.229459757804870605e+02 1.170035706656086916e+00 2.350267799920652045e+00
1.229846749305725098e+02 1.170035706656086916e+00 2.350267799920652045e+00
1.230222702026367188e+02 1.170035706656086916e+00 2.350267799920652045e+00
1.230816187858581543e+02 1.170035706656086916e+00 2.350267799920652045e+00
1.230951802730560303e+02 1.166035584582048923e+00 2.320266884365366877e+00
1.231217226982116699e+02 1.172035767693105690e+00 2.365268257698292853e+00
1.231543395519256592e+02 1.170035706656086916e+00 2.350267799920652045e+00
1.231749811172485352e+02 1.170035706656086916e+00 2.350267799920652045e+00
1.231896593570709229e+02 1.170035706656086916e+00 2.350267799920652045e+00
1.232070479393005371e+02 1.170035706656086916e+00 2.350267799920652045e+00
1.232248156070709229e+02 1.170035706656086916e+00 2.350267799920652045e+00
1.232681894302368164e+02 1.170035706656086916e+00 2.350267799920652045e+00
1.232846894264221191e+02 1.166035584582048923e+00 2.320266884365366877e+00
1.232998299598693848e+02 1.170035706656086916e+00 2.350267799920652045e+00
1.233145978450775146e+02 1.170035706656086916e+00 2.350267799920652045e+00
1.233305869102478027e+02 1.168035645619067919e+00 2.335267342143009461e+00
1.233452873229980469e+02 1.166035584582048923e+00 2.320266884365366877e+00
1.233620471954345703e+02 1.170035706656086916e+00 2.350267799920652045e+00
1.234047927856445312e+02 1.170035706656086916e+00 2.350267799920652045e+00
1.234421050548553467e+02 1.170035706656086916e+00 2.350267799920652045e+00
1.235016753673553467e+02 1.170035706656086916e+00 2.350267799920652045e+00
1.235153198242187500e+02 1.166035584582048923e+00 2.320266884365366877e+00
1.235422627925872803e+02 1.170035706656086916e+00 2.350267799920652045e+00
1.235720314979553223e+02 1.168035645619067919e+00 2.335267342143009461e+00
1.236026375293731689e+02 1.170035706656086916e+00 2.350267799920652045e+00
1.236307559013366699e+02 1.170035706656086916e+00 2.350267799920652045e+00
1.236665344238281250e+02 1.170035706656086916e+00 2.350267799920652045e+00
1.236956710815429688e+02 1.172035767693105690e+00 2.365268257698292853e+00
1.237226507663726807e+02 1.168035645619067919e+00 2.335267342143009461e+00
1.237505810260772705e+02 1.170035706656086916e+00 2.350267799920652045e+00
1.237656095027923584e+02 1.166035584582048923e+00 2.320266884365366877e+00
1.237804653644561768e+02 1.170035706656086916e+00 2.350267799920652045e+00
1.238260123729705811e+02 1.168035645619067919e+00 2.335267342143009461e+00
1.238548870086669922e+02 1.170035706656086916e+00 2.350267799920652045e+00
1.238745462894439697e+02 1.170035706656086916e+00 2.350267799920652045e+00
1.238880736827850342e+02 1.170035706656086916e+00 2.350267799920652045e+00
1.239012908935546875e+02 1.172035767693105690e+00 2.365268257698292853e+00
1.239153339862823486e+02 1.166035584582048923e+00 2.320266884365366877e+00
1.239280970096588135e+02 1.170035706656086916e+00 2.350267799920652045e+00
1.239431493282318115e+02 1.170035706656086916e+00 2.350267799920652045e+00
1.239883284568786621e+02 1.170035706656086916e+00 2.350267799920652045e+00
1.240187423229217529e+02 1.170035706656086916e+00 2.350267799920652045e+00
1.240746641159057617e+02 1.168035645619067919e+00 2.335267342143009461e+00
1.240879640579223633e+02 1.168035645619067919e+00 2.335267342143009461e+00
1.241126656532287598e+02 1.172035767693105690e+00 2.365268257698292853e+00
1.241421439647674561e+02 1.170035706656086916e+00 2.350267799920652045e+00
1.241687533855438232e+02 1.168035645619067919e+00 2.335267342143009461e+00
1.241806781291961670e+02 1.170035706656086916e+00 2.350267799920652045e+00
1.241976435184478760e+02 1.168035645619067919e+00 2.335267342143009461e+00
1.242155945301055908e+02 1.170035706656086916e+00 2.350267799920652045e+00
1.242506983280181885e+02 1.170035706656086916e+00 2.350267799920652045e+00
1.242739317417144775e+02 1.168035645619067919e+00 2.335267342143009461e+00
1.242901167869567871e+02 1.166035584582048923e+00 2.320266884365366877e+00
1.243043942451477051e+02 1.172035767693105690e+00 2.365268257698292853e+00
1.243251893520355225e+02 1.170035706656086916e+00 2.350267799920652045e+00
1.243436129093170166e+02 1.170035706656086916e+00 2.350267799920652045e+00
1.243615925312042236e+02 1.170035706656086916e+00 2.350267799920652045e+00
1.244071891307830811e+02 1.170035706656086916e+00 2.350267799920652045e+00
1.244371707439422607e+02 1.170035706656086916e+00 2.350267799920652045e+00
1.244959964752197266e+02 1.172035767693105690e+00 2.365268257698292853e+00
1.245265786647796631e+02 1.166035584582048923e+00 2.320266884365366877e+00
1.245494148731231689e+02 1.170035706656086916e+00 2.350267799920652045e+00
1.245823640823364258e+02 1.170035706656086916e+00 2.350267799920652045e+00
1.245955553054809570e+02 1.170035706656086916e+00 2.350267799920652045e+00
1.246121587753295898e+02 1.172035767693105690e+00 2.365268257698292853e+00
1.246309890747070312e+02 1.168035645619067919e+00 2.335267342143009461e+00
1.246754434108734131e+02 1.170035706656086916e+00 2.350267799920652045e+00
1.246881566047668457e+02 1.170035706656086916e+00 2.350267799920652045e+00
1.247058410644531250e+02 1.170035706656086916e+00 2.350267799920652045e+00
1.247190830707550049e+02 1.170035706656086916e+00 2.350267799920652045e+00
1.247328512668609619e+02 1.170035706656086916e+00 2.350267799920652045e+00
1.247470505237579346e+02 1.172035767693105690e+00 2.365268257698292853e+00
1.247622075080871582e+02 1.170035706656086916e+00 2.350267799920652045e+00
1.247743234634399414e+02 1.170035706656086916e+00 2.350267799920652045e+00
1.248463335037231445e+02 1.170035706656086916e+00 2.350267799920652045e+00
1.249046084880828857e+02 1.170035706656086916e+00 2.350267799920652045e+00
1.249183259010314941e+02 1.164035523545029926e+00 2.305266426587724737e+00
1.249444785118103027e+02 1.168035645619067919e+00 2.335267342143009461e+00
1.249791069030761719e+02 1.170035706656086916e+00 2.350267799920652045e+00
1.250100629329681396e+02 1.170035706656086916e+00 2.350267799920652045e+00
1.250627272129058838e+02 1.170035706656086916e+00 2.350267799920652045e+00
1.250749363899230957e+02 1.170035706656086916e+00 2.350267799920652045e+00
1.250975999832153320e+02 1.170035706656086916e+00 2.350267799920652045e+00
1.251447503566741943e+02 1.170035706656086916e+00 2.350267799920652045e+00
1.251595368385314941e+02 1.170035706656086916e+00 2.350267799920652045e+00
1.251811542510986328e+02 1.170035706656086916e+00 2.350267799920652045e+00
1.252009992599487305e+02 1.170035706656086916e+00 2.350267799920652045e+00
1.252527782917022705e+02 1.170035706656086916e+00 2.350267799920652045e+00
1.252706899642944336e+02 1.170035706656086916e+00 2.350267799920652045e+00
1.252860732078552246e+02 1.170035706656086916e+00 2.350267799920652045e+00
1.253031697273254395e+02 1.170035706656086916e+00 2.350267799920652045e+00
1.253187015056610107e+02 1.170035706656086916e+00 2.350267799920652045e+00
1.253342170715332031e+02 1.170035706656086916e+00 2.350267799920652045e+00
1.253752477169036865e+02 1.170035706656086916e+00 2.350267799920652045e+00
1.254174818992614746e+02 1.170035706656086916e+00 2.350267799920652045e+00
1.254767928123474121e+02 1.140034791100802858e+00 2.125260933256021723e+00
1.254921782016754150e+02 1.162035462508010930e+00 2.290265968810082153e+00
1.255162355899810791e+02 1.166035584582048923e+00 2.320266884365366877e+00
1.255611343383789062e+02 1.166035584582048923e+00 2.320266884365366877e+00
1.255730795860290527e+02 1.166035584582048923e+00 2.320266884365366877e+00
1.255909130573272705e+02 1.142034852137821632e+00 2.140261391033662086e+00
1.256029906272888184e+02 1.164035523545029926e+00 2.305266426587724737e+00
1.256139206886291504e+02 1.168035645619067919e+00 2.335267342143009461e+00
1.256623702049255371e+02 1.158035340433973159e+00 2.260265053254798762e+00
1.256803057193756104e+02 1.166035584582048923e+00 2.320266884365366877e+00
1.257044885158538818e+02 1.164035523545029926e+00 2.305266426587724737e+00
1.257242407798767090e+02 1.166035584582048923e+00 2.320266884365366877e+00
1.257405591011047363e+02 1.166035584582048923e+00 2.320266884365366877e+00
1.257586147785186768e+02 1.164035523545029926e+00 2.305266426587724737e+00
1.257834370136260986e+02 1.140034791100802858e+00 2.125260933256021723e+00
1.258116121292114258e+02 1.166035584582048923e+00 2.320266884365366877e+00
1.258421995639801025e+02 1.166035584582048923e+00 2.320266884365366877e+00
1.258970339298248291e+02 1.146034974211859625e+00 2.170262306588947254e+00
1.259182500839233398e+02 1.162035462508010930e+00 2.290265968810082153e+00
1.259366173744201660e+02 1.166035584582048923e+00 2.320266884365366877e+00
1.259759879112243652e+02 1.166035584582048923e+00 2.320266884365366877e+00
1.259932560920715332e+02 1.164035523545029926e+00 2.305266426587724737e+00
1.260118892192840576e+02 1.160035401470992156e+00 2.275265511032441346e+00
1.260318994522094727e+02 1.164035523545029926e+00 2.305266426587724737e+00
1.260838587284088135e+02 1.164035523545029926e+00 2.305266426587724737e+00
1.261042220592498779e+02 1.164035523545029926e+00 2.305266426587724737e+00
1.261195271015167236e+02 1.166035584582048923e+00 2.320266884365366877e+00
1.261335127353668213e+02 1.160035401470992156e+00 2.275265511032441346e+00
1.261513452529907227e+02 1.164035523545029926e+00 2.305266426587724737e+00
1.261661033630371094e+02 1.166035584582048923e+00 2.320266884365366877e+00
1.261812233924865723e+02 1.164035523545029926e+00 2.305266426587724737e+00
1.262257456779479980e+02 1.162035462508010930e+00 2.290265968810082153e+00
1.262551226615905762e+02 1.166035584582048923e+00 2.320266884365366877e+00
1.263109788894653320e+02 1.164035523545029926e+00 2.305266426587724737e+00
1.263249180316925049e+02 1.160035401470992156e+00 2.275265511032441346e+00
1.263493053913116455e+02 1.166035584582048923e+00 2.320266884365366877e+00
1.263781335353851318e+02 1.160035401470992156e+00 2.275265511032441346e+00
1.264090001583099365e+02 1.164035523545029926e+00 2.305266426587724737e+00
1.264375185966491699e+02 1.164035523545029926e+00 2.305266426587724737e+00
1.264747991561889648e+02 1.164035523545029926e+00 2.305266426587724737e+00
1.265007681846618652e+02 1.164035523545029926e+00 2.305266426587724737e+00
1.265239965915679932e+02 1.164035523545029926e+00 2.305266426587724737e+00
1.265527667999267578e+02 1.166035584582048923e+00 2.320266884365366877e+00
1.265683252811431885e+02 1.166035584582048923e+00 2.320266884365366877e+00
1.265803632736206055e+02 1.164035523545029926e+00 2.305266426587724737e+00
1.265975446701049805e+02 1.164035523545029926e+00 2.305266426587724737e+00
1.266387841701507568e+02 1.164035523545029926e+00 2.305266426587724737e+00
1.266656215190887451e+02 1.162035462508010930e+00 2.290265968810082153e+00
1.266831231117248535e+02 1.162035462508010930e+00 2.290265968810082153e+00
1.266970353126525879e+02 1.166035584582048923e+00 2.320266884365366877e+00
1.267114634513854980e+02 1.166035584582048923e+00 2.320266884365366877e+00
1.267288715839385986e+02 1.166035584582048923e+00 2.320266884365366877e+00
1.267452709674835205e+02 1.166035584582048923e+00 2.320266884365366877e+00
1.267729094028472900e+02 1.166035584582048923e+00 2.320266884365366877e+00
1.268206195831298828e+02 1.166035584582048923e+00 2.320266884365366877e+00
1.268353033065795898e+02 1.164035523545029926e+00 2.305266426587724737e+00
1.268904986381530762e+02 1.162035462508010930e+00 2.290265968810082153e+00
1.269038977622985840e+02 1.162035462508010930e+00 2.290265968810082153e+00
1.269299950599670410e+02 1.166035584582048923e+00 2.320266884365366877e+00
1.269630703926086426e+02 1.164035523545029926e+00 2.305266426587724737e+00
1.269857285022735596e+02 1.166035584582048923e+00 2.320266884365366877e+00
1.270004103183746338e+02 1.166035584582048923e+00 2.320266884365366877e+00
1.270134549140930176e+02 1.164035523545029926e+00 2.305266426587724737e+00
1.270283257961273193e+02 1.166035584582048923e+00 2.320266884365366877e+00
1.270710208415985107e+02 1.162035462508010930e+00 2.290265968810082153e+00
1.270986979007720947e+02 1.166035584582048923e+00 2.320266884365366877e+00
1.271138350963592529e+02 1.166035584582048923e+00 2.320266884365366877e+00
1.271269440650939941e+02 1.166035584582048923e+00 2.320266884365366877e+00
1.271407141685485840e+02 1.164035523545029926e+00 2.305266426587724737e+00
1.271583621501922607e+02 1.166035584582048923e+00 2.320266884365366877e+00
1.271722743511199951e+02 1.166035584582048923e+00 2.320266884365366877e+00
1.271905217170715332e+02 1.162035462508010930e+00 2.290265968810082153e+00
1.272494642734527588e+02 1.166035584582048923e+00 2.320266884365366877e+00
1.272636535167694092e+02 1.160035401470992156e+00 2.275265511032441346e+00
1.273193025588989258e+02 1.164035523545029926e+00 2.305266426587724737e+00
1.273334994316101074e+02 1.162035462508010930e+00 2.290265968810082153e+00
1.273566348552703857e+02 1.164035523545029926e+00 2.305266426587724737e+00
1.274009115695953369e+02 1.164035523545029926e+00 2.305266426587724737e+00
1.274206945896148682e+02 1.164035523545029926e+00 2.305266426587724737e+00
1.274396941661834717e+02 1.162035462508010930e+00 2.290265968810082153e+00
1.274515502452850342e+02 1.166035584582048923e+00 2.320266884365366877e+00
1.274940881729125977e+02 1.164035523545029926e+00 2.305266426587724737e+00
1.275231149196624756e+02 1.166035584582048923e+00 2.320266884365366877e+00
1.275388967990875244e+02 1.164035523545029926e+00 2.305266426587724737e+00
1.275570821762084961e+02 1.166035584582048923e+00 2.320266884365366877e+00
1.275747277736663818e+02 1.166035584582048923e+00 2.320266884365366877e+00
1.275908560752868652e+02 1.166035584582048923e+00 2.320266884365366877e+00
1.276065495014190674e+02 1.166035584582048923e+00 2.320266884365366877e+00
1.276497969627380371e+02 1.166035584582048923e+00 2.320266884365366877e+00
1.276909022331237793e+02 1.162035462508010930e+00 2.290265968810082153e+00
1.277496700286865234e+02 1.164035523545029926e+00 2.305266426587724737e+00
1.277637450695037842e+02 1.160035401470992156e+00 2.275265511032441346e+00
1.277819995880126953e+02 1.166035584582048923e+00 2.320266884365366877e+00
1.278128015995025635e+02 1.166035584582048923e+00 2.320266884365366877e+00
1.278485987186431885e+02 1.164035523545029926e+00 2.305266426587724737e+00
1.278784425258636475e+02 1.172035767693105690e+00 2.365268257698292853e+00
1.279197859764099121e+02 1.170035706656086916e+00 2.350267799920652045e+00
1.279412429332733154e+02 1.168035645619067919e+00 2.335267342143009461e+00
1.279774911403656006e+02 1.170035706656086916e+00 2.350267799920652045e+00
1.280007703304290771e+02 1.170035706656086916e+00 2.350267799920652045e+00
1.280175197124481201e+02 1.170035706656086916e+00 2.350267799920652045e+00
1.280303440093994141e+02 1.170035706656086916e+00 2.350267799920652045e+00
1.280739331245422363e+02 1.172035767693105690e+00 2.365268257698292853e+00
1.280993747711181641e+02 1.166035584582048923e+00 2.320266884365366877e+00
1.281142299175262451e+02 1.170035706656086916e+00 2.350267799920652045e+00
1.281297349929809570e+02 1.170035706656086916e+00 2.350267799920652045e+00
1.281477119922637939e+02 1.170035706656086916e+00 2.350267799920652045e+00
