2.084463982582092285e+02 1.030031434064760276e+00 1.300235755485702249e+00
2.084603118896484375e+02 1.032031495101779273e+00 1.315236213263344611e+00
2.084748833179473877e+02 1.030031434064760276e+00 1.300235755485702249e+00
2.084857256412506104e+02 1.032031495101779273e+00 1.315236213263344611e+00
2.084967653751373291e+02 1.030031434064760276e+00 1.300235755485702249e+00
2.085137465000152588e+02 1.030031434064760276e+00 1.300235755485702249e+00
2.085255653858184814e+02 1.032031495101779273e+00 1.315236213263344611e+00
2.085394647121429443e+02 1.030031434064760276e+00 1.300235755485702249e+00
2.085558202266693115e+02 1.032031495101779273e+00 1.315236213263344611e+00
2.086061074733734131e+02 1.032031495101779273e+00 1.315236213263344611e+00
2.086225605010986328e+02 1.032031495101779273e+00 1.315236213263344611e+00
2.086396038532257080e+02 1.032031495101779273e+00 1.315236213263344611e+00
2.086577641963958740e+02 1.032031495101779273e+00 1.315236213263344611e+00
2.086722378730773926e+02 1.032031495101779273e+00 1.315236213263344611e+00
2.086832711696624756e+02 1.032031495101779273e+00 1.315236213263344611e+00
2.086965560913085938e+02 1.032031495101779273e+00 1.315236213263344611e+00
2.087124714851379395e+02 1.032031495101779273e+00 1.315236213263344611e+00
2.087320120334625244e+02 1.030031434064760276e+00 1.300235755485702249e+00
2.087896814346313477e+02 1.032031495101779273e+00 1.315236213263344611e+00
2.088484947681427002e+02 1.032031495101779273e+00 1.315236213263344611e+00
2.088619427680969238e+02 1.030031434064760276e+00 1.300235755485702249e+00
2.088846096992492676e+02 1.032031495101779273e+00 1.315236213263344611e+00
2.089155633449554443e+02 1.032031495101779273e+00 1.315236213263344611e+00
2.089455549716949463e+02 1.032031495101779273e+00 1.315236213263344611e+00
2.089615986347198486e+02 1.032031495101779273e+00 1.315236213263344611e+00
2.089802958965301514e+02 1.032031495101779273e+00 1.315236213263344611e+00
2.090075681209564209e+02 1.032031495101779273e+00 1.315236213263344611e+00
2.090398745536804199e+02 1.032031495101779273e+00 1.315236213263344611e+00
2.090526831150054932e+02 1.032031495101779273e+00 1.315236213263344611e+00
2.090799887180328369e+02 1.032031495101779273e+00 1.315236213263344611e+00
2.090950891971588135e+02 1.032031495101779273e+00 1.315236213263344611e+00
2.091170108318328857e+02 1.032031495101779273e+00 1.315236213263344611e+00
2.091664688587188721e+02 1.032031495101779273e+00 1.315236213263344611e+00
2.091808402538299561e+02 1.032031495101779273e+00 1.315236213263344611e+00
2.092353930473327637e+02 1.030031434064760276e+00 1.300235755485702249e+00
2.092550346851348877e+02 1.032031495101779273e+00 1.315236213263344611e+00
2.092727053165435791e+02 1.032031495101779273e+00 1.315236213263344611e+00
2.093154456615447998e+02 1.032031495101779273e+00 1.315236213263344611e+00
2.093283865451812744e+02 1.032031495101779273e+00 1.315236213263344611e+00
2.093410894870758057e+02 1.032031495101779273e+00 1.315236213263344611e+00
2.093561654090881348e+02 1.032031495101779273e+00 1.315236213263344611e+00
2.093856043815612793e+02 1.032031495101779273e+00 1.315236213263344611e+00
2.094250633716583252e+02 1.032031495101779273e+00 1.315236213263344611e+00
2.094470698833465576e+02 1.032031495101779273e+00 1.315236213263344611e+00
2.094615559577941895e+02 1.032031495101779273e+00 1.315236213263344611e+00
2.094792723655700684e+02 1.032031495101779273e+00 1.315236213263344611e+00
2.095225872993469238e+02 1.032031495101779273e+00 1.315236213263344611e+00
2.095517926216125488e+02 1.032031495101779273e+00 1.315236213263344611e+00
2.096071758270263672e+02 1.032031495101779273e+00 1.315236213263344611e+00
2.096214396953582764e+02 1.030031434064760276e+00 1.300235755485702249e+00
2.096396102905273438e+02 1.032031495101779273e+00 1.315236213263344611e+00
2.096685750484466553e+02 1.032031495101779273e+00 1.315236213263344611e+00
2.096976423263549805e+02 1.032031495101779273e+00 1.315236213263344611e+00
2.097271375656127930e+02 1.032031495101779273e+00 1.315236213263344611e+00
2.097717409133911133e+02 1.032031495101779273e+00 1.315236213263344611e+00
2.097917411327362061e+02 1.026031311990722505e+00 1.270234839930418858e+00
2.098277621269226074e+02 1.032031495101779273e+00 1.315236213263344611e+00
2.098517177104949951e+02 1.032031495101779273e+00 1.315236213263344611e+00
2.098667850494384766e+02 1.026031311990722505e+00 1.270234839930418858e+00
2.098839426040649414e+02 1.032031495101779273e+00 1.315236213263344611e+00
2.098970232009887695e+02 1.030031434064760276e+00 1.300235755485702249e+00
2.099477345943450928e+02 1.026031311990722505e+00 1.270234839930418858e+00
2.099621474742889404e+02 1.030031434064760276e+00 1.300235755485702249e+00
2.099766337871551514e+02 1.032031495101779273e+00 1.315236213263344611e+00
2.099940505027770996e+02 1.024031250953703509e+00 1.255234382152776274e+00
2.100130467414855957e+02 1.030031434064760276e+00 1.300235755485702249e+00
2.100490248203277588e+02 1.030031434064760276e+00 1.300235755485702249e+00
2.100848760604858398e+02 1.030031434064760276e+00 1.300235755485702249e+00
2.101417167186737061e+02 1.030031434064760276e+00 1.300235755485702249e+00
2.101555054187774658e+02 1.030031434064760276e+00 1.300235755485702249e+00
2.101855554580688477e+02 1.030031434064760276e+00 1.300235755485702249e+00
2.102275223731994629e+02 1.030031434064760276e+00 1.300235755485702249e+00
2.102429647445678711e+02 1.030031434064760276e+00 1.300235755485702249e+00
2.102581779956817627e+02 1.030031434064760276e+00 1.300235755485702249e+00
2.102726695537567139e+02 1.030031434064760276e+00 1.300235755485702249e+00
2.103152017593383789e+02 1.030031434064760276e+00 1.300235755485702249e+00
2.103367993831634521e+02 1.032031495101779273e+00 1.315236213263344611e+00
2.103509345054626465e+02 1.030031434064760276e+00 1.300235755485702249e+00
2.103689367771148682e+02 1.030031434064760276e+00 1.300235755485702249e+00
2.103841760158538818e+02 1.030031434064760276e+00 1.300235755485702249e+00
2.103979969024658203e+02 1.030031434064760276e+00 1.300235755485702249e+00
2.104203095436096191e+02 1.030031434064760276e+00 1.300235755485702249e+00
2.104574742317199707e+02 1.030031434064760276e+00 1.300235755485702249e+00
2.104717440605163574e+02 1.030031434064760276e+00 1.300235755485702249e+00
2.105259149074554443e+02 1.030031434064760276e+00 1.300235755485702249e+00
2.105456526279449463e+02 1.030031434064760276e+00 1.300235755485702249e+00
2.105716581344604492e+02 1.030031434064760276e+00 1.300235755485702249e+00
2.106041271686553955e+02 1.032031495101779273e+00 1.315236213263344611e+00
2.106178147792816162e+02 1.030031434064760276e+00 1.300235755485702249e+00
2.106352968215942383e+02 1.030031434064760276e+00 1.300235755485702249e+00
2.106478769779205322e+02 1.032031495101779273e+00 1.315236213263344611e+00
2.106656296253204346e+02 1.030031434064760276e+00 1.300235755485702249e+00
2.107150666713714600e+02 1.030031434064760276e+00 1.300235755485702249e+00
2.107273180484771729e+02 1.030031434064760276e+00 1.300235755485702249e+00
2.107403342723846436e+02 1.032031495101779273e+00 1.315236213263344611e+00
2.107585370540618896e+02 1.030031434064760276e+00 1.300235755485702249e+00
2.107745780944824219e+02 1.030031434064760276e+00 1.300235755485702249e+00
2.108171341419219971e+02 1.030031434064760276e+00 1.300235755485702249e+00
2.108462960720062256e+02 1.030031434064760276e+00 1.300235755485702249e+00
2.109019787311553955e+02 1.030031434064760276e+00 1.300235755485702249e+00
2.109159367084503174e+02 1.030031434064760276e+00 1.300235755485702249e+00
2.109342839717864990e+02 1.032031495101779273e+00 1.315236213263344611e+00
2.109628260135650635e+02 1.032031495101779273e+00 1.315236213263344611e+00
2.109966888427734375e+02 1.030031434064760276e+00 1.300235755485702249e+00
2.110273323059082031e+02 1.030031434064760276e+00 1.300235755485702249e+00
2.110628757476806641e+02 1.032031495101779273e+00 1.315236213263344611e+00
2.110891609191894531e+02 1.030031434064760276e+00 1.300235755485702249e+00
2.111281559467315674e+02 1.030031434064760276e+00 1.300235755485702249e+00
2.111452240943908691e+02 1.030031434064760276e+00 1.300235755485702249e+00
2.111608402729034424e+02 1.032031495101779273e+00 1.315236213263344611e+00
2.111784338951110840e+02 1.030031434064760276e+00 1.300235755485702249e+00
2.111919417381286621e+02 1.032031495101779273e+00 1.315236213263344611e+00
2.112303178310394287e+02 1.030031434064760276e+00 1.300235755485702249e+00
2.112519447803497314e+02 1.030031434064760276e+00 1.300235755485702249e+00
2.112674727439880371e+02 1.030031434064760276e+00 1.300235755485702249e+00
2.112852237224578857e+02 1.032031495101779273e+00 1.315236213263344611e+00
2.112988264560699463e+02 1.030031434064760276e+00 1.300235755485702249e+00
2.113119337558746338e+02 1.030031434064760276e+00 1.300235755485702249e+00
2.113529548645019531e+02 1.030031434064760276e+00 1.300235755485702249e+00
2.113825945854187012e+02 1.032031495101779273e+00 1.315236213263344611e+00
2.114376986026763916e+02 1.030031434064760276e+00 1.300235755485702249e+00
2.114511642456054688e+02 1.030031434064760276e+00 1.300235755485702249e+00
2.114773006439208984e+02 1.030031434064760276e+00 1.300235755485702249e+00
2.115106513500213623e+02 1.030031434064760276e+00 1.300235755485702249e+00
2.115338695049285889e+02 1.030031434064760276e+00 1.300235755485702249e+00
2.115470688343048096e+02 1.030031434064760276e+00 1.300235755485702249e+00
2.115619041919708252e+02 1.030031434064760276e+00 1.300235755485702249e+00
2.115778074264526367e+02 1.030031434064760276e+00 1.300235755485702249e+00
2.116316413879394531e+02 1.030031434064760276e+00 1.300235755485702249e+00
2.116489157676696777e+02 1.030031434064760276e+00 1.300235755485702249e+00
2.116616423130035400e+02 1.030031434064760276e+00 1.300235755485702249e+00
2.116821334362030029e+02 1.030031434064760276e+00 1.300235755485702249e+00
2.117133162021636963e+02 1.030031434064760276e+00 1.300235755485702249e+00
2.117508883476257324e+02 1.030031434064760276e+00 1.300235755485702249e+00
2.117889485359191895e+02 1.030031434064760276e+00 1.300235755485702249e+00
2.118471367359161377e+02 1.030031434064760276e+00 1.300235755485702249e+00
2.118610701560974121e+02 1.030031434064760276e+00 1.300235755485702249e+00
2.118845553398132324e+02 1.030031434064760276e+00 1.300235755485702249e+00
2.119202518463134766e+02 1.030031434064760276e+00 1.300235755485702249e+00
2.119361169338226318e+02 1.032031495101779273e+00 1.315236213263344611e+00
2.119494342803955078e+02 1.032031495101779273e+00 1.315236213263344611e+00
2.119643402099609375e+02 1.030031434064760276e+00 1.300235755485702249e+00
2.119763789176940918e+02 1.030031434064760276e+00 1.300235755485702249e+00
2.119924526214599609e+02 1.032031495101779273e+00 1.315236213263344611e+00
2.120454795360565186e+02 1.030031434064760276e+00 1.300235755485702249e+00
2.120605113506317139e+02 1.030031434064760276e+00 1.300235755485702249e+00
2.120778558254241943e+02 1.030031434064760276e+00 1.300235755485702249e+00
2.121114242076873779e+02 1.032031495101779273e+00 1.315236213263344611e+00
2.121257760524749756e+02 1.032031495101779273e+00 1.315236213263344611e+00
2.121514601707458496e+02 1.030031434064760276e+00 1.300235755485702249e+00
2.121933262348175049e+02 1.032031495101779273e+00 1.315236213263344611e+00
2.122639329433441162e+02 1.030031434064760276e+00 1.300235755485702249e+00
2.122774968147277832e+02 1.032031495101779273e+00 1.315236213263344611e+00
2.123058652877807617e+02 1.032031495101779273e+00 1.315236213263344611e+00
2.123420395851135254e+02 1.032031495101779273e+00 1.315236213263344611e+00
2.123687684535980225e+02 1.032031495101779273e+00 1.315236213263344611e+00
2.123987753391265869e+02 1.032031495101779273e+00 1.315236213263344611e+00
2.124359858036041260e+02 1.032031495101779273e+00 1.315236213263344611e+00
2.124572634696960449e+02 1.032031495101779273e+00 1.315236213263344611e+00
2.124895784854888916e+02 1.032031495101779273e+00 1.315236213263344611e+00
2.125090739727020264e+02 1.032031495101779273e+00 1.315236213263344611e+00
2.125310771465301514e+02 1.032031495101779273e+00 1.315236213263344611e+00
2.125429565906524658e+02 1.032031495101779273e+00 1.315236213263344611e+00
2.125572242736816406e+02 1.030031434064760276e+00 1.300235755485702249e+00
2.125702500343322754e+02 1.032031495101779273e+00 1.315236213263344611e+00
2.126176126003265381e+02 1.032031495101779273e+00 1.315236213263344611e+00
2.126415345668792725e+02 1.032031495101779273e+00 1.315236213263344611e+00
2.126565113067626953e+02 1.032031495101779273e+00 1.315236213263344611e+00
2.126727118492126465e+02 1.032031495101779273e+00 1.315236213263344611e+00
2.126860218048095703e+02 1.032031495101779273e+00 1.315236213263344611e+00
2.127004926204681396e+02 1.032031495101779273e+00 1.315236213263344611e+00
2.127242000102996826e+02 1.032031495101779273e+00 1.315236213263344611e+00
2.127471861839294434e+02 1.032031495101779273e+00 1.315236213263344611e+00
2.127776331901550293e+02 1.032031495101779273e+00 1.315236213263344611e+00
2.128356394767761230e+02 1.032031495101779273e+00 1.315236213263344611e+00
2.128485283851623535e+02 1.030031434064760276e+00 1.300235755485702249e+00
2.128729410171508789e+02 1.032031495101779273e+00 1.315236213263344611e+00
2.129256911277770996e+02 1.032031495101779273e+00 1.315236213263344611e+00
2.129399349689483643e+02 1.032031495101779273e+00 1.315236213263344611e+00
2.129565222263336182e+02 1.032031495101779273e+00 1.315236213263344611e+00
2.129778637886047363e+02 1.032031495101779273e+00 1.315236213263344611e+00
2.130016112327575684e+02 1.032031495101779273e+00 1.315236213263344611e+00
2.130437545776367188e+02 1.030031434064760276e+00 1.300235755485702249e+00
2.130616002082824707e+02 1.032031495101779273e+00 1.315236213263344611e+00
2.130806789398193359e+02 1.032031495101779273e+00 1.315236213263344611e+00
2.130934317111968994e+02 1.032031495101779273e+00 1.315236213263344611e+00
2.131239578723907471e+02 1.032031495101779273e+00 1.315236213263344611e+00
2.131622025966644287e+02 1.032031495101779273e+00 1.315236213263344611e+00
2.131764082908630371e+02 1.032031495101779273e+00 1.315236213263344611e+00
2.132311789989471436e+02 1.032031495101779273e+00 1.315236213263344611e+00
2.132452952861785889e+02 1.032031495101779273e+00 1.315236213263344611e+00
2.132663905620574951e+02 1.032031495101779273e+00 1.315236213263344611e+00
2.132958602905273438e+02 1.032031495101779273e+00 1.315236213263344611e+00
2.133230795860290527e+02 1.030031434064760276e+00 1.300235755485702249e+00
2.133373055458068848e+02 1.032031495101779273e+00 1.315236213263344611e+00
2.133537578582763672e+02 1.032031495101779273e+00 1.315236213263344611e+00
2.133648474216461182e+02 1.030031434064760276e+00 1.300235755485702249e+00
2.133976614475250244e+02 1.032031495101779273e+00 1.315236213263344611e+00
2.134393365383148193e+02 1.032031495101779273e+00 1.315236213263344611e+00
2.134576418399810791e+02 1.032031495101779273e+00 1.315236213263344611e+00
2.134720928668975830e+02 1.032031495101779273e+00 1.315236213263344611e+00
2.134867112636566162e+02 1.030031434064760276e+00 1.300235755485702249e+00
2.135000593662261963e+02 1.032031495101779273e+00 1.315236213263344611e+00
2.135438046455383301e+02 1.032031495101779273e+00 1.315236213263344611e+00
2.135742840766906738e+02 1.030031434064760276e+00 1.300235755485702249e+00
2.136316308975219727e+02 1.032031495101779273e+00 1.315236213263344611e+00
2.136458058357238770e+02 1.032031495101779273e+00 1.315236213263344611e+00
2.136702015399932861e+02 1.032031495101779273e+00 1.315236213263344611e+00
2.137054939270019531e+02 1.032031495101779273e+00 1.315236213263344611e+00
2.137346255779266357e+02 1.032031495101779273e+00 1.315236213263344611e+00
2.137646944522857666e+02 1.032031495101779273e+00 1.315236213263344611e+00
2.138010640144348145e+02 1.030031434064760276e+00 1.300235755485702249e+00
2.138204219341278076e+02 1.032031495101779273e+00 1.315236213263344611e+00
2.138490173816680908e+02 1.032031495101779273e+00 1.315236213263344611e+00
2.138800320625305176e+02 1.032031495101779273e+00 1.315236213263344611e+00
2.138961570262908936e+02 1.032031495101779273e+00 1.315236213263344611e+00
2.139146924018859863e+02 1.032031495101779273e+00 1.315236213263344611e+00
2.139343998432159424e+02 1.032031495101779273e+00 1.315236213263344611e+00
2.139671216011047363e+02 1.032031495101779273e+00 1.315236213263344611e+00
2.139837162494659424e+02 1.032031495101779273e+00 1.315236213263344611e+00
2.140000820159912109e+02 1.032031495101779273e+00 1.315236213263344611e+00
2.140180392265319824e+02 1.030031434064760276e+00 1.300235755485702249e+00
2.140335714817047119e+02 1.032031495101779273e+00 1.315236213263344611e+00
2.140472738742828369e+02 1.032031495101779273e+00 1.315236213263344611e+00
2.140834057331085205e+02 1.032031495101779273e+00 1.315236213263344611e+00
2.141185755729675293e+02 1.032031495101779273e+00 1.315236213263344611e+00
2.141777052879333496e+02 1.032031495101779273e+00 1.315236213263344611e+00
2.141911261081695557e+02 1.030031434064760276e+00 1.300235755485702249e+00
2.142112021446228027e+02 1.032031495101779273e+00 1.315236213263344611e+00
2.142370314598083496e+02 1.032031495101779273e+00 1.315236213263344611e+00
2.142596690654754639e+02 1.032031495101779273e+00 1.315236213263344611e+00
2.142823624610900879e+02 1.032031495101779273e+00 1.315236213263344611e+00
2.142954933643341064e+02 1.032031495101779273e+00 1.315236213263344611e+00
2.143086595535278320e+02 1.032031495101779273e+00 1.315236213263344611e+00
2.143238637447357178e+02 1.032031495101779273e+00 1.315236213263344611e+00
2.143750517368316650e+02 1.032031495101779273e+00 1.315236213263344611e+00
2.143942747116088867e+02 1.030031434064760276e+00 1.300235755485702249e+00
2.144061987400054932e+02 1.032031495101779273e+00 1.315236213263344611e+00
2.144185957908630371e+02 1.032031495101779273e+00 1.315236213263344611e+00
2.144324185848236084e+02 1.032031495101779273e+00 1.315236213263344611e+00
2.144477152824401855e+02 1.032031495101779273e+00 1.315236213263344611e+00
2.144672908782958984e+02 1.032031495101779273e+00 1.315236213263344611e+00
2.145102648735046387e+02 1.032031495101779273e+00 1.315236213263344611e+00
2.145249505043029785e+02 1.030031434064760276e+00 1.300235755485702249e+00
2.145805311203002930e+02 1.032031495101779273e+00 1.315236213263344611e+00
2.145953886508941650e+02 1.030031434064760276e+00 1.300235755485702249e+00
2.146234397888183594e+02 1.032031495101779273e+00 1.315236213263344611e+00
2.146598422527313232e+02 1.032031495101779273e+00 1.315236213263344611e+00
2.146807341575622559e+02 1.032031495101779273e+00 1.315236213263344611e+00
2.146938302516937256e+02 1.032031495101779273e+00 1.315236213263344611e+00
2.147050445079803467e+02 1.032031495101779273e+00 1.315236213263344611e+00
2.147224581241607666e+02 1.032031495101779273e+00 1.315236213263344611e+00
2.147866225242614746e+02 1.032031495101779273e+00 1.315236213263344611e+00
2.148015956878662109e+02 1.030031434064760276e+00 1.300235755485702249e+00
2.148160126209259033e+02 1.032031495101779273e+00 1.315236213263344611e+00
2.148311595916748047e+02 1.032031495101779273e+00 1.315236213263344611e+00
2.148437314033508301e+02 1.032031495101779273e+00 1.315236213263344611e+00
2.148858070373535156e+02 1.032031495101779273e+00 1.315236213263344611e+00
2.149149451255798340e+02 1.032031495101779273e+00 1.315236213263344611e+00
2.149704477787017822e+02 1.032031495101779273e+00 1.315236213263344611e+00
2.149839792251586914e+02 1.030031434064760276e+00 1.300235755485702249e+00
2.150022330284118652e+02 1.032031495101779273e+00 1.315236213263344611e+00
2.150241467952728271e+02 1.032031495101779273e+00 1.315236213263344611e+00
2.150542337894439697e+02 1.030031434064760276e+00 1.300235755485702249e+00
2.150800008773803711e+02 1.032031495101779273e+00 1.315236213263344611e+00
2.151085634231567383e+02 1.032031495101779273e+00 1.315236213263344611e+00
2.151456692218780518e+02 1.032031495101779273e+00 1.315236213263344611e+00
2.151656665802001953e+02 1.032031495101779273e+00 1.315236213263344611e+00
2.151961300373077393e+02 1.032031495101779273e+00 1.315236213263344611e+00
2.152313356399536133e+02 1.030031434064760276e+00 1.300235755485702249e+00
2.152446289062500000e+02 1.032031495101779273e+00 1.315236213263344611e+00
2.152597889900207520e+02 1.032031495101779273e+00 1.315236213263344611e+00
2.152744927406311035e+02 1.032031495101779273e+00 1.315236213263344611e+00
2.153187742233276367e+02 1.032031495101779273e+00 1.315236213263344611e+00
2.153395786285400391e+02 1.032031495101779273e+00 1.315236213263344611e+00
2.153562200069427490e+02 1.030031434064760276e+00 1.300235755485702249e+00
2.153709638118743896e+02 1.032031495101779273e+00 1.315236213263344611e+00
2.153939948081970215e+02 1.032031495101779273e+00 1.315236213263344611e+00
2.154400212764739990e+02 1.032031495101779273e+00 1.315236213263344611e+00
2.154709570407867432e+02 1.032031495101779273e+00 1.315236213263344611e+00
2.155273258686065674e+02 1.032031495101779273e+00 1.315236213263344611e+00
2.155403735637664795e+02 1.032031495101779273e+00 1.315236213263344611e+00
2.155536248683929443e+02 1.032031495101779273e+00 1.315236213263344611e+00
2.155790662765502930e+02 1.032031495101779273e+00 1.315236213263344611e+00
2.156286985874176025e+02 1.032031495101779273e+00 1.315236213263344611e+00
2.156415801048278809e+02 1.032031495101779273e+00 1.315236213263344611e+00
2.156564049720764160e+02 1.032031495101779273e+00 1.315236213263344611e+00
2.156721539497375488e+02 1.030031434064760276e+00 1.300235755485702249e+00
2.157238287925720215e+02 1.032031495101779273e+00 1.315236213263344611e+00
2.157397806644439697e+02 1.032031495101779273e+00 1.315236213263344611e+00
2.157532956600189209e+02 1.032031495101779273e+00 1.315236213263344611e+00
2.157669460773468018e+02 1.032031495101779273e+00 1.315236213263344611e+00
2.157808187007904053e+02 1.032031495101779273e+00 1.315236213263344611e+00
2.157939097881317139e+02 1.032031495101779273e+00 1.315236213263344611e+00
2.158569245338439941e+02 1.032031495101779273e+00 1.315236213263344611e+00
2.159165220260620117e+02 1.032031495101779273e+00 1.315236213263344611e+00
2.159299855232238770e+02 1.030031434064760276e+00 1.300235755485702249e+00
2.159502527713775635e+02 1.032031495101779273e+00 1.315236213263344611e+00
2.159691083431243896e+02 1.032031495101779273e+00 1.315236213263344611e+00
2.160205605030059814e+02 1.032031495101779273e+00 1.315236213263344611e+00
2.160331003665924072e+02 1.032031495101779273e+00 1.315236213263344611e+00
2.160472435951232910e+02 1.032031495101779273e+00 1.315236213263344611e+00
2.160611202716827393e+02 1.032031495101779273e+00 1.315236213263344611e+00
2.161112804412841797e+02 1.032031495101779273e+00 1.315236213263344611e+00
2.161273248195648193e+02 1.032031495101779273e+00 1.315236213263344611e+00
2.161429295539855957e+02 1.032031495101779273e+00 1.315236213263344611e+00
2.161574251651763916e+02 1.032031495101779273e+00 1.315236213263344611e+00
2.161702473163604736e+02 1.032031495101779273e+00 1.315236213263344611e+00
2.161834487915039062e+02 1.030031434064760276e+00 1.300235755485702249e+00
2.162470355033874512e+02 1.032031495101779273e+00 1.315236213263344611e+00
2.163065493106842041e+02 1.032031495101779273e+00 1.315236213263344611e+00
2.163199253082275391e+02 1.032031495101779273e+00 1.315236213263344611e+00
2.163444368839263916e+02 1.032031495101779273e+00 1.315236213263344611e+00
2.163751990795135498e+02 1.032031495101779273e+00 1.315236213263344611e+00
2.164041814804077148e+02 1.032031495101779273e+00 1.315236213263344611e+00
2.164325065612792969e+02 1.032031495101779273e+00 1.315236213263344611e+00
2.164757008552551270e+02 1.032031495101779273e+00 1.315236213263344611e+00
2.164954519271850586e+02 1.032031495101779273e+00 1.315236213263344611e+00
2.165313796997070312e+02 1.032031495101779273e+00 1.315236213263344611e+00
2.165552904605865479e+02 1.032031495101779273e+00 1.315236213263344611e+00
2.165746467113494873e+02 1.032031495101779273e+00 1.315236213263344611e+00
2.165900115966796875e+02 1.032031495101779273e+00 1.315236213263344611e+00
2.166097779273986816e+02 1.032031495101779273e+00 1.315236213263344611e+00
2.166565794944763184e+02 1.032031495101779273e+00 1.315236213263344611e+00
2.166726863384246826e+02 1.032031495101779273e+00 1.315236213263344611e+00
2.166907625198364258e+02 1.032031495101779273e+00 1.315236213263344611e+00
2.167135183811187744e+02 1.032031495101779273e+00 1.315236213263344611e+00
2.167368941307067871e+02 1.032031495101779273e+00 1.315236213263344611e+00
2.167815771102905273e+02 1.032031495101779273e+00 1.315236213263344611e+00
2.168404083251953125e+02 1.032031495101779273e+00 1.315236213263344611e+00
2.168539440631866455e+02 1.032031495101779273e+00 1.315236213263344611e+00
2.168691775798797607e+02 1.032031495101779273e+00 1.315236213263344611e+00
2.168946805000305176e+02 1.032031495101779273e+00 1.315236213263344611e+00
2.169353027343750000e+02 1.032031495101779273e+00 1.315236213263344611e+00
2.169512696266174316e+02 1.032031495101779273e+00 1.315236213263344611e+00
2.169662704467773438e+02 1.032031495101779273e+00 1.315236213263344611e+00
2.169793200492858887e+02 1.032031495101779273e+00 1.315236213263344611e+00
2.170037600994110107e+02 1.030031434064760276e+00 1.300235755485702249e+00
2.170443696975708008e+02 1.032031495101779273e+00 1.315236213263344611e+00
2.170572831630706787e+02 1.032031495101779273e+00 1.315236213263344611e+00
2.170722904205322266e+02 1.032031495101779273e+00 1.315236213263344611e+00
2.170909337997436523e+02 1.032031495101779273e+00 1.315236213263344611e+00
2.171136465072631836e+02 1.030031434064760276e+00 1.300235755485702249e+00
2.171490375995635986e+02 1.030031434064760276e+00 1.300235755485702249e+00
2.171784470081329346e+02 1.032031495101779273e+00 1.315236213263344611e+00
2.172342209815979004e+02 1.032031495101779273e+00 1.315236213263344611e+00
2.172479753494262695e+02 1.030031434064760276e+00 1.300235755485702249e+00
2.172744703292846680e+02 1.030031434064760276e+00 1.300235755485702249e+00
2.173005402088165283e+02 1.026031311990722505e+00 1.270234839930418858e+00
2.173241963386535645e+02 1.032031495101779273e+00 1.315236213263344611e+00
2.173398311138153076e+02 1.032031495101779273e+00 1.315236213263344611e+00
2.173532691001892090e+02 1.030031434064760276e+00 1.300235755485702249e+00
2.173685560226440430e+02 1.032031495101779273e+00 1.315236213263344611e+00
2.174239251613616943e+02 1.032031495101779273e+00 1.315236213263344611e+00
2.174441318511962891e+02 1.030031434064760276e+00 1.300235755485702249e+00
2.174607462882995605e+02 1.030031434064760276e+00 1.300235755485702249e+00
2.174759669303894043e+02 1.030031434064760276e+00 1.300235755485702249e+00
2.174897923469543457e+02 1.030031434064760276e+00 1.300235755485702249e+00
2.175469558238983154e+02 1.026031311990722505e+00 1.270234839930418858e+00
2.175613040924072266e+02 1.032031495101779273e+00 1.315236213263344611e+00
2.176166903972625732e+02 1.030031434064760276e+00 1.300235755485702249e+00
2.176308970451354980e+02 1.030031434064760276e+00 1.300235755485702249e+00
2.176492626667022705e+02 1.030031434064760276e+00 1.300235755485702249e+00
2.176830422878265381e+02 1.030031434064760276e+00 1.300235755485702249e+00
2.177123661041259766e+02 1.030031434064760276e+00 1.300235755485702249e+00
2.177727434635162354e+02 1.030031434064760276e+00 1.300235755485702249e+00
2.177850639820098877e+02 1.030031434064760276e+00 1.300235755485702249e+00
2.178090343475341797e+02 1.030031434064760276e+00 1.300235755485702249e+00
2.178362686634063721e+02 1.030031434064760276e+00 1.300235755485702249e+00
2.178588955402374268e+02 1.032031495101779273e+00 1.315236213263344611e+00
2.178702526092529297e+02 1.030031434064760276e+00 1.300235755485702249e+00
2.178859598636627197e+02 1.032031495101779273e+00 1.315236213263344611e+00
2.178991928100585938e+02 1.030031434064760276e+00 1.300235755485702249e+00
2.179159979820251465e+02 1.030031434064760276e+00 1.300235755485702249e+00
2.179707405567169189e+02 1.030031434064760276e+00 1.300235755485702249e+00
2.179855847358703613e+02 1.032031495101779273e+00 1.315236213263344611e+00
2.180005760192871094e+02 1.030031434064760276e+00 1.300235755485702249e+00
2.180216348171234131e+02 1.030031434064760276e+00 1.300235755485702249e+00
2.180390000343322754e+02 1.030031434064760276e+00 1.300235755485702249e+00
2.180876889228820801e+02 1.030031434064760276e+00 1.300235755485702249e+00
2.181020469665527344e+02 1.030031434064760276e+00 1.300235755485702249e+00
2.181565370559692383e+02 1.030031434064760276e+00 1.300235755485702249e+00
2.181701352596282959e+02 1.030031434064760276e+00 1.300235755485702249e+00
2.181827225685119629e+02 1.030031434064760276e+00 1.300235755485702249e+00
2.182097961902618408e+02 1.030031434064760276e+00 1.300235755485702249e+00
2.182507977485656738e+02 1.032031495101779273e+00 1.315236213263344611e+00
2.182640724182128906e+02 1.032031495101779273e+00 1.315236213263344611e+00
2.182757225036621094e+02 1.030031434064760276e+00 1.300235755485702249e+00
2.182900180816650391e+02 1.030031434064760276e+00 1.300235755485702249e+00
2.183033263683319092e+02 1.032031495101779273e+00 1.315236213263344611e+00
2.183464353084564209e+02 1.030031434064760276e+00 1.300235755485702249e+00
2.183673119544982910e+02 1.030031434064760276e+00 1.300235755485702249e+00
2.183864181041717529e+02 1.032031495101779273e+00 1.315236213263344611e+00
2.184007594585418701e+02 1.030031434064760276e+00 1.300235755485702249e+00
2.184135513305664062e+02 1.030031434064760276e+00 1.300235755485702249e+00
2.184340965747833252e+02 1.032031495101779273e+00 1.315236213263344611e+00
2.184710242748260498e+02 1.032031495101779273e+00 1.315236213263344611e+00
2.185024485588073730e+02 1.030031434064760276e+00 1.300235755485702249e+00
2.185590751171112061e+02 1.030031434064760276e+00 1.300235755485702249e+00
2.185739095211029053e+02 1.030031434064760276e+00 1.300235755485702249e+00
2.186057472229003906e+02 1.030031434064760276e+00 1.300235755485702249e+00
2.186385557651519775e+02 1.030031434064760276e+00 1.300235755485702249e+00
2.186613240242004395e+02 1.032031495101779273e+00 1.315236213263344611e+00
2.186789073944091797e+02 1.030031434064760276e+00 1.300235755485702249e+00
2.186995422840118408e+02 1.030031434064760276e+00 1.300235755485702249e+00
2.187657587528228760e+02 1.032031495101779273e+00 1.315236213263344611e+00
2.187803363800048828e+02 1.030031434064760276e+00 1.300235755485702249e+00
2.187935886383056641e+02 1.030031434064760276e+00 1.300235755485702249e+00
2.188081374168395996e+02 1.030031434064760276e+00 1.300235755485702249e+00
2.188217060565948486e+02 1.030031434064760276e+00 1.300235755485702249e+00
2.188624436855316162e+02 1.030031434064760276e+00 1.300235755485702249e+00
2.188922801017761230e+02 1.032031495101779273e+00 1.315236213263344611e+00
2.189488601684570312e+02 1.030031434064760276e+00 1.300235755485702249e+00
2.189628434181213379e+02 1.030031434064760276e+00 1.300235755485702249e+00
2.189837424755096436e+02 1.030031434064760276e+00 1.300235755485702249e+00
2.190141422748565674e+02 1.030031434064760276e+00 1.300235755485702249e+00
2.190519731044769287e+02 1.030031434064760276e+00 1.300235755485702249e+00
2.190829286575317383e+02 1.030031434064760276e+00 1.300235755485702249e+00
2.191213171482086182e+02 1.030031434064760276e+00 1.300235755485702249e+00
2.191479058265686035e+02 1.030031434064760276e+00 1.300235755485702249e+00
2.191848287582397461e+02 1.030031434064760276e+00 1.300235755485702249e+00
2.192075729370117188e+02 1.030031434064760276e+00 1.300235755485702249e+00
2.192230103015899658e+02 1.030031434064760276e+00 1.300235755485702249e+00
2.192388143539428711e+02 1.030031434064760276e+00 1.300235755485702249e+00
2.192857854366302490e+02 1.030031434064760276e+00 1.300235755485702249e+00
2.193077578544616699e+02 1.030031434064760276e+00 1.300235755485702249e+00
2.193230137825012207e+02 1.030031434064760276e+00 1.300235755485702249e+00
2.193395655155181885e+02 1.030031434064760276e+00 1.300235755485702249e+00
2.193546335697174072e+02 1.030031434064760276e+00 1.300235755485702249e+00
2.193690755367279053e+02 1.028031373027741280e+00 1.285235297708059665e+00
2.194054229259490967e+02 1.030031434064760276e+00 1.300235755485702249e+00
2.194455845355987549e+02 1.030031434064760276e+00 1.300235755485702249e+00
2.195045070648193359e+02 1.030031434064760276e+00 1.300235755485702249e+00
2.195178978443145752e+02 1.032031495101779273e+00 1.315236213263344611e+00
2.195320518016815186e+02 1.032031495101779273e+00 1.315236213263344611e+00
2.195590910911560059e+02 1.032031495101779273e+00 1.315236213263344611e+00
2.195880875587463379e+02 1.032031495101779273e+00 1.315236213263344611e+00
2.196089162826538086e+02 1.032031495101779273e+00 1.315236213263344611e+00
2.196231379508972168e+02 1.032031495101779273e+00 1.315236213263344611e+00
2.196352427005767822e+02 1.032031495101779273e+00 1.315236213263344611e+00
2.196524596214294434e+02 1.032031495101779273e+00 1.315236213263344611e+00
2.197030298709869385e+02 1.032031495101779273e+00 1.315236213263344611e+00
2.197190291881561279e+02 1.032031495101779273e+00 1.315236213263344611e+00
2.197354207038879395e+02 1.032031495101779273e+00 1.315236213263344611e+00
2.197525463104248047e+02 1.032031495101779273e+00 1.315236213263344611e+00
2.197677748203277588e+02 1.032031495101779273e+00 1.315236213263344611e+00
2.197957313060760498e+02 1.032031495101779273e+00 1.315236213263344611e+00
2.198409197330474854e+02 1.032031495101779273e+00 1.315236213263344611e+00
2.199001076221466064e+02 1.032031495101779273e+00 1.315236213263344611e+00
2.199137220382690430e+02 1.030031434064760276e+00 1.300235755485702249e+00
2.199350693225860596e+02 1.032031495101779273e+00 1.315236213263344611e+00
2.199634339809417725e+02 1.032031495101779273e+00 1.315236213263344611e+00
2.199974255561828613e+02 1.032031495101779273e+00 1.315236213263344611e+00
2.200116822719573975e+02 1.032031495101779273e+00 1.315236213263344611e+00
2.200271480083465576e+02 1.032031495101779273e+00 1.315236213263344611e+00
2.200400075912475586e+02 1.032031495101779273e+00 1.315236213263344611e+00
2.200780339241027832e+02 1.032031495101779273e+00 1.315236213263344611e+00
2.200985856056213379e+02 1.032031495101779273e+00 1.315236213263344611e+00
2.201122739315032959e+02 1.032031495101779273e+00 1.315236213263344611e+00
2.201288464069366455e+02 1.032031495101779273e+00 1.315236213263344611e+00
2.201449227333068848e+02 1.032031495101779273e+00 1.315236213263344611e+00
2.201685631275177002e+02 1.032031495101779273e+00 1.315236213263344611e+00
2.202172298431396484e+02 1.032031495101779273e+00 1.315236213263344611e+00
2.202315406799316406e+02 1.032031495101779273e+00 1.315236213263344611e+00
2.202857410907745361e+02 1.032031495101779273e+00 1.315236213263344611e+00
2.202996146678924561e+02 1.032031495101779273e+00 1.315236213263344611e+00
2.203180167675018311e+02 1.032031495101779273e+00 1.315236213263344611e+00
2.203464627265930176e+02 1.032031495101779273e+00 1.315236213263344611e+00
2.203746926784515381e+02 1.032031495101779273e+00 1.315236213263344611e+00
2.204027926921844482e+02 1.032031495101779273e+00 1.315236213263344611e+00
2.204451129436492920e+02 1.032031495101779273e+00 1.315236213263344611e+00
2.204649004936218262e+02 1.032031495101779273e+00 1.315236213263344611e+00
2.204951648712158203e+02 1.032031495101779273e+00 1.315236213263344611e+00
2.205247776508331299e+02 1.032031495101779273e+00 1.315236213263344611e+00
2.205420448780059814e+02 1.032031495101779273e+00 1.315236213263344611e+00
2.205561037063598633e+02 1.032031495101779273e+00 1.315236213263344611e+00
2.205725300312042236e+02 1.032031495101779273e+00 1.315236213263344611e+00
2.206110775470733643e+02 1.032031495101779273e+00 1.315236213263344611e+00
2.206346530914306641e+02 1.032031495101779273e+00 1.315236213263344611e+00
2.206514527797698975e+02 1.032031495101779273e+00 1.315236213263344611e+00
2.206658806800842285e+02 1.032031495101779273e+00 1.315236213263344611e+00
2.206798744201660156e+02 1.032031495101779273e+00 1.315236213263344611e+00
2.206984448432922363e+02 1.032031495101779273e+00 1.315236213263344611e+00
2.207555687427520752e+02 1.032031495101779273e+00 1.315236213263344611e+00
2.208143126964569092e+02 1.032031495101779273e+00 1.315236213263344611e+00
2.208275783061981201e+02 1.032031495101779273e+00 1.315236213263344611e+00
2.208568761348724365e+02 1.032031495101779273e+00 1.315236213263344611e+00
2.208860564231872559e+02 1.032031495101779273e+00 1.315236213263344611e+00
2.209121646881103516e+02 1.032031495101779273e+00 1.315236213263344611e+00
2.209250550270080566e+02 1.032031495101779273e+00 1.315236213263344611e+00
2.209383738040924072e+02 1.032031495101779273e+00 1.315236213263344611e+00
2.209508895874023438e+02 1.032031495101779273e+00 1.315236213263344611e+00
2.209966652393341064e+02 1.032031495101779273e+00 1.315236213263344611e+00
2.210197498798370361e+02 1.032031495101779273e+00 1.315236213263344611e+00
2.210337877273559570e+02 1.032031495101779273e+00 1.315236213263344611e+00
2.210490911006927490e+02 1.032031495101779273e+00 1.315236213263344611e+00
2.210629541873931885e+02 1.032031495101779273e+00 1.315236213263344611e+00
2.210759704113006592e+02 1.032031495101779273e+00 1.315236213263344611e+00
2.211170256137847900e+02 1.032031495101779273e+00 1.315236213263344611e+00
2.211462197303771973e+02 1.032031495101779273e+00 1.315236213263344611e+00
2.212021484375000000e+02 1.032031495101779273e+00 1.315236213263344611e+00
2.212218236923217773e+02 1.032031495101779273e+00 1.315236213263344611e+00
2.212478387355804443e+02 1.030031434064760276e+00 1.300235755485702249e+00
2.212654240131378174e+02 1.032031495101779273e+00 1.315236213263344611e+00
2.212930629253387451e+02 1.032031495101779273e+00 1.315236213263344611e+00
2.213081636428833008e+02 1.032031495101779273e+00 1.315236213263344611e+00
2.213236446380615234e+02 1.032031495101779273e+00 1.315236213263344611e+00
2.213502588272094727e+02 1.032031495101779273e+00 1.315236213263344611e+00
2.213901557922363281e+02 1.032031495101779273e+00 1.315236213263344611e+00
2.214038646221160889e+02 1.032031495101779273e+00 1.315236213263344611e+00
2.214179055690765381e+02 1.032031495101779273e+00 1.315236213263344611e+00
2.214326381683349609e+02 1.032031495101779273e+00 1.315236213263344611e+00
2.214452416896820068e+02 1.032031495101779273e+00 1.315236213263344611e+00
2.214633114337921143e+02 1.032031495101779273e+00 1.315236213263344611e+00
2.214962100982666016e+02 1.032031495101779273e+00 1.315236213263344611e+00
2.215257470607757568e+02 1.032031495101779273e+00 1.315236213263344611e+00
2.215805854797363281e+02 1.032031495101779273e+00 1.315236213263344611e+00
2.215950655937194824e+02 1.032031495101779273e+00 1.315236213263344611e+00
2.216134448051452637e+02 1.032031495101779273e+00 1.315236213263344611e+00
2.216421506404876709e+02 1.032031495101779273e+00 1.315236213263344611e+00
2.216708440780639648e+02 1.032031495101779273e+00 1.315236213263344611e+00
2.216995217800140381e+02 1.032031495101779273e+00 1.315236213263344611e+00
2.217416028976440430e+02 1.032031495101779273e+00 1.315236213263344611e+00
2.217619662284851074e+02 1.030031434064760276e+00 1.300235755485702249e+00
2.218021836280822754e+02 1.032031495101779273e+00 1.315236213263344611e+00
2.218248717784881592e+02 1.032031495101779273e+00 1.315236213263344611e+00
2.218400609493255615e+02 1.032031495101779273e+00 1.315236213263344611e+00
2.218553454875946045e+02 1.032031495101779273e+00 1.315236213263344611e+00
2.218679881095886230e+02 1.032031495101779273e+00 1.315236213263344611e+00
2.219224271774291992e+02 1.032031495101779273e+00 1.315236213263344611e+00
2.219424757957458496e+02 1.032031495101779273e+00 1.315236213263344611e+00
2.219560022354125977e+02 1.032031495101779273e+00 1.315236213263344611e+00
2.219709954261779785e+02 1.032031495101779273e+00 1.315236213263344611e+00
2.219846968650817871e+02 1.032031495101779273e+00 1.315236213263344611e+00
2.220479631423950195e+02 1.032031495101779273e+00 1.315236213263344611e+00
2.221069457530975342e+02 1.032031495101779273e+00 1.315236213263344611e+00
2.221200926303863525e+02 1.032031495101779273e+00 1.315236213263344611e+00
2.221480913162231445e+02 1.032031495101779273e+00 1.315236213263344611e+00
2.221968131065368652e+02 1.032031495101779273e+00 1.315236213263344611e+00
2.222121179103851318e+02 1.032031495101779273e+00 1.315236213263344611e+00
2.222285265922546387e+02 1.032031495101779273e+00 1.315236213263344611e+00
2.222444534301757812e+02 1.032031495101779273e+00 1.315236213263344611e+00
2.222921431064605713e+02 1.032031495101779273e+00 1.315236213263344611e+00
2.223075580596923828e+02 1.032031495101779273e+00 1.315236213263344611e+00
2.223215715885162354e+02 1.030031434064760276e+00 1.300235755485702249e+00
2.223362195491790771e+02 1.032031495101779273e+00 1.315236213263344611e+00
2.223598940372467041e+02 1.032031495101779273e+00 1.315236213263344611e+00
2.224184324741363525e+02 1.032031495101779273e+00 1.315236213263344611e+00
2.224323716163635254e+02 1.032031495101779273e+00 1.315236213263344611e+00
2.224868717193603516e+02 1.030031434064760276e+00 1.300235755485702249e+00
2.225010228157043457e+02 1.032031495101779273e+00 1.315236213263344611e+00
2.225266058444976807e+02 1.032031495101779273e+00 1.315236213263344611e+00
2.225586259365081787e+02 1.032031495101779273e+00 1.315236213263344611e+00
2.225803337097167969e+02 1.032031495101779273e+00 1.315236213263344611e+00
2.225961015224456787e+02 1.032031495101779273e+00 1.315236213263344611e+00
2.226138341426849365e+02 1.032031495101779273e+00 1.315236213263344611e+00
2.226577911376953125e+02 1.032031495101779273e+00 1.315236213263344611e+00
2.226809005737304688e+02 1.032031495101779273e+00 1.315236213263344611e+00
2.226980900764465332e+02 1.032031495101779273e+00 1.315236213263344611e+00
2.227126541137695312e+02 1.032031495101779273e+00 1.315236213263344611e+00
2.227264437675476074e+02 1.032031495101779273e+00 1.315236213263344611e+00
2.227454409599304199e+02 1.032031495101779273e+00 1.315236213263344611e+00
2.227751715183258057e+02 1.032031495101779273e+00 1.315236213263344611e+00
2.228100364208221436e+02 1.032031495101779273e+00 1.315236213263344611e+00
2.228669881820678711e+02 1.032031495101779273e+00 1.315236213263344611e+00
2.228868689537048340e+02 1.032031495101779273e+00 1.315236213263344611e+00
2.229082925319671631e+02 1.032031495101779273e+00 1.315236213263344611e+00
2.229375541210174561e+02 1.032031495101779273e+00 1.315236213263344611e+00
2.229681682586669922e+02 1.032031495101779273e+00 1.315236213263344611e+00
2.230257749557495117e+02 1.032031495101779273e+00 1.315236213263344611e+00
2.230382730960845947e+02 1.032031495101779273e+00 1.315236213263344611e+00
2.230700166225433350e+02 1.032031495101779273e+00 1.315236213263344611e+00
2.231065008640289307e+02 1.032031495101779273e+00 1.315236213263344611e+00
2.231221745014190674e+02 1.032031495101779273e+00 1.315236213263344611e+00
2.231388893127441406e+02 1.032031495101779273e+00 1.315236213263344611e+00
2.231542007923126221e+02 1.032031495101779273e+00 1.315236213263344611e+00
2.232075026035308838e+02 1.032031495101779273e+00 1.315236213263344611e+00
2.232201447486877441e+02 1.032031495101779273e+00 1.315236213263344611e+00
2.232334978580474854e+02 1.032031495101779273e+00 1.315236213263344611e+00
2.232506158351898193e+02 1.032031495101779273e+00 1.315236213263344611e+00
2.232655346393585205e+02 1.030031434064760276e+00 1.300235755485702249e+00
2.233073303699493408e+02 1.032031495101779273e+00 1.315236213263344611e+00
2.233412396907806396e+02 1.032031495101779273e+00 1.315236213263344611e+00
2.233982079029083252e+02 1.032031495101779273e+00 1.315236213263344611e+00
2.234113919734954834e+02 1.032031495101779273e+00 1.315236213263344611e+00
2.234375050067901611e+02 1.032031495101779273e+00 1.315236213263344611e+00
2.234707732200622559e+02 1.032031495101779273e+00 1.315236213263344611e+00
2.234932692050933838e+02 1.032031495101779273e+00 1.315236213263344611e+00
2.235057592391967773e+02 1.032031495101779273e+00 1.315236213263344611e+00
2.235210039615631104e+02 1.032031495101779273e+00 1.315236213263344611e+00
2.235700085163116455e+02 1.032031495101779273e+00 1.315236213263344611e+00
2.235942192077636719e+02 1.032031495101779273e+00 1.315236213263344611e+00
2.236117293834686279e+02 1.032031495101779273e+00 1.315236213263344611e+00
2.236279816627502441e+02 1.032031495101779273e+00 1.315236213263344611e+00
2.236435513496398926e+02 1.032031495101779273e+00 1.315236213263344611e+00
2.236831715106964111e+02 1.032031495101779273e+00 1.315236213263344611e+00
2.237187688350677490e+02 1.032031495101779273e+00 1.315236213263344611e+00
2.237754819393157959e+02 1.032031495101779273e+00 1.315236213263344611e+00
2.237964329719543457e+02 1.032031495101779273e+00 1.315236213263344611e+00
2.238234193325042725e+02 1.032031495101779273e+00 1.315236213263344611e+00
2.238544385433197021e+02 1.032031495101779273e+00 1.315236213263344611e+00
2.238683483600616455e+02 1.032031495101779273e+00 1.315236213263344611e+00
2.238825061321258545e+02 1.032031495101779273e+00 1.315236213263344611e+00
2.238976297378540039e+02 1.032031495101779273e+00 1.315236213263344611e+00
2.239170074462890625e+02 1.032031495101779273e+00 1.315236213263344611e+00
2.239670617580413818e+02 1.032031495101779273e+00 1.315236213263344611e+00
2.239836261272430420e+02 1.032031495101779273e+00 1.315236213263344611e+00
2.239991335868835449e+02 1.032031495101779273e+00 1.315236213263344611e+00
2.240163986682891846e+02 1.032031495101779273e+00 1.315236213263344611e+00
2.240348148345947266e+02 1.032031495101779273e+00 1.315236213263344611e+00
2.240675809383392334e+02 1.032031495101779273e+00 1.315236213263344611e+00
2.240972702503204346e+02 1.032031495101779273e+00 1.315236213263344611e+00
2.241526856422424316e+02 1.032031495101779273e+00 1.315236213263344611e+00
2.241665577888488770e+02 1.030031434064760276e+00 1.300235755485702249e+00
2.241899635791778564e+02 1.032031495101779273e+00 1.315236213263344611e+00
2.242247841358184814e+02 1.032031495101779273e+00 1.315236213263344611e+00
2.242562046051025391e+02 1.032031495101779273e+00 1.315236213263344611e+00
2.242831666469573975e+02 1.032031495101779273e+00 1.315236213263344611e+00
2.243147823810577393e+02 1.032031495101779273e+00 1.315236213263344611e+00
2.243343293666839600e+02 1.032031495101779273e+00 1.315236213263344611e+00
2.243697805404663086e+02 1.032031495101779273e+00 1.315236213263344611e+00
2.243968884944915771e+02 1.032031495101779273e+00 1.315236213263344611e+00
2.244096066951751709e+02 1.032031495101779273e+00 1.315236213263344611e+00
2.244274060726165771e+02 1.032031495101779273e+00 1.315236213263344611e+00
2.244404509067535400e+02 1.032031495101779273e+00 1.315236213263344611e+00
2.244899866580963135e+02 1.032031495101779273e+00 1.315236213263344611e+00
2.245056543350219727e+02 1.030031434064760276e+00 1.300235755485702249e+00
2.245200278759002686e+02 1.032031495101779273e+00 1.315236213263344611e+00
2.245336468219757080e+02 1.032031495101779273e+00 1.315236213263344611e+00
2.245478169918060303e+02 1.030031434064760276e+00 1.300235755485702249e+00
2.245606615543365479e+02 1.032031495101779273e+00 1.315236213263344611e+00
2.246175346374511719e+02 1.032031495101779273e+00 1.315236213263344611e+00
2.246316828727722168e+02 1.032031495101779273e+00 1.315236213263344611e+00
2.246861283779144287e+02 1.030031434064760276e+00 1.300235755485702249e+00
2.246995646953582764e+02 1.030031434064760276e+00 1.300235755485702249e+00
2.247258288860321045e+02 1.030031434064760276e+00 1.300235755485702249e+00
2.247586252689361572e+02 1.032031495101779273e+00 1.315236213263344611e+00
2.247819371223449707e+02 1.032031495101779273e+00 1.315236213263344611e+00
2.247939953804016113e+02 1.032031495101779273e+00 1.315236213263344611e+00
2.248072359561920166e+02 1.032031495101779273e+00 1.315236213263344611e+00
2.248235406875610352e+02 1.032031495101779273e+00 1.315236213263344611e+00
2.248741612434387207e+02 1.032031495101779273e+00 1.315236213263344611e+00
2.248895356655120850e+02 1.032031495101779273e+00 1.315236213263344611e+00
2.249040033817291260e+02 1.030031434064760276e+00 1.300235755485702249e+00
2.249177854061126709e+02 1.032031495101779273e+00 1.315236213263344611e+00
2.249336423873901367e+02 1.032031495101779273e+00 1.315236213263344611e+00
2.249445922374725342e+02 1.030031434064760276e+00 1.300235755485702249e+00
2.249852619171142578e+02 1.032031495101779273e+00 1.315236213263344611e+00
2.250154349803924561e+02 1.032031495101779273e+00 1.315236213263344611e+00
2.250696880817413330e+02 1.032031495101779273e+00 1.315236213263344611e+00
2.250835621356964111e+02 1.030031434064760276e+00 1.300235755485702249e+00
2.251079480648040771e+02 1.030031434064760276e+00 1.300235755485702249e+00
2.251413044929504395e+02 1.032031495101779273e+00 1.315236213263344611e+00
2.251590890884399414e+02 1.032031495101779273e+00 1.315236213263344611e+00
2.251741745471954346e+02 1.030031434064760276e+00 1.300235755485702249e+00
2.251856293678283691e+02 1.030031434064760276e+00 1.300235755485702249e+00
2.251964373588562012e+02 1.032031495101779273e+00 1.315236213263344611e+00
2.252251410484313965e+02 1.030031434064760276e+00 1.300235755485702249e+00
2.252659063339233398e+02 1.032031495101779273e+00 1.315236213263344611e+00
2.252843089103698730e+02 1.030031434064760276e+00 1.300235755485702249e+00
2.252991116046905518e+02 1.030031434064760276e+00 1.300235755485702249e+00
2.253184859752655029e+02 1.032031495101779273e+00 1.315236213263344611e+00
2.253465754985809326e+02 1.032031495101779273e+00 1.315236213263344611e+00
2.253899927139282227e+02 1.032031495101779273e+00 1.315236213263344611e+00
2.254495995044708252e+02 1.032031495101779273e+00 1.315236213263344611e+00
2.254634768962860107e+02 1.030031434064760276e+00 1.300235755485702249e+00
2.254899442195892334e+02 1.030031434064760276e+00 1.300235755485702249e+00
2.255195686817169189e+02 1.030031434064760276e+00 1.300235755485702249e+00
2.255481011867523193e+02 1.032031495101779273e+00 1.315236213263344611e+00
2.255784308910369873e+02 1.030031434064760276e+00 1.300235755485702249e+00
2.256146774291992188e+02 1.030031434064760276e+00 1.300235755485702249e+00
2.256341912746429443e+02 1.030031434064760276e+00 1.300235755485702249e+00
2.256640834808349609e+02 1.032031495101779273e+00 1.315236213263344611e+00
2.256870470046997070e+02 1.032031495101779273e+00 1.315236213263344611e+00
2.257000858783721924e+02 1.030031434064760276e+00 1.300235755485702249e+00
2.257135112285614014e+02 1.030031434064760276e+00 1.300235755485702249e+00
2.257261726856231689e+02 1.030031434064760276e+00 1.300235755485702249e+00
2.257419755458831787e+02 1.030031434064760276e+00 1.300235755485702249e+00
2.257661111354827881e+02 1.032031495101779273e+00 1.315236213263344611e+00
2.258046927452087402e+02 1.032031495101779273e+00 1.315236213263344611e+00
2.258195102214813232e+02 1.032031495101779273e+00 1.315236213263344611e+00
2.258328657150268555e+02 1.032031495101779273e+00 1.315236213263344611e+00
2.258514153957366943e+02 1.030031434064760276e+00 1.300235755485702249e+00
2.258759939670562744e+02 1.030031434064760276e+00 1.300235755485702249e+00
2.259164669513702393e+02 1.032031495101779273e+00 1.315236213263344611e+00
2.259307670593261719e+02 1.032031495101779273e+00 1.315236213263344611e+00
2.259847576618194580e+02 1.030031434064760276e+00 1.300235755485702249e+00
2.259980676174163818e+02 1.030031434064760276e+00 1.300235755485702249e+00
2.260271964073181152e+02 1.030031434064760276e+00 1.300235755485702249e+00
2.260590591430664062e+02 1.030031434064760276e+00 1.300235755485702249e+00
2.260767710208892822e+02 1.030031434064760276e+00 1.300235755485702249e+00
2.260927329063415527e+02 1.030031434064760276e+00 1.300235755485702249e+00
2.261072981357574463e+02 1.030031434064760276e+00 1.300235755485702249e+00
2.261230766773223877e+02 1.030031434064760276e+00 1.300235755485702249e+00
2.261714329719543457e+02 1.030031434064760276e+00 1.300235755485702249e+00
2.261901516914367676e+02 1.030031434064760276e+00 1.300235755485702249e+00
2.262102994918823242e+02 1.030031434064760276e+00 1.300235755485702249e+00
2.262256474494934082e+02 1.030031434064760276e+00 1.300235755485702249e+00
2.262390816211700439e+02 1.032031495101779273e+00 1.315236213263344611e+00
2.262804298400878906e+02 1.030031434064760276e+00 1.300235755485702249e+00
2.263096632957458496e+02 1.032031495101779273e+00 1.315236213263344611e+00
2.263647787570953369e+02 1.030031434064760276e+00 1.300235755485702249e+00
2.263792252540588379e+02 1.030031434064760276e+00 1.300235755485702249e+00
2.264055387973785400e+02 1.030031434064760276e+00 1.300235755485702249e+00
2.264527668952941895e+02 1.030031434064760276e+00 1.300235755485702249e+00
2.264683458805084229e+02 1.030031434064760276e+00 1.300235755485702249e+00
2.264867951869964600e+02 1.030031434064760276e+00 1.300235755485702249e+00
2.265049102306365967e+02 1.030031434064760276e+00 1.300235755485702249e+00
2.265567193031311035e+02 1.030031434064760276e+00 1.300235755485702249e+00
2.265750198364257812e+02 1.030031434064760276e+00 1.300235755485702249e+00
2.265895178318023682e+02 1.030031434064760276e+00 1.300235755485702249e+00
2.266066925525665283e+02 1.030031434064760276e+00 1.300235755485702249e+00
2.266343443393707275e+02 1.030031434064760276e+00 1.300235755485702249e+00
2.266829357147216797e+02 1.030031434064760276e+00 1.300235755485702249e+00
2.267550003528594971e+02 1.030031434064760276e+00 1.300235755485702249e+00
2.267692971229553223e+02 1.030031434064760276e+00 1.300235755485702249e+00
2.267967979907989502e+02 1.030031434064760276e+00 1.300235755485702249e+00
2.268251631259918213e+02 1.032031495101779273e+00 1.315236213263344611e+00
2.268552424907684326e+02 1.032031495101779273e+00 1.315236213263344611e+00
2.268904778957366943e+02 1.032031495101779273e+00 1.315236213263344611e+00
2.269390773773193359e+02 1.032031495101779273e+00 1.315236213263344611e+00
2.269617977142333984e+02 1.030031434064760276e+00 1.300235755485702249e+00
2.270055572986602783e+02 1.032031495101779273e+00 1.315236213263344611e+00
2.270255675315856934e+02 1.032031495101779273e+00 1.315236213263344611e+00
2.270389723777770996e+02 1.032031495101779273e+00 1.315236213263344611e+00
2.270530374050140381e+02 1.032031495101779273e+00 1.315236213263344611e+00
2.270740416049957275e+02 1.032031495101779273e+00 1.315236213263344611e+00
2.271219933032989502e+02 1.032031495101779273e+00 1.315236213263344611e+00
2.271417570114135742e+02 1.032031495101779273e+00 1.315236213263344611e+00
2.271580526828765869e+02 1.032031495101779273e+00 1.315236213263344611e+00
2.271772451400756836e+02 1.032031495101779273e+00 1.315236213263344611e+00
2.272185366153717041e+02 1.032031495101779273e+00 1.315236213263344611e+00
2.272553029060363770e+02 1.032031495101779273e+00 1.315236213263344611e+00
2.273153264522552490e+02 1.032031495101779273e+00 1.315236213263344611e+00
2.273284413814544678e+02 1.032031495101779273e+00 1.315236213263344611e+00
2.273579809665679932e+02 1.032031495101779273e+00 1.315236213263344611e+00
2.273987536430358887e+02 1.032031495101779273e+00 1.315236213263344611e+00
2.274136667251586914e+02 1.032031495101779273e+00 1.315236213263344611e+00
2.274267926216125488e+02 1.032031495101779273e+00 1.315236213263344611e+00
2.274394600391387939e+02 1.032031495101779273e+00 1.315236213263344611e+00
2.274547524452209473e+02 1.032031495101779273e+00 1.315236213263344611e+00
2.275059835910797119e+02 1.032031495101779273e+00 1.315236213263344611e+00
2.275235388278961182e+02 1.032031495101779273e+00 1.315236213263344611e+00
2.275382349491119385e+02 1.032031495101779273e+00 1.315236213263344611e+00
2.275590677261352539e+02 1.032031495101779273e+00 1.315236213263344611e+00
2.275761530399322510e+02 1.032031495101779273e+00 1.315236213263344611e+00
2.276198942661285400e+02 1.032031495101779273e+00 1.315236213263344611e+00
2.276499104499816895e+02 1.032031495101779273e+00 1.315236213263344611e+00
2.277063384056091309e+02 1.032031495101779273e+00 1.315236213263344611e+00
2.277211661338806152e+02 1.030031434064760276e+00 1.300235755485702249e+00
2.277462491989135742e+02 1.032031495101779273e+00 1.315236213263344611e+00
2.278008267879486084e+02 1.032031495101779273e+00 1.315236213263344611e+00
2.278186619281768799e+02 1.032031495101779273e+00 1.315236213263344611e+00
2.278332073688507080e+02 1.032031495101779273e+00 1.315236213263344611e+00
2.278478603363037109e+02 1.032031495101779273e+00 1.315236213263344611e+00
2.279044001102447510e+02 1.032031495101779273e+00 1.315236213263344611e+00
2.279198637008666992e+02 1.032031495101779273e+00 1.315236213263344611e+00
2.279349060058593750e+02 1.032031495101779273e+00 1.315236213263344611e+00
2.279520740509033203e+02 1.032031495101779273e+00 1.315236213263344611e+00
2.279666290283203125e+02 1.032031495101779273e+00 1.315236213263344611e+00
2.280044565200805664e+02 1.032031495101779273e+00 1.315236213263344611e+00
2.280408022403717041e+02 1.032031495101779273e+00 1.315236213263344611e+00
2.280980525016784668e+02 1.032031495101779273e+00 1.315236213263344611e+00
2.281243109703063965e+02 1.030031434064760276e+00 1.300235755485702249e+00
2.281606004238128662e+02 1.032031495101779273e+00 1.315236213263344611e+00
2.281899375915527344e+02 1.032031495101779273e+00 1.315236213263344611e+00
2.282207250595092773e+02 1.032031495101779273e+00 1.315236213263344611e+00
2.282580230236053467e+02 1.032031495101779273e+00 1.315236213263344611e+00
2.282780692577362061e+02 1.032031495101779273e+00 1.315236213263344611e+00
2.283161113262176514e+02 1.032031495101779273e+00 1.315236213263344611e+00
2.283342945575714111e+02 1.032031495101779273e+00 1.315236213263344611e+00
2.283471863269805908e+02 1.032031495101779273e+00 1.315236213263344611e+00
2.283603892326354980e+02 1.032031495101779273e+00 1.315236213263344611e+00
2.283757112026214600e+02 1.030031434064760276e+00 1.300235755485702249e+00
2.283944656848907471e+02 1.032031495101779273e+00 1.315236213263344611e+00
2.284384825229644775e+02 1.032031495101779273e+00 1.315236213263344611e+00
2.284547715187072754e+02 1.032031495101779273e+00 1.315236213263344611e+00
2.284683401584625244e+02 1.032031495101779273e+00 1.315236213263344611e+00
2.284831273555755615e+02 1.032031495101779273e+00 1.315236213263344611e+00
2.285060620307922363e+02 1.032031495101779273e+00 1.315236213263344611e+00
2.285444834232330322e+02 1.032031495101779273e+00 1.315236213263344611e+00
2.285791504383087158e+02 1.032031495101779273e+00 1.315236213263344611e+00
2.286399049758911133e+02 1.032031495101779273e+00 1.315236213263344611e+00
2.286538672447204590e+02 1.032031495101779273e+00 1.315236213263344611e+00
2.286765072345733643e+02 1.032031495101779273e+00 1.315236213263344611e+00
2.287104580402374268e+02 1.032031495101779273e+00 1.315236213263344611e+00
2.287350993156433105e+02 1.032031495101779273e+00 1.315236213263344611e+00
2.287510528564453125e+02 1.032031495101779273e+00 1.315236213263344611e+00
2.287675595283508301e+02 1.032031495101779273e+00 1.315236213263344611e+00
2.287831606864929199e+02 1.032031495101779273e+00 1.315236213263344611e+00
2.288270227909088135e+02 1.032031495101779273e+00 1.315236213263344611e+00
2.288422110080718994e+02 1.032031495101779273e+00 1.315236213263344611e+00
2.288580329418182373e+02 1.032031495101779273e+00 1.315236213263344611e+00
2.288723857402801514e+02 1.032031495101779273e+00 1.315236213263344611e+00
2.288945252895355225e+02 1.032031495101779273e+00 1.315236213263344611e+00
2.289369192123413086e+02 1.032031495101779273e+00 1.315236213263344611e+00
2.289663286209106445e+02 1.032031495101779273e+00 1.315236213263344611e+00
2.290297522544860840e+02 1.032031495101779273e+00 1.315236213263344611e+00
2.290436286926269531e+02 1.030031434064760276e+00 1.300235755485702249e+00
2.290668890476226807e+02 1.032031495101779273e+00 1.315236213263344611e+00
2.291102592945098877e+02 1.032031495101779273e+00 1.315236213263344611e+00
2.291239936351776123e+02 1.032031495101779273e+00 1.315236213263344611e+00
2.291409018039703369e+02 1.032031495101779273e+00 1.315236213263344611e+00
2.291557037830352783e+02 1.032031495101779273e+00 1.315236213263344611e+00
2.291730136871337891e+02 1.032031495101779273e+00 1.315236213263344611e+00
2.292136471271514893e+02 1.032031495101779273e+00 1.315236213263344611e+00
2.292303013801574707e+02 1.032031495101779273e+00 1.315236213263344611e+00
2.292446608543395996e+02 1.032031495101779273e+00 1.315236213263344611e+00
2.292644810676574707e+02 1.032031495101779273e+00 1.315236213263344611e+00
2.292998986244201660e+02 1.032031495101779273e+00 1.315236213263344611e+00
2.293390367031097412e+02 1.032031495101779273e+00 1.315236213263344611e+00
2.293528544902801514e+02 1.032031495101779273e+00 1.315236213263344611e+00
2.294073116779327393e+02 1.032031495101779273e+00 1.315236213263344611e+00
2.294217355251312256e+02 1.030031434064760276e+00 1.300235755485702249e+00
2.294461815357208252e+02 1.032031495101779273e+00 1.315236213263344611e+00
2.294803504943847656e+02 1.032031495101779273e+00 1.315236213263344611e+00
2.295061647891998291e+02 1.032031495101779273e+00 1.315236213263344611e+00
2.295347087383270264e+02 1.032031495101779273e+00 1.315236213263344611e+00
2.295707437992095947e+02 1.032031495101779273e+00 1.315236213263344611e+00
2.295970480442047119e+02 1.032031495101779273e+00 1.315236213263344611e+00
2.296258733272552490e+02 1.032031495101779273e+00 1.315236213263344611e+00
2.296448905467987061e+02 1.032031495101779273e+00 1.315236213263344611e+00
2.296588644981384277e+02 1.032031495101779273e+00 1.315236213263344611e+00
2.296741383075714111e+02 1.032031495101779273e+00 1.315236213263344611e+00
2.296883893013000488e+02 1.032031495101779273e+00 1.315236213263344611e+00
2.297044742107391357e+02 1.032031495101779273e+00 1.315236213263344611e+00
2.297399337291717529e+02 1.032031495101779273e+00 1.315236213263344611e+00
2.297602906227111816e+02 1.032031495101779273e+00 1.315236213263344611e+00
2.297789397239685059e+02 1.032031495101779273e+00 1.315236213263344611e+00
2.297919671535491943e+02 1.032031495101779273e+00 1.315236213263344611e+00
2.298055586814880371e+02 1.032031495101779273e+00 1.315236213263344611e+00
2.298197727203369141e+02 1.032031495101779273e+00 1.315236213263344611e+00
2.298554673194885254e+02 1.032031495101779273e+00 1.315236213263344611e+00
2.298914523124694824e+02 1.032031495101779273e+00 1.315236213263344611e+00
2.299482827186584473e+02 1.032031495101779273e+00 1.315236213263344611e+00
2.299622600078582764e+02 1.032031495101779273e+00 1.315236213263344611e+00
2.299880371093750000e+02 1.032031495101779273e+00 1.315236213263344611e+00
2.300209298133850098e+02 1.032031495101779273e+00 1.315236213263344611e+00
2.300389692783355713e+02 1.032031495101779273e+00 1.315236213263344611e+00
2.300610716342926025e+02 1.032031495101779273e+00 1.315236213263344611e+00
2.300739631652832031e+02 1.030031434064760276e+00 1.300235755485702249e+00
2.300898935794830322e+02 1.032031495101779273e+00 1.315236213263344611e+00
2.301458621025085449e+02 1.032031495101779273e+00 1.315236213263344611e+00
2.301688327789306641e+02 1.032031495101779273e+00 1.315236213263344611e+00
2.301870050430297852e+02 1.032031495101779273e+00 1.315236213263344611e+00
2.302018191814422607e+02 1.032031495101779273e+00 1.315236213263344611e+00
2.302369732856750488e+02 1.032031495101779273e+00 1.315236213263344611e+00
2.302725875377655029e+02 1.032031495101779273e+00 1.315236213263344611e+00
2.303297278881072998e+02 1.032031495101779273e+00 1.315236213263344611e+00
2.303438189029693604e+02 1.032031495101779273e+00 1.315236213263344611e+00
2.303704965114593506e+02 1.032031495101779273e+00 1.315236213263344611e+00
2.303999423980712891e+02 1.032031495101779273e+00 1.315236213263344611e+00
2.304241974353790283e+02 1.032031495101779273e+00 1.315236213263344611e+00
2.304394052028656006e+02 1.032031495101779273e+00 1.315236213263344611e+00
2.304547574520111084e+02 1.032031495101779273e+00 1.315236213263344611e+00
2.304738481044769287e+02 1.032031495101779273e+00 1.315236213263344611e+00
2.305192608833312988e+02 1.032031495101779273e+00 1.315236213263344611e+00
2.305328190326690674e+02 1.032031495101779273e+00 1.315236213263344611e+00
2.305506894588470459e+02 1.032031495101779273e+00 1.315236213263344611e+00
2.305682370662689209e+02 1.032031495101779273e+00 1.315236213263344611e+00
2.305879032611846924e+02 1.032031495101779273e+00 1.315236213263344611e+00
2.306398479938507080e+02 1.032031495101779273e+00 1.315236213263344611e+00
2.306536676883697510e+02 1.032031495101779273e+00 1.315236213263344611e+00
2.307081434726715088e+02 1.032031495101779273e+00 1.315236213263344611e+00
2.307220373153686523e+02 1.030031434064760276e+00 1.300235755485702249e+00
2.307412662506103516e+02 1.032031495101779273e+00 1.315236213263344611e+00
2.307701067924499512e+02 1.032031495101779273e+00 1.315236213263344611e+00
2.307987530231475830e+02 1.032031495101779273e+00 1.315236213263344611e+00
2.308272256851196289e+02 1.032031495101779273e+00 1.315236213263344611e+00
2.308708612918853760e+02 1.032031495101779273e+00 1.315236213263344611e+00
2.308966598510742188e+02 1.032031495101779273e+00 1.315236213263344611e+00
2.309319586753845215e+02 1.032031495101779273e+00 1.315236213263344611e+00
2.309525225162506104e+02 1.032031495101779273e+00 1.315236213263344611e+00
2.309672420024871826e+02 1.032031495101779273e+00 1.315236213263344611e+00
2.309826807975769043e+02 1.032031495101779273e+00 1.315236213263344611e+00
2.309954292774200439e+02 1.032031495101779273e+00 1.315236213263344611e+00
2.310513372421264648e+02 1.032031495101779273e+00 1.315236213263344611e+00
2.310650212764739990e+02 1.032031495101779273e+00 1.315236213263344611e+00
2.310785775184631348e+02 1.032031495101779273e+00 1.315236213263344611e+00
2.310930547714233398e+02 1.032031495101779273e+00 1.315236213263344611e+00
2.311057431697845459e+02 1.032031495101779273e+00 1.315236213263344611e+00
2.311208114624023438e+02 1.032031495101779273e+00 1.315236213263344611e+00
2.311507852077484131e+02 1.032031495101779273e+00 1.315236213263344611e+00
2.311850163936614990e+02 1.032031495101779273e+00 1.315236213263344611e+00
2.312422904968261719e+02 1.032031495101779273e+00 1.315236213263344611e+00
2.312558348178863525e+02 1.032031495101779273e+00 1.315236213263344611e+00
2.312931649684906006e+02 1.032031495101779273e+00 1.315236213263344611e+00
2.313299117088317871e+02 1.032031495101779273e+00 1.315236213263344611e+00
2.313427348136901855e+02 1.032031495101779273e+00 1.315236213263344611e+00
2.313578302860260010e+02 1.032031495101779273e+00 1.315236213263344611e+00
2.313729135990142822e+02 1.032031495101779273e+00 1.315236213263344611e+00
2.314257957935333252e+02 1.032031495101779273e+00 1.315236213263344611e+00
2.314402821063995361e+02 1.032031495101779273e+00 1.315236213263344611e+00
2.314554250240325928e+02 1.032031495101779273e+00 1.315236213263344611e+00
2.314689369201660156e+02 1.032031495101779273e+00 1.315236213263344611e+00
2.314824740886688232e+02 1.032031495101779273e+00 1.315236213263344611e+00
2.314955201148986816e+02 1.032031495101779273e+00 1.315236213263344611e+00
2.315316462516784668e+02 1.032031495101779273e+00 1.315236213263344611e+00
2.315655441284179688e+02 1.032031495101779273e+00 1.315236213263344611e+00
2.316230990886688232e+02 1.032031495101779273e+00 1.315236213263344611e+00
2.316371500492095947e+02 1.032031495101779273e+00 1.315236213263344611e+00
2.316621625423431396e+02 1.032031495101779273e+00 1.315236213263344611e+00
2.316924664974212646e+02 1.030031434064760276e+00 1.300235755485702249e+00
2.317153952121734619e+02 1.032031495101779273e+00 1.315236213263344611e+00
2.317350363731384277e+02 1.032031495101779273e+00 1.315236213263344611e+00
2.317474200725555420e+02 1.032031495101779273e+00 1.315236213263344611e+00
2.317670667171478271e+02 1.032031495101779273e+00 1.315236213263344611e+00
2.318095502853393555e+02 1.032031495101779273e+00 1.315236213263344611e+00
2.318236637115478516e+02 1.032031495101779273e+00 1.315236213263344611e+00
2.318375096321105957e+02 1.032031495101779273e+00 1.315236213263344611e+00
2.318536455631256104e+02 1.030031434064760276e+00 1.300235755485702249e+00
2.318668150901794434e+02 1.032031495101779273e+00 1.315236213263344611e+00
2.318802092075347900e+02 1.032031495101779273e+00 1.315236213263344611e+00
2.319224686622619629e+02 1.026031311990722505e+00 1.270234839930418858e+00
2.319518806934356689e+02 1.032031495101779273e+00 1.315236213263344611e+00
2.320139415264129639e+02 1.030031434064760276e+00 1.300235755485702249e+00
2.320342249870300293e+02 1.030031434064760276e+00 1.300235755485702249e+00
2.320559411048889160e+02 1.032031495101779273e+00 1.315236213263344611e+00
2.320851709842681885e+02 1.032031495101779273e+00 1.315236213263344611e+00
2.321161758899688721e+02 1.032031495101779273e+00 1.315236213263344611e+00
2.321672527790069580e+02 1.032031495101779273e+00 1.315236213263344611e+00
2.321778836250305176e+02 1.030031434064760276e+00 1.300235755485702249e+00
2.322035431861877441e+02 1.030031434064760276e+00 1.300235755485702249e+00
2.322431836128234863e+02 1.032031495101779273e+00 1.315236213263344611e+00
2.322577388286590576e+02 1.032031495101779273e+00 1.315236213263344611e+00
2.322750182151794434e+02 1.032031495101779273e+00 1.315236213263344611e+00
2.322887258529663086e+02 1.030031434064760276e+00 1.300235755485702249e+00
2.323186161518096924e+02 1.032031495101779273e+00 1.315236213263344611e+00
2.323489038944244385e+02 1.030031434064760276e+00 1.300235755485702249e+00
2.323695189952850342e+02 1.030031434064760276e+00 1.300235755485702249e+00
2.323821420669555664e+02 1.026031311990722505e+00 1.270234839930418858e+00
2.323983004093170166e+02 1.030031434064760276e+00 1.300235755485702249e+00
2.324159274101257324e+02 1.030031434064760276e+00 1.300235755485702249e+00
2.324609928131103516e+02 1.030031434064760276e+00 1.300235755485702249e+00
2.324905328750610352e+02 1.030031434064760276e+00 1.300235755485702249e+00
2.325458362102508545e+02 1.030031434064760276e+00 1.300235755485702249e+00
2.325591971874237061e+02 1.030031434064760276e+00 1.300235755485702249e+00
2.325879726409912109e+02 1.032031495101779273e+00 1.315236213263344611e+00
2.326171994209289551e+02 1.032031495101779273e+00 1.315236213263344611e+00
2.326401531696319580e+02 1.032031495101779273e+00 1.315236213263344611e+00
2.326529669761657715e+02 1.032031495101779273e+00 1.315236213263344611e+00
2.326659889221191406e+02 1.030031434064760276e+00 1.300235755485702249e+00
2.326773042678833008e+02 1.030031434064760276e+00 1.300235755485702249e+00
2.326944515705108643e+02 1.030031434064760276e+00 1.300235755485702249e+00
2.327274827957153320e+02 1.030031434064760276e+00 1.300235755485702249e+00
2.327450435161590576e+02 1.032031495101779273e+00 1.315236213263344611e+00
2.327616815567016602e+02 1.030031434064760276e+00 1.300235755485702249e+00
2.327794704437255859e+02 1.032031495101779273e+00 1.315236213263344611e+00
2.327932810783386230e+02 1.032031495101779273e+00 1.315236213263344611e+00
2.328061938285827637e+02 1.032031495101779273e+00 1.315236213263344611e+00
2.328407547473907471e+02 1.032031495101779273e+00 1.315236213263344611e+00
2.328767845630645752e+02 1.030031434064760276e+00 1.300235755485702249e+00
2.329339435100555420e+02 1.030031434064760276e+00 1.300235755485702249e+00
2.329538187980651855e+02 1.030031434064760276e+00 1.300235755485702249e+00
2.329721708297729492e+02 1.032031495101779273e+00 1.315236213263344611e+00
2.330043423175811768e+02 1.030031434064760276e+00 1.300235755485702249e+00
2.330243258476257324e+02 1.030031434064760276e+00 1.300235755485702249e+00
2.330380916595458984e+02 1.032031495101779273e+00 1.315236213263344611e+00
2.330553126335144043e+02 1.030031434064760276e+00 1.300235755485702249e+00
2.330681481361389160e+02 1.032031495101779273e+00 1.315236213263344611e+00
2.331098337173461914e+02 1.030031434064760276e+00 1.300235755485702249e+00
2.331273589134216309e+02 1.032031495101779273e+00 1.315236213263344611e+00
2.331422748565673828e+02 1.032031495101779273e+00 1.315236213263344611e+00
2.331601428985595703e+02 1.032031495101779273e+00 1.315236213263344611e+00
2.331756629943847656e+02 1.032031495101779273e+00 1.315236213263344611e+00
2.331891856193542480e+02 1.032031495101779273e+00 1.315236213263344611e+00
2.332475256919860840e+02 1.030031434064760276e+00 1.300235755485702249e+00
2.332620623111724854e+02 1.030031434064760276e+00 1.300235755485702249e+00
2.333162934780120850e+02 1.030031434064760276e+00 1.300235755485702249e+00
2.333370041847229004e+02 1.030031434064760276e+00 1.300235755485702249e+00
2.333586087226867676e+02 1.032031495101779273e+00 1.315236213263344611e+00
2.333881695270538330e+02 1.032031495101779273e+00 1.315236213263344611e+00
2.334188818931579590e+02 1.032031495101779273e+00 1.315236213263344611e+00
2.334711635112762451e+02 1.032031495101779273e+00 1.315236213263344611e+00
2.334833648204803467e+02 1.030031434064760276e+00 1.300235755485702249e+00
2.335082933902740479e+02 1.032031495101779273e+00 1.315236213263344611e+00
2.335481195449829102e+02 1.032031495101779273e+00 1.315236213263344611e+00
2.335619680881500244e+02 1.032031495101779273e+00 1.315236213263344611e+00
2.335748853683471680e+02 1.030031434064760276e+00 1.300235755485702249e+00
2.335919730663299561e+02 1.030031434064760276e+00 1.300235755485702249e+00
2.336184980869293213e+02 1.032031495101779273e+00 1.315236213263344611e+00
2.336578779220581055e+02 1.030031434064760276e+00 1.300235755485702249e+00
2.336759371757507324e+02 1.030031434064760276e+00 1.300235755485702249e+00
2.336926286220550537e+02 1.030031434064760276e+00 1.300235755485702249e+00
2.337068886756896973e+02 1.030031434064760276e+00 1.300235755485702249e+00
2.337215130329132080e+02 1.032031495101779273e+00 1.315236213263344611e+00
2.337633016109466553e+02 1.032031495101779273e+00 1.315236213263344611e+00
2.337923400402069092e+02 1.030031434064760276e+00 1.300235755485702249e+00
2.338480987548828125e+02 1.030031434064760276e+00 1.300235755485702249e+00
2.338619120121002197e+02 1.030031434064760276e+00 1.300235755485702249e+00
2.338866450786590576e+02 1.030031434064760276e+00 1.300235755485702249e+00
2.339166271686553955e+02 1.030031434064760276e+00 1.300235755485702249e+00
2.339397330284118652e+02 1.030031434064760276e+00 1.300235755485702249e+00
2.339522802829742432e+02 1.032031495101779273e+00 1.315236213263344611e+00
2.339675881862640381e+02 1.030031434064760276e+00 1.300235755485702249e+00
2.339807062149047852e+02 1.030031434064760276e+00 1.300235755485702249e+00
2.340048317909240723e+02 1.032031495101779273e+00 1.315236213263344611e+00
2.340491700172424316e+02 1.032031495101779273e+00 1.315236213263344611e+00
2.340654718875885010e+02 1.032031495101779273e+00 1.315236213263344611e+00
