2.879644777774810791e+02 9.940303353984191181e-01 1.030227515488143508e+00
2.879797158241271973e+02 9.940303353984191181e-01 1.030227515488143508e+00
2.879945240020751953e+02 9.940303353984191181e-01 1.030227515488143508e+00
2.880067064762115479e+02 9.940303353984191181e-01 1.030227515488143508e+00
2.880194628238677979e+02 9.920302743614002328e-01 1.015227057710501812e+00
2.880346767902374268e+02 9.920302743614002328e-01 1.015227057710501812e+00
2.880510203838348389e+02 9.940303353984191181e-01 1.030227515488143508e+00
2.880660612583160400e+02 9.920302743614002328e-01 1.015227057710501812e+00
2.880826685428619385e+02 9.940303353984191181e-01 1.030227515488143508e+00
2.881264326572418213e+02 9.940303353984191181e-01 1.030227515488143508e+00
2.881407876014709473e+02 9.940303353984191181e-01 1.030227515488143508e+00
2.881536495685577393e+02 9.940303353984191181e-01 1.030227515488143508e+00
2.881644670963287354e+02 9.940303353984191181e-01 1.030227515488143508e+00
2.881755690574645996e+02 9.940303353984191181e-01 1.030227515488143508e+00
2.881875123977661133e+02 9.940303353984191181e-01 1.030227515488143508e+00
2.882024140357971191e+02 9.940303353984191181e-01 1.030227515488143508e+00
2.882176401615142822e+02 9.940303353984191181e-01 1.030227515488143508e+00
2.882353274822235107e+02 9.940303353984191181e-01 1.030227515488143508e+00
2.882513129711151123e+02 9.940303353984191181e-01 1.030227515488143508e+00
2.882678620815277100e+02 9.940303353984191181e-01 1.030227515488143508e+00
2.882922194004058838e+02 9.940303353984191181e-01 1.030227515488143508e+00
2.883477551937103271e+02 9.940303353984191181e-01 1.030227515488143508e+00
2.883626496791839600e+02 9.940303353984191181e-01 1.030227515488143508e+00
2.884174821376800537e+02 9.940303353984191181e-01 1.030227515488143508e+00
2.884307928085327148e+02 9.940303353984191181e-01 1.030227515488143508e+00
2.884698898792266846e+02 9.940303353984191181e-01 1.030227515488143508e+00
2.884931952953338623e+02 9.940303353984191181e-01 1.030227515488143508e+00
2.885141422748565674e+02 9.940303353984191181e-01 1.030227515488143508e+00
2.885279641151428223e+02 9.940303353984191181e-01 1.030227515488143508e+00
2.885429151058197021e+02 9.940303353984191181e-01 1.030227515488143508e+00
2.885634527206420898e+02 9.940303353984191181e-01 1.030227515488143508e+00
2.886034793853759766e+02 9.940303353984191181e-01 1.030227515488143508e+00
2.886265308856964111e+02 9.940303353984191181e-01 1.030227515488143508e+00
2.886481606960296631e+02 9.940303353984191181e-01 1.030227515488143508e+00
2.886674020290374756e+02 9.940303353984191181e-01 1.030227515488143508e+00
2.886810786724090576e+02 9.940303353984191181e-01 1.030227515488143508e+00
2.886966533660888672e+02 9.940303353984191181e-01 1.030227515488143508e+00
2.887100002765655518e+02 9.940303353984191181e-01 1.030227515488143508e+00
2.887489354610443115e+02 9.920302743614002328e-01 1.015227057710501812e+00
2.887887506484985352e+02 9.920302743614002328e-01 1.015227057710501812e+00
2.888437345027923584e+02 9.940303353984191181e-01 1.030227515488143508e+00
2.888577129840850830e+02 9.940303353984191181e-01 1.030227515488143508e+00
2.888918635845184326e+02 9.940303353984191181e-01 1.030227515488143508e+00
2.889149739742279053e+02 9.940303353984191181e-01 1.030227515488143508e+00
2.889374790191650391e+02 9.940303353984191181e-01 1.030227515488143508e+00
2.889541590213775635e+02 9.940303353984191181e-01 1.030227515488143508e+00
2.889704172611236572e+02 9.940303353984191181e-01 1.030227515488143508e+00
2.889872016906738281e+02 9.940303353984191181e-01 1.030227515488143508e+00
2.890316562652587891e+02 9.940303353984191181e-01 1.030227515488143508e+00
2.890502409934997559e+02 9.940303353984191181e-01 1.030227515488143508e+00
2.890686233043670654e+02 9.940303353984191181e-01 1.030227515488143508e+00
2.890862817764282227e+02 9.940303353984191181e-01 1.030227515488143508e+00
2.891041266918182373e+02 9.940303353984191181e-01 1.030227515488143508e+00
2.891198244094848633e+02 9.940303353984191181e-01 1.030227515488143508e+00
2.891558384895324707e+02 9.940303353984191181e-01 1.030227515488143508e+00
2.892060072422027588e+02 9.940303353984191181e-01 1.030227515488143508e+00
2.892657060623168945e+02 9.940303353984191181e-01 1.030227515488143508e+00
2.892792119979858398e+02 9.940303353984191181e-01 1.030227515488143508e+00
2.893077867031097412e+02 9.940303353984191181e-01 1.030227515488143508e+00
2.893365855216979980e+02 9.940303353984191181e-01 1.030227515488143508e+00
2.893660168647766113e+02 9.940303353984191181e-01 1.030227515488143508e+00
2.894134364128112793e+02 9.940303353984191181e-01 1.030227515488143508e+00
2.894320168495178223e+02 9.920302743614002328e-01 1.015227057710501812e+00
2.894480412006378174e+02 9.940303353984191181e-01 1.030227515488143508e+00
2.894812450408935547e+02 9.940303353984191181e-01 1.030227515488143508e+00
2.895021426677703857e+02 9.940303353984191181e-01 1.030227515488143508e+00
2.895171449184417725e+02 9.940303353984191181e-01 1.030227515488143508e+00
2.895288391113281250e+02 9.940303353984191181e-01 1.030227515488143508e+00
2.895404741764068604e+02 9.940303353984191181e-01 1.030227515488143508e+00
2.895514600276947021e+02 9.940303353984191181e-01 1.030227515488143508e+00
2.896050488948822021e+02 9.940303353984191181e-01 1.030227515488143508e+00
2.896228964328765869e+02 9.940303353984191181e-01 1.030227515488143508e+00
2.896406981945037842e+02 9.940303353984191181e-01 1.030227515488143508e+00
2.896580595970153809e+02 9.940303353984191181e-01 1.030227515488143508e+00
2.896725149154663086e+02 9.940303353984191181e-01 1.030227515488143508e+00
2.896896240711212158e+02 9.940303353984191181e-01 1.030227515488143508e+00
2.897067213058471680e+02 9.940303353984191181e-01 1.030227515488143508e+00
2.897411575317382812e+02 9.940303353984191181e-01 1.030227515488143508e+00
2.897789883613586426e+02 9.940303353984191181e-01 1.030227515488143508e+00
2.898390290737152100e+02 9.940303353984191181e-01 1.030227515488143508e+00
2.898530344963073730e+02 9.940303353984191181e-01 1.030227515488143508e+00
2.898794355392456055e+02 9.940303353984191181e-01 1.030227515488143508e+00
2.899126513004302979e+02 9.920302743614002328e-01 1.015227057710501812e+00
2.899330842494964600e+02 9.940303353984191181e-01 1.030227515488143508e+00
2.899457523822784424e+02 9.940303353984191181e-01 1.030227515488143508e+00
2.899582729339599609e+02 9.940303353984191181e-01 1.030227515488143508e+00
2.899727563858032227e+02 9.940303353984191181e-01 1.030227515488143508e+00
2.899994938373565674e+02 9.940303353984191181e-01 1.030227515488143508e+00
2.900419929027557373e+02 9.940303353984191181e-01 1.030227515488143508e+00
2.900602869987487793e+02 9.940303353984191181e-01 1.030227515488143508e+00
2.900823965072631836e+02 9.940303353984191181e-01 1.030227515488143508e+00
2.901073744297027588e+02 9.940303353984191181e-01 1.030227515488143508e+00
2.901324214935302734e+02 9.940303353984191181e-01 1.030227515488143508e+00
2.901878247261047363e+02 9.940303353984191181e-01 1.030227515488143508e+00
2.902511398792266846e+02 9.940303353984191181e-01 1.030227515488143508e+00
2.902648751735687256e+02 9.940303353984191181e-01 1.030227515488143508e+00
2.902958052158355713e+02 9.940303353984191181e-01 1.030227515488143508e+00
2.903231782913208008e+02 9.940303353984191181e-01 1.030227515488143508e+00
2.903467190265655518e+02 9.940303353984191181e-01 1.030227515488143508e+00
2.903620538711547852e+02 9.940303353984191181e-01 1.030227515488143508e+00
2.903769111633300781e+02 9.940303353984191181e-01 1.030227515488143508e+00
2.903920681476593018e+02 9.940303353984191181e-01 1.030227515488143508e+00
2.904336166381835938e+02 9.940303353984191181e-01 1.030227515488143508e+00
2.904589414596557617e+02 9.940303353984191181e-01 1.030227515488143508e+00
2.904740855693817139e+02 9.940303353984191181e-01 1.030227515488143508e+00
2.904898338317871094e+02 9.940303353984191181e-01 1.030227515488143508e+00
2.905074648857116699e+02 9.940303353984191181e-01 1.030227515488143508e+00
2.905252318382263184e+02 9.940303353984191181e-01 1.030227515488143508e+00
2.905389573574066162e+02 9.940303353984191181e-01 1.030227515488143508e+00
2.905863342285156250e+02 9.940303353984191181e-01 1.030227515488143508e+00
2.906166453361511230e+02 9.940303353984191181e-01 1.030227515488143508e+00
2.906732459068298340e+02 9.940303353984191181e-01 1.030227515488143508e+00
2.906873044967651367e+02 9.940303353984191181e-01 1.030227515488143508e+00
2.907164413928985596e+02 9.940303353984191181e-01 1.030227515488143508e+00
2.907535674571990967e+02 9.940303353984191181e-01 1.030227515488143508e+00
2.907881071567535400e+02 9.940303353984191181e-01 1.030227515488143508e+00
2.908353233337402344e+02 9.940303353984191181e-01 1.030227515488143508e+00
2.908464689254760742e+02 9.940303353984191181e-01 1.030227515488143508e+00
2.908707513809204102e+02 9.940303353984191181e-01 1.030227515488143508e+00
2.909014792442321777e+02 9.940303353984191181e-01 1.030227515488143508e+00
2.909252581596374512e+02 9.940303353984191181e-01 1.030227515488143508e+00
2.909411039352416992e+02 9.940303353984191181e-01 1.030227515488143508e+00
2.909563298225402832e+02 9.940303353984191181e-01 1.030227515488143508e+00
2.910151259899139404e+02 9.940303353984191181e-01 1.030227515488143508e+00
2.910314493179321289e+02 9.940303353984191181e-01 1.030227515488143508e+00
2.910469160079956055e+02 9.940303353984191181e-01 1.030227515488143508e+00
2.910615737438201904e+02 9.940303353984191181e-01 1.030227515488143508e+00
2.910830042362213135e+02 9.940303353984191181e-01 1.030227515488143508e+00
2.911000497341156006e+02 9.940303353984191181e-01 1.030227515488143508e+00
2.911137814521789551e+02 9.920302743614002328e-01 1.015227057710501812e+00
2.911521172523498535e+02 9.940303353984191181e-01 1.030227515488143508e+00
2.911906373500823975e+02 9.940303353984191181e-01 1.030227515488143508e+00
2.912470111846923828e+02 9.940303353984191181e-01 1.030227515488143508e+00
2.912615180015563965e+02 9.940303353984191181e-01 1.030227515488143508e+00
2.912904002666473389e+02 9.940303353984191181e-01 1.030227515488143508e+00
2.913353259563446045e+02 9.940303353984191181e-01 1.030227515488143508e+00
2.913463079929351807e+02 9.940303353984191181e-01 1.030227515488143508e+00
2.913616154193878174e+02 9.940303353984191181e-01 1.030227515488143508e+00
2.913738477230072021e+02 9.940303353984191181e-01 1.030227515488143508e+00
2.913935661315917969e+02 9.940303353984191181e-01 1.030227515488143508e+00
2.914380073547363281e+02 9.940303353984191181e-01 1.030227515488143508e+00
2.914557876586914062e+02 9.940303353984191181e-01 1.030227515488143508e+00
2.914695720672607422e+02 9.920302743614002328e-01 1.015227057710501812e+00
2.914829573631286621e+02 9.940303353984191181e-01 1.030227515488143508e+00
2.914960255622863770e+02 9.940303353984191181e-01 1.030227515488143508e+00
2.915166175365447998e+02 9.940303353984191181e-01 1.030227515488143508e+00
2.915432944297790527e+02 9.940303353984191181e-01 1.030227515488143508e+00
2.915814523696899414e+02 9.940303353984191181e-01 1.030227515488143508e+00
2.916122937202453613e+02 9.940303353984191181e-01 1.030227515488143508e+00
2.916674323081970215e+02 9.940303353984191181e-01 1.030227515488143508e+00
2.916901054382324219e+02 9.940303353984191181e-01 1.030227515488143508e+00
2.917223637104034424e+02 9.940303353984191181e-01 1.030227515488143508e+00
2.917559700012207031e+02 9.940303353984191181e-01 1.030227515488143508e+00
2.917682831287384033e+02 9.940303353984191181e-01 1.030227515488143508e+00
2.917803187370300293e+02 9.940303353984191181e-01 1.030227515488143508e+00
2.917950973510742188e+02 9.940303353984191181e-01 1.030227515488143508e+00
2.918570940494537354e+02 9.940303353984191181e-01 1.030227515488143508e+00
2.918736751079559326e+02 9.940303353984191181e-01 1.030227515488143508e+00
2.918916881084442139e+02 9.920302743614002328e-01 1.015227057710501812e+00
2.919057931900024414e+02 9.940303353984191181e-01 1.030227515488143508e+00
2.919278342723846436e+02 9.940303353984191181e-01 1.030227515488143508e+00
2.919429354667663574e+02 9.920302743614002328e-01 1.015227057710501812e+00
2.919808378219604492e+02 9.940303353984191181e-01 1.030227515488143508e+00
2.920174155235290527e+02 9.940303353984191181e-01 1.030227515488143508e+00
2.920757706165313721e+02 9.940303353984191181e-01 1.030227515488143508e+00
2.920890626907348633e+02 9.940303353984191181e-01 1.030227515488143508e+00
2.921165342330932617e+02 9.940303353984191181e-01 1.030227515488143508e+00
2.921461327075958252e+02 9.940303353984191181e-01 1.030227515488143508e+00
2.921746463775634766e+02 9.940303353984191181e-01 1.030227515488143508e+00
2.922347130775451660e+02 9.920302743614002328e-01 1.015227057710501812e+00
2.922579338550567627e+02 9.920302743614002328e-01 1.015227057710501812e+00
2.922983856201171875e+02 9.940303353984191181e-01 1.030227515488143508e+00
2.923212964534759521e+02 9.940303353984191181e-01 1.030227515488143508e+00
2.923342773914337158e+02 9.940303353984191181e-01 1.030227515488143508e+00
2.923474745750427246e+02 9.940303353984191181e-01 1.030227515488143508e+00
2.923600327968597412e+02 9.940303353984191181e-01 1.030227515488143508e+00
2.924036130905151367e+02 9.940303353984191181e-01 1.030227515488143508e+00
2.924250478744506836e+02 9.940303353984191181e-01 1.030227515488143508e+00
2.924386472702026367e+02 9.940303353984191181e-01 1.030227515488143508e+00
2.924521806240081787e+02 9.940303353984191181e-01 1.030227515488143508e+00
2.924678499698638916e+02 9.940303353984191181e-01 1.030227515488143508e+00
2.924838085174560547e+02 9.940303353984191181e-01 1.030227515488143508e+00
2.925023348331451416e+02 9.940303353984191181e-01 1.030227515488143508e+00
2.925151419639587402e+02 9.940303353984191181e-01 1.030227515488143508e+00
2.925627973079681396e+02 9.940303353984191181e-01 1.030227515488143508e+00
2.925935802459716797e+02 9.940303353984191181e-01 1.030227515488143508e+00
2.926502315998077393e+02 9.940303353984191181e-01 1.030227515488143508e+00
2.926642787456512451e+02 9.940303353984191181e-01 1.030227515488143508e+00
2.926928112506866455e+02 9.940303353984191181e-01 1.030227515488143508e+00
2.927336990833282471e+02 9.940303353984191181e-01 1.030227515488143508e+00
2.927507805824279785e+02 9.940303353984191181e-01 1.030227515488143508e+00
2.927701783180236816e+02 9.940303353984191181e-01 1.030227515488143508e+00
2.927909336090087891e+02 9.940303353984191181e-01 1.030227515488143508e+00
2.928359367847442627e+02 9.940303353984191181e-01 1.030227515488143508e+00
2.928522107601165771e+02 9.940303353984191181e-01 1.030227515488143508e+00
2.928725411891937256e+02 9.940303353984191181e-01 1.030227515488143508e+00
2.928876981735229492e+02 9.940303353984191181e-01 1.030227515488143508e+00
2.929084041118621826e+02 9.940303353984191181e-01 1.030227515488143508e+00
2.929285070896148682e+02 9.940303353984191181e-01 1.030227515488143508e+00
2.929682805538177490e+02 9.940303353984191181e-01 1.030227515488143508e+00
2.930043959617614746e+02 9.940303353984191181e-01 1.030227515488143508e+00
2.930636448860168457e+02 9.940303353984191181e-01 1.030227515488143508e+00
2.930769267082214355e+02 9.940303353984191181e-01 1.030227515488143508e+00
2.931037001609802246e+02 9.940303353984191181e-01 1.030227515488143508e+00
2.931368050575256348e+02 9.940303353984191181e-01 1.030227515488143508e+00
2.931587851047515869e+02 9.940303353984191181e-01 1.030227515488143508e+00
2.931794345378875732e+02 9.940303353984191181e-01 1.030227515488143508e+00
2.931942543983459473e+02 9.920302743614002328e-01 1.015227057710501812e+00
2.932156913280487061e+02 9.940303353984191181e-01 1.030227515488143508e+00
2.932728888988494873e+02 9.940303353984191181e-01 1.030227515488143508e+00
2.932944765090942383e+02 9.940303353984191181e-01 1.030227515488143508e+00
2.933102684020996094e+02 9.940303353984191181e-01 1.030227515488143508e+00
2.933236999511718750e+02 9.940303353984191181e-01 1.030227515488143508e+00
2.933370695114135742e+02 9.920302743614002328e-01 1.015227057710501812e+00
2.933557872772216797e+02 9.940303353984191181e-01 1.030227515488143508e+00
2.933969361782073975e+02 9.940303353984191181e-01 1.030227515488143508e+00
2.934279448986053467e+02 9.940303353984191181e-01 1.030227515488143508e+00
2.934860394001007080e+02 9.940303353984191181e-01 1.030227515488143508e+00
2.935103797912597656e+02 9.940303353984191181e-01 1.030227515488143508e+00
2.935399808883666992e+02 9.940303353984191181e-01 1.030227515488143508e+00
2.935701732635498047e+02 9.940303353984191181e-01 1.030227515488143508e+00
2.935986618995666504e+02 9.940303353984191181e-01 1.030227515488143508e+00
2.936420741081237793e+02 9.940303353984191181e-01 1.030227515488143508e+00
2.936699643135070801e+02 9.940303353984191181e-01 1.030227515488143508e+00
2.936999571323394775e+02 9.940303353984191181e-01 1.030227515488143508e+00
2.937232115268707275e+02 9.940303353984191181e-01 1.030227515488143508e+00
2.937358698844909668e+02 9.920302743614002328e-01 1.015227057710501812e+00
2.937486307621002197e+02 9.940303353984191181e-01 1.030227515488143508e+00
2.937628901004791260e+02 9.940303353984191181e-01 1.030227515488143508e+00
2.938249020576477051e+02 9.940303353984191181e-01 1.030227515488143508e+00
2.938452672958374023e+02 9.940303353984191181e-01 1.030227515488143508e+00
2.938589468002319336e+02 9.940303353984191181e-01 1.030227515488143508e+00
2.938718783855438232e+02 9.940303353984191181e-01 1.030227515488143508e+00
2.938854336738586426e+02 9.940303353984191181e-01 1.030227515488143508e+00
2.938995814323425293e+02 9.920302743614002328e-01 1.015227057710501812e+00
2.939346976280212402e+02 9.940303353984191181e-01 1.030227515488143508e+00
2.939646835327148438e+02 9.940303353984191181e-01 1.030227515488143508e+00
2.939942722320556641e+02 9.940303353984191181e-01 1.030227515488143508e+00
2.940496714115142822e+02 9.940303353984191181e-01 1.030227515488143508e+00
2.940630030632019043e+02 9.940303353984191181e-01 1.030227515488143508e+00
2.940921900272369385e+02 9.940303353984191181e-01 1.030227515488143508e+00
2.941391780376434326e+02 9.940303353984191181e-01 1.030227515488143508e+00
2.941551232337951660e+02 9.940303353984191181e-01 1.030227515488143508e+00
2.941696181297302246e+02 9.940303353984191181e-01 1.030227515488143508e+00
2.941847672462463379e+02 9.940303353984191181e-01 1.030227515488143508e+00
2.942345910072326660e+02 9.940303353984191181e-01 1.030227515488143508e+00
2.942507193088531494e+02 9.940303353984191181e-01 1.030227515488143508e+00
2.942660272121429443e+02 9.940303353984191181e-01 1.030227515488143508e+00
2.942837164402008057e+02 9.940303353984191181e-01 1.030227515488143508e+00
2.942957463264465332e+02 9.940303353984191181e-01 1.030227515488143508e+00
2.943066689968109131e+02 9.940303353984191181e-01 1.030227515488143508e+00
2.943206596374511719e+02 9.940303353984191181e-01 1.030227515488143508e+00
2.943337130546569824e+02 9.920302743614002328e-01 1.015227057710501812e+00
2.943712010383605957e+02 9.940303353984191181e-01 1.030227515488143508e+00
2.944074881076812744e+02 9.920302743614002328e-01 1.015227057710501812e+00
2.944666242599487305e+02 9.940303353984191181e-01 1.030227515488143508e+00
2.944802694320678711e+02 9.940303353984191181e-01 1.030227515488143508e+00
2.945159943103790283e+02 9.940303353984191181e-01 1.030227515488143508e+00
2.945406720638275146e+02 9.920302743614002328e-01 1.015227057710501812e+00
2.945609264373779297e+02 9.940303353984191181e-01 1.030227515488143508e+00
2.945745515823364258e+02 9.940303353984191181e-01 1.030227515488143508e+00
2.945931358337402344e+02 9.940303353984191181e-01 1.030227515488143508e+00
2.946201775074005127e+02 9.940303353984191181e-01 1.030227515488143508e+00
2.946558518409729004e+02 9.940303353984191181e-01 1.030227515488143508e+00
2.946684589385986328e+02 9.940303353984191181e-01 1.030227515488143508e+00
2.946837711334228516e+02 9.940303353984191181e-01 1.030227515488143508e+00
2.946986765861511230e+02 9.940303353984191181e-01 1.030227515488143508e+00
2.947154257297515869e+02 9.920302743614002328e-01 1.015227057710501812e+00
2.947263290882110596e+02 9.940303353984191181e-01 1.030227515488143508e+00
2.947401149272918701e+02 9.940303353984191181e-01 1.030227515488143508e+00
2.947588400840759277e+02 9.940303353984191181e-01 1.030227515488143508e+00
2.948018877506256104e+02 9.940303353984191181e-01 1.030227515488143508e+00
2.948310880661010742e+02 9.940303353984191181e-01 1.030227515488143508e+00
2.948874330520629883e+02 9.940303353984191181e-01 1.030227515488143508e+00
2.949069581031799316e+02 9.940303353984191181e-01 1.030227515488143508e+00
2.949282619953155518e+02 9.940303353984191181e-01 1.030227515488143508e+00
2.949596116542816162e+02 9.940303353984191181e-01 1.030227515488143508e+00
2.949881396293640137e+02 9.940303353984191181e-01 1.030227515488143508e+00
2.950149798393249512e+02 9.940303353984191181e-01 1.030227515488143508e+00
2.950459194183349609e+02 9.940303353984191181e-01 1.030227515488143508e+00
2.950717353820800781e+02 9.940303353984191181e-01 1.030227515488143508e+00
2.951151375770568848e+02 9.940303353984191181e-01 1.030227515488143508e+00
2.951281554698944092e+02 9.940303353984191181e-01 1.030227515488143508e+00
2.951419582366943359e+02 9.940303353984191181e-01 1.030227515488143508e+00
2.951569428443908691e+02 9.940303353984191181e-01 1.030227515488143508e+00
2.951698248386383057e+02 9.940303353984191181e-01 1.030227515488143508e+00
2.952263512611389160e+02 9.940303353984191181e-01 1.030227515488143508e+00
2.952396717071533203e+02 9.940303353984191181e-01 1.030227515488143508e+00
2.952601516246795654e+02 9.940303353984191181e-01 1.030227515488143508e+00
2.952820305824279785e+02 9.940303353984191181e-01 1.030227515488143508e+00
2.952988913059234619e+02 9.940303353984191181e-01 1.030227515488143508e+00
2.953126928806304932e+02 9.940303353984191181e-01 1.030227515488143508e+00
2.953605849742889404e+02 9.940303353984191181e-01 1.030227515488143508e+00
2.953918640613555908e+02 9.940303353984191181e-01 1.030227515488143508e+00
2.954472434520721436e+02 9.940303353984191181e-01 1.030227515488143508e+00
2.954606814384460449e+02 9.940303353984191181e-01 1.030227515488143508e+00
2.954856925010681152e+02 9.940303353984191181e-01 1.030227515488143508e+00
2.955282471179962158e+02 9.920302743614002328e-01 1.015227057710501812e+00
2.955421891212463379e+02 9.920302743614002328e-01 1.015227057710501812e+00
2.955603396892547607e+02 9.940303353984191181e-01 1.030227515488143508e+00
2.955761718750000000e+02 9.940303353984191181e-01 1.030227515488143508e+00
2.956203179359436035e+02 9.940303353984191181e-01 1.030227515488143508e+00
2.956424450874328613e+02 9.940303353984191181e-01 1.030227515488143508e+00
2.956607332229614258e+02 9.920302743614002328e-01 1.015227057710501812e+00
2.956745123863220215e+02 9.940303353984191181e-01 1.030227515488143508e+00
2.956897344589233398e+02 9.940303353984191181e-01 1.030227515488143508e+00
2.957054345607757568e+02 9.940303353984191181e-01 1.030227515488143508e+00
2.957256002426147461e+02 9.940303353984191181e-01 1.030227515488143508e+00
2.957980439662933350e+02 9.940303353984191181e-01 1.030227515488143508e+00
2.958575797080993652e+02 9.940303353984191181e-01 1.030227515488143508e+00
2.958720018863677979e+02 9.940303353984191181e-01 1.030227515488143508e+00
2.958977818489074707e+02 9.940303353984191181e-01 1.030227515488143508e+00
2.959304306507110596e+02 9.940303353984191181e-01 1.030227515488143508e+00
2.959525859355926514e+02 9.940303353984191181e-01 1.030227515488143508e+00
2.959681439399719238e+02 9.940303353984191181e-01 1.030227515488143508e+00
2.959836931228637695e+02 9.940303353984191181e-01 1.030227515488143508e+00
2.960095813274383545e+02 9.940303353984191181e-01 1.030227515488143508e+00
2.960549716949462891e+02 9.920302743614002328e-01 1.015227057710501812e+00
2.960720250606536865e+02 9.940303353984191181e-01 1.030227515488143508e+00
2.960887753963470459e+02 9.940303353984191181e-01 1.030227515488143508e+00
2.961063923835754395e+02 9.920302743614002328e-01 1.015227057710501812e+00
2.961228749752044678e+02 9.940303353984191181e-01 1.030227515488143508e+00
2.961363577842712402e+02 9.940303353984191181e-01 1.030227515488143508e+00
2.961652724742889404e+02 9.940303353984191181e-01 1.030227515488143508e+00
2.962185194492340088e+02 9.940303353984191181e-01 1.030227515488143508e+00
2.962765190601348877e+02 9.940303353984191181e-01 1.030227515488143508e+00
2.962907569408416748e+02 9.940303353984191181e-01 1.030227515488143508e+00
2.963089363574981689e+02 9.940303353984191181e-01 1.030227515488143508e+00
2.963430085182189941e+02 9.940303353984191181e-01 1.030227515488143508e+00
2.963722622394561768e+02 9.940303353984191181e-01 1.030227515488143508e+00
2.964025671482086182e+02 9.940303353984191181e-01 1.030227515488143508e+00
2.964387886524200439e+02 9.940303353984191181e-01 1.030227515488143508e+00
2.964645397663116455e+02 9.920302743614002328e-01 1.015227057710501812e+00
2.964971942901611328e+02 9.940303353984191181e-01 1.030227515488143508e+00
2.965218591690063477e+02 9.920302743614002328e-01 1.015227057710501812e+00
2.965328557491302490e+02 9.940303353984191181e-01 1.030227515488143508e+00
2.965461719036102295e+02 9.940303353984191181e-01 1.030227515488143508e+00
2.965620069503784180e+02 9.920302743614002328e-01 1.015227057710501812e+00
2.966041576862335205e+02 9.920302743614002328e-01 1.015227057710501812e+00
2.966291232109069824e+02 9.940303353984191181e-01 1.030227515488143508e+00
2.966457149982452393e+02 9.940303353984191181e-01 1.030227515488143508e+00
2.966593046188354492e+02 9.920302743614002328e-01 1.015227057710501812e+00
2.966777398586273193e+02 9.940303353984191181e-01 1.030227515488143508e+00
2.966931755542755127e+02 9.940303353984191181e-01 1.030227515488143508e+00
2.967198898792266846e+02 9.920302743614002328e-01 1.015227057710501812e+00
2.967586193084716797e+02 9.940303353984191181e-01 1.030227515488143508e+00
2.967890610694885254e+02 9.940303353984191181e-01 1.030227515488143508e+00
2.968444442749023438e+02 9.940303353984191181e-01 1.030227515488143508e+00
2.968591387271881104e+02 9.940303353984191181e-01 1.030227515488143508e+00
2.968877015113830566e+02 9.940303353984191181e-01 1.030227515488143508e+00
2.969284377098083496e+02 9.940303353984191181e-01 1.030227515488143508e+00
2.969410324096679688e+02 9.940303353984191181e-01 1.030227515488143508e+00
2.969553110599517822e+02 9.940303353984191181e-01 1.030227515488143508e+00
2.969714012145996094e+02 9.940303353984191181e-01 1.030227515488143508e+00
2.969902198314666748e+02 9.940303353984191181e-01 1.030227515488143508e+00
2.970412392616271973e+02 9.940303353984191181e-01 1.030227515488143508e+00
2.970549488067626953e+02 9.940303353984191181e-01 1.030227515488143508e+00
2.970731916427612305e+02 9.940303353984191181e-01 1.030227515488143508e+00
2.970974082946777344e+02 9.940303353984191181e-01 1.030227515488143508e+00
2.971129627227783203e+02 9.940303353984191181e-01 1.030227515488143508e+00
2.971264450550079346e+02 9.940303353984191181e-01 1.030227515488143508e+00
2.971671216487884521e+02 9.940303353984191181e-01 1.030227515488143508e+00
2.972050909996032715e+02 9.940303353984191181e-01 1.030227515488143508e+00
2.972629950046539307e+02 9.940303353984191181e-01 1.030227515488143508e+00
2.972778894901275635e+02 9.940303353984191181e-01 1.030227515488143508e+00
2.973111956119537354e+02 9.940303353984191181e-01 1.030227515488143508e+00
2.973329782485961914e+02 9.940303353984191181e-01 1.030227515488143508e+00
2.973560886383056641e+02 9.940303353984191181e-01 1.030227515488143508e+00
2.973694174289703369e+02 9.940303353984191181e-01 1.030227515488143508e+00
2.973842022418975830e+02 9.940303353984191181e-01 1.030227515488143508e+00
2.974050209522247314e+02 9.940303353984191181e-01 1.030227515488143508e+00
2.974404690265655518e+02 9.940303353984191181e-01 1.030227515488143508e+00
2.974604094028472900e+02 9.940303353984191181e-01 1.030227515488143508e+00
2.974757370948791504e+02 9.940303353984191181e-01 1.030227515488143508e+00
2.974883396625518799e+02 9.940303353984191181e-01 1.030227515488143508e+00
2.975044682025909424e+02 9.940303353984191181e-01 1.030227515488143508e+00
2.975204043388366699e+02 9.940303353984191181e-01 1.030227515488143508e+00
2.975356075763702393e+02 9.940303353984191181e-01 1.030227515488143508e+00
2.975579578876495361e+02 9.940303353984191181e-01 1.030227515488143508e+00
2.975965266227722168e+02 9.940303353984191181e-01 1.030227515488143508e+00
2.976274359226226807e+02 9.940303353984191181e-01 1.030227515488143508e+00
2.976836698055267334e+02 9.940303353984191181e-01 1.030227515488143508e+00
2.976980454921722412e+02 9.940303353984191181e-01 1.030227515488143508e+00
2.977162466049194336e+02 9.940303353984191181e-01 1.030227515488143508e+00
2.977449598312377930e+02 9.920302743614002328e-01 1.015227057710501812e+00
2.977734887599945068e+02 9.940303353984191181e-01 1.030227515488143508e+00
2.978016655445098877e+02 9.940303353984191181e-01 1.030227515488143508e+00
2.978441786766052246e+02 9.940303353984191181e-01 1.030227515488143508e+00
2.978643081188201904e+02 9.940303353984191181e-01 1.030227515488143508e+00
2.978928151130676270e+02 9.940303353984191181e-01 1.030227515488143508e+00
2.979266164302825928e+02 9.940303353984191181e-01 1.030227515488143508e+00
2.979433224201202393e+02 9.940303353984191181e-01 1.030227515488143508e+00
2.979592406749725342e+02 9.940303353984191181e-01 1.030227515488143508e+00
2.979778850078582764e+02 9.940303353984191181e-01 1.030227515488143508e+00
2.980307984352111816e+02 9.940303353984191181e-01 1.030227515488143508e+00
2.980477797985076904e+02 9.920302743614002328e-01 1.015227057710501812e+00
2.980624670982360840e+02 9.940303353984191181e-01 1.030227515488143508e+00
2.980758321285247803e+02 9.920302743614002328e-01 1.015227057710501812e+00
2.980999712944030762e+02 9.940303353984191181e-01 1.030227515488143508e+00
2.981139180660247803e+02 9.940303353984191181e-01 1.030227515488143508e+00
2.981782944202423096e+02 9.940303353984191181e-01 1.030227515488143508e+00
2.981940906047821045e+02 9.940303353984191181e-01 1.030227515488143508e+00
2.982495532035827637e+02 9.940303353984191181e-01 1.030227515488143508e+00
2.982632584571838379e+02 9.940303353984191181e-01 1.030227515488143508e+00
2.982925603389739990e+02 9.960303964354381145e-01 1.045227973265785870e+00
2.983247144222259521e+02 9.940303353984191181e-01 1.030227515488143508e+00
2.983467710018157959e+02 9.940303353984191181e-01 1.030227515488143508e+00
2.983576183319091797e+02 9.940303353984191181e-01 1.030227515488143508e+00
2.983752036094665527e+02 9.940303353984191181e-01 1.030227515488143508e+00
2.983965549468994141e+02 9.920302743614002328e-01 1.015227057710501812e+00
2.984521856307983398e+02 9.940303353984191181e-01 1.030227515488143508e+00
2.984703204631805420e+02 9.940303353984191181e-01 1.030227515488143508e+00
2.984885444641113281e+02 9.940303353984191181e-01 1.030227515488143508e+00
2.985044970512390137e+02 9.940303353984191181e-01 1.030227515488143508e+00
2.985204856395721436e+02 9.940303353984191181e-01 1.030227515488143508e+00
2.985358784198760986e+02 9.940303353984191181e-01 1.030227515488143508e+00
2.985843613147735596e+02 9.940303353984191181e-01 1.030227515488143508e+00
2.986139111518859863e+02 9.940303353984191181e-01 1.030227515488143508e+00
2.986696302890777588e+02 9.940303353984191181e-01 1.030227515488143508e+00
2.986835544109344482e+02 9.940303353984191181e-01 1.030227515488143508e+00
2.987062594890594482e+02 9.920302743614002328e-01 1.015227057710501812e+00
2.987495076656341553e+02 9.940303353984191181e-01 1.030227515488143508e+00
2.987625465393066406e+02 9.940303353984191181e-01 1.030227515488143508e+00
2.987745721340179443e+02 9.940303353984191181e-01 1.030227515488143508e+00
2.987918438911437988e+02 9.940303353984191181e-01 1.030227515488143508e+00
2.988129522800445557e+02 9.940303353984191181e-01 1.030227515488143508e+00
2.988562865257263184e+02 9.940303353984191181e-01 1.030227515488143508e+00
2.988706378936767578e+02 9.940303353984191181e-01 1.030227515488143508e+00
2.988848905563354492e+02 9.940303353984191181e-01 1.030227515488143508e+00
2.988997135162353516e+02 9.940303353984191181e-01 1.030227515488143508e+00
2.989199235439300537e+02 9.940303353984191181e-01 1.030227515488143508e+00
2.989376628398895264e+02 9.940303353984191181e-01 1.030227515488143508e+00
2.989572005271911621e+02 9.920302743614002328e-01 1.015227057710501812e+00
2.989903643131256104e+02 9.940303353984191181e-01 1.030227515488143508e+00
2.990284392833709717e+02 9.940303353984191181e-01 1.030227515488143508e+00
2.990856752395629883e+02 9.940303353984191181e-01 1.030227515488143508e+00
2.990999789237976074e+02 9.940303353984191181e-01 1.030227515488143508e+00
2.991236112117767334e+02 9.920302743614002328e-01 1.015227057710501812e+00
2.991533057689666748e+02 9.940303353984191181e-01 1.030227515488143508e+00
2.991841948032379150e+02 9.940303353984191181e-01 1.030227515488143508e+00
2.992418403625488281e+02 9.940303353984191181e-01 1.030227515488143508e+00
2.992607350349426270e+02 9.940303353984191181e-01 1.030227515488143508e+00
2.992868285179138184e+02 9.940303353984191181e-01 1.030227515488143508e+00
2.993186647891998291e+02 9.940303353984191181e-01 1.030227515488143508e+00
2.993321628570556641e+02 9.940303353984191181e-01 1.030227515488143508e+00
2.993468966484069824e+02 9.940303353984191181e-01 1.030227515488143508e+00
2.993621959686279297e+02 9.940303353984191181e-01 1.030227515488143508e+00
2.993882143497467041e+02 9.940303353984191181e-01 1.030227515488143508e+00
2.994272918701171875e+02 9.940303353984191181e-01 1.030227515488143508e+00
2.994469280242919922e+02 9.940303353984191181e-01 1.030227515488143508e+00
2.994648714065551758e+02 9.940303353984191181e-01 1.030227515488143508e+00
2.994822378158569336e+02 9.920302743614002328e-01 1.015227057710501812e+00
2.994990911483764648e+02 9.940303353984191181e-01 1.030227515488143508e+00
2.995152001380920410e+02 9.940303353984191181e-01 1.030227515488143508e+00
2.995436742305755615e+02 9.940303353984191181e-01 1.030227515488143508e+00
2.995682520866394043e+02 9.940303353984191181e-01 1.030227515488143508e+00
2.995978353023529053e+02 9.940303353984191181e-01 1.030227515488143508e+00
2.996525907516479492e+02 9.940303353984191181e-01 1.030227515488143508e+00
2.996666257381439209e+02 9.940303353984191181e-01 1.030227515488143508e+00
2.997029554843902588e+02 9.920302743614002328e-01 1.015227057710501812e+00
2.997355391979217529e+02 9.940303353984191181e-01 1.030227515488143508e+00
2.997485365867614746e+02 9.940303353984191181e-01 1.030227515488143508e+00
2.997665519714355469e+02 9.940303353984191181e-01 1.030227515488143508e+00
2.997792916297912598e+02 9.940303353984191181e-01 1.030227515488143508e+00
2.998070049285888672e+02 9.940303353984191181e-01 1.030227515488143508e+00
2.998390848636627197e+02 9.940303353984191181e-01 1.030227515488143508e+00
2.998587772846221924e+02 9.940303353984191181e-01 1.030227515488143508e+00
2.998698892593383789e+02 9.940303353984191181e-01 1.030227515488143508e+00
2.998857185840606689e+02 9.920302743614002328e-01 1.015227057710501812e+00
2.999003732204437256e+02 9.940303353984191181e-01 1.030227515488143508e+00
2.999121792316436768e+02 9.940303353984191181e-01 1.030227515488143508e+00
2.999257848262786865e+02 9.940303353984191181e-01 1.030227515488143508e+00
2.999562540054321289e+02 9.940303353984191181e-01 1.030227515488143508e+00
2.999847681522369385e+02 9.940303353984191181e-01 1.030227515488143508e+00
3.000146355628967285e+02 9.940303353984191181e-01 1.030227515488143508e+00
3.000713126659393311e+02 9.940303353984191181e-01 1.030227515488143508e+00
3.000857858657836914e+02 9.940303353984191181e-01 1.030227515488143508e+00
3.001082530021667480e+02 9.940303353984191181e-01 1.030227515488143508e+00
3.001522555351257324e+02 9.940303353984191181e-01 1.030227515488143508e+00
3.001676158905029297e+02 9.940303353984191181e-01 1.030227515488143508e+00
3.001804561614990234e+02 9.920302743614002328e-01 1.015227057710501812e+00
3.001957511901855469e+02 9.920302743614002328e-01 1.015227057710501812e+00
3.002121732234954834e+02 9.940303353984191181e-01 1.030227515488143508e+00
3.002573106288909912e+02 9.940303353984191181e-01 1.030227515488143508e+00
3.002741813659667969e+02 9.920302743614002328e-01 1.015227057710501812e+00
3.002885560989379883e+02 9.940303353984191181e-01 1.030227515488143508e+00
3.003049263954162598e+02 9.940303353984191181e-01 1.030227515488143508e+00
3.003215174674987793e+02 9.940303353984191181e-01 1.030227515488143508e+00
3.003347604274749756e+02 9.940303353984191181e-01 1.030227515488143508e+00
3.003517711162567139e+02 9.920302743614002328e-01 1.015227057710501812e+00
3.003943216800689697e+02 9.940303353984191181e-01 1.030227515488143508e+00
3.004324615001678467e+02 9.940303353984191181e-01 1.030227515488143508e+00
3.004895083904266357e+02 9.940303353984191181e-01 1.030227515488143508e+00
3.005035409927368164e+02 9.940303353984191181e-01 1.030227515488143508e+00
3.005210001468658447e+02 9.940303353984191181e-01 1.030227515488143508e+00
3.005536608695983887e+02 9.920302743614002328e-01 1.015227057710501812e+00
3.005848095417022705e+02 9.940303353984191181e-01 1.030227515488143508e+00
3.006129314899444580e+02 9.940303353984191181e-01 1.030227515488143508e+00
3.006556851863861084e+02 9.940303353984191181e-01 1.030227515488143508e+00
3.006763384342193604e+02 9.940303353984191181e-01 1.030227515488143508e+00
3.007159521579742432e+02 9.940303353984191181e-01 1.030227515488143508e+00
3.007389631271362305e+02 9.940303353984191181e-01 1.030227515488143508e+00
3.007522110939025879e+02 9.940303353984191181e-01 1.030227515488143508e+00
3.007690849304199219e+02 9.940303353984191181e-01 1.030227515488143508e+00
3.007853221893310547e+02 9.940303353984191181e-01 1.030227515488143508e+00
3.008339481353759766e+02 9.920302743614002328e-01 1.015227057710501812e+00
3.008481922149658203e+02 9.940303353984191181e-01 1.030227515488143508e+00
3.008699529170989990e+02 9.940303353984191181e-01 1.030227515488143508e+00
3.008852584362030029e+02 9.940303353984191181e-01 1.030227515488143508e+00
3.009032089710235596e+02 9.940303353984191181e-01 1.030227515488143508e+00
3.009175863265991211e+02 9.940303353984191181e-01 1.030227515488143508e+00
3.009326386451721191e+02 9.940303353984191181e-01 1.030227515488143508e+00
3.009705505371093750e+02 9.940303353984191181e-01 1.030227515488143508e+00
3.010077888965606689e+02 9.940303353984191181e-01 1.030227515488143508e+00
3.010663928985595703e+02 9.940303353984191181e-01 1.030227515488143508e+00
3.010818819999694824e+02 9.940303353984191181e-01 1.030227515488143508e+00
3.011085801124572754e+02 9.940303353984191181e-01 1.030227515488143508e+00
3.011436381340026855e+02 9.940303353984191181e-01 1.030227515488143508e+00
3.011647186279296875e+02 9.940303353984191181e-01 1.030227515488143508e+00
3.011789312362670898e+02 9.940303353984191181e-01 1.030227515488143508e+00
3.011919822692871094e+02 9.940303353984191181e-01 1.030227515488143508e+00
3.012071993350982666e+02 9.940303353984191181e-01 1.030227515488143508e+00
3.012297179698944092e+02 9.940303353984191181e-01 1.030227515488143508e+00
3.012726821899414062e+02 9.940303353984191181e-01 1.030227515488143508e+00
3.012910990715026855e+02 9.940303353984191181e-01 1.030227515488143508e+00
3.013108961582183838e+02 9.940303353984191181e-01 1.030227515488143508e+00
3.013286912441253662e+02 9.940303353984191181e-01 1.030227515488143508e+00
3.013422694206237793e+02 9.940303353984191181e-01 1.030227515488143508e+00
3.013570921421051025e+02 9.940303353984191181e-01 1.030227515488143508e+00
3.014037506580352783e+02 9.940303353984191181e-01 1.030227515488143508e+00
3.014347560405731201e+02 9.940303353984191181e-01 1.030227515488143508e+00
3.014918394088745117e+02 9.940303353984191181e-01 1.030227515488143508e+00
3.015057709217071533e+02 9.940303353984191181e-01 1.030227515488143508e+00
3.015303516387939453e+02 9.940303353984191181e-01 1.030227515488143508e+00
3.015602900981903076e+02 9.940303353984191181e-01 1.030227515488143508e+00
3.015839970111846924e+02 9.940303353984191181e-01 1.030227515488143508e+00
3.015960898399353027e+02 9.920302743614002328e-01 1.015227057710501812e+00
3.016144757270812988e+02 9.940303353984191181e-01 1.030227515488143508e+00
3.016264929771423340e+02 9.940303353984191181e-01 1.030227515488143508e+00
3.016870410442352295e+02 9.940303353984191181e-01 1.030227515488143508e+00
3.017086451053619385e+02 9.940303353984191181e-01 1.030227515488143508e+00
3.017275314331054688e+02 9.940303353984191181e-01 1.030227515488143508e+00
3.017530405521392822e+02 9.940303353984191181e-01 1.030227515488143508e+00
3.017656888961791992e+02 9.920302743614002328e-01 1.015227057710501812e+00
3.017881920337677002e+02 9.920302743614002328e-01 1.015227057710501812e+00
3.018286538124084473e+02 9.940303353984191181e-01 1.030227515488143508e+00
3.018657994270324707e+02 9.940303353984191181e-01 1.030227515488143508e+00
3.019267590045928955e+02 9.940303353984191181e-01 1.030227515488143508e+00
3.019399681091308594e+02 9.940303353984191181e-01 1.030227515488143508e+00
3.019610509872436523e+02 9.920302743614002328e-01 1.015227057710501812e+00
3.019966979026794434e+02 9.940303353984191181e-01 1.030227515488143508e+00
3.020290040969848633e+02 9.940303353984191181e-01 1.030227515488143508e+00
3.020579538345336914e+02 9.940303353984191181e-01 1.030227515488143508e+00
3.020939724445343018e+02 9.920302743614002328e-01 1.015227057710501812e+00
3.021204996109008789e+02 9.940303353984191181e-01 1.030227515488143508e+00
3.021498205661773682e+02 9.940303353984191181e-01 1.030227515488143508e+00
3.021746692657470703e+02 9.920302743614002328e-01 1.015227057710501812e+00
3.021895580291748047e+02 9.940303353984191181e-01 1.030227515488143508e+00
3.022010796070098877e+02 9.940303353984191181e-01 1.030227515488143508e+00
3.022165288925170898e+02 9.940303353984191181e-01 1.030227515488143508e+00
3.022632358074188232e+02 9.940303353984191181e-01 1.030227515488143508e+00
3.022845792770385742e+02 9.940303353984191181e-01 1.030227515488143508e+00
3.023007128238677979e+02 9.940303353984191181e-01 1.030227515488143508e+00
3.023182916641235352e+02 9.940303353984191181e-01 1.030227515488143508e+00
3.023315677642822266e+02 9.940303353984191181e-01 1.030227515488143508e+00
3.023457784652709961e+02 9.940303353984191181e-01 1.030227515488143508e+00
3.023594548702239990e+02 9.940303353984191181e-01 1.030227515488143508e+00
3.023727972507476807e+02 9.940303353984191181e-01 1.030227515488143508e+00
3.024382104873657227e+02 9.940303353984191181e-01 1.030227515488143508e+00
3.024532611370086670e+02 9.940303353984191181e-01 1.030227515488143508e+00
3.025125737190246582e+02 9.940303353984191181e-01 1.030227515488143508e+00
3.025261056423187256e+02 9.940303353984191181e-01 1.030227515488143508e+00
3.025551481246948242e+02 9.940303353984191181e-01 1.030227515488143508e+00
3.025975387096405029e+02 9.940303353984191181e-01 1.030227515488143508e+00
3.026109373569488525e+02 9.940303353984191181e-01 1.030227515488143508e+00
3.026220819950103760e+02 9.920302743614002328e-01 1.015227057710501812e+00
3.026367716789245605e+02 9.940303353984191181e-01 1.030227515488143508e+00
3.026519694328308105e+02 9.940303353984191181e-01 1.030227515488143508e+00
3.027040200233459473e+02 9.920302743614002328e-01 1.015227057710501812e+00
3.027209222316741943e+02 9.940303353984191181e-01 1.030227515488143508e+00
3.027377655506134033e+02 9.940303353984191181e-01 1.030227515488143508e+00
3.027582895755767822e+02 9.940303353984191181e-01 1.030227515488143508e+00
3.027718596458435059e+02 9.940303353984191181e-01 1.030227515488143508e+00
3.027924671173095703e+02 9.940303353984191181e-01 1.030227515488143508e+00
3.028372929096221924e+02 9.920302743614002328e-01 1.015227057710501812e+00
3.028742763996124268e+02 9.940303353984191181e-01 1.030227515488143508e+00
3.029347052574157715e+02 9.940303353984191181e-01 1.030227515488143508e+00
3.029483485221862793e+02 9.940303353984191181e-01 1.030227515488143508e+00
3.029747786521911621e+02 9.940303353984191181e-01 1.030227515488143508e+00
3.030201697349548340e+02 9.940303353984191181e-01 1.030227515488143508e+00
3.030322172641754150e+02 9.940303353984191181e-01 1.030227515488143508e+00
3.030434193611145020e+02 9.940303353984191181e-01 1.030227515488143508e+00
3.030615382194519043e+02 9.940303353984191181e-01 1.030227515488143508e+00
3.030745706558227539e+02 9.920302743614002328e-01 1.015227057710501812e+00
3.030970947742462158e+02 9.920302743614002328e-01 1.015227057710501812e+00
3.031375215053558350e+02 9.940303353984191181e-01 1.030227515488143508e+00
3.031509175300598145e+02 9.940303353984191181e-01 1.030227515488143508e+00
3.031659409999847412e+02 9.940303353984191181e-01 1.030227515488143508e+00
3.031820712089538574e+02 9.940303353984191181e-01 1.030227515488143508e+00
3.032033245563507080e+02 9.940303353984191181e-01 1.030227515488143508e+00
3.032178924083709717e+02 9.940303353984191181e-01 1.030227515488143508e+00
3.032317156791687012e+02 9.940303353984191181e-01 1.030227515488143508e+00
3.032795042991638184e+02 9.940303353984191181e-01 1.030227515488143508e+00
3.033113317489624023e+02 9.940303353984191181e-01 1.030227515488143508e+00
3.033688702583312988e+02 9.940303353984191181e-01 1.030227515488143508e+00
3.033888916969299316e+02 9.940303353984191181e-01 1.030227515488143508e+00
3.034050829410552979e+02 9.940303353984191181e-01 1.030227515488143508e+00
3.034349129199981689e+02 9.940303353984191181e-01 1.030227515488143508e+00
3.034636721611022949e+02 9.940303353984191181e-01 1.030227515488143508e+00
3.034944128990173340e+02 9.940303353984191181e-01 1.030227515488143508e+00
3.035303211212158203e+02 9.940303353984191181e-01 1.030227515488143508e+00
3.035510253906250000e+02 9.940303353984191181e-01 1.030227515488143508e+00
3.035823667049407959e+02 9.940303353984191181e-01 1.030227515488143508e+00
3.036108076572418213e+02 9.940303353984191181e-01 1.030227515488143508e+00
3.036254453659057617e+02 9.940303353984191181e-01 1.030227515488143508e+00
3.036397266387939453e+02 9.940303353984191181e-01 1.030227515488143508e+00
3.036524546146392822e+02 9.940303353984191181e-01 1.030227515488143508e+00
3.036975333690643311e+02 9.940303353984191181e-01 1.030227515488143508e+00
3.037269783020019531e+02 9.940303353984191181e-01 1.030227515488143508e+00
3.037427093982696533e+02 9.940303353984191181e-01 1.030227515488143508e+00
3.037555379867553711e+02 9.940303353984191181e-01 1.030227515488143508e+00
3.037720110416412354e+02 9.940303353984191181e-01 1.030227515488143508e+00
3.037868995666503906e+02 9.940303353984191181e-01 1.030227515488143508e+00
3.038028745651245117e+02 9.940303353984191181e-01 1.030227515488143508e+00
3.038557913303375244e+02 9.940303353984191181e-01 1.030227515488143508e+00
3.038866920471191406e+02 9.940303353984191181e-01 1.030227515488143508e+00
3.039441883563995361e+02 9.940303353984191181e-01 1.030227515488143508e+00
3.039577872753143311e+02 9.940303353984191181e-01 1.030227515488143508e+00
3.039864876270294189e+02 9.940303353984191181e-01 1.030227515488143508e+00
3.040204288959503174e+02 9.940303353984191181e-01 1.030227515488143508e+00
3.040371634960174561e+02 9.940303353984191181e-01 1.030227515488143508e+00
3.040524985790252686e+02 9.940303353984191181e-01 1.030227515488143508e+00
3.040654315948486328e+02 9.940303353984191181e-01 1.030227515488143508e+00
3.040810673236846924e+02 9.940303353984191181e-01 1.030227515488143508e+00
3.041379384994506836e+02 9.940303353984191181e-01 1.030227515488143508e+00
3.041581871509552002e+02 9.940303353984191181e-01 1.030227515488143508e+00
3.041721506118774414e+02 9.940303353984191181e-01 1.030227515488143508e+00
3.041828005313873291e+02 9.940303353984191181e-01 1.030227515488143508e+00
3.041960525512695312e+02 9.940303353984191181e-01 1.030227515488143508e+00
3.042160327434539795e+02 9.940303353984191181e-01 1.030227515488143508e+00
3.042344188690185547e+02 9.920302743614002328e-01 1.015227057710501812e+00
3.042541177272796631e+02 9.940303353984191181e-01 1.030227515488143508e+00
3.042857007980346680e+02 9.940303353984191181e-01 1.030227515488143508e+00
3.043166399002075195e+02 9.940303353984191181e-01 1.030227515488143508e+00
3.043739433288574219e+02 9.940303353984191181e-01 1.030227515488143508e+00
3.043877334594726562e+02 9.940303353984191181e-01 1.030227515488143508e+00
3.044212520122528076e+02 9.940303353984191181e-01 1.030227515488143508e+00
3.044425153732299805e+02 9.940303353984191181e-01 1.030227515488143508e+00
3.044651269912719727e+02 9.940303353984191181e-01 1.030227515488143508e+00
3.044777374267578125e+02 9.940303353984191181e-01 1.030227515488143508e+00
3.044928917884826660e+02 9.940303353984191181e-01 1.030227515488143508e+00
3.045081925392150879e+02 9.940303353984191181e-01 1.030227515488143508e+00
3.045676529407501221e+02 9.940303353984191181e-01 1.030227515488143508e+00
3.045813176631927490e+02 9.920302743614002328e-01 1.015227057710501812e+00
3.045968844890594482e+02 9.940303353984191181e-01 1.030227515488143508e+00
3.046145110130310059e+02 9.940303353984191181e-01 1.030227515488143508e+00
3.046320586204528809e+02 9.940303353984191181e-01 1.030227515488143508e+00
3.046443147659301758e+02 9.940303353984191181e-01 1.030227515488143508e+00
3.046720085144042969e+02 9.940303353984191181e-01 1.030227515488143508e+00
3.047028591632843018e+02 9.940303353984191181e-01 1.030227515488143508e+00
3.047324080467224121e+02 9.940303353984191181e-01 1.030227515488143508e+00
3.047907347679138184e+02 9.920302743614002328e-01 1.015227057710501812e+00
3.048164131641387939e+02 9.940303353984191181e-01 1.030227515488143508e+00
3.048510704040527344e+02 9.940303353984191181e-01 1.030227515488143508e+00
3.048800835609436035e+02 9.940303353984191181e-01 1.030227515488143508e+00
3.049394342899322510e+02 9.940303353984191181e-01 1.030227515488143508e+00
3.049583108425140381e+02 9.940303353984191181e-01 1.030227515488143508e+00
3.050050549507141113e+02 9.940303353984191181e-01 1.030227515488143508e+00
3.050232129096984863e+02 9.940303353984191181e-01 1.030227515488143508e+00
3.050380079746246338e+02 9.940303353984191181e-01 1.030227515488143508e+00
3.050490784645080566e+02 9.940303353984191181e-01 1.030227515488143508e+00
3.050637395381927490e+02 9.940303353984191181e-01 1.030227515488143508e+00
3.051093142032623291e+02 9.940303353984191181e-01 1.030227515488143508e+00
3.051302824020385742e+02 9.940303353984191181e-01 1.030227515488143508e+00
3.051440045833587646e+02 9.940303353984191181e-01 1.030227515488143508e+00
3.051618766784667969e+02 9.940303353984191181e-01 1.030227515488143508e+00
3.051764378547668457e+02 9.940303353984191181e-01 1.030227515488143508e+00
3.051910779476165771e+02 9.940303353984191181e-01 1.030227515488143508e+00
3.052084403038024902e+02 9.940303353984191181e-01 1.030227515488143508e+00
3.052232470512390137e+02 9.940303353984191181e-01 1.030227515488143508e+00
3.052667529582977295e+02 9.940303353984191181e-01 1.030227515488143508e+00
3.052965185642242432e+02 9.940303353984191181e-01 1.030227515488143508e+00
3.053517754077911377e+02 9.940303353984191181e-01 1.030227515488143508e+00
3.053651187419891357e+02 9.940303353984191181e-01 1.030227515488143508e+00
3.053934702873229980e+02 9.940303353984191181e-01 1.030227515488143508e+00
3.054342541694641113e+02 9.940303353984191181e-01 1.030227515488143508e+00
3.054477076530456543e+02 9.940303353984191181e-01 1.030227515488143508e+00
3.054630703926086426e+02 9.940303353984191181e-01 1.030227515488143508e+00
3.054818341732025146e+02 9.940303353984191181e-01 1.030227515488143508e+00
3.055281281471252441e+02 9.940303353984191181e-01 1.030227515488143508e+00
3.055556755065917969e+02 9.940303353984191181e-01 1.030227515488143508e+00
3.055734040737152100e+02 9.940303353984191181e-01 1.030227515488143508e+00
3.055882506370544434e+02 9.940303353984191181e-01 1.030227515488143508e+00
3.056024899482727051e+02 9.940303353984191181e-01 1.030227515488143508e+00
3.056159691810607910e+02 9.940303353984191181e-01 1.030227515488143508e+00
3.056318156719207764e+02 9.940303353984191181e-01 1.030227515488143508e+00
3.056481208801269531e+02 9.940303353984191181e-01 1.030227515488143508e+00
3.057075400352478027e+02 9.940303353984191181e-01 1.030227515488143508e+00
3.057220873832702637e+02 9.940303353984191181e-01 1.030227515488143508e+00
3.057779197692871094e+02 9.940303353984191181e-01 1.030227515488143508e+00
3.057975811958312988e+02 9.940303353984191181e-01 1.030227515488143508e+00
3.058166496753692627e+02 9.940303353984191181e-01 1.030227515488143508e+00
3.058604316711425781e+02 9.940303353984191181e-01 1.030227515488143508e+00
3.058742101192474365e+02 9.940303353984191181e-01 1.030227515488143508e+00
3.058904075622558594e+02 9.940303353984191181e-01 1.030227515488143508e+00
3.059058897495269775e+02 9.940303353984191181e-01 1.030227515488143508e+00
3.059184541702270508e+02 9.940303353984191181e-01 1.030227515488143508e+00
3.059410111904144287e+02 9.940303353984191181e-01 1.030227515488143508e+00
3.059795734882354736e+02 9.940303353984191181e-01 1.030227515488143508e+00
3.059919526576995850e+02 9.940303353984191181e-01 1.030227515488143508e+00
3.060129621028900146e+02 9.940303353984191181e-01 1.030227515488143508e+00
3.060276365280151367e+02 9.920302743614002328e-01 1.015227057710501812e+00
3.060422079563140869e+02 9.940303353984191181e-01 1.030227515488143508e+00
3.060557570457458496e+02 9.940303353984191181e-01 1.030227515488143508e+00
3.060744817256927490e+02 9.940303353984191181e-01 1.030227515488143508e+00
3.061167905330657959e+02 9.940303353984191181e-01 1.030227515488143508e+00
3.061471588611602783e+02 9.940303353984191181e-01 1.030227515488143508e+00
3.062178142070770264e+02 9.940303353984191181e-01 1.030227515488143508e+00
3.062372534275054932e+02 9.940303353984191181e-01 1.030227515488143508e+00
3.062588427066802979e+02 9.940303353984191181e-01 1.030227515488143508e+00
3.062882783412933350e+02 9.940303353984191181e-01 1.030227515488143508e+00
3.063242959976196289e+02 9.940303353984191181e-01 1.030227515488143508e+00
3.063723628520965576e+02 9.940303353984191181e-01 1.030227515488143508e+00
3.063934459686279297e+02 9.940303353984191181e-01 1.030227515488143508e+00
3.064290556907653809e+02 9.940303353984191181e-01 1.030227515488143508e+00
3.064503045082092285e+02 9.940303353984191181e-01 1.030227515488143508e+00
3.064672451019287109e+02 9.940303353984191181e-01 1.030227515488143508e+00
3.064798128604888916e+02 9.940303353984191181e-01 1.030227515488143508e+00
3.064927783012390137e+02 9.940303353984191181e-01 1.030227515488143508e+00
3.065497314929962158e+02 9.940303353984191181e-01 1.030227515488143508e+00
3.065657889842987061e+02 9.940303353984191181e-01 1.030227515488143508e+00
3.065803086757659912e+02 9.940303353984191181e-01 1.030227515488143508e+00
3.065971970558166504e+02 9.940303353984191181e-01 1.030227515488143508e+00
3.066104378700256348e+02 9.940303353984191181e-01 1.030227515488143508e+00
3.066306331157684326e+02 9.940303353984191181e-01 1.030227515488143508e+00
3.066456696987152100e+02 9.940303353984191181e-01 1.030227515488143508e+00
3.066846981048583984e+02 9.940303353984191181e-01 1.030227515488143508e+00
3.067234218120574951e+02 9.940303353984191181e-01 1.030227515488143508e+00
3.067808771133422852e+02 9.940303353984191181e-01 1.030227515488143508e+00
3.067942750453948975e+02 9.940303353984191181e-01 1.030227515488143508e+00
3.068232989311218262e+02 9.940303353984191181e-01 1.030227515488143508e+00
3.068635818958282471e+02 9.940303353984191181e-01 1.030227515488143508e+00
3.068794009685516357e+02 9.940303353984191181e-01 1.030227515488143508e+00
3.068948214054107666e+02 9.940303353984191181e-01 1.030227515488143508e+00
3.069078783988952637e+02 9.940303353984191181e-01 1.030227515488143508e+00
3.069242494106292725e+02 9.940303353984191181e-01 1.030227515488143508e+00
3.069695556163787842e+02 9.940303353984191181e-01 1.030227515488143508e+00
3.069860577583312988e+02 9.940303353984191181e-01 1.030227515488143508e+00
3.070003650188446045e+02 9.940303353984191181e-01 1.030227515488143508e+00
3.070179336071014404e+02 9.940303353984191181e-01 1.030227515488143508e+00
3.070349328517913818e+02 9.940303353984191181e-01 1.030227515488143508e+00
3.070519297122955322e+02 9.940303353984191181e-01 1.030227515488143508e+00
3.070663149356842041e+02 9.940303353984191181e-01 1.030227515488143508e+00
3.071130645275115967e+02 9.940303353984191181e-01 1.030227515488143508e+00
3.071444439888000488e+02 9.940303353984191181e-01 1.030227515488143508e+00
3.072009284496307373e+02 9.940303353984191181e-01 1.030227515488143508e+00
3.072203786373138428e+02 9.940303353984191181e-01 1.030227515488143508e+00
3.072389178276062012e+02 9.940303353984191181e-01 1.030227515488143508e+00
3.072796096801757812e+02 9.940303353984191181e-01 1.030227515488143508e+00
3.072925631999969482e+02 9.940303353984191181e-01 1.030227515488143508e+00
3.073075797557830811e+02 9.940303353984191181e-01 1.030227515488143508e+00
3.073224291801452637e+02 9.940303353984191181e-01 1.030227515488143508e+00
3.073396298885345459e+02 9.940303353984191181e-01 1.030227515488143508e+00
3.073943476676940918e+02 9.920302743614002328e-01 1.015227057710501812e+00
3.074097630977630615e+02 9.940303353984191181e-01 1.030227515488143508e+00
3.074259707927703857e+02 9.940303353984191181e-01 1.030227515488143508e+00
3.074409105777740479e+02 9.940303353984191181e-01 1.030227515488143508e+00
3.074582757949829102e+02 9.940303353984191181e-01 1.030227515488143508e+00
3.074748966693878174e+02 9.940303353984191181e-01 1.030227515488143508e+00
3.075179054737091064e+02 9.920302743614002328e-01 1.015227057710501812e+00
3.075563499927520752e+02 9.920302743614002328e-01 1.015227057710501812e+00
3.076137659549713135e+02 9.940303353984191181e-01 1.030227515488143508e+00
3.076278393268585205e+02 9.940303353984191181e-01 1.030227515488143508e+00
3.076469204425811768e+02 9.940303353984191181e-01 1.030227515488143508e+00
3.076758780479431152e+02 9.940303353984191181e-01 1.030227515488143508e+00
3.077046828269958496e+02 9.940303353984191181e-01 1.030227515488143508e+00
3.077349417209625244e+02 9.940303353984191181e-01 1.030227515488143508e+00
3.077762434482574463e+02 9.940303353984191181e-01 1.030227515488143508e+00
3.077964751720428467e+02 9.940303353984191181e-01 1.030227515488143508e+00
3.078363683223724365e+02 9.940303353984191181e-01 1.030227515488143508e+00
3.078567528724670410e+02 9.940303353984191181e-01 1.030227515488143508e+00
3.078755521774291992e+02 9.940303353984191181e-01 1.030227515488143508e+00
3.078910293579101562e+02 9.940303353984191181e-01 1.030227515488143508e+00
3.079114325046539307e+02 9.940303353984191181e-01 1.030227515488143508e+00
3.079714243412017822e+02 9.940303353984191181e-01 1.030227515488143508e+00
3.079881513118743896e+02 9.940303353984191181e-01 1.030227515488143508e+00
3.080066137313842773e+02 9.940303353984191181e-01 1.030227515488143508e+00
3.080231108665466309e+02 9.940303353984191181e-01 1.030227515488143508e+00
3.080482192039489746e+02 9.940303353984191181e-01 1.030227515488143508e+00
3.080660631656646729e+02 9.940303353984191181e-01 1.030227515488143508e+00
3.081309485435485840e+02 9.940303353984191181e-01 1.030227515488143508e+00
3.081945710182189941e+02 9.940303353984191181e-01 1.030227515488143508e+00
3.082075126171112061e+02 9.940303353984191181e-01 1.030227515488143508e+00
3.082263228893280029e+02 9.940303353984191181e-01 1.030227515488143508e+00
3.082523758411407471e+02 9.940303353984191181e-01 1.030227515488143508e+00
3.082838540077209473e+02 9.940303353984191181e-01 1.030227515488143508e+00
3.082975845336914062e+02 9.940303353984191181e-01 1.030227515488143508e+00
3.083156571388244629e+02 9.940303353984191181e-01 1.030227515488143508e+00
3.083281886577606201e+02 9.940303353984191181e-01 1.030227515488143508e+00
3.083450739383697510e+02 9.940303353984191181e-01 1.030227515488143508e+00
3.083979125022888184e+02 9.940303353984191181e-01 1.030227515488143508e+00
3.084111373424530029e+02 9.940303353984191181e-01 1.030227515488143508e+00
3.084257745742797852e+02 9.940303353984191181e-01 1.030227515488143508e+00
3.084437723159790039e+02 9.940303353984191181e-01 1.030227515488143508e+00
3.084591805934906006e+02 9.940303353984191181e-01 1.030227515488143508e+00
3.084721577167510986e+02 9.940303353984191181e-01 1.030227515488143508e+00
3.084946942329406738e+02 9.940303353984191181e-01 1.030227515488143508e+00
3.085509006977081299e+02 9.940303353984191181e-01 1.030227515488143508e+00
3.086133146286010742e+02 9.940303353984191181e-01 1.030227515488143508e+00
3.086266014575958252e+02 9.940303353984191181e-01 1.030227515488143508e+00
3.086501626968383789e+02 9.940303353984191181e-01 1.030227515488143508e+00
3.087002103328704834e+02 9.940303353984191181e-01 1.030227515488143508e+00
3.087205154895782471e+02 9.940303353984191181e-01 1.030227515488143508e+00
3.087371947765350342e+02 9.940303353984191181e-01 1.030227515488143508e+00
3.087523562908172607e+02 9.940303353984191181e-01 1.030227515488143508e+00
3.088068406581878662e+02 9.940303353984191181e-01 1.030227515488143508e+00
3.088200230598449707e+02 9.940303353984191181e-01 1.030227515488143508e+00
3.088426299095153809e+02 9.940303353984191181e-01 1.030227515488143508e+00
3.088571383953094482e+02 9.940303353984191181e-01 1.030227515488143508e+00
3.088716778755187988e+02 9.940303353984191181e-01 1.030227515488143508e+00
3.088852677345275879e+02 9.940303353984191181e-01 1.030227515488143508e+00
3.088985357284545898e+02 9.940303353984191181e-01 1.030227515488143508e+00
3.089376389980316162e+02 9.940303353984191181e-01 1.030227515488143508e+00
3.089762606620788574e+02 9.940303353984191181e-01 1.030227515488143508e+00
3.090338015556335449e+02 9.940303353984191181e-01 1.030227515488143508e+00
3.090589556694030762e+02 9.940303353984191181e-01 1.030227515488143508e+00
3.090897402763366699e+02 9.940303353984191181e-01 1.030227515488143508e+00
3.091248538494110107e+02 9.940303353984191181e-01 1.030227515488143508e+00
3.091548461914062500e+02 9.940303353984191181e-01 1.030227515488143508e+00
3.091900856494903564e+02 9.940303353984191181e-01 1.030227515488143508e+00
3.092162976264953613e+02 9.940303353984191181e-01 1.030227515488143508e+00
3.092592914104461670e+02 9.940303353984191181e-01 1.030227515488143508e+00
3.092731502056121826e+02 9.940303353984191181e-01 1.030227515488143508e+00
3.092907974720001221e+02 9.940303353984191181e-01 1.030227515488143508e+00
3.093035929203033447e+02 9.940303353984191181e-01 1.030227515488143508e+00
3.093165156841278076e+02 9.940303353984191181e-01 1.030227515488143508e+00
3.093717532157897949e+02 9.940303353984191181e-01 1.030227515488143508e+00
3.093871450424194336e+02 9.940303353984191181e-01 1.030227515488143508e+00
3.094018235206604004e+02 9.940303353984191181e-01 1.030227515488143508e+00
3.094170045852661133e+02 9.940303353984191181e-01 1.030227515488143508e+00
3.094308683872222900e+02 9.940303353984191181e-01 1.030227515488143508e+00
3.094460816383361816e+02 9.940303353984191181e-01 1.030227515488143508e+00
3.094665374755859375e+02 9.940303353984191181e-01 1.030227515488143508e+00
3.094915387630462646e+02 9.940303353984191181e-01 1.030227515488143508e+00
3.095360696315765381e+02 9.940303353984191181e-01 1.030227515488143508e+00
3.095499126911163330e+02 9.940303353984191181e-01 1.030227515488143508e+00
3.096181507110595703e+02 9.940303353984191181e-01 1.030227515488143508e+00
3.096320700645446777e+02 9.940303353984191181e-01 1.030227515488143508e+00
3.096569073200225830e+02 9.940303353984191181e-01 1.030227515488143508e+00
3.096912567615509033e+02 9.940303353984191181e-01 1.030227515488143508e+00
3.097130541801452637e+02 9.940303353984191181e-01 1.030227515488143508e+00
3.097260267734527588e+02 9.940303353984191181e-01 1.030227515488143508e+00
3.097427508831024170e+02 9.940303353984191181e-01 1.030227515488143508e+00
3.097554931640625000e+02 9.940303353984191181e-01 1.030227515488143508e+00
3.097769331932067871e+02 9.940303353984191181e-01 1.030227515488143508e+00
3.098114540576934814e+02 9.940303353984191181e-01 1.030227515488143508e+00
3.098256592750549316e+02 9.940303353984191181e-01 1.030227515488143508e+00
3.098388855457305908e+02 9.940303353984191181e-01 1.030227515488143508e+00
3.098610582351684570e+02 9.940303353984191181e-01 1.030227515488143508e+00
3.098762788772583008e+02 9.940303353984191181e-01 1.030227515488143508e+00
3.098901455402374268e+02 9.940303353984191181e-01 1.030227515488143508e+00
3.099041235446929932e+02 9.940303353984191181e-01 1.030227515488143508e+00
3.099424474239349365e+02 9.940303353984191181e-01 1.030227515488143508e+00
3.099809339046478271e+02 9.940303353984191181e-01 1.030227515488143508e+00
3.100381739139556885e+02 9.940303353984191181e-01 1.030227515488143508e+00
3.100526106357574463e+02 9.940303353984191181e-01 1.030227515488143508e+00
3.100787253379821777e+02 9.940303353984191181e-01 1.030227515488143508e+00
3.101198163032531738e+02 9.940303353984191181e-01 1.030227515488143508e+00
3.101330642700195312e+02 9.940303353984191181e-01 1.030227515488143508e+00
3.101476461887359619e+02 9.940303353984191181e-01 1.030227515488143508e+00
3.101630339622497559e+02 9.940303353984191181e-01 1.030227515488143508e+00
3.101898291110992432e+02 9.940303353984191181e-01 1.030227515488143508e+00
3.102371888160705566e+02 9.940303353984191181e-01 1.030227515488143508e+00
3.102544512748718262e+02 9.940303353984191181e-01 1.030227515488143508e+00
3.102692630290985107e+02 9.940303353984191181e-01 1.030227515488143508e+00
3.102828338146209717e+02 9.940303353984191181e-01 1.030227515488143508e+00
3.102965807914733887e+02 9.940303353984191181e-01 1.030227515488143508e+00
3.103194718360900879e+02 9.940303353984191181e-01 1.030227515488143508e+00
3.103683850765228271e+02 9.940303353984191181e-01 1.030227515488143508e+00
3.103992345333099365e+02 9.940303353984191181e-01 1.030227515488143508e+00
3.104546544551849365e+02 9.940303353984191181e-01 1.030227515488143508e+00
3.104751188755035400e+02 9.940303353984191181e-01 1.030227515488143508e+00
3.104855844974517822e+02 9.940303353984191181e-01 1.030227515488143508e+00
3.105143036842346191e+02 9.940303353984191181e-01 1.030227515488143508e+00
3.105430650711059570e+02 9.940303353984191181e-01 1.030227515488143508e+00
3.105716526508331299e+02 9.940303353984191181e-01 1.030227515488143508e+00
3.106136093139648438e+02 9.940303353984191181e-01 1.030227515488143508e+00
3.106341614723205566e+02 9.920302743614002328e-01 1.015227057710501812e+00
3.106642785072326660e+02 9.920302743614002328e-01 1.015227057710501812e+00
3.106911189556121826e+02 9.940303353984191181e-01 1.030227515488143508e+00
3.107054426670074463e+02 9.940303353984191181e-01 1.030227515488143508e+00
3.107207829952239990e+02 9.940303353984191181e-01 1.030227515488143508e+00
3.107356076240539551e+02 9.940303353984191181e-01 1.030227515488143508e+00
3.107966697216033936e+02 9.940303353984191181e-01 1.030227515488143508e+00
3.108146295547485352e+02 9.940303353984191181e-01 1.030227515488143508e+00
3.108324286937713623e+02 9.940303353984191181e-01 1.030227515488143508e+00
3.108468413352966309e+02 9.940303353984191181e-01 1.030227515488143508e+00
3.108667337894439697e+02 9.940303353984191181e-01 1.030227515488143508e+00
3.108929872512817383e+02 9.940303353984191181e-01 1.030227515488143508e+00
3.109312760829925537e+02 9.940303353984191181e-01 1.030227515488143508e+00
3.109625477790832520e+02 9.940303353984191181e-01 1.030227515488143508e+00
3.110187783241271973e+02 9.940303353984191181e-01 1.030227515488143508e+00
3.110322692394256592e+02 9.940303353984191181e-01 1.030227515488143508e+00
3.110600433349609375e+02 9.940303353984191181e-01 1.030227515488143508e+00
3.111080551147460938e+02 9.940303353984191181e-01 1.030227515488143508e+00
3.111230764389038086e+02 9.940303353984191181e-01 1.030227515488143508e+00
3.111380617618560791e+02 9.940303353984191181e-01 1.030227515488143508e+00
3.111535153388977051e+02 9.940303353984191181e-01 1.030227515488143508e+00
3.112060139179229736e+02 9.940303353984191181e-01 1.030227515488143508e+00
3.112209329605102539e+02 9.940303353984191181e-01 1.030227515488143508e+00
3.112353312969207764e+02 9.940303353984191181e-01 1.030227515488143508e+00
3.112487747669219971e+02 9.940303353984191181e-01 1.030227515488143508e+00
3.112628281116485596e+02 9.940303353984191181e-01 1.030227515488143508e+00
3.112806599140167236e+02 9.940303353984191181e-01 1.030227515488143508e+00
3.112934329509735107e+02 9.940303353984191181e-01 1.030227515488143508e+00
3.113108413219451904e+02 9.940303353984191181e-01 1.030227515488143508e+00
3.113335659503936768e+02 9.940303353984191181e-01 1.030227515488143508e+00
3.113551356792449951e+02 9.940303353984191181e-01 1.030227515488143508e+00
3.113839962482452393e+02 9.940303353984191181e-01 1.030227515488143508e+00
3.114398901462554932e+02 9.940303353984191181e-01 1.030227515488143508e+00
3.114609496593475342e+02 9.940303353984191181e-01 1.030227515488143508e+00
3.114782447814941406e+02 9.940303353984191181e-01 1.030227515488143508e+00
3.115196764469146729e+02 9.940303353984191181e-01 1.030227515488143508e+00
3.115335974693298340e+02 9.940303353984191181e-01 1.030227515488143508e+00
3.115483286380767822e+02 9.920302743614002328e-01 1.015227057710501812e+00
3.115637316703796387e+02 9.940303353984191181e-01 1.030227515488143508e+00
3.115805487632751465e+02 9.940303353984191181e-01 1.030227515488143508e+00
3.116258895397186279e+02 9.940303353984191181e-01 1.030227515488143508e+00
3.116409175395965576e+02 9.940303353984191181e-01 1.030227515488143508e+00
3.116565155982971191e+02 9.940303353984191181e-01 1.030227515488143508e+00
3.116736907958984375e+02 9.940303353984191181e-01 1.030227515488143508e+00
3.116903274059295654e+02 9.940303353984191181e-01 1.030227515488143508e+00
3.117063977718353271e+02 9.940303353984191181e-01 1.030227515488143508e+00
3.117208235263824463e+02 9.940303353984191181e-01 1.030227515488143508e+00
3.117424304485321045e+02 9.940303353984191181e-01 1.030227515488143508e+00
3.117727875709533691e+02 9.940303353984191181e-01 1.030227515488143508e+00
3.118028159141540527e+02 9.940303353984191181e-01 1.030227515488143508e+00
3.118588292598724365e+02 9.940303353984191181e-01 1.030227515488143508e+00
3.118785769939422607e+02 9.940303353984191181e-01 1.030227515488143508e+00
3.119001953601837158e+02 9.940303353984191181e-01 1.030227515488143508e+00
3.119295129776000977e+02 9.940303353984191181e-01 1.030227515488143508e+00
3.119604463577270508e+02 9.940303353984191181e-01 1.030227515488143508e+00
3.119869201183319092e+02 9.940303353984191181e-01 1.030227515488143508e+00
3.120186045169830322e+02 9.940303353984191181e-01 1.030227515488143508e+00
3.120444138050079346e+02 9.940303353984191181e-01 1.030227515488143508e+00
3.120734183788299561e+02 9.940303353984191181e-01 1.030227515488143508e+00
3.120972585678100586e+02 9.940303353984191181e-01 1.030227515488143508e+00
3.121125445365905762e+02 9.940303353984191181e-01 1.030227515488143508e+00
3.121254465579986572e+02 9.940303353984191181e-01 1.030227515488143508e+00
3.121407113075256348e+02 9.940303353984191181e-01 1.030227515488143508e+00
3.121914200782775879e+02 9.940303353984191181e-01 1.030227515488143508e+00
3.122085394859313965e+02 9.940303353984191181e-01 1.030227515488143508e+00
3.122264361381530762e+02 9.920302743614002328e-01 1.015227057710501812e+00
3.122470319271087646e+02 9.940303353984191181e-01 1.030227515488143508e+00
3.122657716274261475e+02 9.940303353984191181e-01 1.030227515488143508e+00
3.122774660587310791e+02 9.940303353984191181e-01 1.030227515488143508e+00
3.122941851615905762e+02 9.940303353984191181e-01 1.030227515488143508e+00
3.123369116783142090e+02 9.940303353984191181e-01 1.030227515488143508e+00
3.123667492866516113e+02 9.940303353984191181e-01 1.030227515488143508e+00
3.124223937988281250e+02 9.940303353984191181e-01 1.030227515488143508e+00
3.124362549781799316e+02 9.940303353984191181e-01 1.030227515488143508e+00
3.124619061946868896e+02 9.940303353984191181e-01 1.030227515488143508e+00
3.124905803203582764e+02 9.940303353984191181e-01 1.030227515488143508e+00
3.125146718025207520e+02 9.940303353984191181e-01 1.030227515488143508e+00
3.125332598686218262e+02 9.940303353984191181e-01 1.030227515488143508e+00
3.125498011112213135e+02 9.940303353984191181e-01 1.030227515488143508e+00
3.125691552162170410e+02 9.920302743614002328e-01 1.015227057710501812e+00
3.126155691146850586e+02 9.940303353984191181e-01 1.030227515488143508e+00
3.126312758922576904e+02 9.940303353984191181e-01 1.030227515488143508e+00
3.126457602977752686e+02 9.940303353984191181e-01 1.030227515488143508e+00
3.126589665412902832e+02 9.940303353984191181e-01 1.030227515488143508e+00
3.126774914264678955e+02 9.940303353984191181e-01 1.030227515488143508e+00
3.126903393268585205e+02 9.940303353984191181e-01 1.030227515488143508e+00
3.127040295600891113e+02 9.940303353984191181e-01 1.030227515488143508e+00
3.127303555011749268e+02 9.940303353984191181e-01 1.030227515488143508e+00
3.127838926315307617e+02 9.940303353984191181e-01 1.030227515488143508e+00
3.128429996967315674e+02 9.940303353984191181e-01 1.030227515488143508e+00
3.128564701080322266e+02 9.940303353984191181e-01 1.030227515488143508e+00
3.128804912567138672e+02 9.920302743614002328e-01 1.015227057710501812e+00
3.129157516956329346e+02 9.940303353984191181e-01 1.030227515488143508e+00
3.129340817928314209e+02 9.920302743614002328e-01 1.015227057710501812e+00
3.129517447948455811e+02 9.940303353984191181e-01 1.030227515488143508e+00
3.129689116477966309e+02 9.940303353984191181e-01 1.030227515488143508e+00
3.129890592098236084e+02 9.940303353984191181e-01 1.030227515488143508e+00
3.130372557640075684e+02 9.940303353984191181e-01 1.030227515488143508e+00
3.130522744655609131e+02 9.940303353984191181e-01 1.030227515488143508e+00
3.130643849372863770e+02 9.940303353984191181e-01 1.030227515488143508e+00
3.130826401710510254e+02 9.940303353984191181e-01 1.030227515488143508e+00
3.130992743968963623e+02 9.940303353984191181e-01 1.030227515488143508e+00
3.131140792369842529e+02 9.920302743614002328e-01 1.015227057710501812e+00
3.131289553642272949e+02 9.940303353984191181e-01 1.030227515488143508e+00
3.131543445587158203e+02 9.940303353984191181e-01 1.030227515488143508e+00
3.131799652576446533e+02 9.940303353984191181e-01 1.030227515488143508e+00
3.132110180854797363e+02 9.960303964354381145e-01 1.045227973265785870e+00
3.132662408351898193e+02 9.940303353984191181e-01 1.030227515488143508e+00
3.132869651317596436e+02 9.940303353984191181e-01 1.030227515488143508e+00
3.133086912631988525e+02 9.940303353984191181e-01 1.030227515488143508e+00
3.133387250900268555e+02 9.940303353984191181e-01 1.030227515488143508e+00
3.133695893287658691e+02 9.940303353984191181e-01 1.030227515488143508e+00
