3.936667840480804443e+02 9.920302743614002328e-01 1.015227057710501812e+00
3.936818795204162598e+02 9.920302743614002328e-01 1.015227057710501812e+00
3.936955552101135254e+02 9.920302743614002328e-01 1.015227057710501812e+00
3.937091088294982910e+02 9.940303353984191181e-01 1.030227515488143508e+00
3.937215979099273682e+02 9.940303353984191181e-01 1.030227515488143508e+00
3.937451002597808838e+02 9.940303353984191181e-01 1.030227515488143508e+00
3.937637343406677246e+02 9.920302743614002328e-01 1.015227057710501812e+00
3.937814915180206299e+02 9.920302743614002328e-01 1.015227057710501812e+00
3.938304700851440430e+02 9.940303353984191181e-01 1.030227515488143508e+00
3.938473351001739502e+02 9.920302743614002328e-01 1.015227057710501812e+00
3.938614668846130371e+02 9.940303353984191181e-01 1.030227515488143508e+00
3.938814980983734131e+02 9.940303353984191181e-01 1.030227515488143508e+00
3.939032459259033203e+02 9.920302743614002328e-01 1.015227057710501812e+00
3.939425387382507324e+02 9.920302743614002328e-01 1.015227057710501812e+00
3.939817519187927246e+02 9.940303353984191181e-01 1.030227515488143508e+00
3.939956989288330078e+02 9.940303353984191181e-01 1.030227515488143508e+00
3.940502476692199707e+02 9.940303353984191181e-01 1.030227515488143508e+00
3.940637068748474121e+02 9.920302743614002328e-01 1.015227057710501812e+00
3.940946364402770996e+02 9.940303353984191181e-01 1.030227515488143508e+00
3.941372511386871338e+02 9.940303353984191181e-01 1.030227515488143508e+00
3.941496918201446533e+02 9.920302743614002328e-01 1.015227057710501812e+00
3.941672177314758301e+02 9.920302743614002328e-01 1.015227057710501812e+00
3.941803538799285889e+02 9.940303353984191181e-01 1.030227515488143508e+00
3.941920411586761475e+02 9.920302743614002328e-01 1.015227057710501812e+00
3.942425332069396973e+02 9.940303353984191181e-01 1.030227515488143508e+00
3.942583208084106445e+02 9.920302743614002328e-01 1.015227057710501812e+00
3.942746493816375732e+02 9.920302743614002328e-01 1.015227057710501812e+00
3.942960040569305420e+02 9.940303353984191181e-01 1.030227515488143508e+00
3.943098607063293457e+02 9.940303353984191181e-01 1.030227515488143508e+00
3.943437707424163818e+02 9.940303353984191181e-01 1.030227515488143508e+00
3.943855443000793457e+02 9.920302743614002328e-01 1.015227057710501812e+00
3.943999114036560059e+02 9.940303353984191181e-01 1.030227515488143508e+00
3.944542691707611084e+02 9.940303353984191181e-01 1.030227515488143508e+00
3.944691545963287354e+02 9.920302743614002328e-01 1.015227057710501812e+00
3.944918160438537598e+02 9.920302743614002328e-01 1.015227057710501812e+00
3.945244290828704834e+02 9.920302743614002328e-01 1.015227057710501812e+00
3.945472838878631592e+02 9.920302743614002328e-01 1.015227057710501812e+00
3.945598940849304199e+02 9.920302743614002328e-01 1.015227057710501812e+00
3.945712778568267822e+02 9.940303353984191181e-01 1.030227515488143508e+00
3.945858113765716553e+02 9.920302743614002328e-01 1.015227057710501812e+00
3.946506476402282715e+02 9.920302743614002328e-01 1.015227057710501812e+00
3.946682071685791016e+02 9.940303353984191181e-01 1.030227515488143508e+00
3.946816842555999756e+02 9.920302743614002328e-01 1.015227057710501812e+00
3.946956713199615479e+02 9.920302743614002328e-01 1.015227057710501812e+00
3.947083432674407959e+02 9.940303353984191181e-01 1.030227515488143508e+00
3.947277815341949463e+02 9.940303353984191181e-01 1.030227515488143508e+00
3.947666337490081787e+02 9.920302743614002328e-01 1.015227057710501812e+00
3.947972264289855957e+02 9.920302743614002328e-01 1.015227057710501812e+00
3.948527925014495850e+02 9.920302743614002328e-01 1.015227057710501812e+00
3.948667590618133545e+02 9.920302743614002328e-01 1.015227057710501812e+00
3.948900985717773438e+02 9.920302743614002328e-01 1.015227057710501812e+00
3.949199397563934326e+02 9.940303353984191181e-01 1.030227515488143508e+00
3.949485065937042236e+02 9.920302743614002328e-01 1.015227057710501812e+00
3.949792437553405762e+02 9.920302743614002328e-01 1.015227057710501812e+00
3.950146336555480957e+02 9.920302743614002328e-01 1.015227057710501812e+00
3.950402553081512451e+02 9.940303353984191181e-01 1.030227515488143508e+00
3.950765354633331299e+02 9.940303353984191181e-01 1.030227515488143508e+00
3.950927577018737793e+02 9.920302743614002328e-01 1.015227057710501812e+00
3.951051137447357178e+02 9.940303353984191181e-01 1.030227515488143508e+00
3.951203799247741699e+02 9.940303353984191181e-01 1.030227515488143508e+00
3.951360425949096680e+02 9.940303353984191181e-01 1.030227515488143508e+00
3.951585855484008789e+02 9.920302743614002328e-01 1.015227057710501812e+00
3.951930034160614014e+02 9.940303353984191181e-01 1.030227515488143508e+00
3.952140388488769531e+02 9.940303353984191181e-01 1.030227515488143508e+00
3.952271530628204346e+02 9.920302743614002328e-01 1.015227057710501812e+00
3.952461650371551514e+02 9.920302743614002328e-01 1.015227057710501812e+00
3.952610192298889160e+02 9.920302743614002328e-01 1.015227057710501812e+00
3.952840850353240967e+02 9.920302743614002328e-01 1.015227057710501812e+00
3.953215487003326416e+02 9.920302743614002328e-01 1.015227057710501812e+00
3.953512611389160156e+02 9.920302743614002328e-01 1.015227057710501812e+00
3.954066462516784668e+02 9.920302743614002328e-01 1.015227057710501812e+00
3.954200539588928223e+02 9.920302743614002328e-01 1.015227057710501812e+00
3.954454927444458008e+02 9.920302743614002328e-01 1.015227057710501812e+00
3.954957723617553711e+02 9.920302743614002328e-01 1.015227057710501812e+00
3.955153574943542480e+02 9.940303353984191181e-01 1.030227515488143508e+00
3.955312936305999756e+02 9.940303353984191181e-01 1.030227515488143508e+00
3.955473115444183350e+02 9.920302743614002328e-01 1.015227057710501812e+00
3.955957181453704834e+02 9.920302743614002328e-01 1.015227057710501812e+00
3.956089007854461670e+02 9.920302743614002328e-01 1.015227057710501812e+00
3.956266686916351318e+02 9.920302743614002328e-01 1.015227057710501812e+00
3.956402816772460938e+02 9.920302743614002328e-01 1.015227057710501812e+00
3.956605303287506104e+02 9.920302743614002328e-01 1.015227057710501812e+00
3.956745853424072266e+02 9.920302743614002328e-01 1.015227057710501812e+00
3.957145581245422363e+02 9.920302743614002328e-01 1.015227057710501812e+00
3.957530357837677002e+02 9.920302743614002328e-01 1.015227057710501812e+00
3.958102986812591553e+02 9.940303353984191181e-01 1.030227515488143508e+00
3.958243665695190430e+02 9.940303353984191181e-01 1.030227515488143508e+00
3.958495192527770996e+02 9.940303353984191181e-01 1.030227515488143508e+00
3.958826112747192383e+02 9.920302743614002328e-01 1.015227057710501812e+00
3.958976087570190430e+02 9.920302743614002328e-01 1.015227057710501812e+00
3.959128277301788330e+02 9.920302743614002328e-01 1.015227057710501812e+00
3.959310054779052734e+02 9.940303353984191181e-01 1.030227515488143508e+00
3.959548709392547607e+02 9.920302743614002328e-01 1.015227057710501812e+00
3.959956386089324951e+02 9.940303353984191181e-01 1.030227515488143508e+00
3.960124149322509766e+02 9.920302743614002328e-01 1.015227057710501812e+00
3.960263624191284180e+02 9.940303353984191181e-01 1.030227515488143508e+00
3.960407540798187256e+02 9.920302743614002328e-01 1.015227057710501812e+00
3.960594642162322998e+02 9.940303353984191181e-01 1.030227515488143508e+00
3.960728294849395752e+02 9.940303353984191181e-01 1.030227515488143508e+00
3.961014239788055420e+02 9.920302743614002328e-01 1.015227057710501812e+00
3.961282389163970947e+02 9.920302743614002328e-01 1.015227057710501812e+00
3.961574635505676270e+02 9.920302743614002328e-01 1.015227057710501812e+00
3.962132918834686279e+02 9.940303353984191181e-01 1.030227515488143508e+00
3.962272849082946777e+02 9.920302743614002328e-01 1.015227057710501812e+00
3.962458422183990479e+02 9.920302743614002328e-01 1.015227057710501812e+00
3.962746183872222900e+02 9.920302743614002328e-01 1.015227057710501812e+00
3.963036074638366699e+02 9.920302743614002328e-01 1.015227057710501812e+00
3.963325307369232178e+02 9.920302743614002328e-01 1.015227057710501812e+00
3.963749463558197021e+02 9.920302743614002328e-01 1.015227057710501812e+00
3.963948829174041748e+02 9.920302743614002328e-01 1.015227057710501812e+00
3.964235687255859375e+02 9.940303353984191181e-01 1.030227515488143508e+00
3.964545567035675049e+02 9.940303353984191181e-01 1.030227515488143508e+00
3.964698379039764404e+02 9.920302743614002328e-01 1.015227057710501812e+00
3.964829316139221191e+02 9.940303353984191181e-01 1.030227515488143508e+00
3.964985480308532715e+02 9.920302743614002328e-01 1.015227057710501812e+00
3.965491402149200439e+02 9.940303353984191181e-01 1.030227515488143508e+00
3.965657217502593994e+02 9.940303353984191181e-01 1.030227515488143508e+00
3.965810379981994629e+02 9.920302743614002328e-01 1.015227057710501812e+00
3.965938484668731689e+02 9.940303353984191181e-01 1.030227515488143508e+00
3.966100592613220215e+02 9.940303353984191181e-01 1.030227515488143508e+00
3.966249856948852539e+02 9.920302743614002328e-01 1.015227057710501812e+00
3.966541142463684082e+02 9.940303353984191181e-01 1.030227515488143508e+00
3.966807053089141846e+02 9.920302743614002328e-01 1.015227057710501812e+00
3.967110981941223145e+02 9.940303353984191181e-01 1.030227515488143508e+00
3.967672715187072754e+02 9.940303353984191181e-01 1.030227515488143508e+00
3.967802047729492188e+02 9.920302743614002328e-01 1.015227057710501812e+00
3.968100104331970215e+02 9.940303353984191181e-01 1.030227515488143508e+00
3.968392703533172607e+02 9.940303353984191181e-01 1.030227515488143508e+00
3.968636143207550049e+02 9.940303353984191181e-01 1.030227515488143508e+00
3.968815963268280029e+02 9.940303353984191181e-01 1.030227515488143508e+00
3.968987576961517334e+02 9.940303353984191181e-01 1.030227515488143508e+00
3.969591917991638184e+02 9.940303353984191181e-01 1.030227515488143508e+00
3.969772584438323975e+02 9.920302743614002328e-01 1.015227057710501812e+00
3.969940574169158936e+02 9.920302743614002328e-01 1.015227057710501812e+00
3.970109062194824219e+02 9.940303353984191181e-01 1.030227515488143508e+00
3.970255949497222900e+02 9.940303353984191181e-01 1.030227515488143508e+00
3.970407993793487549e+02 9.940303353984191181e-01 1.030227515488143508e+00
3.970975279808044434e+02 9.920302743614002328e-01 1.015227057710501812e+00
3.971123058795928955e+02 9.940303353984191181e-01 1.030227515488143508e+00
3.971680073738098145e+02 9.940303353984191181e-01 1.030227515488143508e+00
3.971874372959136963e+02 9.920302743614002328e-01 1.015227057710501812e+00
3.972146682739257812e+02 9.940303353984191181e-01 1.030227515488143508e+00
3.972476589679718018e+02 9.940303353984191181e-01 1.030227515488143508e+00
3.972621350288391113e+02 9.920302743614002328e-01 1.015227057710501812e+00
3.972792890071868896e+02 9.940303353984191181e-01 1.030227515488143508e+00
3.972928338050842285e+02 9.940303353984191181e-01 1.030227515488143508e+00
3.973189978599548340e+02 9.920302743614002328e-01 1.015227057710501812e+00
3.973515386581420898e+02 9.940303353984191181e-01 1.030227515488143508e+00
3.973691852092742920e+02 9.940303353984191181e-01 1.030227515488143508e+00
3.973823406696319580e+02 9.920302743614002328e-01 1.015227057710501812e+00
3.974007439613342285e+02 9.920302743614002328e-01 1.015227057710501812e+00
3.974178256988525391e+02 9.920302743614002328e-01 1.015227057710501812e+00
3.974350914955139160e+02 9.940303353984191181e-01 1.030227515488143508e+00
3.974740419387817383e+02 9.920302743614002328e-01 1.015227057710501812e+00
3.975117444992065430e+02 9.920302743614002328e-01 1.015227057710501812e+00
3.975682790279388428e+02 9.920302743614002328e-01 1.015227057710501812e+00
3.975886778831481934e+02 9.940303353984191181e-01 1.030227515488143508e+00
3.976048965454101562e+02 9.920302743614002328e-01 1.015227057710501812e+00
3.976395378112792969e+02 9.920302743614002328e-01 1.015227057710501812e+00
3.976706514358520508e+02 9.940303353984191181e-01 1.030227515488143508e+00
3.976984841823577881e+02 9.920302743614002328e-01 1.015227057710501812e+00
3.977301318645477295e+02 9.920302743614002328e-01 1.015227057710501812e+00
3.977558345794677734e+02 9.920302743614002328e-01 1.015227057710501812e+00
3.977851438522338867e+02 9.940303353984191181e-01 1.030227515488143508e+00
3.978070020675659180e+02 9.920302743614002328e-01 1.015227057710501812e+00
3.978224058151245117e+02 9.940303353984191181e-01 1.030227515488143508e+00
3.978350148200988770e+02 9.940303353984191181e-01 1.030227515488143508e+00
3.978526105880737305e+02 9.920302743614002328e-01 1.015227057710501812e+00
3.978924980163574219e+02 9.920302743614002328e-01 1.015227057710501812e+00
3.979145300388336182e+02 9.940303353984191181e-01 1.030227515488143508e+00
3.979342672824859619e+02 9.940303353984191181e-01 1.030227515488143508e+00
3.979578912258148193e+02 9.920302743614002328e-01 1.015227057710501812e+00
3.979859797954559326e+02 9.920302743614002328e-01 1.015227057710501812e+00
3.980323510169982910e+02 9.920302743614002328e-01 1.015227057710501812e+00
3.980627710819244385e+02 9.940303353984191181e-01 1.030227515488143508e+00
3.981190164089202881e+02 9.940303353984191181e-01 1.030227515488143508e+00
3.981335296630859375e+02 9.940303353984191181e-01 1.030227515488143508e+00
3.981585063934326172e+02 9.920302743614002328e-01 1.015227057710501812e+00
3.981817994117736816e+02 9.940303353984191181e-01 1.030227515488143508e+00
3.982111916542053223e+02 9.940303353984191181e-01 1.030227515488143508e+00
3.982278966903686523e+02 9.940303353984191181e-01 1.030227515488143508e+00
3.982411887645721436e+02 9.940303353984191181e-01 1.030227515488143508e+00
3.982580034732818604e+02 9.920302743614002328e-01 1.015227057710501812e+00
3.983090064525604248e+02 9.940303353984191181e-01 1.030227515488143508e+00
3.983257133960723877e+02 9.920302743614002328e-01 1.015227057710501812e+00
3.983440859317779541e+02 9.940303353984191181e-01 1.030227515488143508e+00
3.983596444129943848e+02 9.920302743614002328e-01 1.015227057710501812e+00
3.983742828369140625e+02 9.920302743614002328e-01 1.015227057710501812e+00
3.983899283409118652e+02 9.940303353984191181e-01 1.030227515488143508e+00
3.984176092147827148e+02 9.940303353984191181e-01 1.030227515488143508e+00
3.984605801105499268e+02 9.940303353984191181e-01 1.030227515488143508e+00
3.984749326705932617e+02 9.940303353984191181e-01 1.030227515488143508e+00
3.985305614471435547e+02 9.940303353984191181e-01 1.030227515488143508e+00
3.985502960681915283e+02 9.920302743614002328e-01 1.015227057710501812e+00
3.985763125419616699e+02 9.920302743614002328e-01 1.015227057710501812e+00
3.985980074405670166e+02 9.920302743614002328e-01 1.015227057710501812e+00
3.986210906505584717e+02 9.940303353984191181e-01 1.030227515488143508e+00
3.986342191696166992e+02 9.940303353984191181e-01 1.030227515488143508e+00
3.986471014022827148e+02 9.940303353984191181e-01 1.030227515488143508e+00
3.986630656719207764e+02 9.940303353984191181e-01 1.030227515488143508e+00
3.987014508247375488e+02 9.940303353984191181e-01 1.030227515488143508e+00
3.987289202213287354e+02 9.940303353984191181e-01 1.030227515488143508e+00
3.987439260482788086e+02 9.920302743614002328e-01 1.015227057710501812e+00
3.987581596374511719e+02 9.920302743614002328e-01 1.015227057710501812e+00
3.987707326412200928e+02 9.940303353984191181e-01 1.030227515488143508e+00
3.987860474586486816e+02 9.940303353984191181e-01 1.030227515488143508e+00
3.988329794406890869e+02 9.920302743614002328e-01 1.015227057710501812e+00
3.988707075119018555e+02 9.920302743614002328e-01 1.015227057710501812e+00
3.989284470081329346e+02 9.940303353984191181e-01 1.030227515488143508e+00
3.989482212066650391e+02 9.940303353984191181e-01 1.030227515488143508e+00
3.989840295314788818e+02 9.920302743614002328e-01 1.015227057710501812e+00
3.990185613632202148e+02 9.920302743614002328e-01 1.015227057710501812e+00
3.990513951778411865e+02 9.940303353984191181e-01 1.030227515488143508e+00
3.990869362354278564e+02 9.940303353984191181e-01 1.030227515488143508e+00
3.991138200759887695e+02 9.940303353984191181e-01 1.030227515488143508e+00
3.991661603450775146e+02 9.920302743614002328e-01 1.015227057710501812e+00
3.991789360046386719e+02 9.920302743614002328e-01 1.015227057710501812e+00
3.991923100948333740e+02 9.940303353984191181e-01 1.030227515488143508e+00
3.992077672481536865e+02 9.940303353984191181e-01 1.030227515488143508e+00
3.992648370265960693e+02 9.940303353984191181e-01 1.030227515488143508e+00
3.992810273170471191e+02 9.940303353984191181e-01 1.030227515488143508e+00
3.992949471473693848e+02 9.940303353984191181e-01 1.030227515488143508e+00
3.993088402748107910e+02 9.940303353984191181e-01 1.030227515488143508e+00
3.993207721710205078e+02 9.940303353984191181e-01 1.030227515488143508e+00
3.993361494541168213e+02 9.920302743614002328e-01 1.015227057710501812e+00
3.993646929264068604e+02 9.920302743614002328e-01 1.015227057710501812e+00
3.994090542793273926e+02 9.940303353984191181e-01 1.030227515488143508e+00
3.994230825901031494e+02 9.940303353984191181e-01 1.030227515488143508e+00
3.994776151180267334e+02 9.940303353984191181e-01 1.030227515488143508e+00
3.994908885955810547e+02 9.940303353984191181e-01 1.030227515488143508e+00
3.995165956020355225e+02 9.940303353984191181e-01 1.030227515488143508e+00
3.995523033142089844e+02 9.940303353984191181e-01 1.030227515488143508e+00
3.995760557651519775e+02 9.940303353984191181e-01 1.030227515488143508e+00
3.996043701171875000e+02 9.940303353984191181e-01 1.030227515488143508e+00
3.996202735900878906e+02 9.940303353984191181e-01 1.030227515488143508e+00
3.996788232326507568e+02 9.920302743614002328e-01 1.015227057710501812e+00
3.996941099166870117e+02 9.920302743614002328e-01 1.015227057710501812e+00
3.997120850086212158e+02 9.940303353984191181e-01 1.030227515488143508e+00
3.997291049957275391e+02 9.940303353984191181e-01 1.030227515488143508e+00
3.997479143142700195e+02 9.920302743614002328e-01 1.015227057710501812e+00
3.997855994701385498e+02 9.940303353984191181e-01 1.030227515488143508e+00
3.998243424892425537e+02 9.940303353984191181e-01 1.030227515488143508e+00
3.998810606002807617e+02 9.940303353984191181e-01 1.030227515488143508e+00
3.998952701091766357e+02 9.920302743614002328e-01 1.015227057710501812e+00
3.999200761318206787e+02 9.920302743614002328e-01 1.015227057710501812e+00
3.999502642154693604e+02 9.940303353984191181e-01 1.030227515488143508e+00
3.999707422256469727e+02 9.920302743614002328e-01 1.015227057710501812e+00
3.999880416393280029e+02 9.920302743614002328e-01 1.015227057710501812e+00
4.000035386085510254e+02 9.940303353984191181e-01 1.030227515488143508e+00
4.000164513587951660e+02 9.940303353984191181e-01 1.030227515488143508e+00
4.000655162334442139e+02 9.920302743614002328e-01 1.015227057710501812e+00
4.000816178321838379e+02 9.940303353984191181e-01 1.030227515488143508e+00
4.000999515056610107e+02 9.920302743614002328e-01 1.015227057710501812e+00
4.001159980297088623e+02 9.920302743614002328e-01 1.015227057710501812e+00
4.001329219341278076e+02 9.940303353984191181e-01 1.030227515488143508e+00
4.001529593467712402e+02 9.920302743614002328e-01 1.015227057710501812e+00
4.001843447685241699e+02 9.920302743614002328e-01 1.015227057710501812e+00
4.002221729755401611e+02 9.920302743614002328e-01 1.015227057710501812e+00
4.002806613445281982e+02 9.940303353984191181e-01 1.030227515488143508e+00
4.002943696975708008e+02 9.940303353984191181e-01 1.030227515488143508e+00
4.003110969066619873e+02 9.920302743614002328e-01 1.015227057710501812e+00
4.003406836986541748e+02 9.920302743614002328e-01 1.015227057710501812e+00
4.003694939613342285e+02 9.940303353984191181e-01 1.030227515488143508e+00
4.004030270576477051e+02 9.940303353984191181e-01 1.030227515488143508e+00
4.004459190368652344e+02 9.920302743614002328e-01 1.015227057710501812e+00
4.004658191204071045e+02 9.920302743614002328e-01 1.015227057710501812e+00
4.005056128501892090e+02 9.920302743614002328e-01 1.015227057710501812e+00
4.005275192260742188e+02 9.920302743614002328e-01 1.015227057710501812e+00
4.005415554046630859e+02 9.940303353984191181e-01 1.030227515488143508e+00
4.005588130950927734e+02 9.940303353984191181e-01 1.030227515488143508e+00
4.005718045234680176e+02 9.920302743614002328e-01 1.015227057710501812e+00
4.006122338771820068e+02 9.920302743614002328e-01 1.015227057710501812e+00
4.006301021575927734e+02 9.940303353984191181e-01 1.030227515488143508e+00
4.006412210464477539e+02 9.940303353984191181e-01 1.030227515488143508e+00
4.006582639217376709e+02 9.940303353984191181e-01 1.030227515488143508e+00
4.006731278896331787e+02 9.940303353984191181e-01 1.030227515488143508e+00
4.006880738735198975e+02 9.940303353984191181e-01 1.030227515488143508e+00
4.007058091163635254e+02 9.940303353984191181e-01 1.030227515488143508e+00
4.007508711814880371e+02 9.920302743614002328e-01 1.015227057710501812e+00
4.007814331054687500e+02 9.940303353984191181e-01 1.030227515488143508e+00
4.008369710445404053e+02 9.940303353984191181e-01 1.030227515488143508e+00
4.008503861427307129e+02 9.940303353984191181e-01 1.030227515488143508e+00
4.008763098716735840e+02 9.940303353984191181e-01 1.030227515488143508e+00
4.009057159423828125e+02 9.940303353984191181e-01 1.030227515488143508e+00
4.009297220706939697e+02 9.940303353984191181e-01 1.030227515488143508e+00
4.009448108673095703e+02 9.940303353984191181e-01 1.030227515488143508e+00
4.009579148292541504e+02 9.940303353984191181e-01 1.030227515488143508e+00
4.009706678390502930e+02 9.920302743614002328e-01 1.015227057710501812e+00
4.010233795642852783e+02 9.940303353984191181e-01 1.030227515488143508e+00
4.010409364700317383e+02 9.940303353984191181e-01 1.030227515488143508e+00
4.010542135238647461e+02 9.920302743614002328e-01 1.015227057710501812e+00
4.010678784847259521e+02 9.920302743614002328e-01 1.015227057710501812e+00
4.010818746089935303e+02 9.940303353984191181e-01 1.030227515488143508e+00
4.010946655273437500e+02 9.920302743614002328e-01 1.015227057710501812e+00
4.011414327621459961e+02 9.940303353984191181e-01 1.030227515488143508e+00
4.011804070472717285e+02 9.920302743614002328e-01 1.015227057710501812e+00
4.012379107475280762e+02 9.940303353984191181e-01 1.030227515488143508e+00
4.012517585754394531e+02 9.920302743614002328e-01 1.015227057710501812e+00
4.012780766487121582e+02 9.920302743614002328e-01 1.015227057710501812e+00
4.013270084857940674e+02 9.920302743614002328e-01 1.015227057710501812e+00
4.013464322090148926e+02 9.940303353984191181e-01 1.030227515488143508e+00
4.013615620136260986e+02 9.940303353984191181e-01 1.030227515488143508e+00
4.013862037658691406e+02 9.920302743614002328e-01 1.015227057710501812e+00
4.014295375347137451e+02 9.920302743614002328e-01 1.015227057710501812e+00
4.014462456703186035e+02 9.940303353984191181e-01 1.030227515488143508e+00
4.014587218761444092e+02 9.940303353984191181e-01 1.030227515488143508e+00
4.014750423431396484e+02 9.920302743614002328e-01 1.015227057710501812e+00
4.014963674545288086e+02 9.940303353984191181e-01 1.030227515488143508e+00
4.015353200435638428e+02 9.940303353984191181e-01 1.030227515488143508e+00
4.015743632316589355e+02 9.940303353984191181e-01 1.030227515488143508e+00
4.016315329074859619e+02 9.940303353984191181e-01 1.030227515488143508e+00
4.016458694934844971e+02 9.940303353984191181e-01 1.030227515488143508e+00
4.016694843769073486e+02 9.940303353984191181e-01 1.030227515488143508e+00
4.016990642547607422e+02 9.940303353984191181e-01 1.030227515488143508e+00
4.017280004024505615e+02 9.920302743614002328e-01 1.015227057710501812e+00
4.017874345779418945e+02 9.940303353984191181e-01 1.030227515488143508e+00
4.018063516616821289e+02 9.940303353984191181e-01 1.030227515488143508e+00
4.018395133018493652e+02 9.940303353984191181e-01 1.030227515488143508e+00
4.018704562187194824e+02 9.920302743614002328e-01 1.015227057710501812e+00
4.018860843181610107e+02 9.940303353984191181e-01 1.030227515488143508e+00
4.018991081714630127e+02 9.940303353984191181e-01 1.030227515488143508e+00
4.019159228801727295e+02 9.940303353984191181e-01 1.030227515488143508e+00
4.019756529331207275e+02 9.920302743614002328e-01 1.015227057710501812e+00
4.019926409721374512e+02 9.920302743614002328e-01 1.015227057710501812e+00
4.020070209503173828e+02 9.940303353984191181e-01 1.030227515488143508e+00
4.020201914310455322e+02 9.940303353984191181e-01 1.030227515488143508e+00
4.020335030555725098e+02 9.920302743614002328e-01 1.015227057710501812e+00
4.020471489429473877e+02 9.940303353984191181e-01 1.030227515488143508e+00
4.020919718742370605e+02 9.940303353984191181e-01 1.030227515488143508e+00
4.021221406459808350e+02 9.920302743614002328e-01 1.015227057710501812e+00
4.021784019470214844e+02 9.940303353984191181e-01 1.030227515488143508e+00
4.021919550895690918e+02 9.940303353984191181e-01 1.030227515488143508e+00
4.022285547256469727e+02 9.920302743614002328e-01 1.015227057710501812e+00
4.022501595020294189e+02 9.940303353984191181e-01 1.030227515488143508e+00
4.022689054012298584e+02 9.940303353984191181e-01 1.030227515488143508e+00
4.022814850807189941e+02 9.940303353984191181e-01 1.030227515488143508e+00
4.022966697216033936e+02 9.920302743614002328e-01 1.015227057710501812e+00
4.023102395534515381e+02 9.940303353984191181e-01 1.030227515488143508e+00
4.023275227546691895e+02 9.940303353984191181e-01 1.030227515488143508e+00
4.023783669471740723e+02 9.940303353984191181e-01 1.030227515488143508e+00
4.023963646888732910e+02 9.940303353984191181e-01 1.030227515488143508e+00
4.024144144058227539e+02 9.920302743614002328e-01 1.015227057710501812e+00
4.024306612014770508e+02 9.940303353984191181e-01 1.030227515488143508e+00
4.024538607597351074e+02 9.940303353984191181e-01 1.030227515488143508e+00
4.024928231239318848e+02 9.920302743614002328e-01 1.015227057710501812e+00
4.025236670970916748e+02 9.940303353984191181e-01 1.030227515488143508e+00
4.025778884887695312e+02 9.940303353984191181e-01 1.030227515488143508e+00
4.025918817520141602e+02 9.920302743614002328e-01 1.015227057710501812e+00
4.026169414520263672e+02 9.940303353984191181e-01 1.030227515488143508e+00
4.026581604480743408e+02 9.940303353984191181e-01 1.030227515488143508e+00
4.026716701984405518e+02 9.940303353984191181e-01 1.030227515488143508e+00
4.026846182346343994e+02 9.940303353984191181e-01 1.030227515488143508e+00
4.027037589550018311e+02 9.920302743614002328e-01 1.015227057710501812e+00
4.027217371463775635e+02 9.940303353984191181e-01 1.030227515488143508e+00
4.027721598148345947e+02 9.920302743614002328e-01 1.015227057710501812e+00
4.027842528820037842e+02 9.920302743614002328e-01 1.015227057710501812e+00
4.027988252639770508e+02 9.940303353984191181e-01 1.030227515488143508e+00
4.028136382102966309e+02 9.940303353984191181e-01 1.030227515488143508e+00
4.028315532207489014e+02 9.940303353984191181e-01 1.030227515488143508e+00
4.028468158245086670e+02 9.940303353984191181e-01 1.030227515488143508e+00
4.028847568035125732e+02 9.940303353984191181e-01 1.030227515488143508e+00
4.029221785068511963e+02 9.920302743614002328e-01 1.015227057710501812e+00
4.029916825294494629e+02 9.940303353984191181e-01 1.030227515488143508e+00
4.030061697959899902e+02 9.920302743614002328e-01 1.015227057710501812e+00
4.030237770080566406e+02 9.940303353984191181e-01 1.030227515488143508e+00
4.030532398223876953e+02 9.920302743614002328e-01 1.015227057710501812e+00
4.030880019664764404e+02 9.920302743614002328e-01 1.015227057710501812e+00
4.031187880039215088e+02 9.920302743614002328e-01 1.015227057710501812e+00
4.031545343399047852e+02 9.920302743614002328e-01 1.015227057710501812e+00
4.031839516162872314e+02 9.940303353984191181e-01 1.030227515488143508e+00
4.032095000743865967e+02 9.940303353984191181e-01 1.030227515488143508e+00
4.032284991741180420e+02 9.940303353984191181e-01 1.030227515488143508e+00
4.032425000667572021e+02 9.920302743614002328e-01 1.015227057710501812e+00
4.032579085826873779e+02 9.940303353984191181e-01 1.030227515488143508e+00
4.032710225582122803e+02 9.940303353984191181e-01 1.030227515488143508e+00
4.032880594730377197e+02 9.940303353984191181e-01 1.030227515488143508e+00
4.033397996425628662e+02 9.920302743614002328e-01 1.015227057710501812e+00
4.033542068004608154e+02 9.940303353984191181e-01 1.030227515488143508e+00
4.033699824810028076e+02 9.940303353984191181e-01 1.030227515488143508e+00
4.033837192058563232e+02 9.920302743614002328e-01 1.015227057710501812e+00
4.034012691974639893e+02 9.920302743614002328e-01 1.015227057710501812e+00
4.034145798683166504e+02 9.940303353984191181e-01 1.030227515488143508e+00
4.034881477355957031e+02 9.940303353984191181e-01 1.030227515488143508e+00
4.035524878501892090e+02 9.920302743614002328e-01 1.015227057710501812e+00
4.035749628543853760e+02 9.940303353984191181e-01 1.030227515488143508e+00
4.036128895282745361e+02 9.920302743614002328e-01 1.015227057710501812e+00
4.036376430988311768e+02 9.940303353984191181e-01 1.030227515488143508e+00
4.036527283191680908e+02 9.940303353984191181e-01 1.030227515488143508e+00
4.036638958454132080e+02 9.920302743614002328e-01 1.015227057710501812e+00
4.036819567680358887e+02 9.920302743614002328e-01 1.015227057710501812e+00
4.037346034049987793e+02 9.940303353984191181e-01 1.030227515488143508e+00
4.037498109340667725e+02 9.940303353984191181e-01 1.030227515488143508e+00
4.037666375637054443e+02 9.940303353984191181e-01 1.030227515488143508e+00
4.037819960117340088e+02 9.920302743614002328e-01 1.015227057710501812e+00
4.037959902286529541e+02 9.920302743614002328e-01 1.015227057710501812e+00
4.038085587024688721e+02 9.940303353984191181e-01 1.030227515488143508e+00
4.038264980316162109e+02 9.940303353984191181e-01 1.030227515488143508e+00
4.038656957149505615e+02 9.940303353984191181e-01 1.030227515488143508e+00
4.038952515125274658e+02 9.940303353984191181e-01 1.030227515488143508e+00
4.039564156532287598e+02 9.920302743614002328e-01 1.015227057710501812e+00
4.039844019412994385e+02 9.940303353984191181e-01 1.030227515488143508e+00
4.040171711444854736e+02 9.920302743614002328e-01 1.015227057710501812e+00
4.040407843589782715e+02 9.940303353984191181e-01 1.030227515488143508e+00
4.040601785182952881e+02 9.940303353984191181e-01 1.030227515488143508e+00
4.040731282234191895e+02 9.920302743614002328e-01 1.015227057710501812e+00
4.040900309085845947e+02 9.940303353984191181e-01 1.030227515488143508e+00
4.041349489688873291e+02 9.920302743614002328e-01 1.015227057710501812e+00
4.041501061916351318e+02 9.920302743614002328e-01 1.015227057710501812e+00
4.041659805774688721e+02 9.940303353984191181e-01 1.030227515488143508e+00
4.041787722110748291e+02 9.920302743614002328e-01 1.015227057710501812e+00
4.041979365348815918e+02 9.940303353984191181e-01 1.030227515488143508e+00
4.042131421566009521e+02 9.940303353984191181e-01 1.030227515488143508e+00
4.042551937103271484e+02 9.940303353984191181e-01 1.030227515488143508e+00
4.042935392856597900e+02 9.940303353984191181e-01 1.030227515488143508e+00
4.043510544300079346e+02 9.940303353984191181e-01 1.030227515488143508e+00
4.043712666034698486e+02 9.940303353984191181e-01 1.030227515488143508e+00
4.043931207656860352e+02 9.940303353984191181e-01 1.030227515488143508e+00
4.044227883815765381e+02 9.920302743614002328e-01 1.015227057710501812e+00
4.044538230895996094e+02 9.920302743614002328e-01 1.015227057710501812e+00
4.045060367584228516e+02 9.940303353984191181e-01 1.030227515488143508e+00
4.045180759429931641e+02 9.920302743614002328e-01 1.015227057710501812e+00
4.045491073131561279e+02 9.940303353984191181e-01 1.030227515488143508e+00
4.045714635848999023e+02 9.920302743614002328e-01 1.015227057710501812e+00
4.045977814197540283e+02 9.940303353984191181e-01 1.030227515488143508e+00
4.046126527786254883e+02 9.920302743614002328e-01 1.015227057710501812e+00
4.046277358531951904e+02 9.920302743614002328e-01 1.015227057710501812e+00
4.046450741291046143e+02 9.940303353984191181e-01 1.030227515488143508e+00
4.046899385452270508e+02 9.920302743614002328e-01 1.015227057710501812e+00
4.047070038318634033e+02 9.920302743614002328e-01 1.015227057710501812e+00
4.047201731204986572e+02 9.940303353984191181e-01 1.030227515488143508e+00
4.047380232810974121e+02 9.940303353984191181e-01 1.030227515488143508e+00
4.047548103332519531e+02 9.920302743614002328e-01 1.015227057710501812e+00
4.047709565162658691e+02 9.940303353984191181e-01 1.030227515488143508e+00
4.048108975887298584e+02 9.920302743614002328e-01 1.015227057710501812e+00
4.048476605415344238e+02 9.920302743614002328e-01 1.015227057710501812e+00
4.049047863483428955e+02 9.940303353984191181e-01 1.030227515488143508e+00
4.049180536270141602e+02 9.920302743614002328e-01 1.015227057710501812e+00
4.049442048072814941e+02 9.920302743614002328e-01 1.015227057710501812e+00
4.049881937503814697e+02 9.920302743614002328e-01 1.015227057710501812e+00
4.050017590522766113e+02 9.920302743614002328e-01 1.015227057710501812e+00
4.050167620182037354e+02 9.940303353984191181e-01 1.030227515488143508e+00
4.050320041179656982e+02 9.920302743614002328e-01 1.015227057710501812e+00
4.050431911945343018e+02 9.900302133243812364e-01 1.000226599932859450e+00
4.050945007801055908e+02 9.920302743614002328e-01 1.015227057710501812e+00
4.051126344203948975e+02 9.920302743614002328e-01 1.015227057710501812e+00
4.051296420097351074e+02 9.920302743614002328e-01 1.015227057710501812e+00
4.051470632553100586e+02 9.940303353984191181e-01 1.030227515488143508e+00
4.051637725830078125e+02 9.940303353984191181e-01 1.030227515488143508e+00
4.051790335178375244e+02 9.920302743614002328e-01 1.015227057710501812e+00
4.052244539260864258e+02 9.920302743614002328e-01 1.015227057710501812e+00
4.052551679611206055e+02 9.920302743614002328e-01 1.015227057710501812e+00
4.053115427494049072e+02 9.940303353984191181e-01 1.030227515488143508e+00
4.053314304351806641e+02 9.920302743614002328e-01 1.015227057710501812e+00
4.053661923408508301e+02 9.920302743614002328e-01 1.015227057710501812e+00
4.053935792446136475e+02 9.920302743614002328e-01 1.015227057710501812e+00
4.054082615375518799e+02 9.940303353984191181e-01 1.030227515488143508e+00
4.054301490783691406e+02 9.920302743614002328e-01 1.015227057710501812e+00
4.054435381889343262e+02 9.920302743614002328e-01 1.015227057710501812e+00
4.054970877170562744e+02 9.940303353984191181e-01 1.030227515488143508e+00
4.055108444690704346e+02 9.920302743614002328e-01 1.015227057710501812e+00
4.055241446495056152e+02 9.920302743614002328e-01 1.015227057710501812e+00
4.055442333221435547e+02 9.920302743614002328e-01 1.015227057710501812e+00
4.055606276988983154e+02 9.920302743614002328e-01 1.015227057710501812e+00
4.055820252895355225e+02 9.920302743614002328e-01 1.015227057710501812e+00
4.056142835617065430e+02 9.940303353984191181e-01 1.030227515488143508e+00
4.056515042781829834e+02 9.920302743614002328e-01 1.015227057710501812e+00
4.057090604305267334e+02 9.940303353984191181e-01 1.030227515488143508e+00
4.057233908176422119e+02 9.940303353984191181e-01 1.030227515488143508e+00
4.057421908378601074e+02 9.920302743614002328e-01 1.015227057710501812e+00
4.057759661674499512e+02 9.940303353984191181e-01 1.030227515488143508e+00
4.058076748847961426e+02 9.920302743614002328e-01 1.015227057710501812e+00
4.058358688354492188e+02 9.940303353984191181e-01 1.030227515488143508e+00
4.058710851669311523e+02 9.920302743614002328e-01 1.015227057710501812e+00
4.058967039585113525e+02 9.920302743614002328e-01 1.015227057710501812e+00
4.059295892715454102e+02 9.940303353984191181e-01 1.030227515488143508e+00
4.059538729190826416e+02 9.920302743614002328e-01 1.015227057710501812e+00
4.059720709323883057e+02 9.940303353984191181e-01 1.030227515488143508e+00
4.059916412830352783e+02 9.940303353984191181e-01 1.030227515488143508e+00
4.060442106723785400e+02 9.920302743614002328e-01 1.015227057710501812e+00
4.060599853992462158e+02 9.920302743614002328e-01 1.015227057710501812e+00
4.060743436813354492e+02 9.920302743614002328e-01 1.015227057710501812e+00
4.060941998958587646e+02 9.920302743614002328e-01 1.015227057710501812e+00
4.061115002632141113e+02 9.920302743614002328e-01 1.015227057710501812e+00
4.061325049400329590e+02 9.940303353984191181e-01 1.030227515488143508e+00
4.061715483665466309e+02 9.940303353984191181e-01 1.030227515488143508e+00
4.062002675533294678e+02 9.920302743614002328e-01 1.015227057710501812e+00
4.062559134960174561e+02 9.940303353984191181e-01 1.030227515488143508e+00
4.062698376178741455e+02 9.920302743614002328e-01 1.015227057710501812e+00
4.062955653667449951e+02 9.940303353984191181e-01 1.030227515488143508e+00
4.063389871120452881e+02 9.920302743614002328e-01 1.015227057710501812e+00
4.063522844314575195e+02 9.940303353984191181e-01 1.030227515488143508e+00
4.063700621128082275e+02 9.940303353984191181e-01 1.030227515488143508e+00
4.063832993507385254e+02 9.940303353984191181e-01 1.030227515488143508e+00
4.064002544879913330e+02 9.940303353984191181e-01 1.030227515488143508e+00
4.064502191543579102e+02 9.920302743614002328e-01 1.015227057710501812e+00
4.064673607349395752e+02 9.920302743614002328e-01 1.015227057710501812e+00
4.064845407009124756e+02 9.940303353984191181e-01 1.030227515488143508e+00
4.065027987957000732e+02 9.920302743614002328e-01 1.015227057710501812e+00
4.065161893367767334e+02 9.920302743614002328e-01 1.015227057710501812e+00
4.065484642982482910e+02 9.940303353984191181e-01 1.030227515488143508e+00
4.065971655845642090e+02 9.920302743614002328e-01 1.015227057710501812e+00
4.066540031433105469e+02 9.940303353984191181e-01 1.030227515488143508e+00
4.066740665435791016e+02 9.920302743614002328e-01 1.015227057710501812e+00
4.066927492618560791e+02 9.920302743614002328e-01 1.015227057710501812e+00
4.067559261322021484e+02 9.940303353984191181e-01 1.030227515488143508e+00
4.067748301029205322e+02 9.940303353984191181e-01 1.030227515488143508e+00
4.067906510829925537e+02 9.920302743614002328e-01 1.015227057710501812e+00
4.068020093441009521e+02 9.940303353984191181e-01 1.030227515488143508e+00
4.068512570858001709e+02 9.920302743614002328e-01 1.015227057710501812e+00
4.068679904937744141e+02 9.940303353984191181e-01 1.030227515488143508e+00
4.068820323944091797e+02 9.920302743614002328e-01 1.015227057710501812e+00
4.068970043659210205e+02 9.940303353984191181e-01 1.030227515488143508e+00
4.069083096981048584e+02 9.920302743614002328e-01 1.015227057710501812e+00
4.069260337352752686e+02 9.920302743614002328e-01 1.015227057710501812e+00
4.069799335002899170e+02 9.920302743614002328e-01 1.015227057710501812e+00
4.070194032192230225e+02 9.920302743614002328e-01 1.015227057710501812e+00
4.070864737033843994e+02 9.920302743614002328e-01 1.015227057710501812e+00
4.071003279685974121e+02 9.940303353984191181e-01 1.030227515488143508e+00
4.071239964962005615e+02 9.920302743614002328e-01 1.015227057710501812e+00
4.071536695957183838e+02 9.940303353984191181e-01 1.030227515488143508e+00
4.071822519302368164e+02 9.940303353984191181e-01 1.030227515488143508e+00
4.072172541618347168e+02 9.940303353984191181e-01 1.030227515488143508e+00
4.072482466697692871e+02 9.920302743614002328e-01 1.015227057710501812e+00
4.072676997184753418e+02 9.920302743614002328e-01 1.015227057710501812e+00
4.072989611625671387e+02 9.940303353984191181e-01 1.030227515488143508e+00
4.073271560668945312e+02 9.940303353984191181e-01 1.030227515488143508e+00
4.073397119045257568e+02 9.940303353984191181e-01 1.030227515488143508e+00
4.073596818447113037e+02 9.940303353984191181e-01 1.030227515488143508e+00
4.073747124671936035e+02 9.940303353984191181e-01 1.030227515488143508e+00
4.074298384189605713e+02 9.920302743614002328e-01 1.015227057710501812e+00
4.074541330337524414e+02 9.940303353984191181e-01 1.030227515488143508e+00
4.074692890644073486e+02 9.920302743614002328e-01 1.015227057710501812e+00
4.074860625267028809e+02 9.940303353984191181e-01 1.030227515488143508e+00
4.075221371650695801e+02 9.920302743614002328e-01 1.015227057710501812e+00
4.075757408142089844e+02 9.940303353984191181e-01 1.030227515488143508e+00
4.076369812488555908e+02 9.920302743614002328e-01 1.015227057710501812e+00
4.076501989364624023e+02 9.940303353984191181e-01 1.030227515488143508e+00
4.076765561103820801e+02 9.940303353984191181e-01 1.030227515488143508e+00
4.077116792201995850e+02 9.940303353984191181e-01 1.030227515488143508e+00
4.077352516651153564e+02 9.920302743614002328e-01 1.015227057710501812e+00
4.077518482208251953e+02 9.920302743614002328e-01 1.015227057710501812e+00
4.077680065631866455e+02 9.920302743614002328e-01 1.015227057710501812e+00
4.077869284152984619e+02 9.940303353984191181e-01 1.030227515488143508e+00
4.078150472640991211e+02 9.940303353984191181e-01 1.030227515488143508e+00
4.078399534225463867e+02 9.940303353984191181e-01 1.030227515488143508e+00
4.078687708377838135e+02 9.940303353984191181e-01 1.030227515488143508e+00
4.078892524242401123e+02 9.940303353984191181e-01 1.030227515488143508e+00
4.079059937000274658e+02 9.940303353984191181e-01 1.030227515488143508e+00
4.079525711536407471e+02 9.940303353984191181e-01 1.030227515488143508e+00
4.079832816123962402e+02 9.940303353984191181e-01 1.030227515488143508e+00
4.080395112037658691e+02 9.940303353984191181e-01 1.030227515488143508e+00
4.080532588958740234e+02 9.920302743614002328e-01 1.015227057710501812e+00
4.080790600776672363e+02 9.920302743614002328e-01 1.015227057710501812e+00
4.081183080673217773e+02 9.940303353984191181e-01 1.030227515488143508e+00
4.081323513984680176e+02 9.920302743614002328e-01 1.015227057710501812e+00
4.081497936248779297e+02 9.940303353984191181e-01 1.030227515488143508e+00
4.081678538322448730e+02 9.940303353984191181e-01 1.030227515488143508e+00
4.082195670604705811e+02 9.940303353984191181e-01 1.030227515488143508e+00
4.082383267879486084e+02 9.940303353984191181e-01 1.030227515488143508e+00
4.082514395713806152e+02 9.920302743614002328e-01 1.015227057710501812e+00
4.082668540477752686e+02 9.920302743614002328e-01 1.015227057710501812e+00
4.082807354927062988e+02 9.940303353984191181e-01 1.030227515488143508e+00
4.082985751628875732e+02 9.940303353984191181e-01 1.030227515488143508e+00
4.083492698669433594e+02 9.920302743614002328e-01 1.015227057710501812e+00
4.083801252841949463e+02 9.940303353984191181e-01 1.030227515488143508e+00
4.084365508556365967e+02 9.940303353984191181e-01 1.030227515488143508e+00
4.084565365314483643e+02 9.920302743614002328e-01 1.015227057710501812e+00
4.084727787971496582e+02 9.920302743614002328e-01 1.015227057710501812e+00
4.085015919208526611e+02 9.940303353984191181e-01 1.030227515488143508e+00
4.085300009250640869e+02 9.920302743614002328e-01 1.015227057710501812e+00
4.085602324008941650e+02 9.940303353984191181e-01 1.030227515488143508e+00
4.085963988304138184e+02 9.940303353984191181e-01 1.030227515488143508e+00
4.086226408481597900e+02 9.940303353984191181e-01 1.030227515488143508e+00
4.086659352779388428e+02 9.920302743614002328e-01 1.015227057710501812e+00
4.086794953346252441e+02 9.920302743614002328e-01 1.015227057710501812e+00
4.086942999362945557e+02 9.920302743614002328e-01 1.015227057710501812e+00
4.087099232673645020e+02 9.920302743614002328e-01 1.015227057710501812e+00
4.087254750728607178e+02 9.940303353984191181e-01 1.030227515488143508e+00
4.087620599269866943e+02 9.940303353984191181e-01 1.030227515488143508e+00
4.087862088680267334e+02 9.940303353984191181e-01 1.030227515488143508e+00
4.088005430698394775e+02 9.940303353984191181e-01 1.030227515488143508e+00
4.088148822784423828e+02 9.940303353984191181e-01 1.030227515488143508e+00
4.088325271606445312e+02 9.920302743614002328e-01 1.015227057710501812e+00
4.088524527549743652e+02 9.940303353984191181e-01 1.030227515488143508e+00
4.088890097141265869e+02 9.940303353984191181e-01 1.030227515488143508e+00
4.089274439811706543e+02 9.920302743614002328e-01 1.015227057710501812e+00
4.089850196838378906e+02 9.940303353984191181e-01 1.030227515488143508e+00
4.089981908798217773e+02 9.940303353984191181e-01 1.030227515488143508e+00
4.090244066715240479e+02 9.940303353984191181e-01 1.030227515488143508e+00
4.090537755489349365e+02 9.920302743614002328e-01 1.015227057710501812e+00
4.090718982219696045e+02 9.940303353984191181e-01 1.030227515488143508e+00
4.090914616584777832e+02 9.940303353984191181e-01 1.030227515488143508e+00
4.091038231849670410e+02 9.940303353984191181e-01 1.030227515488143508e+00
4.091184325218200684e+02 9.940303353984191181e-01 1.030227515488143508e+00
4.091448333263397217e+02 9.920302743614002328e-01 1.015227057710501812e+00
4.091774153709411621e+02 9.940303353984191181e-01 1.030227515488143508e+00
4.091918003559112549e+02 9.920302743614002328e-01 1.015227057710501812e+00
4.092062470912933350e+02 9.920302743614002328e-01 1.015227057710501812e+00
4.092234852313995361e+02 9.940303353984191181e-01 1.030227515488143508e+00
4.092404916286468506e+02 9.920302743614002328e-01 1.015227057710501812e+00
4.092577948570251465e+02 9.940303353984191181e-01 1.030227515488143508e+00
4.093045613765716553e+02 9.940303353984191181e-01 1.030227515488143508e+00
4.093342292308807373e+02 9.920302743614002328e-01 1.015227057710501812e+00
4.093903501033782959e+02 9.940303353984191181e-01 1.030227515488143508e+00
4.094044106006622314e+02 9.940303353984191181e-01 1.030227515488143508e+00
4.094306592941284180e+02 9.920302743614002328e-01 1.015227057710501812e+00
4.094778661727905273e+02 9.920302743614002328e-01 1.015227057710501812e+00
4.094931499958038330e+02 9.920302743614002328e-01 1.015227057710501812e+00
4.095080859661102295e+02 9.940303353984191181e-01 1.030227515488143508e+00
4.095225369930267334e+02 9.920302743614002328e-01 1.015227057710501812e+00
4.095728433132171631e+02 9.920302743614002328e-01 1.015227057710501812e+00
4.095879878997802734e+02 9.920302743614002328e-01 1.015227057710501812e+00
4.096034195423126221e+02 9.920302743614002328e-01 1.015227057710501812e+00
4.096192338466644287e+02 9.940303353984191181e-01 1.030227515488143508e+00
4.096323177814483643e+02 9.940303353984191181e-01 1.030227515488143508e+00
4.096470165252685547e+02 9.920302743614002328e-01 1.015227057710501812e+00
4.096731858253479004e+02 9.920302743614002328e-01 1.015227057710501812e+00
4.097250301837921143e+02 9.940303353984191181e-01 1.030227515488143508e+00
4.097840223312377930e+02 9.940303353984191181e-01 1.030227515488143508e+00
4.097979149818420410e+02 9.920302743614002328e-01 1.015227057710501812e+00
4.098174774646759033e+02 9.920302743614002328e-01 1.015227057710501812e+00
4.098470768928527832e+02 9.920302743614002328e-01 1.015227057710501812e+00
4.098815727233886719e+02 9.920302743614002328e-01 1.015227057710501812e+00
4.099119176864624023e+02 9.920302743614002328e-01 1.015227057710501812e+00
4.099473018646240234e+02 9.920302743614002328e-01 1.015227057710501812e+00
4.099669303894042969e+02 9.920302743614002328e-01 1.015227057710501812e+00
4.100098943710327148e+02 9.940303353984191181e-01 1.030227515488143508e+00
4.100301368236541748e+02 9.940303353984191181e-01 1.030227515488143508e+00
4.100492334365844727e+02 9.940303353984191181e-01 1.030227515488143508e+00
4.100665681362152100e+02 9.940303353984191181e-01 1.030227515488143508e+00
4.100912168025970459e+02 9.940303353984191181e-01 1.030227515488143508e+00
4.101303229331970215e+02 9.940303353984191181e-01 1.030227515488143508e+00
4.101485249996185303e+02 9.920302743614002328e-01 1.015227057710501812e+00
4.101608946323394775e+02 9.940303353984191181e-01 1.030227515488143508e+00
4.101771988868713379e+02 9.940303353984191181e-01 1.030227515488143508e+00
4.101944661140441895e+02 9.940303353984191181e-01 1.030227515488143508e+00
4.102147088050842285e+02 9.920302743614002328e-01 1.015227057710501812e+00
4.102539935111999512e+02 9.940303353984191181e-01 1.030227515488143508e+00
4.102843115329742432e+02 9.940303353984191181e-01 1.030227515488143508e+00
4.103401584625244141e+02 9.940303353984191181e-01 1.030227515488143508e+00
4.103538982868194580e+02 9.940303353984191181e-01 1.030227515488143508e+00
4.103794448375701904e+02 9.940303353984191181e-01 1.030227515488143508e+00
4.104123289585113525e+02 9.940303353984191181e-01 1.030227515488143508e+00
4.104327774047851562e+02 9.940303353984191181e-01 1.030227515488143508e+00
4.104500217437744141e+02 9.940303353984191181e-01 1.030227515488143508e+00
4.104656105041503906e+02 9.940303353984191181e-01 1.030227515488143508e+00
4.104867444038391113e+02 9.940303353984191181e-01 1.030227515488143508e+00
4.105271682739257812e+02 9.940303353984191181e-01 1.030227515488143508e+00
4.105444777011871338e+02 9.940303353984191181e-01 1.030227515488143508e+00
4.105578038692474365e+02 9.940303353984191181e-01 1.030227515488143508e+00
4.105713343620300293e+02 9.940303353984191181e-01 1.030227515488143508e+00
4.105847823619842529e+02 9.940303353984191181e-01 1.030227515488143508e+00
4.105982482433319092e+02 9.920302743614002328e-01 1.015227057710501812e+00
4.106113808155059814e+02 9.920302743614002328e-01 1.015227057710501812e+00
4.106565358638763428e+02 9.940303353984191181e-01 1.030227515488143508e+00
4.106869020462036133e+02 9.940303353984191181e-01 1.030227515488143508e+00
4.107436070442199707e+02 9.940303353984191181e-01 1.030227515488143508e+00
4.107576546669006348e+02 9.940303353984191181e-01 1.030227515488143508e+00
4.107800605297088623e+02 9.920302743614002328e-01 1.015227057710501812e+00
4.108152995109558105e+02 9.940303353984191181e-01 1.030227515488143508e+00
4.108358361721038818e+02 9.920302743614002328e-01 1.015227057710501812e+00
4.108487284183502197e+02 9.940303353984191181e-01 1.030227515488143508e+00
4.108635530471801758e+02 9.940303353984191181e-01 1.030227515488143508e+00
4.108878061771392822e+02 9.940303353984191181e-01 1.030227515488143508e+00
4.109294874668121338e+02 9.940303353984191181e-01 1.030227515488143508e+00
4.109455235004425049e+02 9.920302743614002328e-01 1.015227057710501812e+00
4.109681491851806641e+02 9.940303353984191181e-01 1.030227515488143508e+00
4.109828617572784424e+02 9.920302743614002328e-01 1.015227057710501812e+00
4.109975736141204834e+02 9.920302743614002328e-01 1.015227057710501812e+00
4.110098185539245605e+02 9.940303353984191181e-01 1.030227515488143508e+00
4.110471231937408447e+02 9.940303353984191181e-01 1.030227515488143508e+00
4.110864362716674805e+02 9.940303353984191181e-01 1.030227515488143508e+00
4.111442794799804688e+02 9.940303353984191181e-01 1.030227515488143508e+00
4.111581416130065918e+02 9.920302743614002328e-01 1.015227057710501812e+00
4.111814832687377930e+02 9.920302743614002328e-01 1.015227057710501812e+00
4.112170052528381348e+02 9.920302743614002328e-01 1.015227057710501812e+00
4.112478764057159424e+02 9.920302743614002328e-01 1.015227057710501812e+00
4.112747473716735840e+02 9.920302743614002328e-01 1.015227057710501812e+00
4.113065133094787598e+02 9.940303353984191181e-01 1.030227515488143508e+00
4.113259634971618652e+02 9.920302743614002328e-01 1.015227057710501812e+00
4.113625147342681885e+02 9.920302743614002328e-01 1.015227057710501812e+00
4.113893051147460938e+02 9.920302743614002328e-01 1.015227057710501812e+00
4.114013149738311768e+02 9.920302743614002328e-01 1.015227057710501812e+00
4.114172585010528564e+02 9.920302743614002328e-01 1.015227057710501812e+00
4.114308402538299561e+02 9.920302743614002328e-01 1.015227057710501812e+00
4.114737954139709473e+02 9.940303353984191181e-01 1.030227515488143508e+00
4.114939036369323730e+02 9.920302743614002328e-01 1.015227057710501812e+00
4.115065259933471680e+02 9.920302743614002328e-01 1.015227057710501812e+00
4.115229308605194092e+02 9.940303353984191181e-01 1.030227515488143508e+00
4.115390374660491943e+02 9.940303353984191181e-01 1.030227515488143508e+00
4.115584032535552979e+02 9.920302743614002328e-01 1.015227057710501812e+00
4.115842351913452148e+02 9.920302743614002328e-01 1.015227057710501812e+00
4.116135814189910889e+02 9.940303353984191181e-01 1.030227515488143508e+00
4.116431446075439453e+02 9.920302743614002328e-01 1.015227057710501812e+00
4.116986060142517090e+02 9.940303353984191181e-01 1.030227515488143508e+00
4.117118945121765137e+02 9.920302743614002328e-01 1.015227057710501812e+00
4.117374804019927979e+02 9.920302743614002328e-01 1.015227057710501812e+00
4.117710466384887695e+02 9.920302743614002328e-01 1.015227057710501812e+00
4.117936177253723145e+02 9.920302743614002328e-01 1.015227057710501812e+00
4.118118791580200195e+02 9.920302743614002328e-01 1.015227057710501812e+00
4.118252079486846924e+02 9.920302743614002328e-01 1.015227057710501812e+00
4.118548274040222168e+02 9.920302743614002328e-01 1.015227057710501812e+00
4.118913981914520264e+02 9.940303353984191181e-01 1.030227515488143508e+00
4.119064805507659912e+02 9.920302743614002328e-01 1.015227057710501812e+00
4.119225955009460449e+02 9.940303353984191181e-01 1.030227515488143508e+00
4.119405069351196289e+02 9.940303353984191181e-01 1.030227515488143508e+00
4.119566292762756348e+02 9.920302743614002328e-01 1.015227057710501812e+00
4.119705009460449219e+02 9.920302743614002328e-01 1.015227057710501812e+00
4.120082004070281982e+02 9.920302743614002328e-01 1.015227057710501812e+00
4.120458610057830811e+02 9.920302743614002328e-01 1.015227057710501812e+00
4.121037766933441162e+02 9.940303353984191181e-01 1.030227515488143508e+00
4.121279480457305908e+02 9.920302743614002328e-01 1.015227057710501812e+00
4.121711523532867432e+02 9.920302743614002328e-01 1.015227057710501812e+00
4.121936669349670410e+02 9.920302743614002328e-01 1.015227057710501812e+00
4.122083294391632080e+02 9.920302743614002328e-01 1.015227057710501812e+00
4.122239181995391846e+02 9.920302743614002328e-01 1.015227057710501812e+00
4.122350301742553711e+02 9.940303353984191181e-01 1.030227515488143508e+00
4.122768378257751465e+02 9.940303353984191181e-01 1.030227515488143508e+00
4.123014428615570068e+02 9.960303964354381145e-01 1.045227973265785870e+00
4.123200004100799561e+02 9.940303353984191181e-01 1.030227515488143508e+00
4.123318333625793457e+02 9.920302743614002328e-01 1.015227057710501812e+00
4.123454968929290771e+02 9.940303353984191181e-01 1.030227515488143508e+00
4.123575673103332520e+02 9.920302743614002328e-01 1.015227057710501812e+00
4.123764910697937012e+02 9.940303353984191181e-01 1.030227515488143508e+00
4.124098029136657715e+02 9.940303353984191181e-01 1.030227515488143508e+00
4.124488701820373535e+02 9.940303353984191181e-01 1.030227515488143508e+00
4.125064420700073242e+02 9.940303353984191181e-01 1.030227515488143508e+00
4.125267927646636963e+02 9.940303353984191181e-01 1.030227515488143508e+00
4.125428843498229980e+02 9.940303353984191181e-01 1.030227515488143508e+00
4.125719730854034424e+02 9.920302743614002328e-01 1.015227057710501812e+00
4.126006374359130859e+02 9.940303353984191181e-01 1.030227515488143508e+00
4.126312940120697021e+02 9.920302743614002328e-01 1.015227057710501812e+00
4.126671853065490723e+02 9.940303353984191181e-01 1.030227515488143508e+00
4.126865019798278809e+02 9.920302743614002328e-01 1.015227057710501812e+00
4.127284445762634277e+02 9.920302743614002328e-01 1.015227057710501812e+00
4.127495234012603760e+02 9.920302743614002328e-01 1.015227057710501812e+00
4.127620837688446045e+02 9.940303353984191181e-01 1.030227515488143508e+00
4.127740111351013184e+02 9.920302743614002328e-01 1.015227057710501812e+00
4.127881283760070801e+02 9.920302743614002328e-01 1.015227057710501812e+00
4.128469655513763428e+02 9.940303353984191181e-01 1.030227515488143508e+00
4.128600718975067139e+02 9.940303353984191181e-01 1.030227515488143508e+00
4.128738558292388916e+02 9.920302743614002328e-01 1.015227057710501812e+00
4.128916988372802734e+02 9.940303353984191181e-01 1.030227515488143508e+00
4.129042079448699951e+02 9.940303353984191181e-01 1.030227515488143508e+00
4.129203207492828369e+02 9.940303353984191181e-01 1.030227515488143508e+00
4.129619257450103760e+02 9.940303353984191181e-01 1.030227515488143508e+00
4.129994230270385742e+02 9.920302743614002328e-01 1.015227057710501812e+00
4.130564696788787842e+02 9.940303353984191181e-01 1.030227515488143508e+00
4.130699558258056641e+02 9.920302743614002328e-01 1.015227057710501812e+00
4.130989618301391602e+02 9.920302743614002328e-01 1.015227057710501812e+00
4.131389994621276855e+02 9.920302743614002328e-01 1.015227057710501812e+00
4.131522653102874756e+02 9.940303353984191181e-01 1.030227515488143508e+00
4.131654736995697021e+02 9.920302743614002328e-01 1.015227057710501812e+00
4.131782805919647217e+02 9.920302743614002328e-01 1.015227057710501812e+00
4.131936905384063721e+02 9.920302743614002328e-01 1.015227057710501812e+00
4.132477517127990723e+02 9.920302743614002328e-01 1.015227057710501812e+00
4.132635650634765625e+02 9.920302743614002328e-01 1.015227057710501812e+00
4.132788016796112061e+02 9.920302743614002328e-01 1.015227057710501812e+00
4.132965512275695801e+02 9.940303353984191181e-01 1.030227515488143508e+00
4.133102993965148926e+02 9.940303353984191181e-01 1.030227515488143508e+00
4.133247039318084717e+02 9.920302743614002328e-01 1.015227057710501812e+00
4.133398947715759277e+02 9.920302743614002328e-01 1.015227057710501812e+00
4.133705902099609375e+02 9.920302743614002328e-01 1.015227057710501812e+00
4.134092071056365967e+02 9.940303353984191181e-01 1.030227515488143508e+00
4.134779222011566162e+02 9.920302743614002328e-01 1.015227057710501812e+00
4.134981338977813721e+02 9.920302743614002328e-01 1.015227057710501812e+00
4.135241181850433350e+02 9.920302743614002328e-01 1.015227057710501812e+00
4.135479385852813721e+02 9.940303353984191181e-01 1.030227515488143508e+00
4.135692117214202881e+02 9.940303353984191181e-01 1.030227515488143508e+00
4.135850634574890137e+02 9.940303353984191181e-01 1.030227515488143508e+00
4.136003425121307373e+02 9.940303353984191181e-01 1.030227515488143508e+00
4.136169021129608154e+02 9.940303353984191181e-01 1.030227515488143508e+00
4.136616253852844238e+02 9.920302743614002328e-01 1.015227057710501812e+00
4.136772301197052002e+02 9.920302743614002328e-01 1.015227057710501812e+00
4.136968414783477783e+02 9.920302743614002328e-01 1.015227057710501812e+00
4.137128965854644775e+02 9.940303353984191181e-01 1.030227515488143508e+00
4.137342751026153564e+02 9.920302743614002328e-01 1.015227057710501812e+00
4.137466299533843994e+02 9.940303353984191181e-01 1.030227515488143508e+00
4.137830483913421631e+02 9.940303353984191181e-01 1.030227515488143508e+00
4.138219528198242188e+02 9.920302743614002328e-01 1.015227057710501812e+00
4.138790738582611084e+02 9.940303353984191181e-01 1.030227515488143508e+00
4.138941226005554199e+02 9.920302743614002328e-01 1.015227057710501812e+00
4.139175362586975098e+02 9.920302743614002328e-01 1.015227057710501812e+00
4.139531030654907227e+02 9.920302743614002328e-01 1.015227057710501812e+00
4.139837639331817627e+02 9.920302743614002328e-01 1.015227057710501812e+00
4.140354218482971191e+02 9.920302743614002328e-01 1.015227057710501812e+00
4.140542442798614502e+02 9.920302743614002328e-01 1.015227057710501812e+00
4.140979230403900146e+02 9.920302743614002328e-01 1.015227057710501812e+00
4.141178851127624512e+02 9.920302743614002328e-01 1.015227057710501812e+00
4.141339058876037598e+02 9.940303353984191181e-01 1.030227515488143508e+00
4.141455135345458984e+02 9.940303353984191181e-01 1.030227515488143508e+00
4.141599271297454834e+02 9.920302743614002328e-01 1.015227057710501812e+00
4.142158007621765137e+02 9.920302743614002328e-01 1.015227057710501812e+00
4.142302024364471436e+02 9.920302743614002328e-01 1.015227057710501812e+00
4.142446279525756836e+02 9.940303353984191181e-01 1.030227515488143508e+00
4.142644579410552979e+02 9.940303353984191181e-01 1.030227515488143508e+00
4.142814753055572510e+02 9.920302743614002328e-01 1.015227057710501812e+00
4.142966263294219971e+02 9.920302743614002328e-01 1.015227057710501812e+00
4.143766167163848877e+02 9.940303353984191181e-01 1.030227515488143508e+00
4.144336369037628174e+02 9.940303353984191181e-01 1.030227515488143508e+00
4.144481353759765625e+02 9.920302743614002328e-01 1.015227057710501812e+00
4.144758341312408447e+02 9.940303353984191181e-01 1.030227515488143508e+00
4.145177531242370605e+02 9.920302743614002328e-01 1.015227057710501812e+00
4.145322930812835693e+02 9.940303353984191181e-01 1.030227515488143508e+00
4.145473592281341553e+02 9.940303353984191181e-01 1.030227515488143508e+00
4.145649054050445557e+02 9.920302743614002328e-01 1.015227057710501812e+00
4.146200029850006104e+02 9.920302743614002328e-01 1.015227057710501812e+00
4.146357719898223877e+02 9.920302743614002328e-01 1.015227057710501812e+00
4.146492631435394287e+02 9.920302743614002328e-01 1.015227057710501812e+00
4.146679565906524658e+02 9.920302743614002328e-01 1.015227057710501812e+00
4.146808738708496094e+02 9.940303353984191181e-01 1.030227515488143508e+00
4.146944136619567871e+02 9.920302743614002328e-01 1.015227057710501812e+00
4.147256541252136230e+02 9.920302743614002328e-01 1.015227057710501812e+00
4.147532842159271240e+02 9.920302743614002328e-01 1.015227057710501812e+00
4.147831282615661621e+02 9.920302743614002328e-01 1.015227057710501812e+00
4.148389184474945068e+02 9.920302743614002328e-01 1.015227057710501812e+00
4.148646702766418457e+02 9.940303353984191181e-01 1.030227515488143508e+00
4.149066648483276367e+02 9.920302743614002328e-01 1.015227057710501812e+00
4.149278700351715088e+02 9.940303353984191181e-01 1.030227515488143508e+00
4.149409008026123047e+02 9.920302743614002328e-01 1.015227057710501812e+00
4.149538037776947021e+02 9.920302743614002328e-01 1.015227057710501812e+00
4.149684987068176270e+02 9.920302743614002328e-01 1.015227057710501812e+00
4.150241007804870605e+02 9.920302743614002328e-01 1.015227057710501812e+00
4.150443100929260254e+02 9.920302743614002328e-01 1.015227057710501812e+00
4.150624120235443115e+02 9.920302743614002328e-01 1.015227057710501812e+00
4.150766344070434570e+02 9.920302743614002328e-01 1.015227057710501812e+00
4.150895667076110840e+02 9.940303353984191181e-01 1.030227515488143508e+00
4.151030213832855225e+02 9.920302743614002328e-01 1.015227057710501812e+00
4.151247131824493408e+02 9.920302743614002328e-01 1.015227057710501812e+00
4.151685268878936768e+02 9.920302743614002328e-01 1.015227057710501812e+00
4.151828761100769043e+02 9.940303353984191181e-01 1.030227515488143508e+00
4.152370808124542236e+02 9.920302743614002328e-01 1.015227057710501812e+00
4.152630624771118164e+02 9.920302743614002328e-01 1.015227057710501812e+00
4.152939283847808838e+02 9.920302743614002328e-01 1.015227057710501812e+00
4.153228483200073242e+02 9.920302743614002328e-01 1.015227057710501812e+00
4.153532540798187256e+02 9.920302743614002328e-01 1.015227057710501812e+00
4.153936176300048828e+02 9.940303353984191181e-01 1.030227515488143508e+00
4.154144592285156250e+02 9.920302743614002328e-01 1.015227057710501812e+00
4.154504320621490479e+02 9.920302743614002328e-01 1.015227057710501812e+00
4.154765610694885254e+02 9.920302743614002328e-01 1.015227057710501812e+00
4.154894452095031738e+02 9.940303353984191181e-01 1.030227515488143508e+00
4.155042603015899658e+02 9.940303353984191181e-01 1.030227515488143508e+00
4.155576422214508057e+02 9.920302743614002328e-01 1.015227057710501812e+00
4.155752403736114502e+02 9.920302743614002328e-01 1.015227057710501812e+00
4.155901257991790771e+02 9.940303353984191181e-01 1.030227515488143508e+00
4.156063332557678223e+02 9.920302743614002328e-01 1.015227057710501812e+00
4.156264228820800781e+02 9.920302743614002328e-01 1.015227057710501812e+00
4.156439206600189209e+02 9.920302743614002328e-01 1.015227057710501812e+00
4.156926698684692383e+02 9.920302743614002328e-01 1.015227057710501812e+00
4.157235229015350342e+02 9.920302743614002328e-01 1.015227057710501812e+00
4.157842786312103271e+02 9.920302743614002328e-01 1.015227057710501812e+00
4.157978775501251221e+02 9.920302743614002328e-01 1.015227057710501812e+00
4.158234813213348389e+02 9.920302743614002328e-01 1.015227057710501812e+00
4.158636322021484375e+02 9.920302743614002328e-01 1.015227057710501812e+00
4.158776166439056396e+02 9.920302743614002328e-01 1.015227057710501812e+00
4.158939917087554932e+02 9.920302743614002328e-01 1.015227057710501812e+00
4.159132518768310547e+02 9.920302743614002328e-01 1.015227057710501812e+00
4.159534447193145752e+02 9.920302743614002328e-01 1.015227057710501812e+00
4.159807889461517334e+02 9.920302743614002328e-01 1.015227057710501812e+00
4.159959557056427002e+02 9.920302743614002328e-01 1.015227057710501812e+00
4.160095188617706299e+02 9.920302743614002328e-01 1.015227057710501812e+00
4.160226769447326660e+02 9.920302743614002328e-01 1.015227057710501812e+00
4.160361495018005371e+02 9.920302743614002328e-01 1.015227057710501812e+00
4.160494074821472168e+02 9.920302743614002328e-01 1.015227057710501812e+00
4.160945816040039062e+02 9.940303353984191181e-01 1.030227515488143508e+00
4.161251218318939209e+02 9.920302743614002328e-01 1.015227057710501812e+00
4.161807239055633545e+02 9.920302743614002328e-01 1.015227057710501812e+00
4.161948330402374268e+02 9.920302743614002328e-01 1.015227057710501812e+00
4.162169048786163330e+02 9.920302743614002328e-01 1.015227057710501812e+00
4.162462079524993896e+02 9.920302743614002328e-01 1.015227057710501812e+00
4.162667148113250732e+02 9.920302743614002328e-01 1.015227057710501812e+00
4.162833573818206787e+02 9.940303353984191181e-01 1.030227515488143508e+00
4.162960000038146973e+02 9.920302743614002328e-01 1.015227057710501812e+00
4.163106613159179688e+02 9.920302743614002328e-01 1.015227057710501812e+00
4.163642163276672363e+02 9.920302743614002328e-01 1.015227057710501812e+00
4.163808844089508057e+02 9.920302743614002328e-01 1.015227057710501812e+00
4.163989908695220947e+02 9.920302743614002328e-01 1.015227057710501812e+00
4.164113790988922119e+02 9.920302743614002328e-01 1.015227057710501812e+00
4.164277837276458740e+02 9.920302743614002328e-01 1.015227057710501812e+00
4.164439444541931152e+02 9.920302743614002328e-01 1.015227057710501812e+00
4.164820265769958496e+02 9.920302743614002328e-01 1.015227057710501812e+00
4.165205655097961426e+02 9.920302743614002328e-01 1.015227057710501812e+00
4.165775499343872070e+02 9.940303353984191181e-01 1.030227515488143508e+00
4.165983684062957764e+02 9.920302743614002328e-01 1.015227057710501812e+00
4.166197299957275391e+02 9.920302743614002328e-01 1.015227057710501812e+00
4.166489562988281250e+02 9.920302743614002328e-01 1.015227057710501812e+00
4.166795730590820312e+02 9.920302743614002328e-01 1.015227057710501812e+00
4.167309460639953613e+02 9.940303353984191181e-01 1.030227515488143508e+00
4.167499430179595947e+02 9.920302743614002328e-01 1.015227057710501812e+00
4.167830324172973633e+02 9.920302743614002328e-01 1.015227057710501812e+00
4.168070685863494873e+02 9.920302743614002328e-01 1.015227057710501812e+00
4.168242681026458740e+02 9.920302743614002328e-01 1.015227057710501812e+00
4.168398673534393311e+02 9.940303353984191181e-01 1.030227515488143508e+00
4.168510534763336182e+02 9.940303353984191181e-01 1.030227515488143508e+00
4.168767578601837158e+02 9.920302743614002328e-01 1.015227057710501812e+00
4.169179041385650635e+02 9.920302743614002328e-01 1.015227057710501812e+00
4.169298028945922852e+02 9.940303353984191181e-01 1.030227515488143508e+00
4.169435822963714600e+02 9.940303353984191181e-01 1.030227515488143508e+00
4.169591743946075439e+02 9.940303353984191181e-01 1.030227515488143508e+00
4.169740619659423828e+02 9.940303353984191181e-01 1.030227515488143508e+00
4.169918339252471924e+02 9.920302743614002328e-01 1.015227057710501812e+00
4.170322160720825195e+02 9.920302743614002328e-01 1.015227057710501812e+00
4.170700693130493164e+02 9.920302743614002328e-01 1.015227057710501812e+00
4.171274285316467285e+02 9.940303353984191181e-01 1.030227515488143508e+00
4.171405875682830811e+02 9.920302743614002328e-01 1.015227057710501812e+00
4.171687829494476318e+02 9.940303353984191181e-01 1.030227515488143508e+00
4.172016482353210449e+02 9.920302743614002328e-01 1.015227057710501812e+00
4.172232153415679932e+02 9.920302743614002328e-01 1.015227057710501812e+00
4.172410585880279541e+02 9.940303353984191181e-01 1.030227515488143508e+00
4.172563045024871826e+02 9.940303353984191181e-01 1.030227515488143508e+00
4.173002958297729492e+02 9.920302743614002328e-01 1.015227057710501812e+00
4.173246946334838867e+02 9.920302743614002328e-01 1.015227057710501812e+00
4.173436620235443115e+02 9.920302743614002328e-01 1.015227057710501812e+00
4.173606364727020264e+02 9.920302743614002328e-01 1.015227057710501812e+00
4.173771829605102539e+02 9.920302743614002328e-01 1.015227057710501812e+00
4.173948259353637695e+02 9.920302743614002328e-01 1.015227057710501812e+00
4.174301602840423584e+02 9.920302743614002328e-01 1.015227057710501812e+00
4.174697141647338867e+02 9.920302743614002328e-01 1.015227057710501812e+00
4.175271487236022949e+02 9.920302743614002328e-01 1.015227057710501812e+00
4.175471785068511963e+02 9.920302743614002328e-01 1.015227057710501812e+00
4.175732178688049316e+02 9.920302743614002328e-01 1.015227057710501812e+00
4.176076631546020508e+02 9.920302743614002328e-01 1.015227057710501812e+00
4.176212713718414307e+02 9.920302743614002328e-01 1.015227057710501812e+00
4.176365513801574707e+02 9.920302743614002328e-01 1.015227057710501812e+00
4.176492543220520020e+02 9.920302743614002328e-01 1.015227057710501812e+00
4.176688830852508545e+02 9.940303353984191181e-01 1.030227515488143508e+00
4.177228302955627441e+02 9.920302743614002328e-01 1.015227057710501812e+00
4.177381596565246582e+02 9.920302743614002328e-01 1.015227057710501812e+00
4.177541749477386475e+02 9.920302743614002328e-01 1.015227057710501812e+00
4.177654855251312256e+02 9.920302743614002328e-01 1.015227057710501812e+00
4.177854382991790771e+02 9.920302743614002328e-01 1.015227057710501812e+00
4.178266947269439697e+02 9.920302743614002328e-01 1.015227057710501812e+00
4.178644654750823975e+02 9.920302743614002328e-01 1.015227057710501812e+00
4.179215660095214844e+02 9.920302743614002328e-01 1.015227057710501812e+00
4.179356253147125244e+02 9.920302743614002328e-01 1.015227057710501812e+00
4.179528324604034424e+02 9.920302743614002328e-01 1.015227057710501812e+00
4.179825782775878906e+02 9.920302743614002328e-01 1.015227057710501812e+00
4.180111699104309082e+02 9.920302743614002328e-01 1.015227057710501812e+00
4.180397343635559082e+02 9.940303353984191181e-01 1.030227515488143508e+00
4.180822999477386475e+02 9.920302743614002328e-01 1.015227057710501812e+00
4.181023833751678467e+02 9.920302743614002328e-01 1.015227057710501812e+00
4.181389491558074951e+02 9.920302743614002328e-01 1.015227057710501812e+00
4.181622459888458252e+02 9.920302743614002328e-01 1.015227057710501812e+00
4.181761941909790039e+02 9.920302743614002328e-01 1.015227057710501812e+00
4.181885938644409180e+02 9.920302743614002328e-01 1.015227057710501812e+00
4.182062566280364990e+02 9.940303353984191181e-01 1.030227515488143508e+00
4.182586829662322998e+02 9.920302743614002328e-01 1.015227057710501812e+00
4.182738065719604492e+02 9.920302743614002328e-01 1.015227057710501812e+00
4.182978897094726562e+02 9.940303353984191181e-01 1.030227515488143508e+00
4.183132717609405518e+02 9.920302743614002328e-01 1.015227057710501812e+00
4.183265149593353271e+02 9.920302743614002328e-01 1.015227057710501812e+00
4.183390786647796631e+02 9.940303353984191181e-01 1.030227515488143508e+00
4.183845913410186768e+02 9.920302743614002328e-01 1.015227057710501812e+00
4.184152922630310059e+02 9.920302743614002328e-01 1.015227057710501812e+00
4.184715263843536377e+02 9.920302743614002328e-01 1.015227057710501812e+00
4.184849491119384766e+02 9.920302743614002328e-01 1.015227057710501812e+00
4.185102112293243408e+02 9.920302743614002328e-01 1.015227057710501812e+00
4.185392737388610840e+02 9.920302743614002328e-01 1.015227057710501812e+00
4.185652172565460205e+02 9.940303353984191181e-01 1.030227515488143508e+00
4.185784122943878174e+02 9.920302743614002328e-01 1.015227057710501812e+00
4.185910718441009521e+02 9.940303353984191181e-01 1.030227515488143508e+00
4.186064541339874268e+02 9.920302743614002328e-01 1.015227057710501812e+00
4.186574885845184326e+02 9.920302743614002328e-01 1.015227057710501812e+00
4.186728115081787109e+02 9.920302743614002328e-01 1.015227057710501812e+00
4.186882984638214111e+02 9.920302743614002328e-01 1.015227057710501812e+00
4.187061195373535156e+02 9.920302743614002328e-01 1.015227057710501812e+00
4.187208397388458252e+02 9.920302743614002328e-01 1.015227057710501812e+00
4.187334141731262207e+02 9.920302743614002328e-01 1.015227057710501812e+00
4.187757225036621094e+02 9.920302743614002328e-01 1.015227057710501812e+00
4.188144304752349854e+02 9.920302743614002328e-01 1.015227057710501812e+00
4.188719351291656494e+02 9.920302743614002328e-01 1.015227057710501812e+00
4.188859138488769531e+02 9.920302743614002328e-01 1.015227057710501812e+00
4.189119782447814941e+02 9.920302743614002328e-01 1.015227057710501812e+00
4.189410793781280518e+02 9.940303353984191181e-01 1.030227515488143508e+00
4.189635782241821289e+02 9.940303353984191181e-01 1.030227515488143508e+00
4.189838333129882812e+02 9.920302743614002328e-01 1.015227057710501812e+00
4.190000481605529785e+02 9.940303353984191181e-01 1.030227515488143508e+00
4.190594375133514404e+02 9.920302743614002328e-01 1.015227057710501812e+00
4.190748069286346436e+02 9.940303353984191181e-01 1.030227515488143508e+00
4.190888478755950928e+02 9.940303353984191181e-01 1.030227515488143508e+00
4.191045155525207520e+02 9.920302743614002328e-01 1.015227057710501812e+00
4.191222386360168457e+02 9.940303353984191181e-01 1.030227515488143508e+00
4.191450626850128174e+02 9.920302743614002328e-01 1.015227057710501812e+00
4.191817784309387207e+02 9.920302743614002328e-01 1.015227057710501812e+00
4.192114346027374268e+02 9.920302743614002328e-01 1.015227057710501812e+00
4.192673797607421875e+02 9.940303353984191181e-01 1.030227515488143508e+00
4.192872307300567627e+02 9.920302743614002328e-01 1.015227057710501812e+00
4.193090069293975830e+02 9.920302743614002328e-01 1.015227057710501812e+00
4.193385663032531738e+02 9.920302743614002328e-01 1.015227057710501812e+00
4.193696899414062500e+02 9.920302743614002328e-01 1.015227057710501812e+00
4.193971498012542725e+02 9.920302743614002328e-01 1.015227057710501812e+00
4.194282944202423096e+02 9.920302743614002328e-01 1.015227057710501812e+00
4.194544644355773926e+02 9.920302743614002328e-01 1.015227057710501812e+00
4.194926888942718506e+02 9.920302743614002328e-01 1.015227057710501812e+00
4.195209026336669922e+02 9.940303353984191181e-01 1.030227515488143508e+00
4.195339078903198242e+02 9.920302743614002328e-01 1.015227057710501812e+00
4.195488693714141846e+02 9.920302743614002328e-01 1.015227057710501812e+00
4.195919361114501953e+02 9.920302743614002328e-01 1.015227057710501812e+00
4.196113653182983398e+02 9.920302743614002328e-01 1.015227057710501812e+00
