4.751519577503204346e+02 9.920302743614002328e-01 1.015227057710501812e+00
4.751652698516845703e+02 9.920302743614002328e-01 1.015227057710501812e+00
4.751787109375000000e+02 9.920302743614002328e-01 1.015227057710501812e+00
4.751908035278320312e+02 9.940303353984191181e-01 1.030227515488143508e+00
4.752043278217315674e+02 9.940303353984191181e-01 1.030227515488143508e+00
4.752195575237274170e+02 9.940303353984191181e-01 1.030227515488143508e+00
4.752324707508087158e+02 9.920302743614002328e-01 1.015227057710501812e+00
4.752515280246734619e+02 9.940303353984191181e-01 1.030227515488143508e+00
4.752688961029052734e+02 9.920302743614002328e-01 1.015227057710501812e+00
4.753128151893615723e+02 9.940303353984191181e-01 1.030227515488143508e+00
4.753306634426116943e+02 9.940303353984191181e-01 1.030227515488143508e+00
4.753537213802337646e+02 9.940303353984191181e-01 1.030227515488143508e+00
4.753682289123535156e+02 9.920302743614002328e-01 1.015227057710501812e+00
4.753879089355468750e+02 9.940303353984191181e-01 1.030227515488143508e+00
4.754034042358398438e+02 9.920302743614002328e-01 1.015227057710501812e+00
4.754476561546325684e+02 9.940303353984191181e-01 1.030227515488143508e+00
4.754868872165679932e+02 9.940303353984191181e-01 1.030227515488143508e+00
4.755477001667022705e+02 9.940303353984191181e-01 1.030227515488143508e+00
4.755618958473205566e+02 9.940303353984191181e-01 1.030227515488143508e+00
4.755906155109405518e+02 9.920302743614002328e-01 1.015227057710501812e+00
4.756375234127044678e+02 9.920302743614002328e-01 1.015227057710501812e+00
4.756562492847442627e+02 9.920302743614002328e-01 1.015227057710501812e+00
4.756750874519348145e+02 9.920302743614002328e-01 1.015227057710501812e+00
4.757374215126037598e+02 9.940303353984191181e-01 1.030227515488143508e+00
4.757510230541229248e+02 9.920302743614002328e-01 1.015227057710501812e+00
4.757630620002746582e+02 9.920302743614002328e-01 1.015227057710501812e+00
4.757760415077209473e+02 9.920302743614002328e-01 1.015227057710501812e+00
4.757924826145172119e+02 9.940303353984191181e-01 1.030227515488143508e+00
4.758059818744659424e+02 9.920302743614002328e-01 1.015227057710501812e+00
4.758193705081939697e+02 9.920302743614002328e-01 1.015227057710501812e+00
4.758370630741119385e+02 9.920302743614002328e-01 1.015227057710501812e+00
4.758780059814453125e+02 9.940303353984191181e-01 1.030227515488143508e+00
4.759090940952301025e+02 9.920302743614002328e-01 1.015227057710501812e+00
4.759646022319793701e+02 9.940303353984191181e-01 1.030227515488143508e+00
4.759850299358367920e+02 9.940303353984191181e-01 1.030227515488143508e+00
4.760035717487335205e+02 9.920302743614002328e-01 1.015227057710501812e+00
4.760355670452117920e+02 9.940303353984191181e-01 1.030227515488143508e+00
4.760572068691253662e+02 9.940303353984191181e-01 1.030227515488143508e+00
4.760752122402191162e+02 9.940303353984191181e-01 1.030227515488143508e+00
4.760957064628601074e+02 9.940303353984191181e-01 1.030227515488143508e+00
4.761155507564544678e+02 9.940303353984191181e-01 1.030227515488143508e+00
4.761539373397827148e+02 9.920302743614002328e-01 1.015227057710501812e+00
4.761661934852600098e+02 9.940303353984191181e-01 1.030227515488143508e+00
4.761795060634613037e+02 9.920302743614002328e-01 1.015227057710501812e+00
4.761934201717376709e+02 9.940303353984191181e-01 1.030227515488143508e+00
4.762128887176513672e+02 9.940303353984191181e-01 1.030227515488143508e+00
4.762300436496734619e+02 9.940303353984191181e-01 1.030227515488143508e+00
4.762448453903198242e+02 9.920302743614002328e-01 1.015227057710501812e+00
4.762940745353698730e+02 9.920302743614002328e-01 1.015227057710501812e+00
4.763248136043548584e+02 9.920302743614002328e-01 1.015227057710501812e+00
4.763803200721740723e+02 9.940303353984191181e-01 1.030227515488143508e+00
4.763950259685516357e+02 9.920302743614002328e-01 1.015227057710501812e+00
4.764183855056762695e+02 9.920302743614002328e-01 1.015227057710501812e+00
4.764480571746826172e+02 9.920302743614002328e-01 1.015227057710501812e+00
4.764766781330108643e+02 9.920302743614002328e-01 1.015227057710501812e+00
4.765067422389984131e+02 9.920302743614002328e-01 1.015227057710501812e+00
4.765427868366241455e+02 9.920302743614002328e-01 1.015227057710501812e+00
4.765686058998107910e+02 9.920302743614002328e-01 1.015227057710501812e+00
4.765972824096679688e+02 9.920302743614002328e-01 1.015227057710501812e+00
4.766191143989562988e+02 9.940303353984191181e-01 1.030227515488143508e+00
4.766344337463378906e+02 9.920302743614002328e-01 1.015227057710501812e+00
4.766477279663085938e+02 9.920302743614002328e-01 1.015227057710501812e+00
4.766618616580963135e+02 9.920302743614002328e-01 1.015227057710501812e+00
4.767164223194122314e+02 9.920302743614002328e-01 1.015227057710501812e+00
4.767320470809936523e+02 9.920302743614002328e-01 1.015227057710501812e+00
4.767531979084014893e+02 9.920302743614002328e-01 1.015227057710501812e+00
4.767706105709075928e+02 9.940303353984191181e-01 1.030227515488143508e+00
4.767842555046081543e+02 9.920302743614002328e-01 1.015227057710501812e+00
4.768023343086242676e+02 9.940303353984191181e-01 1.030227515488143508e+00
4.768314404487609863e+02 9.940303353984191181e-01 1.030227515488143508e+00
4.768627376556396484e+02 9.920302743614002328e-01 1.015227057710501812e+00
4.768920457363128662e+02 9.920302743614002328e-01 1.015227057710501812e+00
4.769468669891357422e+02 9.940303353984191181e-01 1.030227515488143508e+00
4.769610891342163086e+02 9.940303353984191181e-01 1.030227515488143508e+00
4.769859564304351807e+02 9.920302743614002328e-01 1.015227057710501812e+00
4.770216410160064697e+02 9.920302743614002328e-01 1.015227057710501812e+00
4.770429556369781494e+02 9.940303353984191181e-01 1.030227515488143508e+00
4.770582354068756104e+02 9.940303353984191181e-01 1.030227515488143508e+00
4.770739257335662842e+02 9.920302743614002328e-01 1.015227057710501812e+00
4.770928916931152344e+02 9.920302743614002328e-01 1.015227057710501812e+00
4.771451833248138428e+02 9.920302743614002328e-01 1.015227057710501812e+00
4.771630089282989502e+02 9.920302743614002328e-01 1.015227057710501812e+00
4.771765704154968262e+02 9.920302743614002328e-01 1.015227057710501812e+00
4.771898219585418701e+02 9.920302743614002328e-01 1.015227057710501812e+00
4.772084445953369141e+02 9.940303353984191181e-01 1.030227515488143508e+00
4.772234797477722168e+02 9.920302743614002328e-01 1.015227057710501812e+00
4.772776591777801514e+02 9.920302743614002328e-01 1.015227057710501812e+00
4.773083031177520752e+02 9.940303353984191181e-01 1.030227515488143508e+00
4.773645741939544678e+02 9.920302743614002328e-01 1.015227057710501812e+00
4.773790185451507568e+02 9.940303353984191181e-01 1.030227515488143508e+00
4.774010477066040039e+02 9.920302743614002328e-01 1.015227057710501812e+00
4.774444143772125244e+02 9.940303353984191181e-01 1.030227515488143508e+00
4.774577333927154541e+02 9.920302743614002328e-01 1.015227057710501812e+00
4.774754185676574707e+02 9.920302743614002328e-01 1.015227057710501812e+00
4.774879488945007324e+02 9.920302743614002328e-01 1.015227057710501812e+00
4.775044426918029785e+02 9.940303353984191181e-01 1.030227515488143508e+00
4.775491621494293213e+02 9.940303353984191181e-01 1.030227515488143508e+00
4.775657677650451660e+02 9.940303353984191181e-01 1.030227515488143508e+00
4.775869126319885254e+02 9.940303353984191181e-01 1.030227515488143508e+00
4.776031725406646729e+02 9.920302743614002328e-01 1.015227057710501812e+00
4.776215696334838867e+02 9.940303353984191181e-01 1.030227515488143508e+00
4.776393694877624512e+02 9.920302743614002328e-01 1.015227057710501812e+00
4.776809589862823486e+02 9.940303353984191181e-01 1.030227515488143508e+00
4.777194972038269043e+02 9.940303353984191181e-01 1.030227515488143508e+00
4.777780067920684814e+02 9.940303353984191181e-01 1.030227515488143508e+00
4.777920448780059814e+02 9.940303353984191181e-01 1.030227515488143508e+00
4.778191804885864258e+02 9.920302743614002328e-01 1.015227057710501812e+00
4.778480870723724365e+02 9.920302743614002328e-01 1.015227057710501812e+00
4.778767626285552979e+02 9.940303353984191181e-01 1.030227515488143508e+00
4.779361879825592041e+02 9.920302743614002328e-01 1.015227057710501812e+00
4.779547731876373291e+02 9.940303353984191181e-01 1.030227515488143508e+00
4.779794924259185791e+02 9.920302743614002328e-01 1.015227057710501812e+00
4.780038456916809082e+02 9.920302743614002328e-01 1.015227057710501812e+00
4.780262491703033447e+02 9.940303353984191181e-01 1.030227515488143508e+00
4.780436468124389648e+02 9.940303353984191181e-01 1.030227515488143508e+00
4.780604062080383301e+02 9.940303353984191181e-01 1.030227515488143508e+00
4.781054110527038574e+02 9.940303353984191181e-01 1.030227515488143508e+00
4.781290388107299805e+02 9.940303353984191181e-01 1.030227515488143508e+00
4.781452317237854004e+02 9.920302743614002328e-01 1.015227057710501812e+00
4.781604719161987305e+02 9.940303353984191181e-01 1.030227515488143508e+00
4.781751844882965088e+02 9.920302743614002328e-01 1.015227057710501812e+00
4.781879367828369141e+02 9.940303353984191181e-01 1.030227515488143508e+00
4.782061412334442139e+02 9.940303353984191181e-01 1.030227515488143508e+00
4.782315661907196045e+02 9.940303353984191181e-01 1.030227515488143508e+00
4.782871432304382324e+02 9.940303353984191181e-01 1.030227515488143508e+00
4.783468461036682129e+02 9.920302743614002328e-01 1.015227057710501812e+00
4.783604881763458252e+02 9.920302743614002328e-01 1.015227057710501812e+00
4.783890688419342041e+02 9.920302743614002328e-01 1.015227057710501812e+00
4.784180452823638916e+02 9.920302743614002328e-01 1.015227057710501812e+00
4.784443812370300293e+02 9.940303353984191181e-01 1.030227515488143508e+00
4.784569218158721924e+02 9.920302743614002328e-01 1.015227057710501812e+00
4.784718799591064453e+02 9.940303353984191181e-01 1.030227515488143508e+00
4.784929296970367432e+02 9.920302743614002328e-01 1.015227057710501812e+00
4.785381758213043213e+02 9.920302743614002328e-01 1.015227057710501812e+00
4.785546739101409912e+02 9.900302133243812364e-01 1.000226599932859450e+00
4.785730600357055664e+02 9.940303353984191181e-01 1.030227515488143508e+00
4.785879073143005371e+02 9.920302743614002328e-01 1.015227057710501812e+00
4.786018154621124268e+02 9.940303353984191181e-01 1.030227515488143508e+00
4.786184306144714355e+02 9.900302133243812364e-01 1.000226599932859450e+00
4.786322741508483887e+02 9.940303353984191181e-01 1.030227515488143508e+00
4.786851241588592529e+02 9.900302133243812364e-01 1.000226599932859450e+00
4.787157499790191650e+02 9.920302743614002328e-01 1.015227057710501812e+00
4.787714610099792480e+02 9.940303353984191181e-01 1.030227515488143508e+00
4.787924385070800781e+02 9.920302743614002328e-01 1.015227057710501812e+00
4.788179047107696533e+02 9.920302743614002328e-01 1.015227057710501812e+00
4.788359670639038086e+02 9.920302743614002328e-01 1.015227057710501812e+00
4.788633055686950684e+02 9.940303353984191181e-01 1.030227515488143508e+00
4.788798763751983643e+02 9.940303353984191181e-01 1.030227515488143508e+00
4.788975863456726074e+02 9.940303353984191181e-01 1.030227515488143508e+00
4.789426481723785400e+02 9.940303353984191181e-01 1.030227515488143508e+00
4.789651820659637451e+02 9.920302743614002328e-01 1.015227057710501812e+00
4.789830620288848877e+02 9.940303353984191181e-01 1.030227515488143508e+00
4.790006303787231445e+02 9.920302743614002328e-01 1.015227057710501812e+00
4.790143334865570068e+02 9.940303353984191181e-01 1.030227515488143508e+00
4.790306234359741211e+02 9.940303353984191181e-01 1.030227515488143508e+00
4.790467948913574219e+02 9.940303353984191181e-01 1.030227515488143508e+00
4.790862786769866943e+02 9.940303353984191181e-01 1.030227515488143508e+00
4.791248078346252441e+02 9.940303353984191181e-01 1.030227515488143508e+00
4.791842775344848633e+02 9.940303353984191181e-01 1.030227515488143508e+00
4.791982061862945557e+02 9.940303353984191181e-01 1.030227515488143508e+00
4.792193205356597900e+02 9.940303353984191181e-01 1.030227515488143508e+00
4.792543001174926758e+02 9.920302743614002328e-01 1.015227057710501812e+00
4.792848544120788574e+02 9.920302743614002328e-01 1.015227057710501812e+00
4.793130209445953369e+02 9.940303353984191181e-01 1.030227515488143508e+00
4.793494319915771484e+02 9.920302743614002328e-01 1.015227057710501812e+00
4.793750464916229248e+02 9.940303353984191181e-01 1.030227515488143508e+00
4.794100804328918457e+02 9.920302743614002328e-01 1.015227057710501812e+00
4.794309751987457275e+02 9.920302743614002328e-01 1.015227057710501812e+00
4.794441885948181152e+02 9.940303353984191181e-01 1.030227515488143508e+00
4.794594354629516602e+02 9.920302743614002328e-01 1.015227057710501812e+00
4.794794046878814697e+02 9.920302743614002328e-01 1.015227057710501812e+00
4.795220353603363037e+02 9.920302743614002328e-01 1.015227057710501812e+00
4.795395410060882568e+02 9.920302743614002328e-01 1.015227057710501812e+00
4.795527684688568115e+02 9.940303353984191181e-01 1.030227515488143508e+00
4.795687675476074219e+02 9.940303353984191181e-01 1.030227515488143508e+00
4.795799663066864014e+02 9.940303353984191181e-01 1.030227515488143508e+00
4.795932197570800781e+02 9.920302743614002328e-01 1.015227057710501812e+00
4.796111688613891602e+02 9.940303353984191181e-01 1.030227515488143508e+00
4.796364259719848633e+02 9.940303353984191181e-01 1.030227515488143508e+00
4.796869919300079346e+02 9.940303353984191181e-01 1.030227515488143508e+00
4.797500128746032715e+02 9.940303353984191181e-01 1.030227515488143508e+00
4.797627582550048828e+02 9.940303353984191181e-01 1.030227515488143508e+00
4.797867324352264404e+02 9.920302743614002328e-01 1.015227057710501812e+00
4.798371796607971191e+02 9.920302743614002328e-01 1.015227057710501812e+00
4.798516702651977539e+02 9.920302743614002328e-01 1.015227057710501812e+00
4.798654303550720215e+02 9.940303353984191181e-01 1.030227515488143508e+00
4.798806889057159424e+02 9.940303353984191181e-01 1.030227515488143508e+00
4.799000122547149658e+02 9.940303353984191181e-01 1.030227515488143508e+00
4.799408051967620850e+02 9.940303353984191181e-01 1.030227515488143508e+00
4.799576122760772705e+02 9.920302743614002328e-01 1.015227057710501812e+00
4.799754951000213623e+02 9.940303353984191181e-01 1.030227515488143508e+00
4.799888730049133301e+02 9.920302743614002328e-01 1.015227057710501812e+00
4.800028274059295654e+02 9.920302743614002328e-01 1.015227057710501812e+00
4.800182747840881348e+02 9.940303353984191181e-01 1.030227515488143508e+00
4.800336985588073730e+02 9.940303353984191181e-01 1.030227515488143508e+00
4.800513999462127686e+02 9.940303353984191181e-01 1.030227515488143508e+00
4.800925345420837402e+02 9.940303353984191181e-01 1.030227515488143508e+00
4.801242585182189941e+02 9.920302743614002328e-01 1.015227057710501812e+00
4.801788830757141113e+02 9.920302743614002328e-01 1.015227057710501812e+00
4.801987051963806152e+02 9.940303353984191181e-01 1.030227515488143508e+00
4.802243292331695557e+02 9.920302743614002328e-01 1.015227057710501812e+00
4.802572472095489502e+02 9.920302743614002328e-01 1.015227057710501812e+00
4.802715435028076172e+02 9.920302743614002328e-01 1.015227057710501812e+00
4.802882544994354248e+02 9.940303353984191181e-01 1.030227515488143508e+00
4.803055398464202881e+02 9.920302743614002328e-01 1.015227057710501812e+00
4.803582882881164551e+02 9.920302743614002328e-01 1.015227057710501812e+00
4.803720602989196777e+02 9.940303353984191181e-01 1.030227515488143508e+00
4.803894534111022949e+02 9.920302743614002328e-01 1.015227057710501812e+00
4.804040927886962891e+02 9.940303353984191181e-01 1.030227515488143508e+00
4.804181902408599854e+02 9.940303353984191181e-01 1.030227515488143508e+00
4.804308557510375977e+02 9.940303353984191181e-01 1.030227515488143508e+00
4.804445054531097412e+02 9.920302743614002328e-01 1.015227057710501812e+00
4.804579498767852783e+02 9.920302743614002328e-01 1.015227057710501812e+00
4.804820857048034668e+02 9.940303353984191181e-01 1.030227515488143508e+00
4.805281286239624023e+02 9.940303353984191181e-01 1.030227515488143508e+00
4.805422585010528564e+02 9.940303353984191181e-01 1.030227515488143508e+00
4.805971436500549316e+02 9.920302743614002328e-01 1.015227057710501812e+00
4.806112740039825439e+02 9.920302743614002328e-01 1.015227057710501812e+00
4.806494023799896240e+02 9.920302743614002328e-01 1.015227057710501812e+00
4.806809728145599365e+02 9.920302743614002328e-01 1.015227057710501812e+00
4.807120988368988037e+02 9.920302743614002328e-01 1.015227057710501812e+00
4.807620134353637695e+02 9.940303353984191181e-01 1.030227515488143508e+00
4.807821607589721680e+02 9.940303353984191181e-01 1.030227515488143508e+00
4.808394024372100830e+02 9.920302743614002328e-01 1.015227057710501812e+00
4.808542926311492920e+02 9.940303353984191181e-01 1.030227515488143508e+00
4.808694293498992920e+02 9.920302743614002328e-01 1.015227057710501812e+00
4.808844320774078369e+02 9.920302743614002328e-01 1.015227057710501812e+00
4.809069902896881104e+02 9.940303353984191181e-01 1.030227515488143508e+00
4.809442999362945557e+02 9.920302743614002328e-01 1.015227057710501812e+00
4.809587526321411133e+02 9.940303353984191181e-01 1.030227515488143508e+00
4.809755680561065674e+02 9.940303353984191181e-01 1.030227515488143508e+00
4.809925165176391602e+02 9.940303353984191181e-01 1.030227515488143508e+00
4.810131430625915527e+02 9.940303353984191181e-01 1.030227515488143508e+00
4.810302095413208008e+02 9.940303353984191181e-01 1.030227515488143508e+00
4.810801656246185303e+02 9.940303353984191181e-01 1.030227515488143508e+00
4.811110205650329590e+02 9.920302743614002328e-01 1.015227057710501812e+00
4.811790084838867188e+02 9.940303353984191181e-01 1.030227515488143508e+00
4.811926064491271973e+02 9.920302743614002328e-01 1.015227057710501812e+00
4.812214756011962891e+02 9.940303353984191181e-01 1.030227515488143508e+00
4.812614312171936035e+02 9.940303353984191181e-01 1.030227515488143508e+00
4.812791774272918701e+02 9.920302743614002328e-01 1.015227057710501812e+00
4.812937629222869873e+02 9.920302743614002328e-01 1.015227057710501812e+00
4.813047730922698975e+02 9.920302743614002328e-01 1.015227057710501812e+00
4.813311536312103271e+02 9.940303353984191181e-01 1.030227515488143508e+00
4.813784317970275879e+02 9.940303353984191181e-01 1.030227515488143508e+00
4.813920676708221436e+02 9.920302743614002328e-01 1.015227057710501812e+00
4.814071655273437500e+02 9.940303353984191181e-01 1.030227515488143508e+00
4.814218819141387939e+02 9.920302743614002328e-01 1.015227057710501812e+00
4.814387660026550293e+02 9.920302743614002328e-01 1.015227057710501812e+00
4.814532978534698486e+02 9.920302743614002328e-01 1.015227057710501812e+00
4.814710016250610352e+02 9.920302743614002328e-01 1.015227057710501812e+00
4.815008881092071533e+02 9.920302743614002328e-01 1.015227057710501812e+00
4.815385401248931885e+02 9.940303353984191181e-01 1.030227515488143508e+00
4.815973038673400879e+02 9.940303353984191181e-01 1.030227515488143508e+00
4.816109850406646729e+02 9.920302743614002328e-01 1.015227057710501812e+00
4.816399281024932861e+02 9.920302743614002328e-01 1.015227057710501812e+00
4.816690750122070312e+02 9.940303353984191181e-01 1.030227515488143508e+00
4.816927516460418701e+02 9.940303353984191181e-01 1.030227515488143508e+00
4.817065947055816650e+02 9.940303353984191181e-01 1.030227515488143508e+00
4.817234239578247070e+02 9.940303353984191181e-01 1.030227515488143508e+00
4.817452979087829590e+02 9.940303353984191181e-01 1.030227515488143508e+00
4.818080680370330811e+02 9.920302743614002328e-01 1.015227057710501812e+00
4.818219428062438965e+02 9.940303353984191181e-01 1.030227515488143508e+00
4.818378093242645264e+02 9.920302743614002328e-01 1.015227057710501812e+00
4.818491380214691162e+02 9.920302743614002328e-01 1.015227057710501812e+00
4.818627660274505615e+02 9.940303353984191181e-01 1.030227515488143508e+00
4.818803849220275879e+02 9.920302743614002328e-01 1.015227057710501812e+00
4.818961882591247559e+02 9.940303353984191181e-01 1.030227515488143508e+00
4.819226500988006592e+02 9.940303353984191181e-01 1.030227515488143508e+00
4.819541814327239990e+02 9.920302743614002328e-01 1.015227057710501812e+00
4.819835712909698486e+02 9.920302743614002328e-01 1.015227057710501812e+00
4.820419633388519287e+02 9.920302743614002328e-01 1.015227057710501812e+00
4.820655736923217773e+02 9.920302743614002328e-01 1.015227057710501812e+00
4.820964069366455078e+02 9.920302743614002328e-01 1.015227057710501812e+00
4.821249611377716064e+02 9.920302743614002328e-01 1.015227057710501812e+00
4.821540915966033936e+02 9.920302743614002328e-01 1.015227057710501812e+00
4.821989533901214600e+02 9.940303353984191181e-01 1.030227515488143508e+00
4.822192709445953369e+02 9.920302743614002328e-01 1.015227057710501812e+00
4.822502877712249756e+02 9.920302743614002328e-01 1.015227057710501812e+00
4.822779996395111084e+02 9.920302743614002328e-01 1.015227057710501812e+00
4.822902691364288330e+02 9.940303353984191181e-01 1.030227515488143508e+00
4.823055806159973145e+02 9.940303353984191181e-01 1.030227515488143508e+00
4.823243410587310791e+02 9.940303353984191181e-01 1.030227515488143508e+00
4.823707649707794189e+02 9.920302743614002328e-01 1.015227057710501812e+00
4.823923823833465576e+02 9.920302743614002328e-01 1.015227057710501812e+00
4.824058539867401123e+02 9.940303353984191181e-01 1.030227515488143508e+00
4.824211630821228027e+02 9.920302743614002328e-01 1.015227057710501812e+00
4.824389998912811279e+02 9.940303353984191181e-01 1.030227515488143508e+00
4.824562742710113525e+02 9.920302743614002328e-01 1.015227057710501812e+00
4.824726696014404297e+02 9.920302743614002328e-01 1.015227057710501812e+00
4.825144240856170654e+02 9.940303353984191181e-01 1.030227515488143508e+00
4.825528035163879395e+02 9.940303353984191181e-01 1.030227515488143508e+00
4.826126677989959717e+02 9.940303353984191181e-01 1.030227515488143508e+00
4.826259553432464600e+02 9.940303353984191181e-01 1.030227515488143508e+00
4.826579515933990479e+02 9.920302743614002328e-01 1.015227057710501812e+00
4.826899347305297852e+02 9.920302743614002328e-01 1.015227057710501812e+00
4.827100572586059570e+02 9.920302743614002328e-01 1.015227057710501812e+00
4.827294330596923828e+02 9.920302743614002328e-01 1.015227057710501812e+00
4.827489781379699707e+02 9.920302743614002328e-01 1.015227057710501812e+00
4.828031678199768066e+02 9.920302743614002328e-01 1.015227057710501812e+00
4.828183000087738037e+02 9.920302743614002328e-01 1.015227057710501812e+00
4.828385450839996338e+02 9.920302743614002328e-01 1.015227057710501812e+00
4.828561353683471680e+02 9.940303353984191181e-01 1.030227515488143508e+00
4.828738462924957275e+02 9.920302743614002328e-01 1.015227057710501812e+00
4.828887999057769775e+02 9.920302743614002328e-01 1.015227057710501812e+00
4.829328250885009766e+02 9.940303353984191181e-01 1.030227515488143508e+00
4.829704985618591309e+02 9.940303353984191181e-01 1.030227515488143508e+00
4.830295886993408203e+02 9.940303353984191181e-01 1.030227515488143508e+00
4.830434701442718506e+02 9.940303353984191181e-01 1.030227515488143508e+00
4.830690522193908691e+02 9.920302743614002328e-01 1.015227057710501812e+00
4.830977666378021240e+02 9.920302743614002328e-01 1.015227057710501812e+00
4.831174941062927246e+02 9.920302743614002328e-01 1.015227057710501812e+00
4.831324241161346436e+02 9.940303353984191181e-01 1.030227515488143508e+00
4.831475894451141357e+02 9.920302743614002328e-01 1.015227057710501812e+00
4.831651704311370850e+02 9.920302743614002328e-01 1.015227057710501812e+00
4.831874556541442871e+02 9.920302743614002328e-01 1.015227057710501812e+00
4.832187819480895996e+02 9.940303353984191181e-01 1.030227515488143508e+00
4.832359182834625244e+02 9.940303353984191181e-01 1.030227515488143508e+00
4.832551634311676025e+02 9.920302743614002328e-01 1.015227057710501812e+00
4.832696022987365723e+02 9.940303353984191181e-01 1.030227515488143508e+00
4.832829506397247314e+02 9.920302743614002328e-01 1.015227057710501812e+00
4.833011798858642578e+02 9.920302743614002328e-01 1.015227057710501812e+00
4.833158178329467773e+02 9.920302743614002328e-01 1.015227057710501812e+00
4.833560423851013184e+02 9.940303353984191181e-01 1.030227515488143508e+00
4.833930892944335938e+02 9.940303353984191181e-01 1.030227515488143508e+00
4.834523653984069824e+02 9.940303353984191181e-01 1.030227515488143508e+00
4.834664423465728760e+02 9.940303353984191181e-01 1.030227515488143508e+00
4.834921121597290039e+02 9.920302743614002328e-01 1.015227057710501812e+00
4.835216958522796631e+02 9.940303353984191181e-01 1.030227515488143508e+00
4.835503697395324707e+02 9.920302743614002328e-01 1.015227057710501812e+00
4.835803933143615723e+02 9.940303353984191181e-01 1.030227515488143508e+00
4.836156663894653320e+02 9.940303353984191181e-01 1.030227515488143508e+00
4.836354024410247803e+02 9.940303353984191181e-01 1.030227515488143508e+00
4.836641268730163574e+02 9.940303353984191181e-01 1.030227515488143508e+00
4.836945817470550537e+02 9.920302743614002328e-01 1.015227057710501812e+00
4.837102949619293213e+02 9.920302743614002328e-01 1.015227057710501812e+00
4.837278642654418945e+02 9.940303353984191181e-01 1.030227515488143508e+00
4.837403137683868408e+02 9.920302743614002328e-01 1.015227057710501812e+00
4.837598366737365723e+02 9.920302743614002328e-01 1.015227057710501812e+00
4.837975971698760986e+02 9.920302743614002328e-01 1.015227057710501812e+00
4.838168239593505859e+02 9.940303353984191181e-01 1.030227515488143508e+00
4.838346970081329346e+02 9.920302743614002328e-01 1.015227057710501812e+00
4.838519477844238281e+02 9.920302743614002328e-01 1.015227057710501812e+00
4.838682699203491211e+02 9.940303353984191181e-01 1.030227515488143508e+00
4.838852720260620117e+02 9.920302743614002328e-01 1.015227057710501812e+00
4.839369204044342041e+02 9.940303353984191181e-01 1.030227515488143508e+00
4.839672956466674805e+02 9.920302743614002328e-01 1.015227057710501812e+00
4.840226771831512451e+02 9.920302743614002328e-01 1.015227057710501812e+00
4.840361301898956299e+02 9.920302743614002328e-01 1.015227057710501812e+00
4.840604097843170166e+02 9.920302743614002328e-01 1.015227057710501812e+00
4.841049761772155762e+02 9.920302743614002328e-01 1.015227057710501812e+00
4.841168143749237061e+02 9.920302743614002328e-01 1.015227057710501812e+00
4.841353209018707275e+02 9.940303353984191181e-01 1.030227515488143508e+00
4.841547162532806396e+02 9.940303353984191181e-01 1.030227515488143508e+00
4.841972839832305908e+02 9.940303353984191181e-01 1.030227515488143508e+00
4.842204227447509766e+02 9.940303353984191181e-01 1.030227515488143508e+00
4.842380344867706299e+02 9.920302743614002328e-01 1.015227057710501812e+00
4.842606799602508545e+02 9.920302743614002328e-01 1.015227057710501812e+00
4.842753770351409912e+02 9.940303353984191181e-01 1.030227515488143508e+00
4.842995233535766602e+02 9.940303353984191181e-01 1.030227515488143508e+00
4.843391442298889160e+02 9.940303353984191181e-01 1.030227515488143508e+00
4.843800225257873535e+02 9.920302743614002328e-01 1.015227057710501812e+00
4.844375028610229492e+02 9.940303353984191181e-01 1.030227515488143508e+00
4.844574594497680664e+02 9.920302743614002328e-01 1.015227057710501812e+00
4.844750595092773438e+02 9.940303353984191181e-01 1.030227515488143508e+00
4.845159690380096436e+02 9.940303353984191181e-01 1.030227515488143508e+00
4.845295543670654297e+02 9.940303353984191181e-01 1.030227515488143508e+00
4.845466911792755127e+02 9.940303353984191181e-01 1.030227515488143508e+00
4.845598208904266357e+02 9.940303353984191181e-01 1.030227515488143508e+00
4.845788991451263428e+02 9.940303353984191181e-01 1.030227515488143508e+00
4.846247434616088867e+02 9.940303353984191181e-01 1.030227515488143508e+00
4.846382997035980225e+02 9.920302743614002328e-01 1.015227057710501812e+00
4.846518337726593018e+02 9.940303353984191181e-01 1.030227515488143508e+00
4.846691768169403076e+02 9.920302743614002328e-01 1.015227057710501812e+00
4.846853196620941162e+02 9.920302743614002328e-01 1.015227057710501812e+00
4.846976239681243896e+02 9.940303353984191181e-01 1.030227515488143508e+00
4.847125136852264404e+02 9.940303353984191181e-01 1.030227515488143508e+00
4.847392029762268066e+02 9.940303353984191181e-01 1.030227515488143508e+00
4.847727589607238770e+02 9.940303353984191181e-01 1.030227515488143508e+00
4.848032360076904297e+02 9.920302743614002328e-01 1.015227057710501812e+00
4.848584918975830078e+02 9.920302743614002328e-01 1.015227057710501812e+00
4.848726255893707275e+02 9.920302743614002328e-01 1.015227057710501812e+00
4.848903264999389648e+02 9.920302743614002328e-01 1.015227057710501812e+00
4.849189155101776123e+02 9.940303353984191181e-01 1.030227515488143508e+00
4.849481906890869141e+02 9.920302743614002328e-01 1.015227057710501812e+00
4.849786159992218018e+02 9.920302743614002328e-01 1.015227057710501812e+00
4.850195589065551758e+02 9.940303353984191181e-01 1.030227515488143508e+00
4.850467643737792969e+02 9.940303353984191181e-01 1.030227515488143508e+00
4.850792150497436523e+02 9.940303353984191181e-01 1.030227515488143508e+00
4.851037399768829346e+02 9.940303353984191181e-01 1.030227515488143508e+00
4.851181645393371582e+02 9.940303353984191181e-01 1.030227515488143508e+00
4.851398444175720215e+02 9.920302743614002328e-01 1.015227057710501812e+00
4.851965796947479248e+02 9.940303353984191181e-01 1.030227515488143508e+00
4.852087843418121338e+02 9.920302743614002328e-01 1.015227057710501812e+00
4.852260956764221191e+02 9.940303353984191181e-01 1.030227515488143508e+00
4.852422533035278320e+02 9.940303353984191181e-01 1.030227515488143508e+00
4.852639217376708984e+02 9.920302743614002328e-01 1.015227057710501812e+00
4.852776784896850586e+02 9.940303353984191181e-01 1.030227515488143508e+00
4.852961869239807129e+02 9.920302743614002328e-01 1.015227057710501812e+00
4.853367359638214111e+02 9.920302743614002328e-01 1.015227057710501812e+00
4.853676855564117432e+02 9.920302743614002328e-01 1.015227057710501812e+00
4.854236435890197754e+02 9.940303353984191181e-01 1.030227515488143508e+00
4.854371950626373291e+02 9.940303353984191181e-01 1.030227515488143508e+00
4.854642992019653320e+02 9.920302743614002328e-01 1.015227057710501812e+00
4.854985504150390625e+02 9.920302743614002328e-01 1.015227057710501812e+00
4.855195124149322510e+02 9.940303353984191181e-01 1.030227515488143508e+00
4.855366773605346680e+02 9.940303353984191181e-01 1.030227515488143508e+00
4.855534362792968750e+02 9.920302743614002328e-01 1.015227057710501812e+00
4.855797693729400635e+02 9.920302743614002328e-01 1.015227057710501812e+00
4.856209006309509277e+02 9.940303353984191181e-01 1.030227515488143508e+00
4.856382999420166016e+02 9.920302743614002328e-01 1.015227057710501812e+00
4.856588580608367920e+02 9.920302743614002328e-01 1.015227057710501812e+00
4.856764612197875977e+02 9.920302743614002328e-01 1.015227057710501812e+00
4.856961479187011719e+02 9.920302743614002328e-01 1.015227057710501812e+00
4.857111220359802246e+02 9.940303353984191181e-01 1.030227515488143508e+00
4.857441918849945068e+02 9.920302743614002328e-01 1.015227057710501812e+00
4.857817018032073975e+02 9.920302743614002328e-01 1.015227057710501812e+00
4.858440699577331543e+02 9.920302743614002328e-01 1.015227057710501812e+00
4.858577892780303955e+02 9.940303353984191181e-01 1.030227515488143508e+00
4.858802690505981445e+02 9.920302743614002328e-01 1.015227057710501812e+00
4.859256300926208496e+02 9.920302743614002328e-01 1.015227057710501812e+00
4.859379789829254150e+02 9.920302743614002328e-01 1.015227057710501812e+00
4.859532837867736816e+02 9.920302743614002328e-01 1.015227057710501812e+00
4.859706857204437256e+02 9.920302743614002328e-01 1.015227057710501812e+00
4.859951107501983643e+02 9.940303353984191181e-01 1.030227515488143508e+00
4.860275144577026367e+02 9.920302743614002328e-01 1.015227057710501812e+00
4.860445938110351562e+02 9.940303353984191181e-01 1.030227515488143508e+00
4.860586848258972168e+02 9.940303353984191181e-01 1.030227515488143508e+00
4.860779821872711182e+02 9.920302743614002328e-01 1.015227057710501812e+00
4.860944252014160156e+02 9.940303353984191181e-01 1.030227515488143508e+00
4.861104888916015625e+02 9.940303353984191181e-01 1.030227515488143508e+00
4.861252360343933105e+02 9.920302743614002328e-01 1.015227057710501812e+00
4.861643965244293213e+02 9.920302743614002328e-01 1.015227057710501812e+00
4.862066745758056641e+02 9.940303353984191181e-01 1.030227515488143508e+00
4.862635810375213623e+02 9.920302743614002328e-01 1.015227057710501812e+00
4.862776188850402832e+02 9.940303353984191181e-01 1.030227515488143508e+00
4.863128743171691895e+02 9.940303353984191181e-01 1.030227515488143508e+00
4.863437144756317139e+02 9.940303353984191181e-01 1.030227515488143508e+00
4.863726375102996826e+02 9.940303353984191181e-01 1.030227515488143508e+00
4.864202039241790771e+02 9.940303353984191181e-01 1.030227515488143508e+00
4.864371221065521240e+02 9.940303353984191181e-01 1.030227515488143508e+00
4.864719550609588623e+02 9.920302743614002328e-01 1.015227057710501812e+00
4.865017614364624023e+02 9.940303353984191181e-01 1.030227515488143508e+00
4.865160858631134033e+02 9.920302743614002328e-01 1.015227057710501812e+00
4.865342402458190918e+02 9.940303353984191181e-01 1.030227515488143508e+00
4.865469946861267090e+02 9.920302743614002328e-01 1.015227057710501812e+00
4.865965597629547119e+02 9.940303353984191181e-01 1.030227515488143508e+00
4.866124846935272217e+02 9.920302743614002328e-01 1.015227057710501812e+00
4.866276292800903320e+02 9.940303353984191181e-01 1.030227515488143508e+00
4.866463344097137451e+02 9.940303353984191181e-01 1.030227515488143508e+00
4.866602983474731445e+02 9.940303353984191181e-01 1.030227515488143508e+00
4.866753351688385010e+02 9.940303353984191181e-01 1.030227515488143508e+00
4.866930193901062012e+02 9.920302743614002328e-01 1.015227057710501812e+00
4.867240154743194580e+02 9.940303353984191181e-01 1.030227515488143508e+00
4.867479052543640137e+02 9.940303353984191181e-01 1.030227515488143508e+00
4.867774076461791992e+02 9.920302743614002328e-01 1.015227057710501812e+00
4.868321287631988525e+02 9.940303353984191181e-01 1.030227515488143508e+00
4.868458490371704102e+02 9.920302743614002328e-01 1.015227057710501812e+00
4.868703634738922119e+02 9.920302743614002328e-01 1.015227057710501812e+00
4.869033737182617188e+02 9.920302743614002328e-01 1.015227057710501812e+00
4.869266538619995117e+02 9.920302743614002328e-01 1.015227057710501812e+00
4.869447145462036133e+02 9.920302743614002328e-01 1.015227057710501812e+00
4.869597721099853516e+02 9.920302743614002328e-01 1.015227057710501812e+00
4.869759078025817871e+02 9.920302743614002328e-01 1.015227057710501812e+00
4.870176393985748291e+02 9.920302743614002328e-01 1.015227057710501812e+00
4.870375947952270508e+02 9.920302743614002328e-01 1.015227057710501812e+00
4.870518095493316650e+02 9.920302743614002328e-01 1.015227057710501812e+00
4.870649323463439941e+02 9.920302743614002328e-01 1.015227057710501812e+00
4.870806927680969238e+02 9.940303353984191181e-01 1.030227515488143508e+00
4.870965604782104492e+02 9.940303353984191181e-01 1.030227515488143508e+00
4.871141829490661621e+02 9.920302743614002328e-01 1.015227057710501812e+00
4.871551685333251953e+02 9.920302743614002328e-01 1.015227057710501812e+00
4.871921715736389160e+02 9.920302743614002328e-01 1.015227057710501812e+00
4.872510042190551758e+02 9.920302743614002328e-01 1.015227057710501812e+00
4.872643232345581055e+02 9.920302743614002328e-01 1.015227057710501812e+00
4.872910535335540771e+02 9.920302743614002328e-01 1.015227057710501812e+00
4.873212027549743652e+02 9.940303353984191181e-01 1.030227515488143508e+00
4.873413221836090088e+02 9.920302743614002328e-01 1.015227057710501812e+00
4.873601889610290527e+02 9.940303353984191181e-01 1.030227515488143508e+00
4.873744902610778809e+02 9.940303353984191181e-01 1.030227515488143508e+00
4.873900887966156006e+02 9.920302743614002328e-01 1.015227057710501812e+00
4.874497153759002686e+02 9.920302743614002328e-01 1.015227057710501812e+00
4.874640023708343506e+02 9.940303353984191181e-01 1.030227515488143508e+00
4.874777739048004150e+02 9.920302743614002328e-01 1.015227057710501812e+00
4.874907412528991699e+02 9.920302743614002328e-01 1.015227057710501812e+00
4.875086023807525635e+02 9.920302743614002328e-01 1.015227057710501812e+00
4.875254700183868408e+02 9.920302743614002328e-01 1.015227057710501812e+00
4.875497803688049316e+02 9.920302743614002328e-01 1.015227057710501812e+00
4.876091892719268799e+02 9.920302743614002328e-01 1.015227057710501812e+00
4.876245758533477783e+02 9.940303353984191181e-01 1.030227515488143508e+00
4.876802845001220703e+02 9.920302743614002328e-01 1.015227057710501812e+00
4.877003967761993408e+02 9.920302743614002328e-01 1.015227057710501812e+00
4.877227208614349365e+02 9.920302743614002328e-01 1.015227057710501812e+00
4.877525589466094971e+02 9.940303353984191181e-01 1.030227515488143508e+00
4.877837340831756592e+02 9.920302743614002328e-01 1.015227057710501812e+00
4.878371479511260986e+02 9.920302743614002328e-01 1.015227057710501812e+00
4.878582098484039307e+02 9.920302743614002328e-01 1.015227057710501812e+00
4.878883929252624512e+02 9.920302743614002328e-01 1.015227057710501812e+00
4.879211494922637939e+02 9.920302743614002328e-01 1.015227057710501812e+00
4.879374942779541016e+02 9.920302743614002328e-01 1.015227057710501812e+00
4.879522492885589600e+02 9.920302743614002328e-01 1.015227057710501812e+00
4.880014669895172119e+02 9.940303353984191181e-01 1.030227515488143508e+00
4.880231382846832275e+02 9.940303353984191181e-01 1.030227515488143508e+00
4.880434813499450684e+02 9.940303353984191181e-01 1.030227515488143508e+00
4.880752918720245361e+02 9.920302743614002328e-01 1.015227057710501812e+00
4.880947968959808350e+02 9.940303353984191181e-01 1.030227515488143508e+00
4.881102375984191895e+02 9.940303353984191181e-01 1.030227515488143508e+00
4.881517784595489502e+02 9.920302743614002328e-01 1.015227057710501812e+00
4.881937041282653809e+02 9.920302743614002328e-01 1.015227057710501812e+00
4.882539362907409668e+02 9.940303353984191181e-01 1.030227515488143508e+00
4.882674458026885986e+02 9.940303353984191181e-01 1.030227515488143508e+00
4.882942721843719482e+02 9.920302743614002328e-01 1.015227057710501812e+00
4.883269488811492920e+02 9.920302743614002328e-01 1.015227057710501812e+00
4.883447291851043701e+02 9.920302743614002328e-01 1.015227057710501812e+00
4.883600254058837891e+02 9.920302743614002328e-01 1.015227057710501812e+00
4.883743298053741455e+02 9.920302743614002328e-01 1.015227057710501812e+00
4.883902623653411865e+02 9.920302743614002328e-01 1.015227057710501812e+00
4.884385752677917480e+02 9.920302743614002328e-01 1.015227057710501812e+00
4.884558446407318115e+02 9.920302743614002328e-01 1.015227057710501812e+00
4.884699790477752686e+02 9.920302743614002328e-01 1.015227057710501812e+00
4.884885532855987549e+02 9.920302743614002328e-01 1.015227057710501812e+00
4.885038015842437744e+02 9.940303353984191181e-01 1.030227515488143508e+00
4.885195508003234863e+02 9.920302743614002328e-01 1.015227057710501812e+00
4.885352649688720703e+02 9.920302743614002328e-01 1.015227057710501812e+00
4.885737586021423340e+02 9.940303353984191181e-01 1.030227515488143508e+00
4.886109294891357422e+02 9.920302743614002328e-01 1.015227057710501812e+00
4.886686766147613525e+02 9.940303353984191181e-01 1.030227515488143508e+00
4.886820657253265381e+02 9.920302743614002328e-01 1.015227057710501812e+00
4.887048890590667725e+02 9.920302743614002328e-01 1.015227057710501812e+00
4.887399210929870605e+02 9.920302743614002328e-01 1.015227057710501812e+00
4.887583084106445312e+02 9.920302743614002328e-01 1.015227057710501812e+00
4.887744026184082031e+02 9.940303353984191181e-01 1.030227515488143508e+00
4.887897164821624756e+02 9.920302743614002328e-01 1.015227057710501812e+00
4.888071439266204834e+02 9.940303353984191181e-01 1.030227515488143508e+00
4.888581962585449219e+02 9.940303353984191181e-01 1.030227515488143508e+00
4.888754153251647949e+02 9.940303353984191181e-01 1.030227515488143508e+00
4.888935711383819580e+02 9.920302743614002328e-01 1.015227057710501812e+00
4.889067633152008057e+02 9.940303353984191181e-01 1.030227515488143508e+00
4.889187042713165283e+02 9.920302743614002328e-01 1.015227057710501812e+00
4.889388463497161865e+02 9.940303353984191181e-01 1.030227515488143508e+00
4.889700372219085693e+02 9.920302743614002328e-01 1.015227057710501812e+00
4.890040323734283447e+02 9.920302743614002328e-01 1.015227057710501812e+00
4.890326099395751953e+02 9.920302743614002328e-01 1.015227057710501812e+00
4.890882899761199951e+02 9.940303353984191181e-01 1.030227515488143508e+00
4.891085183620452881e+02 9.920302743614002328e-01 1.015227057710501812e+00
4.891245357990264893e+02 9.920302743614002328e-01 1.015227057710501812e+00
4.891535739898681641e+02 9.920302743614002328e-01 1.015227057710501812e+00
4.891822116374969482e+02 9.940303353984191181e-01 1.030227515488143508e+00
4.892125809192657471e+02 9.920302743614002328e-01 1.015227057710501812e+00
4.892486972808837891e+02 9.920302743614002328e-01 1.015227057710501812e+00
4.892752621173858643e+02 9.920302743614002328e-01 1.015227057710501812e+00
4.893079051971435547e+02 9.920302743614002328e-01 1.015227057710501812e+00
4.893308811187744141e+02 9.920302743614002328e-01 1.015227057710501812e+00
4.893429958820343018e+02 9.920302743614002328e-01 1.015227057710501812e+00
4.893576226234436035e+02 9.940303353984191181e-01 1.030227515488143508e+00
4.893728201389312744e+02 9.920302743614002328e-01 1.015227057710501812e+00
4.894215619564056396e+02 9.920302743614002328e-01 1.015227057710501812e+00
4.894397189617156982e+02 9.940303353984191181e-01 1.030227515488143508e+00
4.894588174819946289e+02 9.940303353984191181e-01 1.030227515488143508e+00
4.894778769016265869e+02 9.940303353984191181e-01 1.030227515488143508e+00
4.894924325942993164e+02 9.920302743614002328e-01 1.015227057710501812e+00
4.895073599815368652e+02 9.920302743614002328e-01 1.015227057710501812e+00
4.895378787517547607e+02 9.940303353984191181e-01 1.030227515488143508e+00
4.895874407291412354e+02 9.920302743614002328e-01 1.015227057710501812e+00
4.896018080711364746e+02 9.940303353984191181e-01 1.030227515488143508e+00
4.896565043926239014e+02 9.920302743614002328e-01 1.015227057710501812e+00
4.896698825359344482e+02 9.920302743614002328e-01 1.015227057710501812e+00
4.896977262496948242e+02 9.920302743614002328e-01 1.015227057710501812e+00
4.897416512966156006e+02 9.920302743614002328e-01 1.015227057710501812e+00
4.897532095909118652e+02 9.920302743614002328e-01 1.015227057710501812e+00
4.897686851024627686e+02 9.940303353984191181e-01 1.030227515488143508e+00
4.897812178134918213e+02 9.920302743614002328e-01 1.015227057710501812e+00
4.898095817565917969e+02 9.940303353984191181e-01 1.030227515488143508e+00
4.898326401710510254e+02 9.940303353984191181e-01 1.030227515488143508e+00
4.898552091121673584e+02 9.920302743614002328e-01 1.015227057710501812e+00
4.898727393150329590e+02 9.940303353984191181e-01 1.030227515488143508e+00
4.898932220935821533e+02 9.940303353984191181e-01 1.030227515488143508e+00
4.899149348735809326e+02 9.920302743614002328e-01 1.015227057710501812e+00
4.899283807277679443e+02 9.920302743614002328e-01 1.015227057710501812e+00
4.899551486968994141e+02 9.920302743614002328e-01 1.015227057710501812e+00
4.899890410900115967e+02 9.920302743614002328e-01 1.015227057710501812e+00
4.900191869735717773e+02 9.920302743614002328e-01 1.015227057710501812e+00
4.900746972560882568e+02 9.920302743614002328e-01 1.015227057710501812e+00
4.900945136547088623e+02 9.920302743614002328e-01 1.015227057710501812e+00
4.901216130256652832e+02 9.940303353984191181e-01 1.030227515488143508e+00
4.901520919799804688e+02 9.940303353984191181e-01 1.030227515488143508e+00
4.901652269363403320e+02 9.920302743614002328e-01 1.015227057710501812e+00
4.901799561977386475e+02 9.920302743614002328e-01 1.015227057710501812e+00
4.901950557231903076e+02 9.920302743614002328e-01 1.015227057710501812e+00
4.902112581729888916e+02 9.920302743614002328e-01 1.015227057710501812e+00
4.902601122856140137e+02 9.920302743614002328e-01 1.015227057710501812e+00
4.902778909206390381e+02 9.920302743614002328e-01 1.015227057710501812e+00
4.902955844402313232e+02 9.940303353984191181e-01 1.030227515488143508e+00
4.903113360404968262e+02 9.920302743614002328e-01 1.015227057710501812e+00
4.903268485069274902e+02 9.940303353984191181e-01 1.030227515488143508e+00
4.903451678752899170e+02 9.920302743614002328e-01 1.015227057710501812e+00
4.903883721828460693e+02 9.920302743614002328e-01 1.015227057710501812e+00
4.904269084930419922e+02 9.920302743614002328e-01 1.015227057710501812e+00
4.904943683147430420e+02 9.940303353984191181e-01 1.030227515488143508e+00
4.905081753730773926e+02 9.920302743614002328e-01 1.015227057710501812e+00
4.905326457023620605e+02 9.920302743614002328e-01 1.015227057710501812e+00
4.905669929981231689e+02 9.940303353984191181e-01 1.030227515488143508e+00
4.905979061126708984e+02 9.920302743614002328e-01 1.015227057710501812e+00
4.906495683193206787e+02 9.920302743614002328e-01 1.015227057710501812e+00
4.906612889766693115e+02 9.920302743614002328e-01 1.015227057710501812e+00
4.906861426830291748e+02 9.920302743614002328e-01 1.015227057710501812e+00
4.907176759243011475e+02 9.920302743614002328e-01 1.015227057710501812e+00
4.907353644371032715e+02 9.920302743614002328e-01 1.015227057710501812e+00
4.907571589946746826e+02 9.940303353984191181e-01 1.030227515488143508e+00
4.907699584960937500e+02 9.920302743614002328e-01 1.015227057710501812e+00
4.907963566780090332e+02 9.920302743614002328e-01 1.015227057710501812e+00
4.908320093154907227e+02 9.940303353984191181e-01 1.030227515488143508e+00
4.908469882011413574e+02 9.940303353984191181e-01 1.030227515488143508e+00
4.908622348308563232e+02 9.920302743614002328e-01 1.015227057710501812e+00
4.908794701099395752e+02 9.940303353984191181e-01 1.030227515488143508e+00
4.908982551097869873e+02 9.940303353984191181e-01 1.030227515488143508e+00
4.909119682312011719e+02 9.920302743614002328e-01 1.015227057710501812e+00
4.909271922111511230e+02 9.920302743614002328e-01 1.015227057710501812e+00
4.909645113945007324e+02 9.940303353984191181e-01 1.030227515488143508e+00
4.910030674934387207e+02 9.920302743614002328e-01 1.015227057710501812e+00
4.910621461868286133e+02 9.940303353984191181e-01 1.030227515488143508e+00
4.910754086971282959e+02 9.920302743614002328e-01 1.015227057710501812e+00
4.911037189960479736e+02 9.920302743614002328e-01 1.015227057710501812e+00
4.911329429149627686e+02 9.920302743614002328e-01 1.015227057710501812e+00
4.911590375900268555e+02 9.920302743614002328e-01 1.015227057710501812e+00
4.911716384887695312e+02 9.920302743614002328e-01 1.015227057710501812e+00
4.911849787235260010e+02 9.920302743614002328e-01 1.015227057710501812e+00
4.912000160217285156e+02 9.940303353984191181e-01 1.030227515488143508e+00
4.912228164672851562e+02 9.920302743614002328e-01 1.015227057710501812e+00
4.912532548904418945e+02 9.920302743614002328e-01 1.015227057710501812e+00
4.912709968090057373e+02 9.940303353984191181e-01 1.030227515488143508e+00
4.912841410636901855e+02 9.920302743614002328e-01 1.015227057710501812e+00
4.913000209331512451e+02 9.940303353984191181e-01 1.030227515488143508e+00
4.913195521831512451e+02 9.940303353984191181e-01 1.030227515488143508e+00
4.913332889080047607e+02 9.940303353984191181e-01 1.030227515488143508e+00
4.913467745780944824e+02 9.920302743614002328e-01 1.015227057710501812e+00
4.913980524539947510e+02 9.920302743614002328e-01 1.015227057710501812e+00
4.914281859397888184e+02 9.920302743614002328e-01 1.015227057710501812e+00
4.914842815399169922e+02 9.920302743614002328e-01 1.015227057710501812e+00
4.915039358139038086e+02 9.920302743614002328e-01 1.015227057710501812e+00
4.915388669967651367e+02 9.920302743614002328e-01 1.015227057710501812e+00
4.915624871253967285e+02 9.920302743614002328e-01 1.015227057710501812e+00
4.915803191661834717e+02 9.940303353984191181e-01 1.030227515488143508e+00
4.915947039127349854e+02 9.920302743614002328e-01 1.015227057710501812e+00
4.916092140674591064e+02 9.940303353984191181e-01 1.030227515488143508e+00
4.916546521186828613e+02 9.920302743614002328e-01 1.015227057710501812e+00
4.916753940582275391e+02 9.920302743614002328e-01 1.015227057710501812e+00
4.916878435611724854e+02 9.920302743614002328e-01 1.015227057710501812e+00
4.917001554965972900e+02 9.920302743614002328e-01 1.015227057710501812e+00
4.917148268222808838e+02 9.920302743614002328e-01 1.015227057710501812e+00
4.917295165061950684e+02 9.940303353984191181e-01 1.030227515488143508e+00
4.917445631027221680e+02 9.940303353984191181e-01 1.030227515488143508e+00
4.917549948692321777e+02 9.920302743614002328e-01 1.015227057710501812e+00
4.917761435508728027e+02 9.940303353984191181e-01 1.030227515488143508e+00
4.918167500495910645e+02 9.920302743614002328e-01 1.015227057710501812e+00
4.918478391170501709e+02 9.920302743614002328e-01 1.015227057710501812e+00
4.919031412601470947e+02 9.920302743614002328e-01 1.015227057710501812e+00
4.919231958389282227e+02 9.920302743614002328e-01 1.015227057710501812e+00
4.919446933269500732e+02 9.920302743614002328e-01 1.015227057710501812e+00
4.919743504524230957e+02 9.920302743614002328e-01 1.015227057710501812e+00
4.920051975250244141e+02 9.920302743614002328e-01 1.015227057710501812e+00
4.920562508106231689e+02 9.920302743614002328e-01 1.015227057710501812e+00
4.920669722557067871e+02 9.920302743614002328e-01 1.015227057710501812e+00
4.920923633575439453e+02 9.920302743614002328e-01 1.015227057710501812e+00
4.921218242645263672e+02 9.920302743614002328e-01 1.015227057710501812e+00
4.921456451416015625e+02 9.940303353984191181e-01 1.030227515488143508e+00
4.921578519344329834e+02 9.920302743614002328e-01 1.015227057710501812e+00
4.921719830036163330e+02 9.920302743614002328e-01 1.015227057710501812e+00
4.921871371269226074e+02 9.920302743614002328e-01 1.015227057710501812e+00
4.922257902622222900e+02 9.920302743614002328e-01 1.015227057710501812e+00
4.922516214847564697e+02 9.940303353984191181e-01 1.030227515488143508e+00
4.922730493545532227e+02 9.920302743614002328e-01 1.015227057710501812e+00
4.922865262031555176e+02 9.940303353984191181e-01 1.030227515488143508e+00
4.922984032630920410e+02 9.940303353984191181e-01 1.030227515488143508e+00
4.923130342960357666e+02 9.920302743614002328e-01 1.015227057710501812e+00
4.923275804519653320e+02 9.920302743614002328e-01 1.015227057710501812e+00
4.923448276519775391e+02 9.940303353984191181e-01 1.030227515488143508e+00
4.923857851028442383e+02 9.940303353984191181e-01 1.030227515488143508e+00
4.924169642925262451e+02 9.940303353984191181e-01 1.030227515488143508e+00
4.924723355770111084e+02 9.920302743614002328e-01 1.015227057710501812e+00
4.924857609272003174e+02 9.920302743614002328e-01 1.015227057710501812e+00
4.925106735229492188e+02 9.920302743614002328e-01 1.015227057710501812e+00
4.925550262928009033e+02 9.920302743614002328e-01 1.015227057710501812e+00
4.925679225921630859e+02 9.920302743614002328e-01 1.015227057710501812e+00
4.925821800231933594e+02 9.920302743614002328e-01 1.015227057710501812e+00
4.926035699844360352e+02 9.940303353984191181e-01 1.030227515488143508e+00
4.926438140869140625e+02 9.920302743614002328e-01 1.015227057710501812e+00
4.926668672561645508e+02 9.920302743614002328e-01 1.015227057710501812e+00
4.926817548274993896e+02 9.940303353984191181e-01 1.030227515488143508e+00
4.926971247196197510e+02 9.920302743614002328e-01 1.015227057710501812e+00
4.927169337272644043e+02 9.940303353984191181e-01 1.030227515488143508e+00
4.927302303314208984e+02 9.920302743614002328e-01 1.015227057710501812e+00
4.927412028312683105e+02 9.920302743614002328e-01 1.015227057710501812e+00
4.927600629329681396e+02 9.920302743614002328e-01 1.015227057710501812e+00
4.928052141666412354e+02 9.920302743614002328e-01 1.015227057710501812e+00
4.928347585201263428e+02 9.920302743614002328e-01 1.015227057710501812e+00
4.928897988796234131e+02 9.920302743614002328e-01 1.015227057710501812e+00
4.929038238525390625e+02 9.920302743614002328e-01 1.015227057710501812e+00
4.929284715652465820e+02 9.920302743614002328e-01 1.015227057710501812e+00
4.929615371227264404e+02 9.920302743614002328e-01 1.015227057710501812e+00
4.929826970100402832e+02 9.940303353984191181e-01 1.030227515488143508e+00
4.929966988563537598e+02 9.920302743614002328e-01 1.015227057710501812e+00
4.930120623111724854e+02 9.920302743614002328e-01 1.015227057710501812e+00
4.930305664539337158e+02 9.920302743614002328e-01 1.015227057710501812e+00
4.930748147964477539e+02 9.940303353984191181e-01 1.030227515488143508e+00
4.930886347293853760e+02 9.940303353984191181e-01 1.030227515488143508e+00
4.931065807342529297e+02 9.920302743614002328e-01 1.015227057710501812e+00
4.931198346614837646e+02 9.920302743614002328e-01 1.015227057710501812e+00
4.931369073390960693e+02 9.940303353984191181e-01 1.030227515488143508e+00
4.931485552787780762e+02 9.940303353984191181e-01 1.030227515488143508e+00
4.931630361080169678e+02 9.920302743614002328e-01 1.015227057710501812e+00
4.931818022727966309e+02 9.940303353984191181e-01 1.030227515488143508e+00
4.932115943431854248e+02 9.940303353984191181e-01 1.030227515488143508e+00
4.932522790431976318e+02 9.920302743614002328e-01 1.015227057710501812e+00
4.933097958564758301e+02 9.940303353984191181e-01 1.030227515488143508e+00
4.933234357833862305e+02 9.920302743614002328e-01 1.015227057710501812e+00
4.933466348648071289e+02 9.920302743614002328e-01 1.015227057710501812e+00
4.933762300014495850e+02 9.920302743614002328e-01 1.015227057710501812e+00
4.934062573909759521e+02 9.940303353984191181e-01 1.030227515488143508e+00
4.934350471496582031e+02 9.920302743614002328e-01 1.015227057710501812e+00
4.934721565246582031e+02 9.940303353984191181e-01 1.030227515488143508e+00
4.935009088516235352e+02 9.920302743614002328e-01 1.015227057710501812e+00
4.935432839393615723e+02 9.940303353984191181e-01 1.030227515488143508e+00
4.935592689514160156e+02 9.920302743614002328e-01 1.015227057710501812e+00
4.935757830142974854e+02 9.940303353984191181e-01 1.030227515488143508e+00
4.935911509990692139e+02 9.920302743614002328e-01 1.015227057710501812e+00
4.936421432495117188e+02 9.920302743614002328e-01 1.015227057710501812e+00
4.936571853160858154e+02 9.920302743614002328e-01 1.015227057710501812e+00
4.936739592552185059e+02 9.920302743614002328e-01 1.015227057710501812e+00
4.936913583278656006e+02 9.940303353984191181e-01 1.030227515488143508e+00
4.937047812938690186e+02 9.920302743614002328e-01 1.015227057710501812e+00
4.937183356285095215e+02 9.940303353984191181e-01 1.030227515488143508e+00
4.937305767536163330e+02 9.920302743614002328e-01 1.015227057710501812e+00
4.937597358226776123e+02 9.940303353984191181e-01 1.030227515488143508e+00
4.938077116012573242e+02 9.920302743614002328e-01 1.015227057710501812e+00
4.938219110965728760e+02 9.920302743614002328e-01 1.015227057710501812e+00
4.938756968975067139e+02 9.940303353984191181e-01 1.030227515488143508e+00
4.938892433643341064e+02 9.940303353984191181e-01 1.030227515488143508e+00
4.939261603355407715e+02 9.920302743614002328e-01 1.015227057710501812e+00
4.939570524692535400e+02 9.920302743614002328e-01 1.015227057710501812e+00
4.939703347682952881e+02 9.920302743614002328e-01 1.015227057710501812e+00
4.939853150844573975e+02 9.920302743614002328e-01 1.015227057710501812e+00
4.940037033557891846e+02 9.920302743614002328e-01 1.015227057710501812e+00
4.940198476314544678e+02 9.920302743614002328e-01 1.015227057710501812e+00
4.940549941062927246e+02 9.920302743614002328e-01 1.015227057710501812e+00
4.940722262859344482e+02 9.940303353984191181e-01 1.030227515488143508e+00
4.940944070816040039e+02 9.940303353984191181e-01 1.030227515488143508e+00
4.941142067909240723e+02 9.920302743614002328e-01 1.015227057710501812e+00
4.941316986083984375e+02 9.940303353984191181e-01 1.030227515488143508e+00
4.941465313434600830e+02 9.920302743614002328e-01 1.015227057710501812e+00
4.941818504333496094e+02 9.940303353984191181e-01 1.030227515488143508e+00
4.942111749649047852e+02 9.940303353984191181e-01 1.030227515488143508e+00
4.942408514022827148e+02 9.940303353984191181e-01 1.030227515488143508e+00
4.942963333129882812e+02 9.940303353984191181e-01 1.030227515488143508e+00
4.943108255863189697e+02 9.920302743614002328e-01 1.015227057710501812e+00
4.943368074893951416e+02 9.920302743614002328e-01 1.015227057710501812e+00
4.943806598186492920e+02 9.920302743614002328e-01 1.015227057710501812e+00
4.943943812847137451e+02 9.920302743614002328e-01 1.015227057710501812e+00
4.944094324111938477e+02 9.920302743614002328e-01 1.015227057710501812e+00
4.944243183135986328e+02 9.940303353984191181e-01 1.030227515488143508e+00
4.944492840766906738e+02 9.940303353984191181e-01 1.030227515488143508e+00
4.944834499359130859e+02 9.940303353984191181e-01 1.030227515488143508e+00
4.944980170726776123e+02 9.920302743614002328e-01 1.015227057710501812e+00
4.945140256881713867e+02 9.920302743614002328e-01 1.015227057710501812e+00
4.945284273624420166e+02 9.920302743614002328e-01 1.015227057710501812e+00
4.945444791316986084e+02 9.920302743614002328e-01 1.015227057710501812e+00
4.945623726844787598e+02 9.920302743614002328e-01 1.015227057710501812e+00
4.945755164623260498e+02 9.920302743614002328e-01 1.015227057710501812e+00
4.946132204532623291e+02 9.920302743614002328e-01 1.015227057710501812e+00
4.946522226333618164e+02 9.940303353984191181e-01 1.030227515488143508e+00
4.947111284732818604e+02 9.940303353984191181e-01 1.030227515488143508e+00
4.947241868972778320e+02 9.920302743614002328e-01 1.015227057710501812e+00
4.947430667877197266e+02 9.940303353984191181e-01 1.030227515488143508e+00
4.947724397182464600e+02 9.920302743614002328e-01 1.015227057710501812e+00
4.948009169101715088e+02 9.940303353984191181e-01 1.030227515488143508e+00
4.948292346000671387e+02 9.920302743614002328e-01 1.015227057710501812e+00
4.948719871044158936e+02 9.920302743614002328e-01 1.015227057710501812e+00
4.948992872238159180e+02 9.920302743614002328e-01 1.015227057710501812e+00
4.949286489486694336e+02 9.920302743614002328e-01 1.015227057710501812e+00
4.949499995708465576e+02 9.940303353984191181e-01 1.030227515488143508e+00
4.949654598236083984e+02 9.940303353984191181e-01 1.030227515488143508e+00
4.949776802062988281e+02 9.940303353984191181e-01 1.030227515488143508e+00
4.949886217117309570e+02 9.920302743614002328e-01 1.015227057710501812e+00
4.950049006938934326e+02 9.920302743614002328e-01 1.015227057710501812e+00
4.950522694587707520e+02 9.940303353984191181e-01 1.030227515488143508e+00
4.950685853958129883e+02 9.940303353984191181e-01 1.030227515488143508e+00
4.950855565071105957e+02 9.920302743614002328e-01 1.015227057710501812e+00
4.951023070812225342e+02 9.920302743614002328e-01 1.015227057710501812e+00
4.951169445514678955e+02 9.940303353984191181e-01 1.030227515488143508e+00
4.951326696872711182e+02 9.940303353984191181e-01 1.030227515488143508e+00
4.951491348743438721e+02 9.940303353984191181e-01 1.030227515488143508e+00
4.951942818164825439e+02 9.940303353984191181e-01 1.030227515488143508e+00
4.952241208553314209e+02 9.920302743614002328e-01 1.015227057710501812e+00
4.952802827358245850e+02 9.920302743614002328e-01 1.015227057710501812e+00
4.952936866283416748e+02 9.940303353984191181e-01 1.030227515488143508e+00
4.953223843574523926e+02 9.940303353984191181e-01 1.030227515488143508e+00
4.953531098365783691e+02 9.940303353984191181e-01 1.030227515488143508e+00
4.953743407726287842e+02 9.940303353984191181e-01 1.030227515488143508e+00
4.953874223232269287e+02 9.940303353984191181e-01 1.030227515488143508e+00
4.954000012874603271e+02 9.940303353984191181e-01 1.030227515488143508e+00
4.954120886325836182e+02 9.920302743614002328e-01 1.015227057710501812e+00
4.954257791042327881e+02 9.940303353984191181e-01 1.030227515488143508e+00
4.954774861335754395e+02 9.940303353984191181e-01 1.030227515488143508e+00
4.955005056858062744e+02 9.940303353984191181e-01 1.030227515488143508e+00
4.955176010131835938e+02 9.920302743614002328e-01 1.015227057710501812e+00
4.955330898761749268e+02 9.940303353984191181e-01 1.030227515488143508e+00
4.955523378849029541e+02 9.940303353984191181e-01 1.030227515488143508e+00
4.955658490657806396e+02 9.940303353984191181e-01 1.030227515488143508e+00
4.955798840522766113e+02 9.940303353984191181e-01 1.030227515488143508e+00
4.956052706241607666e+02 9.940303353984191181e-01 1.030227515488143508e+00
4.956571211814880371e+02 9.920302743614002328e-01 1.015227057710501812e+00
4.956716365814208984e+02 9.940303353984191181e-01 1.030227515488143508e+00
4.957277252674102783e+02 9.940303353984191181e-01 1.030227515488143508e+00
4.957531738281250000e+02 9.940303353984191181e-01 1.030227515488143508e+00
4.957845883369445801e+02 9.920302743614002328e-01 1.015227057710501812e+00
4.958143684864044189e+02 9.920302743614002328e-01 1.015227057710501812e+00
4.958308601379394531e+02 9.940303353984191181e-01 1.030227515488143508e+00
4.958451566696166992e+02 9.940303353984191181e-01 1.030227515488143508e+00
4.958605601787567139e+02 9.920302743614002328e-01 1.015227057710501812e+00
4.959217758178710938e+02 9.940303353984191181e-01 1.030227515488143508e+00
4.959364326000213623e+02 9.920302743614002328e-01 1.015227057710501812e+00
4.959526619911193848e+02 9.920302743614002328e-01 1.015227057710501812e+00
4.959697239398956299e+02 9.920302743614002328e-01 1.015227057710501812e+00
4.959849581718444824e+02 9.920302743614002328e-01 1.015227057710501812e+00
4.959984929561614990e+02 9.920302743614002328e-01 1.015227057710501812e+00
4.960118043422698975e+02 9.940303353984191181e-01 1.030227515488143508e+00
4.960865077972412109e+02 9.920302743614002328e-01 1.015227057710501812e+00
4.961458547115325928e+02 9.940303353984191181e-01 1.030227515488143508e+00
4.961594204902648926e+02 9.920302743614002328e-01 1.015227057710501812e+00
4.961858901977539062e+02 9.940303353984191181e-01 1.030227515488143508e+00
4.962214200496673584e+02 9.940303353984191181e-01 1.030227515488143508e+00
4.962478473186492920e+02 9.920302743614002328e-01 1.015227057710501812e+00
4.962765722274780273e+02 9.940303353984191181e-01 1.030227515488143508e+00
4.963138487339019775e+02 9.920302743614002328e-01 1.015227057710501812e+00
4.963341107368469238e+02 9.920302743614002328e-01 1.015227057710501812e+00
4.963926589488983154e+02 9.940303353984191181e-01 1.030227515488143508e+00
4.964114305973052979e+02 9.940303353984191181e-01 1.030227515488143508e+00
4.964242081642150879e+02 9.940303353984191181e-01 1.030227515488143508e+00
4.964400377273559570e+02 9.940303353984191181e-01 1.030227515488143508e+00
4.964640173912048340e+02 9.920302743614002328e-01 1.015227057710501812e+00
4.965020372867584229e+02 9.940303353984191181e-01 1.030227515488143508e+00
4.965170073509216309e+02 9.920302743614002328e-01 1.015227057710501812e+00
4.965361495018005371e+02 9.940303353984191181e-01 1.030227515488143508e+00
4.965505330562591553e+02 9.940303353984191181e-01 1.030227515488143508e+00
4.965646300315856934e+02 9.920302743614002328e-01 1.015227057710501812e+00
4.965787727832794189e+02 9.920302743614002328e-01 1.015227057710501812e+00
4.966142349243164062e+02 9.940303353984191181e-01 1.030227515488143508e+00
4.966443588733673096e+02 9.940303353984191181e-01 1.030227515488143508e+00
4.966740119457244873e+02 9.920302743614002328e-01 1.015227057710501812e+00
4.967621614933013916e+02 9.940303353984191181e-01 1.030227515488143508e+00
4.967756595611572266e+02 9.940303353984191181e-01 1.030227515488143508e+00
4.968003528118133545e+02 9.940303353984191181e-01 1.030227515488143508e+00
4.968271510601043701e+02 9.920302743614002328e-01 1.015227057710501812e+00
4.968641552925109863e+02 9.920302743614002328e-01 1.015227057710501812e+00
4.968792231082916260e+02 9.940303353984191181e-01 1.030227515488143508e+00
4.968920917510986328e+02 9.920302743614002328e-01 1.015227057710501812e+00
4.969106626510620117e+02 9.940303353984191181e-01 1.030227515488143508e+00
4.969374661445617676e+02 9.940303353984191181e-01 1.030227515488143508e+00
4.969745907783508301e+02 9.940303353984191181e-01 1.030227515488143508e+00
4.969869132041931152e+02 9.920302743614002328e-01 1.015227057710501812e+00
4.970014696121215820e+02 9.940303353984191181e-01 1.030227515488143508e+00
4.970149617195129395e+02 9.920302743614002328e-01 1.015227057710501812e+00
4.970274462699890137e+02 9.940303353984191181e-01 1.030227515488143508e+00
4.970437474250793457e+02 9.940303353984191181e-01 1.030227515488143508e+00
4.970602364540100098e+02 9.940303353984191181e-01 1.030227515488143508e+00
4.970989890098571777e+02 9.940303353984191181e-01 1.030227515488143508e+00
4.971376626491546631e+02 9.940303353984191181e-01 1.030227515488143508e+00
4.972017531394958496e+02 9.940303353984191181e-01 1.030227515488143508e+00
4.972151651382446289e+02 9.940303353984191181e-01 1.030227515488143508e+00
4.972449438571929932e+02 9.920302743614002328e-01 1.015227057710501812e+00
4.972854969501495361e+02 9.940303353984191181e-01 1.030227515488143508e+00
4.973037788867950439e+02 9.940303353984191181e-01 1.030227515488143508e+00
4.973179738521575928e+02 9.940303353984191181e-01 1.030227515488143508e+00
4.973323106765747070e+02 9.940303353984191181e-01 1.030227515488143508e+00
4.973567066192626953e+02 9.940303353984191181e-01 1.030227515488143508e+00
4.973967773914337158e+02 9.920302743614002328e-01 1.015227057710501812e+00
4.974102468490600586e+02 9.920302743614002328e-01 1.015227057710501812e+00
4.974277169704437256e+02 9.940303353984191181e-01 1.030227515488143508e+00
4.974396653175354004e+02 9.940303353984191181e-01 1.030227515488143508e+00
4.974555060863494873e+02 9.940303353984191181e-01 1.030227515488143508e+00
4.974739880561828613e+02 9.940303353984191181e-01 1.030227515488143508e+00
4.974877283573150635e+02 9.920302743614002328e-01 1.015227057710501812e+00
4.975116991996765137e+02 9.920302743614002328e-01 1.015227057710501812e+00
4.975425784587860107e+02 9.940303353984191181e-01 1.030227515488143508e+00
4.975721945762634277e+02 9.920302743614002328e-01 1.015227057710501812e+00
4.976284584999084473e+02 9.920302743614002328e-01 1.015227057710501812e+00
4.976422696113586426e+02 9.940303353984191181e-01 1.030227515488143508e+00
4.976591022014617920e+02 9.920302743614002328e-01 1.015227057710501812e+00
4.976884875297546387e+02 9.920302743614002328e-01 1.015227057710501812e+00
4.977171280384063721e+02 9.920302743614002328e-01 1.015227057710501812e+00
4.977454526424407959e+02 9.920302743614002328e-01 1.015227057710501812e+00
4.977867324352264404e+02 9.920302743614002328e-01 1.015227057710501812e+00
4.978074152469635010e+02 9.920302743614002328e-01 1.015227057710501812e+00
4.978426408767700195e+02 9.940303353984191181e-01 1.030227515488143508e+00
4.978696374893188477e+02 9.920302743614002328e-01 1.015227057710501812e+00
4.978822371959686279e+02 9.920302743614002328e-01 1.015227057710501812e+00
4.978959670066833496e+02 9.940303353984191181e-01 1.030227515488143508e+00
4.979104087352752686e+02 9.920302743614002328e-01 1.015227057710501812e+00
4.979642810821533203e+02 9.920302743614002328e-01 1.015227057710501812e+00
4.979788451194763184e+02 9.920302743614002328e-01 1.015227057710501812e+00
4.979971799850463867e+02 9.920302743614002328e-01 1.015227057710501812e+00
4.980098001956939697e+02 9.920302743614002328e-01 1.015227057710501812e+00
4.980245370864868164e+02 9.940303353984191181e-01 1.030227515488143508e+00
4.980381848812103271e+02 9.940303353984191181e-01 1.030227515488143508e+00
4.980534808635711670e+02 9.920302743614002328e-01 1.015227057710501812e+00
4.980971426963806152e+02 9.940303353984191181e-01 1.030227515488143508e+00
4.981382238864898682e+02 9.940303353984191181e-01 1.030227515488143508e+00
4.981961581707000732e+02 9.940303353984191181e-01 1.030227515488143508e+00
4.982099072933197021e+02 9.940303353984191181e-01 1.030227515488143508e+00
4.982382183074951172e+02 9.920302743614002328e-01 1.015227057710501812e+00
4.982774686813354492e+02 9.940303353984191181e-01 1.030227515488143508e+00
4.982908921241760254e+02 9.920302743614002328e-01 1.015227057710501812e+00
4.983042681217193604e+02 9.920302743614002328e-01 1.015227057710501812e+00
4.983195502758026123e+02 9.940303353984191181e-01 1.030227515488143508e+00
4.983330793380737305e+02 9.940303353984191181e-01 1.030227515488143508e+00
4.983850159645080566e+02 9.940303353984191181e-01 1.030227515488143508e+00
4.984009628295898438e+02 9.940303353984191181e-01 1.030227515488143508e+00
4.984179570674896240e+02 9.940303353984191181e-01 1.030227515488143508e+00
4.984381954669952393e+02 9.940303353984191181e-01 1.030227515488143508e+00
4.984528717994689941e+02 9.940303353984191181e-01 1.030227515488143508e+00
4.984713909626007080e+02 9.940303353984191181e-01 1.030227515488143508e+00
4.985000715255737305e+02 9.940303353984191181e-01 1.030227515488143508e+00
4.985493903160095215e+02 9.940303353984191181e-01 1.030227515488143508e+00
4.985641064643859863e+02 9.920302743614002328e-01 1.015227057710501812e+00
4.986194670200347900e+02 9.940303353984191181e-01 1.030227515488143508e+00
4.986337807178497314e+02 9.940303353984191181e-01 1.030227515488143508e+00
4.986624314785003662e+02 9.920302743614002328e-01 1.015227057710501812e+00
4.986922049522399902e+02 9.940303353984191181e-01 1.030227515488143508e+00
4.987170255184173584e+02 9.920302743614002328e-01 1.015227057710501812e+00
4.987349648475646973e+02 9.940303353984191181e-01 1.030227515488143508e+00
4.987509622573852539e+02 9.940303353984191181e-01 1.030227515488143508e+00
4.987677247524261475e+02 9.920302743614002328e-01 1.015227057710501812e+00
4.988192017078399658e+02 9.920302743614002328e-01 1.015227057710501812e+00
4.988327038288116455e+02 9.940303353984191181e-01 1.030227515488143508e+00
4.988493015766143799e+02 9.920302743614002328e-01 1.015227057710501812e+00
4.988670582771301270e+02 9.920302743614002328e-01 1.015227057710501812e+00
4.988821945190429688e+02 9.940303353984191181e-01 1.030227515488143508e+00
4.988982877731323242e+02 9.920302743614002328e-01 1.015227057710501812e+00
4.989096550941467285e+02 9.940303353984191181e-01 1.030227515488143508e+00
4.989587218761444092e+02 9.940303353984191181e-01 1.030227515488143508e+00
4.989892709255218506e+02 9.940303353984191181e-01 1.030227515488143508e+00
4.990460329055786133e+02 9.920302743614002328e-01 1.015227057710501812e+00
4.990695078372955322e+02 9.920302743614002328e-01 1.015227057710501812e+00
4.990952751636505127e+02 9.920302743614002328e-01 1.015227057710501812e+00
4.991318256855010986e+02 9.940303353984191181e-01 1.030227515488143508e+00
4.991625413894653320e+02 9.940303353984191181e-01 1.030227515488143508e+00
4.992035517692565918e+02 9.920302743614002328e-01 1.015227057710501812e+00
4.992250125408172607e+02 9.940303353984191181e-01 1.030227515488143508e+00
4.992625367641448975e+02 9.920302743614002328e-01 1.015227057710501812e+00
4.992881853580474854e+02 9.940303353984191181e-01 1.030227515488143508e+00
4.993023970127105713e+02 9.940303353984191181e-01 1.030227515488143508e+00
4.993176827430725098e+02 9.920302743614002328e-01 1.015227057710501812e+00
4.993652884960174561e+02 9.940303353984191181e-01 1.030227515488143508e+00
4.993946487903594971e+02 9.940303353984191181e-01 1.030227515488143508e+00
4.994136812686920166e+02 9.920302743614002328e-01 1.015227057710501812e+00
4.994332633018493652e+02 9.920302743614002328e-01 1.015227057710501812e+00
4.994467523097991943e+02 9.920302743614002328e-01 1.015227057710501812e+00
4.994645700454711914e+02 9.940303353984191181e-01 1.030227515488143508e+00
4.994808058738708496e+02 9.920302743614002328e-01 1.015227057710501812e+00
4.995257899761199951e+02 9.940303353984191181e-01 1.030227515488143508e+00
4.995564115047454834e+02 9.920302743614002328e-01 1.015227057710501812e+00
4.996138904094696045e+02 9.940303353984191181e-01 1.030227515488143508e+00
4.996277084350585938e+02 9.920302743614002328e-01 1.015227057710501812e+00
4.996548762321472168e+02 9.920302743614002328e-01 1.015227057710501812e+00
4.996964561939239502e+02 9.940303353984191181e-01 1.030227515488143508e+00
4.997082962989807129e+02 9.920302743614002328e-01 1.015227057710501812e+00
4.997232472896575928e+02 9.940303353984191181e-01 1.030227515488143508e+00
4.997450516223907471e+02 9.940303353984191181e-01 1.030227515488143508e+00
4.998003554344177246e+02 9.920302743614002328e-01 1.015227057710501812e+00
4.998137283325195312e+02 9.940303353984191181e-01 1.030227515488143508e+00
4.998281261920928955e+02 9.940303353984191181e-01 1.030227515488143508e+00
4.998452095985412598e+02 9.940303353984191181e-01 1.030227515488143508e+00
4.998642392158508301e+02 9.940303353984191181e-01 1.030227515488143508e+00
4.998795185089111328e+02 9.940303353984191181e-01 1.030227515488143508e+00
4.999122953414916992e+02 9.940303353984191181e-01 1.030227515488143508e+00
4.999434061050415039e+02 9.920302743614002328e-01 1.015227057710501812e+00
4.999727842807769775e+02 9.940303353984191181e-01 1.030227515488143508e+00
5.000290086269378662e+02 9.940303353984191181e-01 1.030227515488143508e+00
5.000432136058807373e+02 9.920302743614002328e-01 1.015227057710501812e+00
5.000925006866455078e+02 9.940303353984191181e-01 1.030227515488143508e+00
5.001180694103240967e+02 9.940303353984191181e-01 1.030227515488143508e+00
5.001329667568206787e+02 9.920302743614002328e-01 1.015227057710501812e+00
5.001487777233123779e+02 9.940303353984191181e-01 1.030227515488143508e+00
5.001670339107513428e+02 9.920302743614002328e-01 1.015227057710501812e+00
5.001986961364746094e+02 9.920302743614002328e-01 1.015227057710501812e+00
5.002242901325225830e+02 9.940303353984191181e-01 1.030227515488143508e+00
5.002411088943481445e+02 9.920302743614002328e-01 1.015227057710501812e+00
5.002578358650207520e+02 9.940303353984191181e-01 1.030227515488143508e+00
5.002722938060760498e+02 9.920302743614002328e-01 1.015227057710501812e+00
5.002897486686706543e+02 9.920302743614002328e-01 1.015227057710501812e+00
5.003066382408142090e+02 9.940303353984191181e-01 1.030227515488143508e+00
5.003462142944335938e+02 9.940303353984191181e-01 1.030227515488143508e+00
5.003835496902465820e+02 9.940303353984191181e-01 1.030227515488143508e+00
5.004436030387878418e+02 9.940303353984191181e-01 1.030227515488143508e+00
5.004588131904602051e+02 9.920302743614002328e-01 1.015227057710501812e+00
5.004841246604919434e+02 9.940303353984191181e-01 1.030227515488143508e+00
5.005135521888732910e+02 9.920302743614002328e-01 1.015227057710501812e+00
5.005419092178344727e+02 9.920302743614002328e-01 1.015227057710501812e+00
5.005723969936370850e+02 9.920302743614002328e-01 1.015227057710501812e+00
