2.235813554763793945e+03 1.180036011841181787e-01 -5.539972991119114454e+00
2.235825886011123657e+03 1.220037232581560743e-01 -5.509972075563829286e+00
2.235837975502014160e+03 1.200036622211371196e-01 -5.524972533341471426e+00
2.235849406719207764e+03 1.240037842951750291e-01 -5.494971617786187146e+00
2.235860322713851929e+03 1.200036622211371196e-01 -5.524972533341471426e+00
2.235876446247100830e+03 1.220037232581560743e-01 -5.509972075563829286e+00
2.235887614250183105e+03 1.220037232581560743e-01 -5.509972075563829286e+00
2.235902901411056519e+03 1.200036622211371196e-01 -5.524972533341471426e+00
2.235918613672256470e+03 1.240037842951750291e-01 -5.494971617786187146e+00
2.235944182395935059e+03 1.200036622211371196e-01 -5.524972533341471426e+00
2.235976044654846191e+03 1.220037232581560743e-01 -5.509972075563829286e+00
2.235990379810333252e+03 1.240037842951750291e-01 -5.494971617786187146e+00
2.236001589059829712e+03 1.200036622211371196e-01 -5.524972533341471426e+00
2.236012878656387329e+03 1.220037232581560743e-01 -5.509972075563829286e+00
2.236024099826812744e+03 1.220037232581560743e-01 -5.509972075563829286e+00
2.236036789417266846e+03 1.180036011841181787e-01 -5.539972991119114454e+00
2.236051470518112183e+03 1.220037232581560743e-01 -5.509972075563829286e+00
2.236070771932601929e+03 1.240037842951750291e-01 -5.494971617786187146e+00
2.236089012145996094e+03 1.220037232581560743e-01 -5.509972075563829286e+00
2.236102811813354492e+03 1.180036011841181787e-01 -5.539972991119114454e+00
2.236116443634033203e+03 1.220037232581560743e-01 -5.509972075563829286e+00
2.236134359836578369e+03 1.220037232581560743e-01 -5.509972075563829286e+00
2.236148072481155396e+03 1.220037232581560743e-01 -5.509972075563829286e+00
2.236163746356964111e+03 1.180036011841181787e-01 -5.539972991119114454e+00
2.236176848888397217e+03 1.200036622211371196e-01 -5.524972533341471426e+00
2.236200523614883423e+03 1.240037842951750291e-01 -5.494971617786187146e+00
2.236258597135543823e+03 1.200036622211371196e-01 -5.524972533341471426e+00
2.236318844795227051e+03 1.180036011841181787e-01 -5.539972991119114454e+00
2.236332379341125488e+03 1.180036011841181787e-01 -5.539972991119114454e+00
2.236356002330780029e+03 1.200036622211371196e-01 -5.524972533341471426e+00
2.236398325920104980e+03 1.180036011841181787e-01 -5.539972991119114454e+00
2.236419633626937866e+03 1.200036622211371196e-01 -5.524972533341471426e+00
2.236431555747985840e+03 1.220037232581560743e-01 -5.509972075563829286e+00
2.236445308923721313e+03 1.180036011841181787e-01 -5.539972991119114454e+00
2.236456420421600342e+03 1.180036011841181787e-01 -5.539972991119114454e+00
2.236473855495452881e+03 1.060032349620044501e-01 -5.629975737784966405e+00
2.236520533084869385e+03 1.080032959990234048e-01 -5.614975280007325154e+00
2.236541316509246826e+03 1.180036011841181787e-01 -5.539972991119114454e+00
2.236555368661880493e+03 1.200036622211371196e-01 -5.524972533341471426e+00
2.236568159580230713e+03 1.200036622211371196e-01 -5.524972533341471426e+00
2.236581433296203613e+03 1.180036011841181787e-01 -5.539972991119114454e+00
2.236595139026641846e+03 1.140034791100802691e-01 -5.569973906674397846e+00
2.236610868692398071e+03 1.200036622211371196e-01 -5.524972533341471426e+00
2.236625422000885010e+03 1.180036011841181787e-01 -5.539972991119114454e+00
2.236639049768447876e+03 1.040031739249855092e-01 -5.644976195562608545e+00
2.236656528472900391e+03 1.200036622211371196e-01 -5.524972533341471426e+00
2.236703393459320068e+03 1.180036011841181787e-01 -5.539972991119114454e+00
2.236733984947204590e+03 1.200036622211371196e-01 -5.524972533341471426e+00
2.236790391206741333e+03 1.200036622211371196e-01 -5.524972533341471426e+00
2.236804243087768555e+03 1.160035401470992239e-01 -5.554973448896755706e+00
2.236822960853576660e+03 1.160035401470992239e-01 -5.554973448896755706e+00
2.236851111888885498e+03 1.160035401470992239e-01 -5.554973448896755706e+00
2.236879446744918823e+03 1.180036011841181787e-01 -5.539972991119114454e+00
2.236908696889877319e+03 1.140034791100802691e-01 -5.569973906674397846e+00
2.236950428247451782e+03 1.140034791100802691e-01 -5.569973906674397846e+00
2.236971361398696899e+03 1.100033570360423596e-01 -5.599974822229682125e+00
2.237010830640792847e+03 1.100033570360423596e-01 -5.599974822229682125e+00
2.237033868074417114e+03 1.140034791100802691e-01 -5.569973906674397846e+00
2.237046791553497314e+03 1.160035401470992239e-01 -5.554973448896755706e+00
2.237058422803878784e+03 1.120034180730613144e-01 -5.584974364452039985e+00
2.237073618650436401e+03 1.180036011841181787e-01 -5.539972991119114454e+00
2.237115960121154785e+03 1.180036011841181787e-01 -5.539972991119114454e+00
2.237144133806228638e+03 1.200036622211371196e-01 -5.524972533341471426e+00
2.237160026550292969e+03 1.160035401470992239e-01 -5.554973448896755706e+00
2.237175632715225220e+03 1.200036622211371196e-01 -5.524972533341471426e+00
2.237189321517944336e+03 1.200036622211371196e-01 -5.524972533341471426e+00
2.237202401876449585e+03 1.180036011841181787e-01 -5.539972991119114454e+00
2.237220415115356445e+03 1.180036011841181787e-01 -5.539972991119114454e+00
2.237235573053359985e+03 1.200036622211371196e-01 -5.524972533341471426e+00
2.237252703905105591e+03 1.180036011841181787e-01 -5.539972991119114454e+00
2.237308427095413208e+03 1.180036011841181787e-01 -5.539972991119114454e+00
2.237338304758071899e+03 1.200036622211371196e-01 -5.524972533341471426e+00
2.237395129680633545e+03 1.180036011841181787e-01 -5.539972991119114454e+00
2.237408500909805298e+03 1.160035401470992239e-01 -5.554973448896755706e+00
2.237435626745223999e+03 1.200036622211371196e-01 -5.524972533341471426e+00
2.237479125022888184e+03 1.200036622211371196e-01 -5.524972533341471426e+00
2.237492953777313232e+03 1.200036622211371196e-01 -5.524972533341471426e+00
2.237504930257797241e+03 1.160035401470992239e-01 -5.554973448896755706e+00
2.237516210079193115e+03 1.180036011841181787e-01 -5.539972991119114454e+00
2.237531120300292969e+03 1.180036011841181787e-01 -5.539972991119114454e+00
2.237576219797134399e+03 1.160035401470992239e-01 -5.554973448896755706e+00
2.237604798555374146e+03 1.200036622211371196e-01 -5.524972533341471426e+00
2.237618237018585205e+03 1.180036011841181787e-01 -5.539972991119114454e+00
2.237631490707397461e+03 1.220037232581560743e-01 -5.509972075563829286e+00
2.237651679992675781e+03 1.180036011841181787e-01 -5.539972991119114454e+00
2.237668935060501099e+03 1.200036622211371196e-01 -5.524972533341471426e+00
2.237682857513427734e+03 1.180036011841181787e-01 -5.539972991119114454e+00
2.237699863672256470e+03 1.180036011841181787e-01 -5.539972991119114454e+00
2.237717500686645508e+03 1.200036622211371196e-01 -5.524972533341471426e+00
2.237751199960708618e+03 1.220037232581560743e-01 -5.509972075563829286e+00
2.237790270805358887e+03 1.200036622211371196e-01 -5.524972533341471426e+00
2.237849902153015137e+03 1.140034791100802691e-01 -5.569973906674397846e+00
2.237863239765167236e+03 1.160035401470992239e-01 -5.554973448896755706e+00
2.237893664598464966e+03 1.180036011841181787e-01 -5.539972991119114454e+00
2.237925878286361694e+03 1.180036011841181787e-01 -5.539972991119114454e+00
2.237943514347076416e+03 1.160035401470992239e-01 -5.554973448896755706e+00
2.237957848787307739e+03 1.200036622211371196e-01 -5.524972533341471426e+00
2.237971671819686890e+03 1.200036622211371196e-01 -5.524972533341471426e+00
2.237984361886978149e+03 1.160035401470992239e-01 -5.554973448896755706e+00
2.238001148700714111e+03 1.180036011841181787e-01 -5.539972991119114454e+00
2.238045674085617065e+03 1.180036011841181787e-01 -5.539972991119114454e+00
2.238064695596694946e+03 1.160035401470992239e-01 -5.554973448896755706e+00
2.238082279205322266e+03 1.160035401470992239e-01 -5.554973448896755706e+00
2.238100220203399658e+03 1.200036622211371196e-01 -5.524972533341471426e+00
2.238118410110473633e+03 1.180036011841181787e-01 -5.539972991119114454e+00
2.238131549835205078e+03 1.220037232581560743e-01 -5.509972075563829286e+00
2.238144256353378296e+03 1.160035401470992239e-01 -5.554973448896755706e+00
2.238158138513565063e+03 1.180036011841181787e-01 -5.539972991119114454e+00
2.238171568155288696e+03 1.220037232581560743e-01 -5.509972075563829286e+00
2.238242180347442627e+03 1.180036011841181787e-01 -5.539972991119114454e+00
2.238257025241851807e+03 1.180036011841181787e-01 -5.539972991119114454e+00
2.238311921358108521e+03 1.200036622211371196e-01 -5.524972533341471426e+00
2.238325779438018799e+03 1.160035401470992239e-01 -5.554973448896755706e+00
2.238342972040176392e+03 1.180036011841181787e-01 -5.539972991119114454e+00
2.238371855735778809e+03 1.180036011841181787e-01 -5.539972991119114454e+00
2.238400383234024048e+03 1.200036622211371196e-01 -5.524972533341471426e+00
2.238429269075393677e+03 1.140034791100802691e-01 -5.569973906674397846e+00
2.238470547199249268e+03 1.200036622211371196e-01 -5.524972533341471426e+00
2.238490968704223633e+03 1.120034180730613144e-01 -5.584974364452039985e+00
2.238551085948944092e+03 1.160035401470992239e-01 -5.554973448896755706e+00
2.238564043521881104e+03 1.180036011841181787e-01 -5.539972991119114454e+00
2.238576134443283081e+03 1.180036011841181787e-01 -5.539972991119114454e+00
2.238589109897613525e+03 1.180036011841181787e-01 -5.539972991119114454e+00
2.238613743543624878e+03 1.160035401470992239e-01 -5.554973448896755706e+00
2.238660287141799927e+03 1.180036011841181787e-01 -5.539972991119114454e+00
2.238678184032440186e+03 1.180036011841181787e-01 -5.539972991119114454e+00
2.238691359519958496e+03 1.220037232581560743e-01 -5.509972075563829286e+00
2.238709493637084961e+03 1.180036011841181787e-01 -5.539972991119114454e+00
2.238723730564117432e+03 1.160035401470992239e-01 -5.554973448896755706e+00
2.238742445230484009e+03 1.200036622211371196e-01 -5.524972533341471426e+00
2.238760047912597656e+03 1.200036622211371196e-01 -5.524972533341471426e+00
2.238777319908142090e+03 1.220037232581560743e-01 -5.509972075563829286e+00
2.238793110609054565e+03 1.240037842951750291e-01 -5.494971617786187146e+00
2.238841619253158569e+03 1.200036622211371196e-01 -5.524972533341471426e+00
2.238872401952743530e+03 1.220037232581560743e-01 -5.509972075563829286e+00
2.238928029298782349e+03 1.220037232581560743e-01 -5.509972075563829286e+00
2.238941224575042725e+03 1.180036011841181787e-01 -5.539972991119114454e+00
2.238970646619796753e+03 1.200036622211371196e-01 -5.524972533341471426e+00
2.239010672092437744e+03 1.220037232581560743e-01 -5.509972075563829286e+00
2.239024689197540283e+03 1.200036622211371196e-01 -5.524972533341471426e+00
2.239037975072860718e+03 1.200036622211371196e-01 -5.524972533341471426e+00
2.239053671598434448e+03 1.240037842951750291e-01 -5.494971617786187146e+00
2.239067289352416992e+03 1.220037232581560743e-01 -5.509972075563829286e+00
2.239086739063262939e+03 1.180036011841181787e-01 -5.539972991119114454e+00
2.239121317625045776e+03 1.200036622211371196e-01 -5.524972533341471426e+00
2.239141826868057251e+03 1.220037232581560743e-01 -5.509972075563829286e+00
2.239164741277694702e+03 1.220037232581560743e-01 -5.509972075563829286e+00
2.239179605484008789e+03 1.200036622211371196e-01 -5.524972533341471426e+00
2.239198869228363037e+03 1.220037232581560743e-01 -5.509972075563829286e+00
2.239212281703948975e+03 1.240037842951750291e-01 -5.494971617786187146e+00
2.239225069999694824e+03 1.200036622211371196e-01 -5.524972533341471426e+00
2.239238496065139771e+03 1.220037232581560743e-01 -5.509972075563829286e+00
2.239266294240951538e+03 1.240037842951750291e-01 -5.494971617786187146e+00
2.239303115129470825e+03 1.240037842951750291e-01 -5.494971617786187146e+00
2.239332396984100342e+03 1.220037232581560743e-01 -5.509972075563829286e+00
2.239388224840164185e+03 1.220037232581560743e-01 -5.509972075563829286e+00
2.239399758815765381e+03 1.200036622211371196e-01 -5.524972533341471426e+00
2.239417663097381592e+03 1.220037232581560743e-01 -5.509972075563829286e+00
2.239436050415039062e+03 1.240037842951750291e-01 -5.494971617786187146e+00
2.239476135015487671e+03 1.200036622211371196e-01 -5.524972533341471426e+00
2.239493584394454956e+03 1.220037232581560743e-01 -5.509972075563829286e+00
2.239508945941925049e+03 1.220037232581560743e-01 -5.509972075563829286e+00
2.239520848751068115e+03 1.200036622211371196e-01 -5.524972533341471426e+00
2.239532381296157837e+03 1.240037842951750291e-01 -5.494971617786187146e+00
2.239573165893554688e+03 1.220037232581560743e-01 -5.509972075563829286e+00
2.239597273588180542e+03 1.220037232581560743e-01 -5.509972075563829286e+00
2.239614472866058350e+03 1.240037842951750291e-01 -5.494971617786187146e+00
2.239628802061080933e+03 1.220037232581560743e-01 -5.509972075563829286e+00
2.239642146110534668e+03 1.200036622211371196e-01 -5.524972533341471426e+00
2.239655331611633301e+03 1.220037232581560743e-01 -5.509972075563829286e+00
2.239677769184112549e+03 1.240037842951750291e-01 -5.494971617786187146e+00
2.239692824602127075e+03 1.240037842951750291e-01 -5.494971617786187146e+00
2.239715441942214966e+03 1.220037232581560743e-01 -5.509972075563829286e+00
2.239748900890350342e+03 1.220037232581560743e-01 -5.509972075563829286e+00
2.239787832021713257e+03 1.220037232581560743e-01 -5.509972075563829286e+00
2.239857195854187012e+03 1.200036622211371196e-01 -5.524972533341471426e+00
2.239870827913284302e+03 1.200036622211371196e-01 -5.524972533341471426e+00
2.239890723228454590e+03 1.220037232581560743e-01 -5.509972075563829286e+00
2.239919031858444214e+03 1.220037232581560743e-01 -5.509972075563829286e+00
2.239946902751922607e+03 1.220037232581560743e-01 -5.509972075563829286e+00
2.239974880933761597e+03 1.200036622211371196e-01 -5.524972533341471426e+00
2.240018220424652100e+03 1.240037842951750291e-01 -5.494971617786187146e+00
2.240037991285324097e+03 1.220037232581560743e-01 -5.509972075563829286e+00
2.240074073314666748e+03 1.200036622211371196e-01 -5.524972533341471426e+00
2.240095672845840454e+03 1.240037842951750291e-01 -5.494971617786187146e+00
2.240106819868087769e+03 1.220037232581560743e-01 -5.509972075563829286e+00
2.240122701168060303e+03 1.220037232581560743e-01 -5.509972075563829286e+00
2.240135387420654297e+03 1.220037232581560743e-01 -5.509972075563829286e+00
2.240147372245788574e+03 1.220037232581560743e-01 -5.509972075563829286e+00
2.240199316740036011e+03 1.200036622211371196e-01 -5.524972533341471426e+00
2.240217317342758179e+03 1.240037842951750291e-01 -5.494971617786187146e+00
2.240233348846435547e+03 1.240037842951750291e-01 -5.494971617786187146e+00
2.240246552467346191e+03 1.220037232581560743e-01 -5.509972075563829286e+00
2.240266263961791992e+03 1.180036011841181787e-01 -5.539972991119114454e+00
2.240283516168594360e+03 1.200036622211371196e-01 -5.524972533341471426e+00
2.240297235727310181e+03 1.220037232581560743e-01 -5.509972075563829286e+00
2.240310802698135376e+03 1.220037232581560743e-01 -5.509972075563829286e+00
2.240329435110092163e+03 1.200036622211371196e-01 -5.524972533341471426e+00
2.240377569913864136e+03 1.200036622211371196e-01 -5.524972533341471426e+00
2.240408262014389038e+03 1.200036622211371196e-01 -5.524972533341471426e+00
2.240463749408721924e+03 1.200036622211371196e-01 -5.524972533341471426e+00
2.240476814746856689e+03 1.200036622211371196e-01 -5.524972533341471426e+00
2.240506279945373535e+03 1.220037232581560743e-01 -5.509972075563829286e+00
2.240535537719726562e+03 1.220037232581560743e-01 -5.509972075563829286e+00
2.240558497190475464e+03 1.220037232581560743e-01 -5.509972075563829286e+00
2.240572193384170532e+03 1.240037842951750291e-01 -5.494971617786187146e+00
2.240583718299865723e+03 1.200036622211371196e-01 -5.524972533341471426e+00
2.240596713542938232e+03 1.220037232581560743e-01 -5.509972075563829286e+00
2.240611316919326782e+03 1.240037842951750291e-01 -5.494971617786187146e+00
2.240664045333862305e+03 1.200036622211371196e-01 -5.524972533341471426e+00
2.240678576469421387e+03 1.220037232581560743e-01 -5.509972075563829286e+00
2.240690760850906372e+03 1.240037842951750291e-01 -5.494971617786187146e+00
2.240707987308502197e+03 1.200036622211371196e-01 -5.524972533341471426e+00
2.240725210428237915e+03 1.200036622211371196e-01 -5.524972533341471426e+00
2.240743880987167358e+03 1.200036622211371196e-01 -5.524972533341471426e+00
2.240759270429611206e+03 1.220037232581560743e-01 -5.509972075563829286e+00
2.240775676488876343e+03 1.220037232581560743e-01 -5.509972075563829286e+00
2.240817654132843018e+03 1.220037232581560743e-01 -5.509972075563829286e+00
2.240860918998718262e+03 1.200036622211371196e-01 -5.524972533341471426e+00
2.240918566465377808e+03 1.180036011841181787e-01 -5.539972991119114454e+00
2.240932503700256348e+03 1.220037232581560743e-01 -5.509972075563829286e+00
2.240959246397018433e+03 1.240037842951750291e-01 -5.494971617786187146e+00
2.240999580383300781e+03 1.180036011841181787e-01 -5.539972991119114454e+00
2.241012412309646606e+03 1.240037842951750291e-01 -5.494971617786187146e+00
2.241025194883346558e+03 1.220037232581560743e-01 -5.509972075563829286e+00
2.241036484956741333e+03 1.200036622211371196e-01 -5.524972533341471426e+00
2.241048803091049194e+03 1.220037232581560743e-01 -5.509972075563829286e+00
2.241059687852859497e+03 1.200036622211371196e-01 -5.524972533341471426e+00
2.241110113859176636e+03 1.220037232581560743e-01 -5.509972075563829286e+00
2.241125644207000732e+03 1.200036622211371196e-01 -5.524972533341471426e+00
2.241147686004638672e+03 1.200036622211371196e-01 -5.524972533341471426e+00
2.241159360408782959e+03 1.200036622211371196e-01 -5.524972533341471426e+00
2.241176671028137207e+03 1.240037842951750291e-01 -5.494971617786187146e+00
2.241194383859634399e+03 1.220037232581560743e-01 -5.509972075563829286e+00
2.241212848424911499e+03 1.220037232581560743e-01 -5.509972075563829286e+00
2.241227967977523804e+03 1.200036622211371196e-01 -5.524972533341471426e+00
2.241257057428359985e+03 1.200036622211371196e-01 -5.524972533341471426e+00
2.241307266950607300e+03 1.200036622211371196e-01 -5.524972533341471426e+00
2.241321522712707520e+03 1.180036011841181787e-01 -5.539972991119114454e+00
2.241376732110977173e+03 1.220037232581560743e-01 -5.509972075563829286e+00
2.241401431083679199e+03 1.200036622211371196e-01 -5.524972533341471426e+00
2.241432312965393066e+03 1.200036622211371196e-01 -5.524972533341471426e+00
2.241460709810256958e+03 1.220037232581560743e-01 -5.509972075563829286e+00
2.241490405797958374e+03 1.200036622211371196e-01 -5.524972533341471426e+00
2.241532177209854126e+03 1.200036622211371196e-01 -5.524972533341471426e+00
2.241552449941635132e+03 1.200036622211371196e-01 -5.524972533341471426e+00
2.241582138776779175e+03 1.220037232581560743e-01 -5.509972075563829286e+00
2.241611461639404297e+03 1.200036622211371196e-01 -5.524972533341471426e+00
2.241624179840087891e+03 1.200036622211371196e-01 -5.524972533341471426e+00
2.241638819217681885e+03 1.220037232581560743e-01 -5.509972075563829286e+00
2.241651872158050537e+03 1.220037232581560743e-01 -5.509972075563829286e+00
2.241662990093231201e+03 1.200036622211371196e-01 -5.524972533341471426e+00
2.241700321674346924e+03 1.220037232581560743e-01 -5.509972075563829286e+00
2.241730354309082031e+03 1.200036622211371196e-01 -5.524972533341471426e+00
2.241744758367538452e+03 1.200036622211371196e-01 -5.524972533341471426e+00
2.241759459495544434e+03 1.200036622211371196e-01 -5.524972533341471426e+00
2.241780831575393677e+03 1.220037232581560743e-01 -5.509972075563829286e+00
2.241796386003494263e+03 1.240037842951750291e-01 -5.494971617786187146e+00
2.241810990810394287e+03 1.220037232581560743e-01 -5.509972075563829286e+00
2.241824628829956055e+03 1.200036622211371196e-01 -5.524972533341471426e+00
2.241854520320892334e+03 1.200036622211371196e-01 -5.524972533341471426e+00
2.241893048286437988e+03 1.180036011841181787e-01 -5.539972991119114454e+00
2.241923939704895020e+03 1.200036622211371196e-01 -5.524972533341471426e+00
2.241978723764419556e+03 1.180036011841181787e-01 -5.539972991119114454e+00
2.241992074251174927e+03 1.200036622211371196e-01 -5.524972533341471426e+00
2.242028676509857178e+03 1.240037842951750291e-01 -5.494971617786187146e+00
2.242070903778076172e+03 1.220037232581560743e-01 -5.509972075563829286e+00
2.242084879875183105e+03 1.200036622211371196e-01 -5.524972533341471426e+00
2.242102493524551392e+03 1.180036011841181787e-01 -5.539972991119114454e+00
2.242115766286849976e+03 1.240037842951750291e-01 -5.494971617786187146e+00
2.242165689229965210e+03 1.200036622211371196e-01 -5.524972533341471426e+00
2.242185350179672241e+03 1.200036622211371196e-01 -5.524972533341471426e+00
2.242199454307556152e+03 1.200036622211371196e-01 -5.524972533341471426e+00
2.242214760065078735e+03 1.240037842951750291e-01 -5.494971617786187146e+00
2.242234538078308105e+03 1.220037232581560743e-01 -5.509972075563829286e+00
2.242249583959579468e+03 1.220037232581560743e-01 -5.509972075563829286e+00
2.242263091802597046e+03 1.200036622211371196e-01 -5.524972533341471426e+00
2.242276387214660645e+03 1.220037232581560743e-01 -5.509972075563829286e+00
2.242308257341384888e+03 1.220037232581560743e-01 -5.509972075563829286e+00
2.242344063282012939e+03 1.220037232581560743e-01 -5.509972075563829286e+00
2.242374145269393921e+03 1.220037232581560743e-01 -5.509972075563829286e+00
2.242429836034774780e+03 1.220037232581560743e-01 -5.509972075563829286e+00
2.242449975013732910e+03 1.180036011841181787e-01 -5.539972991119114454e+00
2.242476013183593750e+03 1.180036011841181787e-01 -5.539972991119114454e+00
2.242494151830673218e+03 1.220037232581560743e-01 -5.509972075563829286e+00
2.242524049997329712e+03 1.220037232581560743e-01 -5.509972075563829286e+00
2.242537404775619507e+03 1.220037232581560743e-01 -5.509972075563829286e+00
2.242552914142608643e+03 1.220037232581560743e-01 -5.509972075563829286e+00
2.242568583011627197e+03 1.220037232581560743e-01 -5.509972075563829286e+00
2.242609649181365967e+03 1.180036011841181787e-01 -5.539972991119114454e+00
2.242635205984115601e+03 1.200036622211371196e-01 -5.524972533341471426e+00
2.242651690244674683e+03 1.220037232581560743e-01 -5.509972075563829286e+00
2.242665819168090820e+03 1.180036011841181787e-01 -5.539972991119114454e+00
2.242682950019836426e+03 1.180036011841181787e-01 -5.539972991119114454e+00
2.242696198225021362e+03 1.220037232581560743e-01 -5.509972075563829286e+00
2.242711954355239868e+03 1.220037232581560743e-01 -5.509972075563829286e+00
2.242728554248809814e+03 1.180036011841181787e-01 -5.539972991119114454e+00
2.242743273735046387e+03 1.180036011841181787e-01 -5.539972991119114454e+00
2.242769386529922485e+03 1.180036011841181787e-01 -5.539972991119114454e+00
2.242819998025894165e+03 1.220037232581560743e-01 -5.509972075563829286e+00
2.242834671974182129e+03 1.200036622211371196e-01 -5.524972533341471426e+00
2.242889440774917603e+03 1.220037232581560743e-01 -5.509972075563829286e+00
2.242903545856475830e+03 1.160035401470992239e-01 -5.554973448896755706e+00
2.242926834821701050e+03 1.180036011841181787e-01 -5.539972991119114454e+00
2.242956238985061646e+03 1.180036011841181787e-01 -5.539972991119114454e+00
2.242991839885711670e+03 1.200036622211371196e-01 -5.524972533341471426e+00
2.243044567584991455e+03 1.220037232581560743e-01 -5.509972075563829286e+00
2.243056865453720093e+03 1.220037232581560743e-01 -5.509972075563829286e+00
2.243082124710083008e+03 1.240037842951750291e-01 -5.494971617786187146e+00
2.243122183322906494e+03 1.240037842951750291e-01 -5.494971617786187146e+00
2.243135361194610596e+03 1.240037842951750291e-01 -5.494971617786187146e+00
2.243147006511688232e+03 1.220037232581560743e-01 -5.509972075563829286e+00
2.243158649921417236e+03 1.180036011841181787e-01 -5.539972991119114454e+00
2.243169851779937744e+03 1.240037842951750291e-01 -5.494971617786187146e+00
2.243186742067337036e+03 1.180036011841181787e-01 -5.539972991119114454e+00
2.243231835603713989e+03 1.200036622211371196e-01 -5.524972533341471426e+00
2.243248903512954712e+03 1.200036622211371196e-01 -5.524972533341471426e+00
2.243263293981552124e+03 1.200036622211371196e-01 -5.524972533341471426e+00
2.243281219482421875e+03 1.220037232581560743e-01 -5.509972075563829286e+00
2.243296031236648560e+03 1.220037232581560743e-01 -5.509972075563829286e+00
2.243308759689331055e+03 1.200036622211371196e-01 -5.524972533341471426e+00
2.243320593118667603e+03 1.180036011841181787e-01 -5.539972991119114454e+00
2.243340831279754639e+03 1.220037232581560743e-01 -5.509972075563829286e+00
2.243361309528350830e+03 1.220037232581560743e-01 -5.509972075563829286e+00
2.243409229278564453e+03 1.180036011841181787e-01 -5.539972991119114454e+00
2.243440652132034302e+03 1.240037842951750291e-01 -5.494971617786187146e+00
2.243495896577835083e+03 1.180036011841181787e-01 -5.539972991119114454e+00
2.243509194850921631e+03 1.200036622211371196e-01 -5.524972533341471426e+00
2.243534226655960083e+03 1.220037232581560743e-01 -5.509972075563829286e+00
2.243578251123428345e+03 1.180036011841181787e-01 -5.539972991119114454e+00
2.243590983152389526e+03 1.240037842951750291e-01 -5.494971617786187146e+00
2.243602518081665039e+03 1.200036622211371196e-01 -5.524972533341471426e+00
2.243617877483367920e+03 1.220037232581560743e-01 -5.509972075563829286e+00
2.243633299112319946e+03 1.240037842951750291e-01 -5.494971617786187146e+00
2.243683918714523315e+03 1.220037232581560743e-01 -5.509972075563829286e+00
2.243703613996505737e+03 1.200036622211371196e-01 -5.524972533341471426e+00
2.243717423200607300e+03 1.220037232581560743e-01 -5.509972075563829286e+00
2.243736252784729004e+03 1.180036011841181787e-01 -5.539972991119114454e+00
2.243753455638885498e+03 1.180036011841181787e-01 -5.539972991119114454e+00
2.243770261287689209e+03 1.180036011841181787e-01 -5.539972991119114454e+00
2.243785490512847900e+03 1.160035401470992239e-01 -5.554973448896755706e+00
2.243804367542266846e+03 1.120034180730613144e-01 -5.584974364452039985e+00
2.243829538106918335e+03 1.200036622211371196e-01 -5.524972533341471426e+00
2.243867472171783447e+03 1.200036622211371196e-01 -5.524972533341471426e+00
2.243896634578704834e+03 1.220037232581560743e-01 -5.509972075563829286e+00
2.243966809749603271e+03 1.040031739249855092e-01 -5.644976195562608545e+00
2.243980471849441528e+03 1.160035401470992239e-01 -5.554973448896755706e+00
2.244007475852966309e+03 1.160035401470992239e-01 -5.554973448896755706e+00
2.244052459478378296e+03 1.040031739249855092e-01 -5.644976195562608545e+00
2.244067841529846191e+03 1.180036011841181787e-01 -5.539972991119114454e+00
2.244081479787826538e+03 1.180036011841181787e-01 -5.539972991119114454e+00
2.244094232082366943e+03 1.200036622211371196e-01 -5.524972533341471426e+00
2.244106401920318604e+03 1.200036622211371196e-01 -5.524972533341471426e+00
2.244167950391769409e+03 1.200036622211371196e-01 -5.524972533341471426e+00
2.244189323186874390e+03 1.180036011841181787e-01 -5.539972991119114454e+00
2.244202916622161865e+03 1.040031739249855092e-01 -5.644976195562608545e+00
2.244219343423843384e+03 1.200036622211371196e-01 -5.524972533341471426e+00
2.244236790180206299e+03 1.200036622211371196e-01 -5.524972533341471426e+00
2.244249362707138062e+03 1.220037232581560743e-01 -5.509972075563829286e+00
2.244264142513275146e+03 1.020031128879665544e-01 -5.659976653340250685e+00
2.244285639047622681e+03 1.200036622211371196e-01 -5.524972533341471426e+00
2.244332061290740967e+03 1.160035401470992239e-01 -5.554973448896755706e+00
2.244362278699874878e+03 1.180036011841181787e-01 -5.539972991119114454e+00
2.244418856143951416e+03 1.160035401470992239e-01 -5.554973448896755706e+00
2.244434491157531738e+03 1.180036011841181787e-01 -5.539972991119114454e+00
2.244466240167617798e+03 1.200036622211371196e-01 -5.524972533341471426e+00
2.244507437467575073e+03 1.200036622211371196e-01 -5.524972533341471426e+00
2.244542485237121582e+03 1.180036011841181787e-01 -5.539972991119114454e+00
2.244579361915588379e+03 1.200036622211371196e-01 -5.524972533341471426e+00
2.244610089778900146e+03 1.200036622211371196e-01 -5.524972533341471426e+00
2.244654120683670044e+03 1.200036622211371196e-01 -5.524972533341471426e+00
2.244672379255294800e+03 1.180036011841181787e-01 -5.539972991119114454e+00
2.244686509609222412e+03 1.180036011841181787e-01 -5.539972991119114454e+00
2.244698465585708618e+03 1.180036011841181787e-01 -5.539972991119114454e+00
2.244715103626251221e+03 1.200036622211371196e-01 -5.524972533341471426e+00
2.244761924743652344e+03 1.200036622211371196e-01 -5.524972533341471426e+00
2.244778651714324951e+03 1.200036622211371196e-01 -5.524972533341471426e+00
2.244805916070938110e+03 1.200036622211371196e-01 -5.524972533341471426e+00
2.244826128244400024e+03 1.180036011841181787e-01 -5.539972991119114454e+00
2.244839838504791260e+03 1.180036011841181787e-01 -5.539972991119114454e+00
2.244859528303146362e+03 1.200036622211371196e-01 -5.524972533341471426e+00
2.244878247022628784e+03 1.180036011841181787e-01 -5.539972991119114454e+00
2.244896043062210083e+03 1.200036622211371196e-01 -5.524972533341471426e+00
2.244929179430007935e+03 1.220037232581560743e-01 -5.509972075563829286e+00
2.244969110965728760e+03 1.200036622211371196e-01 -5.524972533341471426e+00
2.245029588222503662e+03 1.160035401470992239e-01 -5.554973448896755706e+00
2.245043126344680786e+03 1.140034791100802691e-01 -5.569973906674397846e+00
2.245074915409088135e+03 1.180036011841181787e-01 -5.539972991119114454e+00
2.245114592790603638e+03 1.180036011841181787e-01 -5.539972991119114454e+00
2.245128573179244995e+03 1.180036011841181787e-01 -5.539972991119114454e+00
2.245140213012695312e+03 1.160035401470992239e-01 -5.554973448896755706e+00
2.245155227661132812e+03 1.200036622211371196e-01 -5.524972533341471426e+00
2.245180697202682495e+03 1.200036622211371196e-01 -5.524972533341471426e+00
2.245227875232696533e+03 1.180036011841181787e-01 -5.539972991119114454e+00
2.245241469144821167e+03 1.180036011841181787e-01 -5.539972991119114454e+00
2.245261036396026611e+03 1.180036011841181787e-01 -5.539972991119114454e+00
2.245276566267013550e+03 1.200036622211371196e-01 -5.524972533341471426e+00
2.245293512105941772e+03 1.200036622211371196e-01 -5.524972533341471426e+00
2.245312933206558228e+03 1.200036622211371196e-01 -5.524972533341471426e+00
2.245327010631561279e+03 1.180036011841181787e-01 -5.539972991119114454e+00
2.245343434333801270e+03 1.180036011841181787e-01 -5.539972991119114454e+00
2.245372152805328369e+03 1.180036011841181787e-01 -5.539972991119114454e+00
2.245404055833816528e+03 1.200036622211371196e-01 -5.524972533341471426e+00
2.245433462142944336e+03 1.180036011841181787e-01 -5.539972991119114454e+00
2.245496113538742065e+03 1.220037232581560743e-01 -5.509972075563829286e+00
2.245522932767868042e+03 1.200036622211371196e-01 -5.524972533341471426e+00
2.245552424907684326e+03 1.160035401470992239e-01 -5.554973448896755706e+00
2.245579565286636353e+03 1.200036622211371196e-01 -5.524972533341471426e+00
2.245595575094223022e+03 1.200036622211371196e-01 -5.524972533341471426e+00
2.245611479759216309e+03 1.200036622211371196e-01 -5.524972533341471426e+00
2.245631107568740845e+03 1.160035401470992239e-01 -5.554973448896755706e+00
2.245673455476760864e+03 1.180036011841181787e-01 -5.539972991119114454e+00
2.245691555738449097e+03 1.180036011841181787e-01 -5.539972991119114454e+00
2.245709737777709961e+03 1.160035401470992239e-01 -5.554973448896755706e+00
2.245728256464004517e+03 1.160035401470992239e-01 -5.554973448896755706e+00
2.245742763042449951e+03 1.160035401470992239e-01 -5.554973448896755706e+00
2.245758413076400757e+03 1.140034791100802691e-01 -5.569973906674397846e+00
2.245772819042205811e+03 1.200036622211371196e-01 -5.524972533341471426e+00
2.245786568164825439e+03 1.160035401470992239e-01 -5.554973448896755706e+00
2.245801232337951660e+03 1.180036011841181787e-01 -5.539972991119114454e+00
2.245837467908859253e+03 1.180036011841181787e-01 -5.539972991119114454e+00
2.245876591682434082e+03 1.200036622211371196e-01 -5.524972533341471426e+00
2.245961988925933838e+03 1.200036622211371196e-01 -5.524972533341471426e+00
2.245975410461425781e+03 1.180036011841181787e-01 -5.539972991119114454e+00
2.245998868942260742e+03 1.180036011841181787e-01 -5.539972991119114454e+00
2.246029720783233643e+03 1.200036622211371196e-01 -5.524972533341471426e+00
2.246058226585388184e+03 1.200036622211371196e-01 -5.524972533341471426e+00
2.246088263988494873e+03 1.180036011841181787e-01 -5.539972991119114454e+00
2.246129396915435791e+03 1.180036011841181787e-01 -5.539972991119114454e+00
2.246152040243148804e+03 1.140034791100802691e-01 -5.569973906674397846e+00
2.246197388887405396e+03 1.220037232581560743e-01 -5.509972075563829286e+00
2.246219361782073975e+03 1.220037232581560743e-01 -5.509972075563829286e+00
2.246231638908386230e+03 1.240037842951750291e-01 -5.494971617786187146e+00
2.246243028640747070e+03 1.200036622211371196e-01 -5.524972533341471426e+00
2.246254212856292725e+03 1.220037232581560743e-01 -5.509972075563829286e+00
2.246272679090499878e+03 1.200036622211371196e-01 -5.524972533341471426e+00
2.246314478397369385e+03 1.240037842951750291e-01 -5.494971617786187146e+00
2.246333036422729492e+03 1.220037232581560743e-01 -5.509972075563829286e+00
2.246347560405731201e+03 1.220037232581560743e-01 -5.509972075563829286e+00
2.246363471746444702e+03 1.200036622211371196e-01 -5.524972533341471426e+00
2.246378906011581421e+03 1.200036622211371196e-01 -5.524972533341471426e+00
2.246390838623046875e+03 1.220037232581560743e-01 -5.509972075563829286e+00
2.246406482696533203e+03 1.200036622211371196e-01 -5.524972533341471426e+00
2.246419195413589478e+03 1.200036622211371196e-01 -5.524972533341471426e+00
2.246434249877929688e+03 1.220037232581560743e-01 -5.509972075563829286e+00
2.246449641227722168e+03 1.200036622211371196e-01 -5.524972533341471426e+00
2.246498665094375610e+03 1.240037842951750291e-01 -5.494971617786187146e+00
2.246530580282211304e+03 1.180036011841181787e-01 -5.539972991119114454e+00
2.246587664604187012e+03 1.180036011841181787e-01 -5.539972991119114454e+00
2.246601234197616577e+03 1.160035401470992239e-01 -5.554973448896755706e+00
2.246627417087554932e+03 1.200036622211371196e-01 -5.524972533341471426e+00
2.246676571369171143e+03 1.220037232581560743e-01 -5.509972075563829286e+00
2.246687278985977173e+03 1.220037232581560743e-01 -5.509972075563829286e+00
2.246702772855758667e+03 1.160035401470992239e-01 -5.554973448896755706e+00
2.246718860864639282e+03 1.180036011841181787e-01 -5.539972991119114454e+00
2.246729880571365356e+03 1.220037232581560743e-01 -5.509972075563829286e+00
2.246782843828201294e+03 1.220037232581560743e-01 -5.509972075563829286e+00
2.246801620244979858e+03 1.220037232581560743e-01 -5.509972075563829286e+00
2.246822885990142822e+03 1.220037232581560743e-01 -5.509972075563829286e+00
2.246840003490447998e+03 1.200036622211371196e-01 -5.524972533341471426e+00
2.246859703063964844e+03 1.200036622211371196e-01 -5.524972533341471426e+00
2.246878157615661621e+03 1.240037842951750291e-01 -5.494971617786187146e+00
2.246903694629669189e+03 1.220037232581560743e-01 -5.509972075563829286e+00
2.246932782411575317e+03 1.200036622211371196e-01 -5.524972533341471426e+00
2.246963870763778687e+03 1.240037842951750291e-01 -5.494971617786187146e+00
2.246993292570114136e+03 1.200036622211371196e-01 -5.524972533341471426e+00
2.247050589561462402e+03 1.220037232581560743e-01 -5.509972075563829286e+00
2.247065259695053101e+03 1.180036011841181787e-01 -5.539972991119114454e+00
2.247089396715164185e+03 1.180036011841181787e-01 -5.539972991119114454e+00
2.247140202045440674e+03 1.200036622211371196e-01 -5.524972533341471426e+00
2.247158752202987671e+03 1.200036622211371196e-01 -5.524972533341471426e+00
2.247175050497055054e+03 1.200036622211371196e-01 -5.524972533341471426e+00
2.247191582441329956e+03 1.220037232581560743e-01 -5.509972075563829286e+00
2.247232383012771606e+03 1.200036622211371196e-01 -5.524972533341471426e+00
2.247254582643508911e+03 1.200036622211371196e-01 -5.524972533341471426e+00
2.247269812583923340e+03 1.200036622211371196e-01 -5.524972533341471426e+00
2.247285164356231689e+03 1.200036622211371196e-01 -5.524972533341471426e+00
2.247308033943176270e+03 1.180036011841181787e-01 -5.539972991119114454e+00
2.247322077035903931e+03 1.200036622211371196e-01 -5.524972533341471426e+00
2.247334255456924438e+03 1.240037842951750291e-01 -5.494971617786187146e+00
2.247350898742675781e+03 1.200036622211371196e-01 -5.524972533341471426e+00
2.247376091957092285e+03 1.240037842951750291e-01 -5.494971617786187146e+00
2.247423341274261475e+03 1.240037842951750291e-01 -5.494971617786187146e+00
2.247453025579452515e+03 1.220037232581560743e-01 -5.509972075563829286e+00
2.247511383295059204e+03 1.220037232581560743e-01 -5.509972075563829286e+00
2.247532489538192749e+03 1.160035401470992239e-01 -5.554973448896755706e+00
2.247542940378189087e+03 1.200036622211371196e-01 -5.524972533341471426e+00
2.247571421623229980e+03 1.200036622211371196e-01 -5.524972533341471426e+00
2.247599585056304932e+03 1.220037232581560743e-01 -5.509972075563829286e+00
2.247628720760345459e+03 1.200036622211371196e-01 -5.524972533341471426e+00
2.247670073509216309e+03 1.220037232581560743e-01 -5.509972075563829286e+00
2.247690119028091431e+03 1.180036011841181787e-01 -5.539972991119114454e+00
2.247721081972122192e+03 1.220037232581560743e-01 -5.509972075563829286e+00
2.247753229618072510e+03 1.220037232581560743e-01 -5.509972075563829286e+00
2.247767061233520508e+03 1.220037232581560743e-01 -5.509972075563829286e+00
2.247777846813201904e+03 1.200036622211371196e-01 -5.524972533341471426e+00
2.247791298627853394e+03 1.240037842951750291e-01 -5.494971617786187146e+00
2.247808180570602417e+03 1.180036011841181787e-01 -5.539972991119114454e+00
2.247855521440505981e+03 1.200036622211371196e-01 -5.524972533341471426e+00
2.247870804071426392e+03 1.220037232581560743e-01 -5.509972075563829286e+00
2.247884567499160767e+03 1.200036622211371196e-01 -5.524972533341471426e+00
2.247900108337402344e+03 1.200036622211371196e-01 -5.524972533341471426e+00
2.247916208744049072e+03 1.240037842951750291e-01 -5.494971617786187146e+00
2.247934554338455200e+03 1.220037232581560743e-01 -5.509972075563829286e+00
2.247948237895965576e+03 1.220037232581560743e-01 -5.509972075563829286e+00
2.247963256120681763e+03 1.200036622211371196e-01 -5.524972533341471426e+00
2.247977129697799683e+03 1.220037232581560743e-01 -5.509972075563829286e+00
2.248019381523132324e+03 1.240037842951750291e-01 -5.494971617786187146e+00
2.248058175086975098e+03 1.200036622211371196e-01 -5.524972533341471426e+00
2.248117342710494995e+03 1.220037232581560743e-01 -5.509972075563829286e+00
2.248130938529968262e+03 1.220037232581560743e-01 -5.509972075563829286e+00
2.248160405158996582e+03 1.240037842951750291e-01 -5.494971617786187146e+00
2.248189783811569214e+03 1.180036011841181787e-01 -5.539972991119114454e+00
2.248213127851486206e+03 1.220037232581560743e-01 -5.509972075563829286e+00
2.248226248502731323e+03 1.220037232581560743e-01 -5.509972075563829286e+00
2.248239287376403809e+03 1.200036622211371196e-01 -5.524972533341471426e+00
2.248256411552429199e+03 1.240037842951750291e-01 -5.494971617786187146e+00
2.248306504487991333e+03 1.220037232581560743e-01 -5.509972075563829286e+00
2.248321738719940186e+03 1.200036622211371196e-01 -5.524972533341471426e+00
2.248338483095169067e+03 1.220037232581560743e-01 -5.509972075563829286e+00
2.248359998703002930e+03 1.220037232581560743e-01 -5.509972075563829286e+00
2.248377728939056396e+03 1.240037842951750291e-01 -5.494971617786187146e+00
2.248395366668701172e+03 1.220037232581560743e-01 -5.509972075563829286e+00
2.248411818742752075e+03 1.220037232581560743e-01 -5.509972075563829286e+00
2.248429846525192261e+03 1.200036622211371196e-01 -5.524972533341471426e+00
2.248483992338180542e+03 1.220037232581560743e-01 -5.509972075563829286e+00
2.248514753818511963e+03 1.240037842951750291e-01 -5.494971617786187146e+00
2.248570513248443604e+03 1.220037232581560743e-01 -5.509972075563829286e+00
2.248584484815597534e+03 1.180036011841181787e-01 -5.539972991119114454e+00
2.248618588685989380e+03 1.200036622211371196e-01 -5.524972533341471426e+00
2.248644901990890503e+03 1.240037842951750291e-01 -5.494971617786187146e+00
2.248662080049514771e+03 1.220037232581560743e-01 -5.509972075563829286e+00
2.248677156209945679e+03 1.240037842951750291e-01 -5.494971617786187146e+00
2.248693026304244995e+03 1.240037842951750291e-01 -5.494971617786187146e+00
2.248704322814941406e+03 1.180036011841181787e-01 -5.539972991119114454e+00
2.248715523481369019e+03 1.220037232581560743e-01 -5.509972075563829286e+00
2.248777714967727661e+03 1.240037842951750291e-01 -5.494971617786187146e+00
2.248793906927108765e+03 1.220037232581560743e-01 -5.509972075563829286e+00
2.248807732343673706e+03 1.200036622211371196e-01 -5.524972533341471426e+00
2.248825258255004883e+03 1.200036622211371196e-01 -5.524972533341471426e+00
2.248839872360229492e+03 1.200036622211371196e-01 -5.524972533341471426e+00
2.248854190349578857e+03 1.220037232581560743e-01 -5.509972075563829286e+00
2.248871343135833740e+03 1.220037232581560743e-01 -5.509972075563829286e+00
2.248885709285736084e+03 1.180036011841181787e-01 -5.539972991119114454e+00
2.248902522325515747e+03 1.200036622211371196e-01 -5.524972533341471426e+00
2.248948390007019043e+03 1.200036622211371196e-01 -5.524972533341471426e+00
2.248979206323623657e+03 1.240037842951750291e-01 -5.494971617786187146e+00
2.249046743392944336e+03 1.220037232581560743e-01 -5.509972075563829286e+00
2.249060241699218750e+03 1.180036011841181787e-01 -5.539972991119114454e+00
2.249080085992813110e+03 1.220037232581560743e-01 -5.509972075563829286e+00
2.249108358144760132e+03 1.220037232581560743e-01 -5.509972075563829286e+00
2.249136552810668945e+03 1.200036622211371196e-01 -5.524972533341471426e+00
2.249165958404541016e+03 1.220037232581560743e-01 -5.509972075563829286e+00
2.249208501577377319e+03 1.200036622211371196e-01 -5.524972533341471426e+00
2.249235899448394775e+03 1.200036622211371196e-01 -5.524972533341471426e+00
2.249281090259552002e+03 1.200036622211371196e-01 -5.524972533341471426e+00
2.249298948526382446e+03 1.220037232581560743e-01 -5.509972075563829286e+00
2.249315775632858276e+03 1.220037232581560743e-01 -5.509972075563829286e+00
2.249328444480895996e+03 1.200036622211371196e-01 -5.524972533341471426e+00
2.249374547004699707e+03 1.200036622211371196e-01 -5.524972533341471426e+00
2.249393194913864136e+03 1.220037232581560743e-01 -5.509972075563829286e+00
2.249407167911529541e+03 1.220037232581560743e-01 -5.509972075563829286e+00
2.249433418035507202e+03 1.200036622211371196e-01 -5.524972533341471426e+00
2.249447375535964966e+03 1.220037232581560743e-01 -5.509972075563829286e+00
2.249468054294586182e+03 1.200036622211371196e-01 -5.524972533341471426e+00
2.249483996629714966e+03 1.180036011841181787e-01 -5.539972991119114454e+00
2.249497924327850342e+03 1.220037232581560743e-01 -5.509972075563829286e+00
2.249511519193649292e+03 1.240037842951750291e-01 -5.494971617786187146e+00
2.249555907249450684e+03 1.200036622211371196e-01 -5.524972533341471426e+00
2.249602338790893555e+03 1.200036622211371196e-01 -5.524972533341471426e+00
2.249666396141052246e+03 1.200036622211371196e-01 -5.524972533341471426e+00
2.249679758310317993e+03 1.180036011841181787e-01 -5.539972991119114454e+00
2.249706933021545410e+03 1.200036622211371196e-01 -5.524972533341471426e+00
2.249736088275909424e+03 1.200036622211371196e-01 -5.524972533341471426e+00
2.249763462543487549e+03 1.200036622211371196e-01 -5.524972533341471426e+00
2.249775153636932373e+03 1.220037232581560743e-01 -5.509972075563829286e+00
2.249787852525711060e+03 1.220037232581560743e-01 -5.509972075563829286e+00
2.249801501989364624e+03 1.180036011841181787e-01 -5.539972991119114454e+00
2.249818424940109253e+03 1.240037842951750291e-01 -5.494971617786187146e+00
2.249852126121520996e+03 1.220037232581560743e-01 -5.509972075563829286e+00
2.249870903968811035e+03 1.220037232581560743e-01 -5.509972075563829286e+00
2.249891039848327637e+03 1.200036622211371196e-01 -5.524972533341471426e+00
2.249905298948287964e+03 1.200036622211371196e-01 -5.524972533341471426e+00
2.249923991441726685e+03 1.200036622211371196e-01 -5.524972533341471426e+00
2.249937220096588135e+03 1.220037232581560743e-01 -5.509972075563829286e+00
2.249951524972915649e+03 1.240037842951750291e-01 -5.494971617786187146e+00
2.249965748071670532e+03 1.200036622211371196e-01 -5.524972533341471426e+00
2.249979367494583130e+03 1.220037232581560743e-01 -5.509972075563829286e+00
2.249997715473175049e+03 1.240037842951750291e-01 -5.494971617786187146e+00
2.250064916372299194e+03 1.220037232581560743e-01 -5.509972075563829286e+00
2.250078780889511108e+03 1.200036622211371196e-01 -5.524972533341471426e+00
2.250137485027313232e+03 1.200036622211371196e-01 -5.524972533341471426e+00
2.250151767015457153e+03 1.220037232581560743e-01 -5.509972075563829286e+00
2.250174360752105713e+03 1.240037842951750291e-01 -5.494971617786187146e+00
2.250203817367553711e+03 1.240037842951750291e-01 -5.494971617786187146e+00
2.250230619907379150e+03 1.200036622211371196e-01 -5.524972533341471426e+00
2.250244490623474121e+03 1.200036622211371196e-01 -5.524972533341471426e+00
2.250256375789642334e+03 1.220037232581560743e-01 -5.509972075563829286e+00
2.250267998218536377e+03 1.220037232581560743e-01 -5.509972075563829286e+00
2.250284708023071289e+03 1.180036011841181787e-01 -5.539972991119114454e+00
2.250314344406127930e+03 1.200036622211371196e-01 -5.524972533341471426e+00
2.250348624944686890e+03 1.220037232581560743e-01 -5.509972075563829286e+00
2.250367260932922363e+03 1.200036622211371196e-01 -5.524972533341471426e+00
2.250384848356246948e+03 1.160035401470992239e-01 -5.554973448896755706e+00
2.250399765491485596e+03 1.220037232581560743e-01 -5.509972075563829286e+00
2.250415750026702881e+03 1.240037842951750291e-01 -5.494971617786187146e+00
2.250434151649475098e+03 1.220037232581560743e-01 -5.509972075563829286e+00
2.250447995185852051e+03 1.220037232581560743e-01 -5.509972075563829286e+00
2.250467772483825684e+03 1.180036011841181787e-01 -5.539972991119114454e+00
2.250504354953765869e+03 1.180036011841181787e-01 -5.539972991119114454e+00
2.250549499750137329e+03 1.220037232581560743e-01 -5.509972075563829286e+00
2.250610189914703369e+03 1.220037232581560743e-01 -5.509972075563829286e+00
2.250624605655670166e+03 1.180036011841181787e-01 -5.539972991119114454e+00
2.250642563581466675e+03 1.200036622211371196e-01 -5.524972533341471426e+00
2.250677314519882202e+03 1.200036622211371196e-01 -5.524972533341471426e+00
2.250705864429473877e+03 1.240037842951750291e-01 -5.494971617786187146e+00
2.250741546869277954e+03 1.200036622211371196e-01 -5.524972533341471426e+00
2.250774460554122925e+03 1.240037842951750291e-01 -5.494971617786187146e+00
2.250790603637695312e+03 1.200036622211371196e-01 -5.524972533341471426e+00
2.250816268444061279e+03 1.200036622211371196e-01 -5.524972533341471426e+00
2.250850534677505493e+03 1.240037842951750291e-01 -5.494971617786187146e+00
2.250864024877548218e+03 1.180036011841181787e-01 -5.539972991119114454e+00
2.250875434398651123e+03 1.220037232581560743e-01 -5.509972075563829286e+00
2.250891093254089355e+03 1.240037842951750291e-01 -5.494971617786187146e+00
2.250906809806823730e+03 1.200036622211371196e-01 -5.524972533341471426e+00
2.250930517673492432e+03 1.200036622211371196e-01 -5.524972533341471426e+00
2.250961776733398438e+03 1.240037842951750291e-01 -5.494971617786187146e+00
2.250979669332504272e+03 1.240037842951750291e-01 -5.494971617786187146e+00
2.250995255708694458e+03 1.240037842951750291e-01 -5.494971617786187146e+00
2.251012929677963257e+03 1.220037232581560743e-01 -5.509972075563829286e+00
2.251024862051010132e+03 1.200036622211371196e-01 -5.524972533341471426e+00
2.251045387983322144e+03 1.200036622211371196e-01 -5.524972533341471426e+00
2.251066440105438232e+03 1.220037232581560743e-01 -5.509972075563829286e+00
2.251084564685821533e+03 1.220037232581560743e-01 -5.509972075563829286e+00
2.251128878116607666e+03 1.220037232581560743e-01 -5.509972075563829286e+00
2.251168900728225708e+03 1.220037232581560743e-01 -5.509972075563829286e+00
2.251231085777282715e+03 1.160035401470992239e-01 -5.554973448896755706e+00
2.251244605302810669e+03 1.140034791100802691e-01 -5.569973906674397846e+00
2.251268829107284546e+03 1.180036011841181787e-01 -5.539972991119114454e+00
2.251304220676422119e+03 1.160035401470992239e-01 -5.554973448896755706e+00
2.251326581239700317e+03 1.080032959990234048e-01 -5.614975280007325154e+00
2.251342129230499268e+03 1.180036011841181787e-01 -5.539972991119114454e+00
2.251359603881835938e+03 1.100033570360423596e-01 -5.599974822229682125e+00
2.251381554841995239e+03 1.160035401470992239e-01 -5.554973448896755706e+00
2.251416786432266235e+03 1.180036011841181787e-01 -5.539972991119114454e+00
2.251444064855575562e+03 1.220037232581560743e-01 -5.509972075563829286e+00
2.251472604274749756e+03 1.160035401470992239e-01 -5.554973448896755706e+00
2.251487067222595215e+03 1.180036011841181787e-01 -5.539972991119114454e+00
2.251505209684371948e+03 1.180036011841181787e-01 -5.539972991119114454e+00
2.251519530534744263e+03 1.200036622211371196e-01 -5.524972533341471426e+00
2.251535227775573730e+03 1.200036622211371196e-01 -5.524972533341471426e+00
2.251553859472274780e+03 1.060032349620044501e-01 -5.629975737784966405e+00
2.251610620975494385e+03 1.180036011841181787e-01 -5.539972991119114454e+00
2.251642247915267944e+03 1.220037232581560743e-01 -5.509972075563829286e+00
2.251702086925506592e+03 1.180036011841181787e-01 -5.539972991119114454e+00
2.251717005729675293e+03 1.180036011841181787e-01 -5.539972991119114454e+00
2.251741233825683594e+03 1.180036011841181787e-01 -5.539972991119114454e+00
2.251778461694717407e+03 1.120034180730613144e-01 -5.584974364452039985e+00
2.251803170680999756e+03 1.180036011841181787e-01 -5.539972991119114454e+00
2.251819586277008057e+03 1.180036011841181787e-01 -5.539972991119114454e+00
2.251837012290954590e+03 1.200036622211371196e-01 -5.524972533341471426e+00
2.251848193407058716e+03 1.200036622211371196e-01 -5.524972533341471426e+00
2.251903431892395020e+03 1.220037232581560743e-01 -5.509972075563829286e+00
2.251919865846633911e+03 1.180036011841181787e-01 -5.539972991119114454e+00
2.251933109998703003e+03 1.220037232581560743e-01 -5.509972075563829286e+00
2.251949183225631714e+03 1.180036011841181787e-01 -5.539972991119114454e+00
2.251968992471694946e+03 1.120034180730613144e-01 -5.584974364452039985e+00
2.251988819599151611e+03 1.160035401470992239e-01 -5.554973448896755706e+00
2.252002247095108032e+03 1.180036011841181787e-01 -5.539972991119114454e+00
2.252020592689514160e+03 1.200036622211371196e-01 -5.524972533341471426e+00
2.252063602685928345e+03 1.200036622211371196e-01 -5.524972533341471426e+00
2.252103793382644653e+03 1.180036011841181787e-01 -5.539972991119114454e+00
2.252164162397384644e+03 1.200036622211371196e-01 -5.524972533341471426e+00
2.252177489519119263e+03 1.180036011841181787e-01 -5.539972991119114454e+00
2.252209198474884033e+03 1.180036011841181787e-01 -5.539972991119114454e+00
2.252238372564315796e+03 1.180036011841181787e-01 -5.539972991119114454e+00
2.252268325090408325e+03 1.220037232581560743e-01 -5.509972075563829286e+00
2.252320828676223755e+03 1.180036011841181787e-01 -5.539972991119114454e+00
2.252339775800704956e+03 1.200036622211371196e-01 -5.524972533341471426e+00
2.252373009920120239e+03 1.200036622211371196e-01 -5.524972533341471426e+00
2.252406620740890503e+03 1.180036011841181787e-01 -5.539972991119114454e+00
2.252419502735137939e+03 1.180036011841181787e-01 -5.539972991119114454e+00
2.252431491851806641e+03 1.220037232581560743e-01 -5.509972075563829286e+00
2.252448060274124146e+03 1.180036011841181787e-01 -5.539972991119114454e+00
2.252492456912994385e+03 1.180036011841181787e-01 -5.539972991119114454e+00
2.252515697240829468e+03 1.200036622211371196e-01 -5.524972533341471426e+00
2.252532186508178711e+03 1.200036622211371196e-01 -5.524972533341471426e+00
2.252555084466934204e+03 1.220037232581560743e-01 -5.509972075563829286e+00
2.252572389602661133e+03 1.200036622211371196e-01 -5.524972533341471426e+00
2.252588381290435791e+03 1.180036011841181787e-01 -5.539972991119114454e+00
2.252606270074844360e+03 1.180036011841181787e-01 -5.539972991119114454e+00
2.252624024391174316e+03 1.180036011841181787e-01 -5.539972991119114454e+00
2.252679244279861450e+03 1.180036011841181787e-01 -5.539972991119114454e+00
2.252710370063781738e+03 1.200036622211371196e-01 -5.524972533341471426e+00
2.252765485525131226e+03 1.180036011841181787e-01 -5.539972991119114454e+00
2.252778773307800293e+03 1.180036011841181787e-01 -5.539972991119114454e+00
2.252805777788162231e+03 1.180036011841181787e-01 -5.539972991119114454e+00
2.252835322141647339e+03 1.180036011841181787e-01 -5.539972991119114454e+00
2.252859729528427124e+03 1.220037232581560743e-01 -5.509972075563829286e+00
2.252874797105789185e+03 1.220037232581560743e-01 -5.509972075563829286e+00
2.252886646747589111e+03 1.200036622211371196e-01 -5.524972533341471426e+00
2.252897894620895386e+03 1.160035401470992239e-01 -5.554973448896755706e+00
2.252917490959167480e+03 1.200036622211371196e-01 -5.524972533341471426e+00
2.252969416618347168e+03 1.220037232581560743e-01 -5.509972075563829286e+00
2.252983065843582153e+03 1.180036011841181787e-01 -5.539972991119114454e+00
2.252996706485748291e+03 1.200036622211371196e-01 -5.524972533341471426e+00
2.253006894350051880e+03 1.200036622211371196e-01 -5.524972533341471426e+00
2.253025878190994263e+03 1.160035401470992239e-01 -5.554973448896755706e+00
2.253050252676010132e+03 1.180036011841181787e-01 -5.539972991119114454e+00
2.253067963600158691e+03 1.200036622211371196e-01 -5.524972533341471426e+00
2.253080969095230103e+03 1.180036011841181787e-01 -5.539972991119114454e+00
2.253134928226470947e+03 1.220037232581560743e-01 -5.509972075563829286e+00
2.253166208982467651e+03 1.180036011841181787e-01 -5.539972991119114454e+00
2.253221098423004150e+03 1.160035401470992239e-01 -5.554973448896755706e+00
2.253235561132431030e+03 1.180036011841181787e-01 -5.539972991119114454e+00
2.253261535644531250e+03 1.220037232581560743e-01 -5.509972075563829286e+00
2.253294152975082397e+03 1.160035401470992239e-01 -5.554973448896755706e+00
2.253314881563186646e+03 1.180036011841181787e-01 -5.539972991119114454e+00
2.253328421115875244e+03 1.200036622211371196e-01 -5.524972533341471426e+00
2.253341571569442749e+03 1.160035401470992239e-01 -5.554973448896755706e+00
2.253354168653488159e+03 1.220037232581560743e-01 -5.509972075563829286e+00
2.253381435871124268e+03 1.180036011841181787e-01 -5.539972991119114454e+00
2.253423342943191528e+03 1.180036011841181787e-01 -5.539972991119114454e+00
2.253440714359283447e+03 1.200036622211371196e-01 -5.524972533341471426e+00
2.253458285570144653e+03 1.180036011841181787e-01 -5.539972991119114454e+00
2.253473127126693726e+03 1.220037232581560743e-01 -5.509972075563829286e+00
2.253487830877304077e+03 1.180036011841181787e-01 -5.539972991119114454e+00
2.253501190185546875e+03 1.180036011841181787e-01 -5.539972991119114454e+00
2.253516843557357788e+03 1.220037232581560743e-01 -5.509972075563829286e+00
2.253534503221511841e+03 1.220037232581560743e-01 -5.509972075563829286e+00
2.253557478427886963e+03 1.180036011841181787e-01 -5.539972991119114454e+00
2.253621101856231689e+03 1.200036622211371196e-01 -5.524972533341471426e+00
2.253680054187774658e+03 1.240037842951750291e-01 -5.494971617786187146e+00
2.253693274259567261e+03 1.220037232581560743e-01 -5.509972075563829286e+00
2.253720795631408691e+03 1.240037842951750291e-01 -5.494971617786187146e+00
2.253755631685256958e+03 1.200036622211371196e-01 -5.524972533341471426e+00
2.253785447835922241e+03 1.260038453321939700e-01 -5.479971160008545006e+00
2.253811847209930420e+03 1.200036622211371196e-01 -5.524972533341471426e+00
2.253843956708908081e+03 1.200036622211371196e-01 -5.524972533341471426e+00
2.253870070695877075e+03 1.240037842951750291e-01 -5.494971617786187146e+00
2.253905515909194946e+03 1.220037232581560743e-01 -5.509972075563829286e+00
2.253926233768463135e+03 1.200036622211371196e-01 -5.524972533341471426e+00
2.253940081357955933e+03 1.200036622211371196e-01 -5.524972533341471426e+00
2.253957715272903442e+03 1.220037232581560743e-01 -5.509972075563829286e+00
2.253971539497375488e+03 1.240037842951750291e-01 -5.494971617786187146e+00
2.254020842790603638e+03 1.200036622211371196e-01 -5.524972533341471426e+00
2.254043686628341675e+03 1.200036622211371196e-01 -5.524972533341471426e+00
2.254062388896942139e+03 1.240037842951750291e-01 -5.494971617786187146e+00
2.254080148696899414e+03 1.220037232581560743e-01 -5.509972075563829286e+00
2.254103442430496216e+03 1.240037842951750291e-01 -5.494971617786187146e+00
2.254124691247940063e+03 1.200036622211371196e-01 -5.524972533341471426e+00
2.254140755891799927e+03 1.220037232581560743e-01 -5.509972075563829286e+00
2.254166805982589722e+03 1.240037842951750291e-01 -5.494971617786187146e+00
2.254200591325759888e+03 1.220037232581560743e-01 -5.509972075563829286e+00
2.254230438709259033e+03 1.200036622211371196e-01 -5.524972533341471426e+00
2.254286352634429932e+03 1.200036622211371196e-01 -5.524972533341471426e+00
2.254299683809280396e+03 1.200036622211371196e-01 -5.524972533341471426e+00
2.254325491428375244e+03 1.220037232581560743e-01 -5.509972075563829286e+00
2.254368236541748047e+03 1.240037842951750291e-01 -5.494971617786187146e+00
2.254381594181060791e+03 1.180036011841181787e-01 -5.539972991119114454e+00
2.254393269062042236e+03 1.240037842951750291e-01 -5.494971617786187146e+00
2.254405008077621460e+03 1.220037232581560743e-01 -5.509972075563829286e+00
2.254418207406997681e+03 1.220037232581560743e-01 -5.509972075563829286e+00
2.254446588993072510e+03 1.220037232581560743e-01 -5.509972075563829286e+00
2.254487124443054199e+03 1.220037232581560743e-01 -5.509972075563829286e+00
2.254500443458557129e+03 1.220037232581560743e-01 -5.509972075563829286e+00
2.254510722875595093e+03 1.240037842951750291e-01 -5.494971617786187146e+00
2.254523494243621826e+03 1.200036622211371196e-01 -5.524972533341471426e+00
2.254536924600601196e+03 1.220037232581560743e-01 -5.509972075563829286e+00
2.254550235033035278e+03 1.220037232581560743e-01 -5.509972075563829286e+00
2.254568430185317993e+03 1.200036622211371196e-01 -5.524972533341471426e+00
2.254586307287216187e+03 1.220037232581560743e-01 -5.509972075563829286e+00
2.254617792367935181e+03 1.220037232581560743e-01 -5.509972075563829286e+00
2.254655093908309937e+03 1.220037232581560743e-01 -5.509972075563829286e+00
2.254685805320739746e+03 1.220037232581560743e-01 -5.509972075563829286e+00
2.254741635799407959e+03 1.180036011841181787e-01 -5.539972991119114454e+00
2.254755763053894043e+03 1.220037232581560743e-01 -5.509972075563829286e+00
2.254782059907913208e+03 1.240037842951750291e-01 -5.494971617786187146e+00
2.254822831630706787e+03 1.180036011841181787e-01 -5.539972991119114454e+00
2.254839722394943237e+03 1.220037232581560743e-01 -5.509972075563829286e+00
2.254854513168334961e+03 1.240037842951750291e-01 -5.494971617786187146e+00
2.254867471933364868e+03 1.200036622211371196e-01 -5.524972533341471426e+00
2.254893573045730591e+03 1.200036622211371196e-01 -5.524972533341471426e+00
2.254926236629486084e+03 1.200036622211371196e-01 -5.524972533341471426e+00
2.254945175886154175e+03 1.220037232581560743e-01 -5.509972075563829286e+00
2.254958989858627319e+03 1.220037232581560743e-01 -5.509972075563829286e+00
2.254973417043685913e+03 1.240037842951750291e-01 -5.494971617786187146e+00
2.254987505435943604e+03 1.220037232581560743e-01 -5.509972075563829286e+00
2.255001092910766602e+03 1.220037232581560743e-01 -5.509972075563829286e+00
2.255014387607574463e+03 1.240037842951750291e-01 -5.494971617786187146e+00
2.255031706571578979e+03 1.220037232581560743e-01 -5.509972075563829286e+00
2.255048268556594849e+03 1.200036622211371196e-01 -5.524972533341471426e+00
2.255108048915863037e+03 1.240037842951750291e-01 -5.494971617786187146e+00
2.255136978387832642e+03 1.240037842951750291e-01 -5.494971617786187146e+00
2.255193336486816406e+03 1.220037232581560743e-01 -5.509972075563829286e+00
2.255213979482650757e+03 1.200036622211371196e-01 -5.524972533341471426e+00
2.255230469942092896e+03 1.200036622211371196e-01 -5.524972533341471426e+00
2.255260163068771362e+03 1.220037232581560743e-01 -5.509972075563829286e+00
2.255296839714050293e+03 1.220037232581560743e-01 -5.509972075563829286e+00
2.255323364973068237e+03 1.240037842951750291e-01 -5.494971617786187146e+00
2.255357018470764160e+03 1.240037842951750291e-01 -5.494971617786187146e+00
2.255383004188537598e+03 1.220037232581560743e-01 -5.509972075563829286e+00
2.255413305044174194e+03 1.180036011841181787e-01 -5.539972991119114454e+00
2.255437989950180054e+03 1.240037842951750291e-01 -5.494971617786187146e+00
2.255454513788223267e+03 1.240037842951750291e-01 -5.494971617786187146e+00
2.255469254255294800e+03 1.220037232581560743e-01 -5.509972075563829286e+00
2.255484951257705688e+03 1.220037232581560743e-01 -5.509972075563829286e+00
2.255535275936126709e+03 1.220037232581560743e-01 -5.509972075563829286e+00
2.255553757667541504e+03 1.220037232581560743e-01 -5.509972075563829286e+00
2.255576019525527954e+03 1.240037842951750291e-01 -5.494971617786187146e+00
2.255597219944000244e+03 1.240037842951750291e-01 -5.494971617786187146e+00
2.255616953849792480e+03 1.240037842951750291e-01 -5.494971617786187146e+00
2.255630898714065552e+03 1.220037232581560743e-01 -5.509972075563829286e+00
2.255649959087371826e+03 1.200036622211371196e-01 -5.524972533341471426e+00
2.255697076797485352e+03 1.220037232581560743e-01 -5.509972075563829286e+00
2.255736527204513550e+03 1.240037842951750291e-01 -5.494971617786187146e+00
2.255796608924865723e+03 1.220037232581560743e-01 -5.509972075563829286e+00
2.255810173511505127e+03 1.200036622211371196e-01 -5.524972533341471426e+00
2.255832869768142700e+03 1.200036622211371196e-01 -5.524972533341471426e+00
2.255864492177963257e+03 1.220037232581560743e-01 -5.509972075563829286e+00
2.255896856784820557e+03 1.220037232581560743e-01 -5.509972075563829286e+00
2.255911362886428833e+03 1.220037232581560743e-01 -5.509972075563829286e+00
2.255923487663269043e+03 1.180036011841181787e-01 -5.539972991119114454e+00
2.255934264898300171e+03 1.240037842951750291e-01 -5.494971617786187146e+00
2.255945598363876343e+03 1.220037232581560743e-01 -5.509972075563829286e+00
2.256004761219024658e+03 1.180036011841181787e-01 -5.539972991119114454e+00
2.256016494035720825e+03 1.220037232581560743e-01 -5.509972075563829286e+00
2.256033743143081665e+03 1.240037842951750291e-01 -5.494971617786187146e+00
2.256047626733779907e+03 1.200036622211371196e-01 -5.524972533341471426e+00
2.256060972452163696e+03 1.220037232581560743e-01 -5.509972075563829286e+00
2.256073247909545898e+03 1.240037842951750291e-01 -5.494971617786187146e+00
2.256089313745498657e+03 1.200036622211371196e-01 -5.524972533341471426e+00
2.256102785587310791e+03 1.200036622211371196e-01 -5.524972533341471426e+00
2.256115315198898315e+03 1.240037842951750291e-01 -5.494971617786187146e+00
2.256133675336837769e+03 1.220037232581560743e-01 -5.509972075563829286e+00
2.256179065704345703e+03 1.220037232581560743e-01 -5.509972075563829286e+00
2.256209349393844604e+03 1.200036622211371196e-01 -5.524972533341471426e+00
2.256265883207321167e+03 1.200036622211371196e-01 -5.524972533341471426e+00
2.256280435085296631e+03 1.200036622211371196e-01 -5.524972533341471426e+00
2.256306391000747681e+03 1.220037232581560743e-01 -5.509972075563829286e+00
2.256349202394485474e+03 1.240037842951750291e-01 -5.494971617786187146e+00
2.256364280939102173e+03 1.200036622211371196e-01 -5.524972533341471426e+00
2.256383345365524292e+03 1.220037232581560743e-01 -5.509972075563829286e+00
2.256397972583770752e+03 1.240037842951750291e-01 -5.494971617786187146e+00
2.256453324079513550e+03 1.200036622211371196e-01 -5.524972533341471426e+00
2.256471650600433350e+03 1.220037232581560743e-01 -5.509972075563829286e+00
2.256488707065582275e+03 1.220037232581560743e-01 -5.509972075563829286e+00
2.256504621744155884e+03 1.200036622211371196e-01 -5.524972533341471426e+00
2.256526642799377441e+03 1.220037232581560743e-01 -5.509972075563829286e+00
2.256541584014892578e+03 1.220037232581560743e-01 -5.509972075563829286e+00
2.256556862354278564e+03 1.220037232581560743e-01 -5.509972075563829286e+00
2.256575527906417847e+03 1.240037842951750291e-01 -5.494971617786187146e+00
2.256628573417663574e+03 1.220037232581560743e-01 -5.509972075563829286e+00
2.256659612178802490e+03 1.240037842951750291e-01 -5.494971617786187146e+00
2.256715214252471924e+03 1.240037842951750291e-01 -5.494971617786187146e+00
2.256736275196075439e+03 1.200036622211371196e-01 -5.524972533341471426e+00
2.256752686738967896e+03 1.220037232581560743e-01 -5.509972075563829286e+00
2.256780942678451538e+03 1.240037842951750291e-01 -5.494971617786187146e+00
2.256809354543685913e+03 1.240037842951750291e-01 -5.494971617786187146e+00
2.256839048147201538e+03 1.180036011841181787e-01 -5.539972991119114454e+00
2.256874828338623047e+03 1.240037842951750291e-01 -5.494971617786187146e+00
2.256900698661804199e+03 1.220037232581560743e-01 -5.509972075563829286e+00
2.256933331966400146e+03 1.220037232581560743e-01 -5.509972075563829286e+00
2.256956078290939331e+03 1.240037842951750291e-01 -5.494971617786187146e+00
2.256969793796539307e+03 1.220037232581560743e-01 -5.509972075563829286e+00
2.256984964847564697e+03 1.200036622211371196e-01 -5.524972533341471426e+00
2.257000764846801758e+03 1.240037842951750291e-01 -5.494971617786187146e+00
2.257023569583892822e+03 1.260038453321939700e-01 -5.479971160008545006e+00
2.257065354347229004e+03 1.220037232581560743e-01 -5.509972075563829286e+00
2.257080625534057617e+03 1.200036622211371196e-01 -5.524972533341471426e+00
2.257097808599472046e+03 1.240037842951750291e-01 -5.494971617786187146e+00
2.257112500429153442e+03 1.240037842951750291e-01 -5.494971617786187146e+00
2.257125881195068359e+03 1.220037232581560743e-01 -5.509972075563829286e+00
2.257141695261001587e+03 1.200036622211371196e-01 -5.524972533341471426e+00
2.257159496545791626e+03 1.240037842951750291e-01 -5.494971617786187146e+00
2.257175203084945679e+03 1.240037842951750291e-01 -5.494971617786187146e+00
2.257218953132629395e+03 1.220037232581560743e-01 -5.509972075563829286e+00
2.257258375644683838e+03 1.220037232581560743e-01 -5.509972075563829286e+00
2.257316682815551758e+03 1.220037232581560743e-01 -5.509972075563829286e+00
2.257329543352127075e+03 1.180036011841181787e-01 -5.539972991119114454e+00
2.257353335618972778e+03 1.180036011841181787e-01 -5.539972991119114454e+00
2.257384056568145752e+03 1.240037842951750291e-01 -5.494971617786187146e+00
2.257416247844696045e+03 1.220037232581560743e-01 -5.509972075563829286e+00
2.257429842710494995e+03 1.220037232581560743e-01 -5.509972075563829286e+00
2.257443181276321411e+03 1.200036622211371196e-01 -5.524972533341471426e+00
2.257458822488784790e+03 1.240037842951750291e-01 -5.494971617786187146e+00
2.257486361980438232e+03 1.240037842951750291e-01 -5.494971617786187146e+00
2.257528816699981689e+03 1.240037842951750291e-01 -5.494971617786187146e+00
2.257543585777282715e+03 1.200036622211371196e-01 -5.524972533341471426e+00
2.257558123111724854e+03 1.220037232581560743e-01 -5.509972075563829286e+00
2.257575131177902222e+03 1.240037842951750291e-01 -5.494971617786187146e+00
2.257587579488754272e+03 1.200036622211371196e-01 -5.524972533341471426e+00
2.257600461483001709e+03 1.200036622211371196e-01 -5.524972533341471426e+00
2.257620391607284546e+03 1.240037842951750291e-01 -5.494971617786187146e+00
2.257644172668457031e+03 1.240037842951750291e-01 -5.494971617786187146e+00
2.257676156997680664e+03 1.240037842951750291e-01 -5.494971617786187146e+00
2.257716446638107300e+03 1.240037842951750291e-01 -5.494971617786187146e+00
2.257775319337844849e+03 1.220037232581560743e-01 -5.509972075563829286e+00
2.257788675308227539e+03 1.200036622211371196e-01 -5.524972533341471426e+00
2.257826228141784668e+03 1.220037232581560743e-01 -5.509972075563829286e+00
2.257862691879272461e+03 1.220037232581560743e-01 -5.509972075563829286e+00
2.257878224611282349e+03 1.240037842951750291e-01 -5.494971617786187146e+00
2.257892443180084229e+03 1.240037842951750291e-01 -5.494971617786187146e+00
2.257903724193572998e+03 1.200036622211371196e-01 -5.524972533341471426e+00
2.257914670228958130e+03 1.240037842951750291e-01 -5.494971617786187146e+00
2.257964224338531494e+03 1.200036622211371196e-01 -5.524972533341471426e+00
2.257987071037292480e+03 1.200036622211371196e-01 -5.524972533341471426e+00
2.258005821228027344e+03 1.220037232581560743e-01 -5.509972075563829286e+00
2.258021072864532471e+03 1.220037232581560743e-01 -5.509972075563829286e+00
2.258034996271133423e+03 1.240037842951750291e-01 -5.494971617786187146e+00
2.258052882909774780e+03 1.220037232581560743e-01 -5.509972075563829286e+00
2.258066668033599854e+03 1.200036622211371196e-01 -5.524972533341471426e+00
2.258080331087112427e+03 1.220037232581560743e-01 -5.509972075563829286e+00
2.258095217943191528e+03 1.240037842951750291e-01 -5.494971617786187146e+00
2.258144160032272339e+03 1.260038453321939700e-01 -5.479971160008545006e+00
2.258173336029052734e+03 1.220037232581560743e-01 -5.509972075563829286e+00
2.258229232311248779e+03 1.220037232581560743e-01 -5.509972075563829286e+00
2.258243457317352295e+03 1.180036011841181787e-01 -5.539972991119114454e+00
2.258261653423309326e+03 1.220037232581560743e-01 -5.509972075563829286e+00
2.258290087461471558e+03 1.220037232581560743e-01 -5.509972075563829286e+00
2.258318250656127930e+03 1.200036622211371196e-01 -5.524972533341471426e+00
2.258347731351852417e+03 1.240037842951750291e-01 -5.494971617786187146e+00
2.258389421224594116e+03 1.200036622211371196e-01 -5.524972533341471426e+00
2.258409492969512939e+03 1.220037232581560743e-01 -5.509972075563829286e+00
2.258445087671279907e+03 1.200036622211371196e-01 -5.524972533341471426e+00
2.258466633796691895e+03 1.220037232581560743e-01 -5.509972075563829286e+00
2.258483220100402832e+03 1.220037232581560743e-01 -5.509972075563829286e+00
2.258496330738067627e+03 1.240037842951750291e-01 -5.494971617786187146e+00
2.258510160207748413e+03 1.220037232581560743e-01 -5.509972075563829286e+00
2.258535079002380371e+03 1.200036622211371196e-01 -5.524972533341471426e+00
2.258574060201644897e+03 1.180036011841181787e-01 -5.539972991119114454e+00
2.258588809967041016e+03 1.200036622211371196e-01 -5.524972533341471426e+00
2.258604683637619019e+03 1.120034180730613144e-01 -5.584974364452039985e+00
2.258623605489730835e+03 1.180036011841181787e-01 -5.539972991119114454e+00
2.258637717247009277e+03 1.220037232581560743e-01 -5.509972075563829286e+00
2.258655211925506592e+03 1.080032959990234048e-01 -5.614975280007325154e+00
2.258672010898590088e+03 1.080032959990234048e-01 -5.614975280007325154e+00
2.258686084985733032e+03 1.180036011841181787e-01 -5.539972991119114454e+00
2.258698798894882202e+03 1.200036622211371196e-01 -5.524972533341471426e+00
2.258740722656250000e+03 1.220037232581560743e-01 -5.509972075563829286e+00
2.258779545068740845e+03 1.200036622211371196e-01 -5.524972533341471426e+00
2.258839581966400146e+03 1.200036622211371196e-01 -5.524972533341471426e+00
2.258852818489074707e+03 1.200036622211371196e-01 -5.524972533341471426e+00
2.258876433610916138e+03 1.180036011841181787e-01 -5.539972991119114454e+00
2.258912020683288574e+03 1.220037232581560743e-01 -5.509972075563829286e+00
2.258931393623352051e+03 1.180036011841181787e-01 -5.539972991119114454e+00
2.258945610761642456e+03 1.080032959990234048e-01 -5.614975280007325154e+00
2.258958512783050537e+03 1.200036622211371196e-01 -5.524972533341471426e+00
2.258973837375640869e+03 1.220037232581560743e-01 -5.509972075563829286e+00
2.259001614809036255e+03 1.180036011841181787e-01 -5.539972991119114454e+00
2.259046279430389404e+03 1.160035401470992239e-01 -5.554973448896755706e+00
2.259059908151626587e+03 1.200036622211371196e-01 -5.524972533341471426e+00
2.259070276498794556e+03 1.120034180730613144e-01 -5.584974364452039985e+00
2.259089427471160889e+03 1.180036011841181787e-01 -5.539972991119114454e+00
2.259106379985809326e+03 1.180036011841181787e-01 -5.539972991119114454e+00
2.259125701904296875e+03 1.160035401470992239e-01 -5.554973448896755706e+00
2.259139595508575439e+03 1.200036622211371196e-01 -5.524972533341471426e+00
2.259151957511901855e+03 1.220037232581560743e-01 -5.509972075563829286e+00
2.259170104980468750e+03 1.180036011841181787e-01 -5.539972991119114454e+00
2.259204058647155762e+03 1.180036011841181787e-01 -5.539972991119114454e+00
2.259242886543273926e+03 1.160035401470992239e-01 -5.554973448896755706e+00
2.259302367925643921e+03 1.200036622211371196e-01 -5.524972533341471426e+00
2.259316013813018799e+03 1.200036622211371196e-01 -5.524972533341471426e+00
2.259341259002685547e+03 1.220037232581560743e-01 -5.509972075563829286e+00
2.259370636463165283e+03 1.200036622211371196e-01 -5.524972533341471426e+00
2.259397946357727051e+03 1.200036622211371196e-01 -5.524972533341471426e+00
2.259410656213760376e+03 1.220037232581560743e-01 -5.509972075563829286e+00
2.259424103736877441e+03 1.160035401470992239e-01 -5.554973448896755706e+00
2.259439996242523193e+03 1.220037232581560743e-01 -5.509972075563829286e+00
2.259474301338195801e+03 1.180036011841181787e-01 -5.539972991119114454e+00
2.259498943328857422e+03 1.180036011841181787e-01 -5.539972991119114454e+00
2.259514477968215942e+03 1.220037232581560743e-01 -5.509972075563829286e+00
2.259528915882110596e+03 1.160035401470992239e-01 -5.554973448896755706e+00
2.259544953107833862e+03 1.180036011841181787e-01 -5.539972991119114454e+00
2.259559516429901123e+03 1.200036622211371196e-01 -5.524972533341471426e+00
2.259575603723526001e+03 1.200036622211371196e-01 -5.524972533341471426e+00
2.259599499702453613e+03 1.220037232581560743e-01 -5.509972075563829286e+00
2.259615449190139771e+03 1.220037232581560743e-01 -5.509972075563829286e+00
2.259641304016113281e+03 1.200036622211371196e-01 -5.524972533341471426e+00
2.259675303936004639e+03 1.220037232581560743e-01 -5.509972075563829286e+00
2.259704846858978271e+03 1.200036622211371196e-01 -5.524972533341471426e+00
2.259760962486267090e+03 1.180036011841181787e-01 -5.539972991119114454e+00
2.259774874448776245e+03 1.200036622211371196e-01 -5.524972533341471426e+00
2.259798478364944458e+03 1.220037232581560743e-01 -5.509972075563829286e+00
2.259827572345733643e+03 1.200036622211371196e-01 -5.524972533341471426e+00
2.259855614185333252e+03 1.180036011841181787e-01 -5.539972991119114454e+00
2.259885299444198608e+03 1.220037232581560743e-01 -5.509972075563829286e+00
2.259922525405883789e+03 1.160035401470992239e-01 -5.554973448896755706e+00
2.259948338031768799e+03 1.220037232581560743e-01 -5.509972075563829286e+00
2.259977231740951538e+03 1.160035401470992239e-01 -5.554973448896755706e+00
2.260003815650939941e+03 1.200036622211371196e-01 -5.524972533341471426e+00
2.260016485214233398e+03 1.220037232581560743e-01 -5.509972075563829286e+00
2.260032610416412354e+03 1.200036622211371196e-01 -5.524972533341471426e+00
2.260048429965972900e+03 1.180036011841181787e-01 -5.539972991119114454e+00
2.260107034683227539e+03 1.180036011841181787e-01 -5.539972991119114454e+00
2.260124696731567383e+03 1.180036011841181787e-01 -5.539972991119114454e+00
2.260147643566131592e+03 1.180036011841181787e-01 -5.539972991119114454e+00
2.260165377140045166e+03 1.180036011841181787e-01 -5.539972991119114454e+00
2.260180593013763428e+03 1.200036622211371196e-01 -5.524972533341471426e+00
