2.521492490768432617e+03 3.800115970336008508e-02 -6.139991302224800052e+00
2.521504128694534302e+03 3.200097659230323466e-02 -6.184992675557725583e+00
2.521516828536987305e+03 4.200128177739799462e-02 -6.109990386669514884e+00
2.521526906728744507e+03 3.200097659230323466e-02 -6.184992675557725583e+00
2.521538221359252930e+03 4.000122074037903985e-02 -6.124990844447157023e+00
2.521552968978881836e+03 3.400103762932218943e-02 -6.169992217780083443e+00
2.521568929433822632e+03 3.000091555528427989e-02 -6.199993133335367723e+00
2.521584758758544922e+03 3.200097659230323466e-02 -6.184992675557725583e+00
2.521601650238037109e+03 4.000122074037903985e-02 -6.124990844447157023e+00
2.521645463466644287e+03 4.000122074037903985e-02 -6.124990844447157023e+00
2.521665462493896484e+03 4.000122074037903985e-02 -6.124990844447157023e+00
2.521683438539505005e+03 4.000122074037903985e-02 -6.124990844447157023e+00
2.521704820394515991e+03 4.200128177739799462e-02 -6.109990386669514884e+00
2.521722402095794678e+03 4.000122074037903985e-02 -6.124990844447157023e+00
2.521739811420440674e+03 4.000122074037903985e-02 -6.124990844447157023e+00
2.521754677295684814e+03 3.600109866634113726e-02 -6.154991760002441303e+00
2.521795124769210815e+03 3.000091555528427989e-02 -6.199993133335367723e+00
2.521842577934265137e+03 3.600109866634113726e-02 -6.154991760002441303e+00
2.521901349067687988e+03 3.800115970336008508e-02 -6.139991302224800052e+00
2.521914523601531982e+03 3.800115970336008508e-02 -6.139991302224800052e+00
2.521937703371047974e+03 3.200097659230323466e-02 -6.184992675557725583e+00
2.521968137979507446e+03 4.000122074037903985e-02 -6.124990844447157023e+00
2.521998591661453247e+03 3.000091555528427989e-02 -6.199993133335367723e+00
2.522012635946273804e+03 3.400103762932218943e-02 -6.169992217780083443e+00
2.522026197671890259e+03 3.200097659230323466e-02 -6.184992675557725583e+00
2.522040061235427856e+03 4.200128177739799462e-02 -6.109990386669514884e+00
2.522064188003540039e+03 3.400103762932218943e-02 -6.169992217780083443e+00
2.522098797559738159e+03 3.400103762932218943e-02 -6.169992217780083443e+00
2.522120726346969604e+03 4.200128177739799462e-02 -6.109990386669514884e+00
2.522136968612670898e+03 3.600109866634113726e-02 -6.154991760002441303e+00
2.522153982162475586e+03 3.600109866634113726e-02 -6.154991760002441303e+00
2.522167370319366455e+03 3.200097659230323466e-02 -6.184992675557725583e+00
2.522191150188446045e+03 3.400103762932218943e-02 -6.169992217780083443e+00
2.522228104352951050e+03 3.200097659230323466e-02 -6.184992675557725583e+00
2.522273361206054688e+03 3.800115970336008508e-02 -6.139991302224800052e+00
2.522287500619888306e+03 3.200097659230323466e-02 -6.184992675557725583e+00
2.522341814994812012e+03 3.400103762932218943e-02 -6.169992217780083443e+00
2.522355849266052246e+03 4.000122074037903985e-02 -6.124990844447157023e+00
2.522382122516632080e+03 4.000122074037903985e-02 -6.124990844447157023e+00
2.522414147853851318e+03 3.400103762932218943e-02 -6.169992217780083443e+00
2.522435591220855713e+03 4.200128177739799462e-02 -6.109990386669514884e+00
2.522449213981628418e+03 3.200097659230323466e-02 -6.184992675557725583e+00
2.522461954593658447e+03 3.800115970336008508e-02 -6.139991302224800052e+00
2.522481272220611572e+03 4.000122074037903985e-02 -6.124990844447157023e+00
2.522522192001342773e+03 4.000122074037903985e-02 -6.124990844447157023e+00
2.522543330192565918e+03 4.000122074037903985e-02 -6.124990844447157023e+00
2.522555523157119751e+03 4.000122074037903985e-02 -6.124990844447157023e+00
2.522569972753524780e+03 3.200097659230323466e-02 -6.184992675557725583e+00
2.522583268165588379e+03 3.800115970336008508e-02 -6.139991302224800052e+00
2.522599795341491699e+03 4.000122074037903985e-02 -6.124990844447157023e+00
2.522617362022399902e+03 4.200128177739799462e-02 -6.109990386669514884e+00
2.522630650758743286e+03 3.400103762932218943e-02 -6.169992217780083443e+00
2.522643777370452881e+03 3.400103762932218943e-02 -6.169992217780083443e+00
2.522668926000595093e+03 4.000122074037903985e-02 -6.124990844447157023e+00
2.522698552370071411e+03 3.200097659230323466e-02 -6.184992675557725583e+00
2.522727318048477173e+03 3.800115970336008508e-02 -6.139991302224800052e+00
2.522783122301101685e+03 3.400103762932218943e-02 -6.169992217780083443e+00
2.522796823263168335e+03 4.000122074037903985e-02 -6.124990844447157023e+00
2.522815026521682739e+03 4.000122074037903985e-02 -6.124990844447157023e+00
2.522843111276626587e+03 3.600109866634113726e-02 -6.154991760002441303e+00
2.522871397018432617e+03 3.800115970336008508e-02 -6.139991302224800052e+00
2.522899432182312012e+03 3.200097659230323466e-02 -6.184992675557725583e+00
2.522941143274307251e+03 4.200128177739799462e-02 -6.109990386669514884e+00
2.522962213277816772e+03 3.800115970336008508e-02 -6.139991302224800052e+00
2.522998476505279541e+03 4.000122074037903985e-02 -6.124990844447157023e+00
2.523025501966476440e+03 3.800115970336008508e-02 -6.139991302224800052e+00
2.523038294792175293e+03 4.000122074037903985e-02 -6.124990844447157023e+00
2.523053167104721069e+03 3.400103762932218943e-02 -6.169992217780083443e+00
2.523074956655502319e+03 3.400103762932218943e-02 -6.169992217780083443e+00
2.523119471073150635e+03 3.800115970336008508e-02 -6.139991302224800052e+00
2.523135673046112061e+03 3.800115970336008508e-02 -6.139991302224800052e+00
2.523150531530380249e+03 3.200097659230323466e-02 -6.184992675557725583e+00
2.523165956258773804e+03 3.400103762932218943e-02 -6.169992217780083443e+00
2.523183291435241699e+03 4.000122074037903985e-02 -6.124990844447157023e+00
2.523199293613433838e+03 4.200128177739799462e-02 -6.109990386669514884e+00
2.523214327573776245e+03 3.600109866634113726e-02 -6.154991760002441303e+00
2.523228205680847168e+03 3.200097659230323466e-02 -6.184992675557725583e+00
2.523278856754302979e+03 3.400103762932218943e-02 -6.169992217780083443e+00
2.523308329105377197e+03 3.800115970336008508e-02 -6.139991302224800052e+00
2.523363721132278442e+03 3.200097659230323466e-02 -6.184992675557725583e+00
2.523376428604125977e+03 4.200128177739799462e-02 -6.109990386669514884e+00
2.523406641483306885e+03 4.000122074037903985e-02 -6.124990844447157023e+00
2.523451117038726807e+03 3.200097659230323466e-02 -6.184992675557725583e+00
2.523464197635650635e+03 3.400103762932218943e-02 -6.169992217780083443e+00
2.523479827880859375e+03 4.000122074037903985e-02 -6.124990844447157023e+00
2.523491763353347778e+03 4.000122074037903985e-02 -6.124990844447157023e+00
2.523502931594848633e+03 3.400103762932218943e-02 -6.169992217780083443e+00
2.523543335199356079e+03 4.200128177739799462e-02 -6.109990386669514884e+00
2.523569895982742310e+03 4.200128177739799462e-02 -6.109990386669514884e+00
2.523584412336349487e+03 3.400103762932218943e-02 -6.169992217780083443e+00
2.523598765373229980e+03 4.000122074037903985e-02 -6.124990844447157023e+00
2.523612730503082275e+03 3.600109866634113726e-02 -6.154991760002441303e+00
2.523634656429290771e+03 3.200097659230323466e-02 -6.184992675557725583e+00
2.523648968696594238e+03 3.200097659230323466e-02 -6.184992675557725583e+00
2.523668356895446777e+03 3.200097659230323466e-02 -6.184992675557725583e+00
2.523712264060974121e+03 3.200097659230323466e-02 -6.184992675557725583e+00
2.523742668390274048e+03 4.400134281441694245e-02 -6.094989928891872744e+00
2.523798424720764160e+03 4.000122074037903985e-02 -6.124990844447157023e+00
2.523811943769454956e+03 3.600109866634113726e-02 -6.154991760002441303e+00
2.523846116304397583e+03 3.200097659230323466e-02 -6.184992675557725583e+00
2.523878229618072510e+03 3.800115970336008508e-02 -6.139991302224800052e+00
2.523891377210617065e+03 3.400103762932218943e-02 -6.169992217780083443e+00
2.523906798601150513e+03 3.000091555528427989e-02 -6.199993133335367723e+00
2.523922884941101074e+03 3.400103762932218943e-02 -6.169992217780083443e+00
2.523933641195297241e+03 4.000122074037903985e-02 -6.124990844447157023e+00
2.523982765913009644e+03 4.200128177739799462e-02 -6.109990386669514884e+00
2.524001328468322754e+03 4.000122074037903985e-02 -6.124990844447157023e+00
2.524015186548233032e+03 4.000122074037903985e-02 -6.124990844447157023e+00
2.524028863906860352e+03 3.200097659230323466e-02 -6.184992675557725583e+00
2.524041553258895874e+03 3.800115970336008508e-02 -6.139991302224800052e+00
2.524056065559387207e+03 3.800115970336008508e-02 -6.139991302224800052e+00
2.524069705009460449e+03 3.200097659230323466e-02 -6.184992675557725583e+00
2.524083658218383789e+03 3.400103762932218943e-02 -6.169992217780083443e+00
2.524096742391586304e+03 4.400134281441694245e-02 -6.094989928891872744e+00
2.524147703647613525e+03 4.000122074037903985e-02 -6.124990844447157023e+00
2.524177063465118408e+03 3.400103762932218943e-02 -6.169992217780083443e+00
2.524249368906021118e+03 3.400103762932218943e-02 -6.169992217780083443e+00
2.524269848823547363e+03 3.400103762932218943e-02 -6.169992217780083443e+00
2.524286298513412476e+03 3.800115970336008508e-02 -6.139991302224800052e+00
2.524320457696914673e+03 3.000091555528427989e-02 -6.199993133335367723e+00
2.524351019620895386e+03 4.200128177739799462e-02 -6.109990386669514884e+00
2.524405753850936890e+03 4.200128177739799462e-02 -6.109990386669514884e+00
2.524432963371276855e+03 4.200128177739799462e-02 -6.109990386669514884e+00
2.524476964712142944e+03 3.400103762932218943e-02 -6.169992217780083443e+00
2.524489366769790649e+03 3.400103762932218943e-02 -6.169992217780083443e+00
2.524502284765243530e+03 3.600109866634113726e-02 -6.154991760002441303e+00
2.524515444993972778e+03 4.000122074037903985e-02 -6.124990844447157023e+00
2.524528073072433472e+03 3.200097659230323466e-02 -6.184992675557725583e+00
2.524572855710983276e+03 3.200097659230323466e-02 -6.184992675557725583e+00
2.524599377870559692e+03 3.800115970336008508e-02 -6.139991302224800052e+00
2.524614212512969971e+03 4.000122074037903985e-02 -6.124990844447157023e+00
2.524627735137939453e+03 3.200097659230323466e-02 -6.184992675557725583e+00
2.524641033649444580e+03 3.800115970336008508e-02 -6.139991302224800052e+00
2.524656780004501343e+03 4.000122074037903985e-02 -6.124990844447157023e+00
2.524670636892318726e+03 3.400103762932218943e-02 -6.169992217780083443e+00
2.524683773994445801e+03 3.400103762932218943e-02 -6.169992217780083443e+00
2.524705379724502563e+03 4.000122074037903985e-02 -6.124990844447157023e+00
2.524748327970504761e+03 3.600109866634113726e-02 -6.154991760002441303e+00
2.524778103828430176e+03 4.200128177739799462e-02 -6.109990386669514884e+00
2.524833524465560913e+03 3.800115970336008508e-02 -6.139991302224800052e+00
2.524847339153289795e+03 3.200097659230323466e-02 -6.184992675557725583e+00
2.524883704423904419e+03 3.200097659230323466e-02 -6.184992675557725583e+00
2.524907950401306152e+03 4.000122074037903985e-02 -6.124990844447157023e+00
2.524928842067718506e+03 3.200097659230323466e-02 -6.184992675557725583e+00
2.524945050001144409e+03 3.400103762932218943e-02 -6.169992217780083443e+00
2.524960768938064575e+03 4.000122074037903985e-02 -6.124990844447157023e+00
2.524972395896911621e+03 3.800115970336008508e-02 -6.139991302224800052e+00
2.525010120868682861e+03 3.400103762932218943e-02 -6.169992217780083443e+00
2.525033811092376709e+03 3.200097659230323466e-02 -6.184992675557725583e+00
2.525046122789382935e+03 3.200097659230323466e-02 -6.184992675557725583e+00
2.525063374519348145e+03 4.200128177739799462e-02 -6.109990386669514884e+00
2.525080152273178101e+03 4.400134281441694245e-02 -6.094989928891872744e+00
2.525103379487991333e+03 4.000122074037903985e-02 -6.124990844447157023e+00
2.525117634296417236e+03 4.400134281441694245e-02 -6.094989928891872744e+00
2.525140127897262573e+03 3.600109866634113726e-02 -6.154991760002441303e+00
2.525199202537536621e+03 4.000122074037903985e-02 -6.124990844447157023e+00
2.525213181734085083e+03 3.800115970336008508e-02 -6.139991302224800052e+00
2.525266862154006958e+03 3.600109866634113726e-02 -6.154991760002441303e+00
2.525280756711959839e+03 3.800115970336008508e-02 -6.139991302224800052e+00
2.525315304756164551e+03 4.000122074037903985e-02 -6.124990844447157023e+00
2.525352132320404053e+03 3.800115970336008508e-02 -6.139991302224800052e+00
2.525367728233337402e+03 3.600109866634113726e-02 -6.154991760002441303e+00
2.525381425142288208e+03 3.800115970336008508e-02 -6.139991302224800052e+00
2.525394464492797852e+03 3.800115970336008508e-02 -6.139991302224800052e+00
2.525409364700317383e+03 3.600109866634113726e-02 -6.154991760002441303e+00
2.525464547634124756e+03 3.600109866634113726e-02 -6.154991760002441303e+00
2.525477463245391846e+03 4.000122074037903985e-02 -6.124990844447157023e+00
2.525491942644119263e+03 3.800115970336008508e-02 -6.139991302224800052e+00
2.525506578683853149e+03 3.600109866634113726e-02 -6.154991760002441303e+00
2.525519014835357666e+03 4.000122074037903985e-02 -6.124990844447157023e+00
2.525532177925109863e+03 3.800115970336008508e-02 -6.139991302224800052e+00
2.525547727346420288e+03 3.600109866634113726e-02 -6.154991760002441303e+00
2.525560844659805298e+03 3.800115970336008508e-02 -6.139991302224800052e+00
2.525577927589416504e+03 3.800115970336008508e-02 -6.139991302224800052e+00
2.525622442483901978e+03 3.800115970336008508e-02 -6.139991302224800052e+00
2.525651879549026489e+03 3.600109866634113726e-02 -6.154991760002441303e+00
2.525707575798034668e+03 3.600109866634113726e-02 -6.154991760002441303e+00
2.525721616983413696e+03 3.800115970336008508e-02 -6.139991302224800052e+00
2.525740258216857910e+03 4.000122074037903985e-02 -6.124990844447157023e+00
2.525768549203872681e+03 4.000122074037903985e-02 -6.124990844447157023e+00
2.525796650409698486e+03 3.600109866634113726e-02 -6.154991760002441303e+00
2.525825121879577637e+03 3.800115970336008508e-02 -6.139991302224800052e+00
2.525867655992507935e+03 3.800115970336008508e-02 -6.139991302224800052e+00
2.525894617080688477e+03 4.000122074037903985e-02 -6.124990844447157023e+00
2.525948405504226685e+03 3.600109866634113726e-02 -6.154991760002441303e+00
2.525960663318634033e+03 3.800115970336008508e-02 -6.139991302224800052e+00
2.525971783161163330e+03 4.000122074037903985e-02 -6.124990844447157023e+00
2.525982694387435913e+03 3.800115970336008508e-02 -6.139991302224800052e+00
2.525998672246932983e+03 4.000122074037903985e-02 -6.124990844447157023e+00
2.526043242216110229e+03 4.000122074037903985e-02 -6.124990844447157023e+00
2.526061150789260864e+03 4.000122074037903985e-02 -6.124990844447157023e+00
2.526075926303863525e+03 4.000122074037903985e-02 -6.124990844447157023e+00
2.526089643478393555e+03 3.600109866634113726e-02 -6.154991760002441303e+00
2.526107290506362915e+03 3.800115970336008508e-02 -6.139991302224800052e+00
2.526120929956436157e+03 4.000122074037903985e-02 -6.124990844447157023e+00
2.526134293079376221e+03 4.000122074037903985e-02 -6.124990844447157023e+00
2.526146187543869019e+03 3.600109866634113726e-02 -6.154991760002441303e+00
2.526162405967712402e+03 4.000122074037903985e-02 -6.124990844447157023e+00
2.526196515083312988e+03 3.800115970336008508e-02 -6.139991302224800052e+00
2.526233143329620361e+03 4.000122074037903985e-02 -6.124990844447157023e+00
2.526291755914688110e+03 3.600109866634113726e-02 -6.154991760002441303e+00
2.526304597377777100e+03 3.600109866634113726e-02 -6.154991760002441303e+00
2.526326979160308838e+03 4.000122074037903985e-02 -6.124990844447157023e+00
2.526348415136337280e+03 3.800115970336008508e-02 -6.139991302224800052e+00
2.526388562679290771e+03 3.800115970336008508e-02 -6.139991302224800052e+00
2.526401605129241943e+03 3.800115970336008508e-02 -6.139991302224800052e+00
2.526413177967071533e+03 4.000122074037903985e-02 -6.124990844447157023e+00
2.526426549673080444e+03 3.600109866634113726e-02 -6.154991760002441303e+00
2.526452297449111938e+03 4.000122074037903985e-02 -6.124990844447157023e+00
2.526496781826019287e+03 3.600109866634113726e-02 -6.154991760002441303e+00
2.526512801408767700e+03 3.800115970336008508e-02 -6.139991302224800052e+00
2.526527925014495850e+03 3.600109866634113726e-02 -6.154991760002441303e+00
2.526541370391845703e+03 3.800115970336008508e-02 -6.139991302224800052e+00
2.526555238962173462e+03 4.000122074037903985e-02 -6.124990844447157023e+00
2.526567890405654907e+03 3.600109866634113726e-02 -6.154991760002441303e+00
2.526582172632217407e+03 3.800115970336008508e-02 -6.139991302224800052e+00
2.526594666481018066e+03 4.000122074037903985e-02 -6.124990844447157023e+00
2.526644677877426147e+03 4.000122074037903985e-02 -6.124990844447157023e+00
2.526675316810607910e+03 3.600109866634113726e-02 -6.154991760002441303e+00
2.526730633020401001e+03 3.800115970336008508e-02 -6.139991302224800052e+00
2.526744486093521118e+03 3.600109866634113726e-02 -6.154991760002441303e+00
2.526770485401153564e+03 3.800115970336008508e-02 -6.139991302224800052e+00
2.526810596227645874e+03 4.000122074037903985e-02 -6.124990844447157023e+00
2.526823804140090942e+03 3.800115970336008508e-02 -6.139991302224800052e+00
2.526835655927658081e+03 4.000122074037903985e-02 -6.124990844447157023e+00
2.526849841117858887e+03 3.600109866634113726e-02 -6.154991760002441303e+00
2.526864284038543701e+03 3.800115970336008508e-02 -6.139991302224800052e+00
2.526917616605758667e+03 4.000122074037903985e-02 -6.124990844447157023e+00
2.526933057308197021e+03 3.800115970336008508e-02 -6.139991302224800052e+00
2.526951025485992432e+03 3.800115970336008508e-02 -6.139991302224800052e+00
2.526964321374893188e+03 3.800115970336008508e-02 -6.139991302224800052e+00
2.526981108427047729e+03 4.000122074037903985e-02 -6.124990844447157023e+00
2.526993011236190796e+03 4.000122074037903985e-02 -6.124990844447157023e+00
2.527008475780487061e+03 3.600109866634113726e-02 -6.154991760002441303e+00
2.527022516965866089e+03 3.800115970336008508e-02 -6.139991302224800052e+00
2.527066262006759644e+03 4.000122074037903985e-02 -6.124990844447157023e+00
2.527103913307189941e+03 3.800115970336008508e-02 -6.139991302224800052e+00
2.527162593126296997e+03 4.000122074037903985e-02 -6.124990844447157023e+00
2.527176161766052246e+03 4.000122074037903985e-02 -6.124990844447157023e+00
2.527200552701950073e+03 4.000122074037903985e-02 -6.124990844447157023e+00
2.527229758501052856e+03 4.000122074037903985e-02 -6.124990844447157023e+00
2.527257929086685181e+03 3.800115970336008508e-02 -6.139991302224800052e+00
2.527287431478500366e+03 4.000122074037903985e-02 -6.124990844447157023e+00
2.527323352336883545e+03 3.800115970336008508e-02 -6.139991302224800052e+00
2.527349470853805542e+03 4.000122074037903985e-02 -6.124990844447157023e+00
2.527382242679595947e+03 3.600109866634113726e-02 -6.154991760002441303e+00
2.527405595541000366e+03 4.000122074037903985e-02 -6.124990844447157023e+00
2.527419004440307617e+03 4.000122074037903985e-02 -6.124990844447157023e+00
2.527431977272033691e+03 3.800115970336008508e-02 -6.139991302224800052e+00
2.527442841291427612e+03 3.800115970336008508e-02 -6.139991302224800052e+00
2.527467435121536255e+03 4.000122074037903985e-02 -6.124990844447157023e+00
2.527508687019348145e+03 4.000122074037903985e-02 -6.124990844447157023e+00
2.527524617433547974e+03 3.800115970336008508e-02 -6.139991302224800052e+00
2.527542494535446167e+03 4.000122074037903985e-02 -6.124990844447157023e+00
2.527556773185729980e+03 4.000122074037903985e-02 -6.124990844447157023e+00
2.527580483913421631e+03 4.000122074037903985e-02 -6.124990844447157023e+00
2.527594507217407227e+03 3.800115970336008508e-02 -6.139991302224800052e+00
2.527609026908874512e+03 3.800115970336008508e-02 -6.139991302224800052e+00
2.527658461809158325e+03 3.800115970336008508e-02 -6.139991302224800052e+00
2.527689455032348633e+03 3.800115970336008508e-02 -6.139991302224800052e+00
2.527744479179382324e+03 3.600109866634113726e-02 -6.154991760002441303e+00
2.527758193731307983e+03 4.000122074037903985e-02 -6.124990844447157023e+00
2.527786239147186279e+03 4.000122074037903985e-02 -6.124990844447157023e+00
2.527816248178482056e+03 3.600109866634113726e-02 -6.154991760002441303e+00
2.527837005853652954e+03 4.000122074037903985e-02 -6.124990844447157023e+00
2.527852279186248779e+03 3.800115970336008508e-02 -6.139991302224800052e+00
2.527863909482955933e+03 3.600109866634113726e-02 -6.154991760002441303e+00
2.527881012439727783e+03 4.000122074037903985e-02 -6.124990844447157023e+00
2.527944870948791504e+03 3.600109866634113726e-02 -6.154991760002441303e+00
2.527965968370437622e+03 3.600109866634113726e-02 -6.154991760002441303e+00
2.527982218503952026e+03 4.000122074037903985e-02 -6.124990844447157023e+00
2.528000371456146240e+03 4.000122074037903985e-02 -6.124990844447157023e+00
2.528012773752212524e+03 4.000122074037903985e-02 -6.124990844447157023e+00
2.528030232667922974e+03 3.600109866634113726e-02 -6.154991760002441303e+00
2.528076498746871948e+03 3.600109866634113726e-02 -6.154991760002441303e+00
2.528117142438888550e+03 3.800115970336008508e-02 -6.139991302224800052e+00
2.528172272443771362e+03 4.000122074037903985e-02 -6.124990844447157023e+00
2.528186276197433472e+03 3.400103762932218943e-02 -6.169992217780083443e+00
2.528220281124114990e+03 3.600109866634113726e-02 -6.154991760002441303e+00
2.528242717027664185e+03 4.200128177739799462e-02 -6.109990386669514884e+00
2.528264402151107788e+03 4.000122074037903985e-02 -6.124990844447157023e+00
2.528278236389160156e+03 4.000122074037903985e-02 -6.124990844447157023e+00
2.528291121482849121e+03 3.800115970336008508e-02 -6.139991302224800052e+00
2.528306661605834961e+03 3.800115970336008508e-02 -6.139991302224800052e+00
2.528349239587783813e+03 3.800115970336008508e-02 -6.139991302224800052e+00
2.528375693321228027e+03 4.000122074037903985e-02 -6.124990844447157023e+00
2.528397128820419312e+03 4.000122074037903985e-02 -6.124990844447157023e+00
2.528414206504821777e+03 4.000122074037903985e-02 -6.124990844447157023e+00
2.528428129434585571e+03 3.600109866634113726e-02 -6.154991760002441303e+00
2.528441381454467773e+03 4.000122074037903985e-02 -6.124990844447157023e+00
2.528454593420028687e+03 4.000122074037903985e-02 -6.124990844447157023e+00
2.528468235492706299e+03 3.600109866634113726e-02 -6.154991760002441303e+00
2.528518980264663696e+03 3.600109866634113726e-02 -6.154991760002441303e+00
2.528550836801528931e+03 3.800115970336008508e-02 -6.139991302224800052e+00
2.528607198953628540e+03 3.600109866634113726e-02 -6.154991760002441303e+00
2.528620889663696289e+03 3.800115970336008508e-02 -6.139991302224800052e+00
2.528639249324798584e+03 4.000122074037903985e-02 -6.124990844447157023e+00
2.528667298316955566e+03 4.000122074037903985e-02 -6.124990844447157023e+00
2.528695631980895996e+03 3.600109866634113726e-02 -6.154991760002441303e+00
2.528723868846893311e+03 3.800115970336008508e-02 -6.139991302224800052e+00
2.528766308307647705e+03 3.800115970336008508e-02 -6.139991302224800052e+00
2.528786262035369873e+03 4.000122074037903985e-02 -6.124990844447157023e+00
2.528816710710525513e+03 3.600109866634113726e-02 -6.154991760002441303e+00
2.528848707199096680e+03 4.000122074037903985e-02 -6.124990844447157023e+00
2.528862683296203613e+03 3.800115970336008508e-02 -6.139991302224800052e+00
2.528873582363128662e+03 4.000122074037903985e-02 -6.124990844447157023e+00
2.528884804248809814e+03 3.600109866634113726e-02 -6.154991760002441303e+00
2.528914399147033691e+03 4.000122074037903985e-02 -6.124990844447157023e+00
2.528949431657791138e+03 4.000122074037903985e-02 -6.124990844447157023e+00
2.528963731288909912e+03 3.800115970336008508e-02 -6.139991302224800052e+00
2.528983793973922729e+03 4.000122074037903985e-02 -6.124990844447157023e+00
2.528999688863754272e+03 4.000122074037903985e-02 -6.124990844447157023e+00
2.529015093803405762e+03 4.000122074037903985e-02 -6.124990844447157023e+00
2.529033228635787964e+03 3.600109866634113726e-02 -6.154991760002441303e+00
2.529048625469207764e+03 3.600109866634113726e-02 -6.154991760002441303e+00
2.529103883743286133e+03 4.000122074037903985e-02 -6.124990844447157023e+00
2.529132931232452393e+03 3.600109866634113726e-02 -6.154991760002441303e+00
2.529187960386276245e+03 3.600109866634113726e-02 -6.154991760002441303e+00
2.529201226472854614e+03 3.800115970336008508e-02 -6.139991302224800052e+00
2.529231456279754639e+03 3.800115970336008508e-02 -6.139991302224800052e+00
2.529284240961074829e+03 4.000122074037903985e-02 -6.124990844447157023e+00
2.529297366142272949e+03 4.000122074037903985e-02 -6.124990844447157023e+00
2.529313392639160156e+03 3.800115970336008508e-02 -6.139991302224800052e+00
2.529329019546508789e+03 3.600109866634113726e-02 -6.154991760002441303e+00
2.529378547191619873e+03 3.600109866634113726e-02 -6.154991760002441303e+00
2.529392688512802124e+03 3.800115970336008508e-02 -6.139991302224800052e+00
2.529409444332122803e+03 3.600109866634113726e-02 -6.154991760002441303e+00
2.529428272485733032e+03 3.600109866634113726e-02 -6.154991760002441303e+00
2.529441625356674194e+03 3.800115970336008508e-02 -6.139991302224800052e+00
2.529457361936569214e+03 3.800115970336008508e-02 -6.139991302224800052e+00
2.529475193500518799e+03 4.000122074037903985e-02 -6.124990844447157023e+00
2.529494660854339600e+03 3.800115970336008508e-02 -6.139991302224800052e+00
2.529538946628570557e+03 3.600109866634113726e-02 -6.154991760002441303e+00
2.529569448471069336e+03 3.400103762932218943e-02 -6.169992217780083443e+00
2.529625271558761597e+03 3.400103762932218943e-02 -6.169992217780083443e+00
2.529639204263687134e+03 4.000122074037903985e-02 -6.124990844447157023e+00
2.529661451101303101e+03 4.000122074037903985e-02 -6.124990844447157023e+00
2.529709722518920898e+03 3.600109866634113726e-02 -6.154991760002441303e+00
2.529722995042800903e+03 3.800115970336008508e-02 -6.139991302224800052e+00
2.529738234281539917e+03 4.000122074037903985e-02 -6.124990844447157023e+00
2.529756312608718872e+03 3.800115970336008508e-02 -6.139991302224800052e+00
2.529796034574508667e+03 3.800115970336008508e-02 -6.139991302224800052e+00
2.529825274705886841e+03 4.000122074037903985e-02 -6.124990844447157023e+00
2.529840576648712158e+03 4.000122074037903985e-02 -6.124990844447157023e+00
2.529854706287384033e+03 4.000122074037903985e-02 -6.124990844447157023e+00
2.529872092723846436e+03 3.600109866634113726e-02 -6.154991760002441303e+00
2.529885863065719604e+03 3.600109866634113726e-02 -6.154991760002441303e+00
2.529905201435089111e+03 4.000122074037903985e-02 -6.124990844447157023e+00
2.529918482780456543e+03 4.000122074037903985e-02 -6.124990844447157023e+00
2.529958212614059448e+03 3.800115970336008508e-02 -6.139991302224800052e+00
2.529995273590087891e+03 4.000122074037903985e-02 -6.124990844447157023e+00
2.530054234743118286e+03 3.600109866634113726e-02 -6.154991760002441303e+00
2.530067790508270264e+03 3.600109866634113726e-02 -6.154991760002441303e+00
2.530089046955108643e+03 3.600109866634113726e-02 -6.154991760002441303e+00
2.530118087530136108e+03 3.600109866634113726e-02 -6.154991760002441303e+00
2.530146735668182373e+03 4.000122074037903985e-02 -6.124990844447157023e+00
2.530176830768585205e+03 3.600109866634113726e-02 -6.154991760002441303e+00
2.530218427181243896e+03 3.800115970336008508e-02 -6.139991302224800052e+00
2.530238565206527710e+03 3.800115970336008508e-02 -6.139991302224800052e+00
2.530268232107162476e+03 4.000122074037903985e-02 -6.124990844447157023e+00
2.530297987937927246e+03 4.000122074037903985e-02 -6.124990844447157023e+00
2.530312162160873413e+03 3.800115970336008508e-02 -6.139991302224800052e+00
2.530325597286224365e+03 3.600109866634113726e-02 -6.154991760002441303e+00
2.530337526798248291e+03 4.000122074037903985e-02 -6.124990844447157023e+00
2.530348593473434448e+03 3.800115970336008508e-02 -6.139991302224800052e+00
2.530398805379867554e+03 3.800115970336008508e-02 -6.139991302224800052e+00
2.530415754318237305e+03 3.800115970336008508e-02 -6.139991302224800052e+00
2.530429407596588135e+03 3.800115970336008508e-02 -6.139991302224800052e+00
2.530446703672409058e+03 3.800115970336008508e-02 -6.139991302224800052e+00
2.530461069822311401e+03 4.000122074037903985e-02 -6.124990844447157023e+00
2.530476137876510620e+03 4.000122074037903985e-02 -6.124990844447157023e+00
2.530493920803070068e+03 3.800115970336008508e-02 -6.139991302224800052e+00
2.530507920980453491e+03 3.600109866634113726e-02 -6.154991760002441303e+00
2.530574332952499390e+03 3.800115970336008508e-02 -6.139991302224800052e+00
2.530588792324066162e+03 3.800115970336008508e-02 -6.139991302224800052e+00
2.530642743349075317e+03 3.600109866634113726e-02 -6.154991760002441303e+00
2.530656013965606689e+03 4.000122074037903985e-02 -6.124990844447157023e+00
2.530681455850601196e+03 4.000122074037903985e-02 -6.124990844447157023e+00
2.530714135169982910e+03 4.000122074037903985e-02 -6.124990844447157023e+00
2.530737323045730591e+03 3.800115970336008508e-02 -6.139991302224800052e+00
2.530750227689743042e+03 3.600109866634113726e-02 -6.154991760002441303e+00
2.530761159420013428e+03 3.600109866634113726e-02 -6.154991760002441303e+00
2.530772382736206055e+03 3.800115970336008508e-02 -6.139991302224800052e+00
2.530791990041732788e+03 3.600109866634113726e-02 -6.154991760002441303e+00
2.530832769632339478e+03 3.600109866634113726e-02 -6.154991760002441303e+00
2.530846771955490112e+03 3.600109866634113726e-02 -6.154991760002441303e+00
2.530863772392272949e+03 3.800115970336008508e-02 -6.139991302224800052e+00
2.530880575895309448e+03 3.800115970336008508e-02 -6.139991302224800052e+00
2.530897931814193726e+03 4.000122074037903985e-02 -6.124990844447157023e+00
2.530919275045394897e+03 4.000122074037903985e-02 -6.124990844447157023e+00
2.530933930635452271e+03 3.800115970336008508e-02 -6.139991302224800052e+00
2.530952298402786255e+03 3.600109866634113726e-02 -6.154991760002441303e+00
2.531025831699371338e+03 4.000122074037903985e-02 -6.124990844447157023e+00
2.531039960622787476e+03 3.800115970336008508e-02 -6.139991302224800052e+00
2.531095041275024414e+03 4.000122074037903985e-02 -6.124990844447157023e+00
2.531115349769592285e+03 3.600109866634113726e-02 -6.154991760002441303e+00
2.531133772611618042e+03 3.600109866634113726e-02 -6.154991760002441303e+00
2.531179103612899780e+03 4.000122074037903985e-02 -6.124990844447157023e+00
2.531194441556930542e+03 3.800115970336008508e-02 -6.139991302224800052e+00
2.531207353353500366e+03 3.600109866634113726e-02 -6.154991760002441303e+00
2.531219220638275146e+03 3.800115970336008508e-02 -6.139991302224800052e+00
2.531230335235595703e+03 3.800115970336008508e-02 -6.139991302224800052e+00
2.531268537521362305e+03 3.600109866634113726e-02 -6.154991760002441303e+00
2.531290305614471436e+03 3.600109866634113726e-02 -6.154991760002441303e+00
2.531306197643280029e+03 3.800115970336008508e-02 -6.139991302224800052e+00
2.531323846817016602e+03 4.000122074037903985e-02 -6.124990844447157023e+00
2.531343969821929932e+03 3.800115970336008508e-02 -6.139991302224800052e+00
2.531357589244842529e+03 4.000122074037903985e-02 -6.124990844447157023e+00
2.531375132322311401e+03 3.600109866634113726e-02 -6.154991760002441303e+00
2.531395471572875977e+03 3.600109866634113726e-02 -6.154991760002441303e+00
2.531441411495208740e+03 4.000122074037903985e-02 -6.124990844447157023e+00
2.531470662832260132e+03 3.800115970336008508e-02 -6.139991302224800052e+00
2.531526799201965332e+03 3.600109866634113726e-02 -6.154991760002441303e+00
2.531540579795837402e+03 3.800115970336008508e-02 -6.139991302224800052e+00
2.531561150789260864e+03 4.000122074037903985e-02 -6.124990844447157023e+00
2.531595736503601074e+03 3.600109866634113726e-02 -6.154991760002441303e+00
2.531623788833618164e+03 3.800115970336008508e-02 -6.139991302224800052e+00
2.531652734994888306e+03 3.800115970336008508e-02 -6.139991302224800052e+00
2.531691560983657837e+03 3.800115970336008508e-02 -6.139991302224800052e+00
2.531713498592376709e+03 3.600109866634113726e-02 -6.154991760002441303e+00
2.531750339746475220e+03 3.800115970336008508e-02 -6.139991302224800052e+00
2.531777145385742188e+03 4.000122074037903985e-02 -6.124990844447157023e+00
2.531793818473815918e+03 4.000122074037903985e-02 -6.124990844447157023e+00
2.531809985160827637e+03 3.600109866634113726e-02 -6.154991760002441303e+00
2.531826938152313232e+03 3.800115970336008508e-02 -6.139991302224800052e+00
2.531871422767639160e+03 3.800115970336008508e-02 -6.139991302224800052e+00
2.531887646198272705e+03 3.800115970336008508e-02 -6.139991302224800052e+00
2.531908395051956177e+03 3.800115970336008508e-02 -6.139991302224800052e+00
2.531925919055938721e+03 3.800115970336008508e-02 -6.139991302224800052e+00
2.531943174362182617e+03 3.800115970336008508e-02 -6.139991302224800052e+00
2.531959357738494873e+03 4.000122074037903985e-02 -6.124990844447157023e+00
2.531977273464202881e+03 4.000122074037903985e-02 -6.124990844447157023e+00
2.532026942968368530e+03 3.800115970336008508e-02 -6.139991302224800052e+00
2.532058335781097412e+03 4.000122074037903985e-02 -6.124990844447157023e+00
2.532112774133682251e+03 3.800115970336008508e-02 -6.139991302224800052e+00
2.532126710176467896e+03 3.600109866634113726e-02 -6.154991760002441303e+00
2.532153094768524170e+03 3.600109866634113726e-02 -6.154991760002441303e+00
2.532182562828063965e+03 3.800115970336008508e-02 -6.139991302224800052e+00
2.532209482908248901e+03 3.600109866634113726e-02 -6.154991760002441303e+00
2.532225865840911865e+03 3.800115970336008508e-02 -6.139991302224800052e+00
2.532241359233856201e+03 3.800115970336008508e-02 -6.139991302224800052e+00
2.532258768081665039e+03 4.000122074037903985e-02 -6.124990844447157023e+00
2.532309631824493408e+03 4.000122074037903985e-02 -6.124990844447157023e+00
2.532326773166656494e+03 3.800115970336008508e-02 -6.139991302224800052e+00
2.532344197750091553e+03 3.800115970336008508e-02 -6.139991302224800052e+00
2.532358600616455078e+03 4.000122074037903985e-02 -6.124990844447157023e+00
2.532371745824813843e+03 3.800115970336008508e-02 -6.139991302224800052e+00
2.532389100551605225e+03 3.600109866634113726e-02 -6.154991760002441303e+00
2.532403875827789307e+03 3.800115970336008508e-02 -6.139991302224800052e+00
2.532420832157135010e+03 4.000122074037903985e-02 -6.124990844447157023e+00
2.532452617883682251e+03 4.000122074037903985e-02 -6.124990844447157023e+00
2.532492239475250244e+03 3.800115970336008508e-02 -6.139991302224800052e+00
2.532549737453460693e+03 3.800115970336008508e-02 -6.139991302224800052e+00
2.532563884258270264e+03 3.800115970336008508e-02 -6.139991302224800052e+00
2.532590168714523315e+03 3.800115970336008508e-02 -6.139991302224800052e+00
2.532637084960937500e+03 4.000122074037903985e-02 -6.124990844447157023e+00
2.532655349254608154e+03 4.000122074037903985e-02 -6.124990844447157023e+00
2.532670815706253052e+03 3.600109866634113726e-02 -6.154991760002441303e+00
2.532684267044067383e+03 3.800115970336008508e-02 -6.139991302224800052e+00
2.532734909534454346e+03 3.600109866634113726e-02 -6.154991760002441303e+00
2.532755810976028442e+03 3.600109866634113726e-02 -6.154991760002441303e+00
2.532769822359085083e+03 3.600109866634113726e-02 -6.154991760002441303e+00
2.532789031982421875e+03 3.800115970336008508e-02 -6.139991302224800052e+00
2.532802376270294189e+03 3.800115970336008508e-02 -6.139991302224800052e+00
2.532819576501846313e+03 4.000122074037903985e-02 -6.124990844447157023e+00
2.532835952758789062e+03 3.800115970336008508e-02 -6.139991302224800052e+00
2.532879155874252319e+03 3.800115970336008508e-02 -6.139991302224800052e+00
2.532915835857391357e+03 4.000122074037903985e-02 -6.124990844447157023e+00
2.532974693536758423e+03 3.600109866634113726e-02 -6.154991760002441303e+00
2.532988191843032837e+03 3.600109866634113726e-02 -6.154991760002441303e+00
2.533010639429092407e+03 3.600109866634113726e-02 -6.154991760002441303e+00
2.533039027929306030e+03 3.600109866634113726e-02 -6.154991760002441303e+00
2.533067206859588623e+03 4.200128177739799462e-02 -6.109990386669514884e+00
2.533095187664031982e+03 3.800115970336008508e-02 -6.139991302224800052e+00
2.533137491464614868e+03 3.800115970336008508e-02 -6.139991302224800052e+00
2.533157604694366455e+03 3.800115970336008508e-02 -6.139991302224800052e+00
2.533207483768463135e+03 3.800115970336008508e-02 -6.139991302224800052e+00
2.533221169233322144e+03 4.000122074037903985e-02 -6.124990844447157023e+00
2.533234820604324341e+03 4.000122074037903985e-02 -6.124990844447157023e+00
2.533250241518020630e+03 3.600109866634113726e-02 -6.154991760002441303e+00
2.533263565540313721e+03 3.600109866634113726e-02 -6.154991760002441303e+00
2.533316680908203125e+03 3.600109866634113726e-02 -6.154991760002441303e+00
2.533330932140350342e+03 3.800115970336008508e-02 -6.139991302224800052e+00
2.533344434499740601e+03 3.800115970336008508e-02 -6.139991302224800052e+00
2.533358626842498779e+03 4.000122074037903985e-02 -6.124990844447157023e+00
2.533371220111846924e+03 3.800115970336008508e-02 -6.139991302224800052e+00
2.533384593725204468e+03 3.600109866634113726e-02 -6.154991760002441303e+00
2.533398904323577881e+03 4.000122074037903985e-02 -6.124990844447157023e+00
2.533411516189575195e+03 3.800115970336008508e-02 -6.139991302224800052e+00
2.533447373628616333e+03 3.800115970336008508e-02 -6.139991302224800052e+00
2.533463917493820190e+03 4.000122074037903985e-02 -6.124990844447157023e+00
2.533500417947769165e+03 3.800115970336008508e-02 -6.139991302224800052e+00
2.533559909105300903e+03 3.800115970336008508e-02 -6.139991302224800052e+00
2.533572788000106812e+03 3.800115970336008508e-02 -6.139991302224800052e+00
2.533601844072341919e+03 3.600109866634113726e-02 -6.154991760002441303e+00
2.533654785871505737e+03 3.600109866634113726e-02 -6.154991760002441303e+00
2.533667678117752075e+03 3.600109866634113726e-02 -6.154991760002441303e+00
2.533678532123565674e+03 4.000122074037903985e-02 -6.124990844447157023e+00
2.533692105770111084e+03 3.800115970336008508e-02 -6.139991302224800052e+00
2.533709352016448975e+03 3.800115970336008508e-02 -6.139991302224800052e+00
2.533749632358551025e+03 3.800115970336008508e-02 -6.139991302224800052e+00
2.533772329330444336e+03 3.800115970336008508e-02 -6.139991302224800052e+00
2.533785615444183350e+03 3.800115970336008508e-02 -6.139991302224800052e+00
2.533800128221511841e+03 4.000122074037903985e-02 -6.124990844447157023e+00
2.533818130731582642e+03 4.000122074037903985e-02 -6.124990844447157023e+00
2.533833871603012085e+03 4.000122074037903985e-02 -6.124990844447157023e+00
2.533849332332611084e+03 3.600109866634113726e-02 -6.154991760002441303e+00
2.533862813711166382e+03 3.800115970336008508e-02 -6.139991302224800052e+00
2.533900824546813965e+03 4.000122074037903985e-02 -6.124990844447157023e+00
2.533938725233078003e+03 4.000122074037903985e-02 -6.124990844447157023e+00
2.533997875213623047e+03 3.800115970336008508e-02 -6.139991302224800052e+00
2.534011052131652832e+03 3.800115970336008508e-02 -6.139991302224800052e+00
2.534038226604461670e+03 3.800115970336008508e-02 -6.139991302224800052e+00
2.534070995569229126e+03 4.000122074037903985e-02 -6.124990844447157023e+00
2.534094470262527466e+03 3.600109866634113726e-02 -6.154991760002441303e+00
2.534106535434722900e+03 3.600109866634113726e-02 -6.154991760002441303e+00
2.534118380308151245e+03 4.000122074037903985e-02 -6.124990844447157023e+00
2.534131077289581299e+03 3.800115970336008508e-02 -6.139991302224800052e+00
2.534145825147628784e+03 3.800115970336008508e-02 -6.139991302224800052e+00
2.534198372125625610e+03 3.600109866634113726e-02 -6.154991760002441303e+00
2.534211763858795166e+03 3.800115970336008508e-02 -6.139991302224800052e+00
2.534225309848785400e+03 3.800115970336008508e-02 -6.139991302224800052e+00
2.534238853454589844e+03 4.000122074037903985e-02 -6.124990844447157023e+00
2.534257484674453735e+03 3.800115970336008508e-02 -6.139991302224800052e+00
2.534271203041076660e+03 3.600109866634113726e-02 -6.154991760002441303e+00
2.534286446332931519e+03 3.600109866634113726e-02 -6.154991760002441303e+00
2.534300003767013550e+03 4.000122074037903985e-02 -6.124990844447157023e+00
2.534349041461944580e+03 4.000122074037903985e-02 -6.124990844447157023e+00
2.534379391908645630e+03 4.000122074037903985e-02 -6.124990844447157023e+00
2.534434321880340576e+03 4.000122074037903985e-02 -6.124990844447157023e+00
2.534448220014572144e+03 3.600109866634113726e-02 -6.154991760002441303e+00
2.534467110872268677e+03 3.600109866634113726e-02 -6.154991760002441303e+00
2.534495817422866821e+03 3.800115970336008508e-02 -6.139991302224800052e+00
2.534524057865142822e+03 3.800115970336008508e-02 -6.139991302224800052e+00
2.534551796913146973e+03 4.000122074037903985e-02 -6.124990844447157023e+00
2.534594487667083740e+03 3.600109866634113726e-02 -6.154991760002441303e+00
2.534614341020584106e+03 3.600109866634113726e-02 -6.154991760002441303e+00
2.534644040107727051e+03 3.800115970336008508e-02 -6.139991302224800052e+00
2.534668826580047607e+03 3.800115970336008508e-02 -6.139991302224800052e+00
2.534681674718856812e+03 3.800115970336008508e-02 -6.139991302224800052e+00
2.534692769527435303e+03 4.000122074037903985e-02 -6.124990844447157023e+00
2.534705780744552612e+03 3.600109866634113726e-02 -6.154991760002441303e+00
2.534721277475357056e+03 4.000122074037903985e-02 -6.124990844447157023e+00
2.534745604991912842e+03 4.000122074037903985e-02 -6.124990844447157023e+00
2.534787397623062134e+03 3.600109866634113726e-02 -6.154991760002441303e+00
2.534804244041442871e+03 3.800115970336008508e-02 -6.139991302224800052e+00
2.534818353414535522e+03 4.000122074037903985e-02 -6.124990844447157023e+00
2.534831644058227539e+03 3.800115970336008508e-02 -6.139991302224800052e+00
2.534845041036605835e+03 3.600109866634113726e-02 -6.154991760002441303e+00
2.534858210325241089e+03 4.000122074037903985e-02 -6.124990844447157023e+00
2.534871686458587646e+03 3.800115970336008508e-02 -6.139991302224800052e+00
2.534884943008422852e+03 3.800115970336008508e-02 -6.139991302224800052e+00
2.534923704624176025e+03 4.000122074037903985e-02 -6.124990844447157023e+00
2.534961454868316650e+03 3.800115970336008508e-02 -6.139991302224800052e+00
2.535019854068756104e+03 4.000122074037903985e-02 -6.124990844447157023e+00
2.535033177852630615e+03 3.800115970336008508e-02 -6.139991302224800052e+00
2.535056619644165039e+03 3.600109866634113726e-02 -6.154991760002441303e+00
2.535107037067413330e+03 3.800115970336008508e-02 -6.139991302224800052e+00
2.535122251749038696e+03 4.000122074037903985e-02 -6.124990844447157023e+00
2.535133753299713135e+03 4.000122074037903985e-02 -6.124990844447157023e+00
2.535147876262664795e+03 3.600109866634113726e-02 -6.154991760002441303e+00
2.535164101600646973e+03 4.000122074037903985e-02 -6.124990844447157023e+00
2.535209912300109863e+03 3.800115970336008508e-02 -6.139991302224800052e+00
2.535225261211395264e+03 3.800115970336008508e-02 -6.139991302224800052e+00
2.535243571996688843e+03 3.800115970336008508e-02 -6.139991302224800052e+00
2.535257897377014160e+03 4.000122074037903985e-02 -6.124990844447157023e+00
2.535275876998901367e+03 3.600109866634113726e-02 -6.154991760002441303e+00
2.535295907974243164e+03 3.800115970336008508e-02 -6.139991302224800052e+00
2.535310825347900391e+03 3.600109866634113726e-02 -6.154991760002441303e+00
2.535328799009323120e+03 3.600109866634113726e-02 -6.154991760002441303e+00
2.535380520105361938e+03 4.000122074037903985e-02 -6.124990844447157023e+00
2.535409624576568604e+03 3.600109866634113726e-02 -6.154991760002441303e+00
2.535465018749237061e+03 3.600109866634113726e-02 -6.154991760002441303e+00
2.535479215383529663e+03 4.000122074037903985e-02 -6.124990844447157023e+00
2.535502106428146362e+03 4.000122074037903985e-02 -6.124990844447157023e+00
2.535548652410507202e+03 4.000122074037903985e-02 -6.124990844447157023e+00
2.535559422731399536e+03 3.800115970336008508e-02 -6.139991302224800052e+00
2.535572592496871948e+03 3.800115970336008508e-02 -6.139991302224800052e+00
2.535585618734359741e+03 3.800115970336008508e-02 -6.139991302224800052e+00
2.535600740432739258e+03 3.800115970336008508e-02 -6.139991302224800052e+00
2.535651170730590820e+03 4.000122074037903985e-02 -6.124990844447157023e+00
2.535668592214584351e+03 3.800115970336008508e-02 -6.139991302224800052e+00
2.535682823657989502e+03 3.800115970336008508e-02 -6.139991302224800052e+00
2.535700873613357544e+03 4.000122074037903985e-02 -6.124990844447157023e+00
2.535721980333328247e+03 4.000122074037903985e-02 -6.124990844447157023e+00
2.535735654354095459e+03 4.000122074037903985e-02 -6.124990844447157023e+00
2.535751744747161865e+03 3.600109866634113726e-02 -6.154991760002441303e+00
2.535766829967498779e+03 3.600109866634113726e-02 -6.154991760002441303e+00
2.535817107200622559e+03 4.000122074037903985e-02 -6.124990844447157023e+00
2.535847364902496338e+03 3.800115970336008508e-02 -6.139991302224800052e+00
2.535903907060623169e+03 3.800115970336008508e-02 -6.139991302224800052e+00
2.535917729854583740e+03 4.000122074037903985e-02 -6.124990844447157023e+00
2.535936212539672852e+03 4.000122074037903985e-02 -6.124990844447157023e+00
2.535964552402496338e+03 4.000122074037903985e-02 -6.124990844447157023e+00
2.535992915153503418e+03 3.800115970336008508e-02 -6.139991302224800052e+00
2.536021135330200195e+03 3.600109866634113726e-02 -6.154991760002441303e+00
2.536064071416854858e+03 4.000122074037903985e-02 -6.124990844447157023e+00
2.536084176778793335e+03 4.000122074037903985e-02 -6.124990844447157023e+00
2.536122946739196777e+03 3.800115970336008508e-02 -6.139991302224800052e+00
2.536149223804473877e+03 3.800115970336008508e-02 -6.139991302224800052e+00
2.536162389755249023e+03 3.800115970336008508e-02 -6.139991302224800052e+00
2.536175778150558472e+03 4.000122074037903985e-02 -6.124990844447157023e+00
2.536191345691680908e+03 3.600109866634113726e-02 -6.154991760002441303e+00
2.536243408679962158e+03 3.600109866634113726e-02 -6.154991760002441303e+00
2.536264998435974121e+03 4.000122074037903985e-02 -6.124990844447157023e+00
2.536289389371871948e+03 3.800115970336008508e-02 -6.139991302224800052e+00
2.536308363676071167e+03 3.800115970336008508e-02 -6.139991302224800052e+00
2.536321881771087646e+03 4.000122074037903985e-02 -6.124990844447157023e+00
2.536337049007415771e+03 4.000122074037903985e-02 -6.124990844447157023e+00
2.536351159811019897e+03 3.800115970336008508e-02 -6.139991302224800052e+00
2.536400722026824951e+03 4.000122074037903985e-02 -6.124990844447157023e+00
2.536431078195571899e+03 3.600109866634113726e-02 -6.154991760002441303e+00
2.536486456632614136e+03 3.600109866634113726e-02 -6.154991760002441303e+00
2.536500031709671021e+03 4.000122074037903985e-02 -6.124990844447157023e+00
2.536526187419891357e+03 4.000122074037903985e-02 -6.124990844447157023e+00
2.536574132919311523e+03 3.800115970336008508e-02 -6.139991302224800052e+00
2.536589560747146606e+03 3.600109866634113726e-02 -6.154991760002441303e+00
2.536602988004684448e+03 3.800115970336008508e-02 -6.139991302224800052e+00
2.536617936849594116e+03 4.000122074037903985e-02 -6.124990844447157023e+00
2.536634105443954468e+03 3.600109866634113726e-02 -6.154991760002441303e+00
2.536686916351318359e+03 4.000122074037903985e-02 -6.124990844447157023e+00
2.536705747604370117e+03 3.800115970336008508e-02 -6.139991302224800052e+00
2.536720025777816772e+03 4.000122074037903985e-02 -6.124990844447157023e+00
2.536737836122512817e+03 3.800115970336008508e-02 -6.139991302224800052e+00
2.536753260850906372e+03 3.600109866634113726e-02 -6.154991760002441303e+00
2.536770637035369873e+03 3.400103762932218943e-02 -6.169992217780083443e+00
2.536788730621337891e+03 3.600109866634113726e-02 -6.154991760002441303e+00
2.536833108901977539e+03 3.600109866634113726e-02 -6.154991760002441303e+00
2.536863836765289307e+03 4.000122074037903985e-02 -6.124990844447157023e+00
2.536919676303863525e+03 3.800115970336008508e-02 -6.139991302224800052e+00
2.536933499574661255e+03 3.800115970336008508e-02 -6.139991302224800052e+00
2.536956032276153564e+03 3.800115970336008508e-02 -6.139991302224800052e+00
2.536999019861221313e+03 3.800115970336008508e-02 -6.139991302224800052e+00
2.537012833595275879e+03 3.800115970336008508e-02 -6.139991302224800052e+00
2.537028530359268188e+03 3.600109866634113726e-02 -6.154991760002441303e+00
2.537043841838836670e+03 3.600109866634113726e-02 -6.154991760002441303e+00
2.537055651426315308e+03 4.000122074037903985e-02 -6.124990844447157023e+00
2.537079019069671631e+03 3.600109866634113726e-02 -6.154991760002441303e+00
2.537114202260971069e+03 3.800115970336008508e-02 -6.139991302224800052e+00
2.537126147747039795e+03 3.600109866634113726e-02 -6.154991760002441303e+00
2.537144180297851562e+03 3.800115970336008508e-02 -6.139991302224800052e+00
2.537157711267471313e+03 4.000122074037903985e-02 -6.124990844447157023e+00
2.537173949718475342e+03 3.600109866634113726e-02 -6.154991760002441303e+00
2.537191186904907227e+03 3.400103762932218943e-02 -6.169992217780083443e+00
2.537204726696014404e+03 3.800115970336008508e-02 -6.139991302224800052e+00
2.537218858242034912e+03 4.000122074037903985e-02 -6.124990844447157023e+00
2.537256990194320679e+03 3.800115970336008508e-02 -6.139991302224800052e+00
2.537294876575469971e+03 3.800115970336008508e-02 -6.139991302224800052e+00
2.537353900432586670e+03 3.600109866634113726e-02 -6.154991760002441303e+00
2.537367393255233765e+03 3.600109866634113726e-02 -6.154991760002441303e+00
2.537388352155685425e+03 3.600109866634113726e-02 -6.154991760002441303e+00
2.537422604322433472e+03 3.600109866634113726e-02 -6.154991760002441303e+00
2.537451575756072998e+03 4.000122074037903985e-02 -6.124990844447157023e+00
2.537481375694274902e+03 3.600109866634113726e-02 -6.154991760002441303e+00
2.537518270969390869e+03 4.000122074037903985e-02 -6.124990844447157023e+00
2.537544118642807007e+03 3.600109866634113726e-02 -6.154991760002441303e+00
2.537572849512100220e+03 3.800115970336008508e-02 -6.139991302224800052e+00
2.537599382400512695e+03 3.600109866634113726e-02 -6.154991760002441303e+00
2.537613397121429443e+03 3.800115970336008508e-02 -6.139991302224800052e+00
2.537624617576599121e+03 3.600109866634113726e-02 -6.154991760002441303e+00
2.537635737895965576e+03 4.000122074037903985e-02 -6.124990844447157023e+00
2.537646875381469727e+03 3.600109866634113726e-02 -6.154991760002441303e+00
2.537697690725326538e+03 3.800115970336008508e-02 -6.139991302224800052e+00
2.537713775634765625e+03 3.800115970336008508e-02 -6.139991302224800052e+00
2.537727572202682495e+03 3.600109866634113726e-02 -6.154991760002441303e+00
2.537740694284439087e+03 4.000122074037903985e-02 -6.124990844447157023e+00
2.537758715152740479e+03 4.000122074037903985e-02 -6.124990844447157023e+00
2.537774269580841064e+03 3.800115970336008508e-02 -6.139991302224800052e+00
2.537791763782501221e+03 3.600109866634113726e-02 -6.154991760002441303e+00
2.537804626703262329e+03 3.800115970336008508e-02 -6.139991302224800052e+00
2.537872231245040894e+03 4.000122074037903985e-02 -6.124990844447157023e+00
2.537886373758316040e+03 3.600109866634113726e-02 -6.154991760002441303e+00
2.537940626859664917e+03 3.800115970336008508e-02 -6.139991302224800052e+00
2.537953795671463013e+03 3.800115970336008508e-02 -6.139991302224800052e+00
2.537979135751724243e+03 3.800115970336008508e-02 -6.139991302224800052e+00
2.538031905651092529e+03 4.000122074037903985e-02 -6.124990844447157023e+00
2.538044745206832886e+03 3.800115970336008508e-02 -6.139991302224800052e+00
2.538056365013122559e+03 4.000122074037903985e-02 -6.124990844447157023e+00
2.538067391872406006e+03 3.600109866634113726e-02 -6.154991760002441303e+00
2.538077949285507202e+03 4.000122074037903985e-02 -6.124990844447157023e+00
2.538136595249176025e+03 3.600109866634113726e-02 -6.154991760002441303e+00
2.538155512571334839e+03 3.600109866634113726e-02 -6.154991760002441303e+00
2.538169867277145386e+03 3.600109866634113726e-02 -6.154991760002441303e+00
2.538190616369247437e+03 3.600109866634113726e-02 -6.154991760002441303e+00
2.538207633733749390e+03 3.600109866634113726e-02 -6.154991760002441303e+00
2.538228310585021973e+03 3.600109866634113726e-02 -6.154991760002441303e+00
2.538282208681106567e+03 4.000122074037903985e-02 -6.124990844447157023e+00
2.538312300682067871e+03 3.600109866634113726e-02 -6.154991760002441303e+00
2.538367526531219482e+03 3.600109866634113726e-02 -6.154991760002441303e+00
2.538381658792495728e+03 3.800115970336008508e-02 -6.139991302224800052e+00
2.538408184528350830e+03 4.000122074037903985e-02 -6.124990844447157023e+00
2.538442224264144897e+03 3.600109866634113726e-02 -6.154991760002441303e+00
2.538464425086975098e+03 4.000122074037903985e-02 -6.124990844447157023e+00
2.538477650165557861e+03 4.000122074037903985e-02 -6.124990844447157023e+00
2.538489364624023438e+03 3.600109866634113726e-02 -6.154991760002441303e+00
2.538500316143035889e+03 3.800115970336008508e-02 -6.139991302224800052e+00
2.538519423723220825e+03 3.800115970336008508e-02 -6.139991302224800052e+00
2.538552507877349854e+03 3.800115970336008508e-02 -6.139991302224800052e+00
2.538576268196105957e+03 3.600109866634113726e-02 -6.154991760002441303e+00
2.538593003749847412e+03 3.600109866634113726e-02 -6.154991760002441303e+00
2.538607357978820801e+03 3.600109866634113726e-02 -6.154991760002441303e+00
2.538620922088623047e+03 4.000122074037903985e-02 -6.124990844447157023e+00
2.538633849382400513e+03 4.000122074037903985e-02 -6.124990844447157023e+00
2.538647922992706299e+03 3.600109866634113726e-02 -6.154991760002441303e+00
2.538670518636703491e+03 3.600109866634113726e-02 -6.154991760002441303e+00
2.538723716259002686e+03 3.600109866634113726e-02 -6.154991760002441303e+00
2.538752829074859619e+03 3.600109866634113726e-02 -6.154991760002441303e+00
2.538808675289154053e+03 3.600109866634113726e-02 -6.154991760002441303e+00
2.538822420597076416e+03 3.800115970336008508e-02 -6.139991302224800052e+00
2.538845589876174927e+03 4.000122074037903985e-02 -6.124990844447157023e+00
2.538874707698822021e+03 3.800115970336008508e-02 -6.139991302224800052e+00
2.538903398275375366e+03 3.600109866634113726e-02 -6.154991760002441303e+00
2.538932991981506348e+03 4.000122074037903985e-02 -6.124990844447157023e+00
2.538969835996627808e+03 3.600109866634113726e-02 -6.154991760002441303e+00
2.538989509582519531e+03 3.800115970336008508e-02 -6.139991302224800052e+00
2.539029045104980469e+03 3.600109866634113726e-02 -6.154991760002441303e+00
2.539049551963806152e+03 3.600109866634113726e-02 -6.154991760002441303e+00
2.539064633607864380e+03 3.800115970336008508e-02 -6.139991302224800052e+00
2.539076552867889404e+03 4.000122074037903985e-02 -6.124990844447157023e+00
2.539090255260467529e+03 3.600109866634113726e-02 -6.154991760002441303e+00
2.539115081310272217e+03 3.800115970336008508e-02 -6.139991302224800052e+00
2.539152634143829346e+03 3.600109866634113726e-02 -6.154991760002441303e+00
2.539172503709793091e+03 3.600109866634113726e-02 -6.154991760002441303e+00
2.539196771860122681e+03 3.800115970336008508e-02 -6.139991302224800052e+00
2.539212714195251465e+03 3.600109866634113726e-02 -6.154991760002441303e+00
2.539230800628662109e+03 3.600109866634113726e-02 -6.154991760002441303e+00
2.539244793653488159e+03 3.800115970336008508e-02 -6.139991302224800052e+00
2.539259171247482300e+03 4.000122074037903985e-02 -6.124990844447157023e+00
2.539273037195205688e+03 3.800115970336008508e-02 -6.139991302224800052e+00
2.539322406291961670e+03 3.600109866634113726e-02 -6.154991760002441303e+00
2.539352596044540405e+03 3.600109866634113726e-02 -6.154991760002441303e+00
2.539407910108566284e+03 3.600109866634113726e-02 -6.154991760002441303e+00
2.539420955657958984e+03 4.000122074037903985e-02 -6.124990844447157023e+00
2.539450556516647339e+03 4.000122074037903985e-02 -6.124990844447157023e+00
2.539482759714126587e+03 4.000122074037903985e-02 -6.124990844447157023e+00
2.539503084421157837e+03 4.000122074037903985e-02 -6.124990844447157023e+00
2.539516443252563477e+03 4.000122074037903985e-02 -6.124990844447157023e+00
2.539527806043624878e+03 3.600109866634113726e-02 -6.154991760002441303e+00
2.539538786888122559e+03 4.000122074037903985e-02 -6.124990844447157023e+00
2.539584234714508057e+03 3.800115970336008508e-02 -6.139991302224800052e+00
2.539610847949981689e+03 3.800115970336008508e-02 -6.139991302224800052e+00
2.539626961231231689e+03 3.800115970336008508e-02 -6.139991302224800052e+00
2.539641565799713135e+03 4.000122074037903985e-02 -6.124990844447157023e+00
2.539660631895065308e+03 4.000122074037903985e-02 -6.124990844447157023e+00
2.539676165103912354e+03 3.800115970336008508e-02 -6.139991302224800052e+00
2.539691822290420532e+03 3.600109866634113726e-02 -6.154991760002441303e+00
2.539706313848495483e+03 3.800115970336008508e-02 -6.139991302224800052e+00
2.539758110523223877e+03 4.000122074037903985e-02 -6.124990844447157023e+00
2.539788533687591553e+03 3.600109866634113726e-02 -6.154991760002441303e+00
2.539842863798141479e+03 3.600109866634113726e-02 -6.154991760002441303e+00
2.539862839460372925e+03 4.000122074037903985e-02 -6.124990844447157023e+00
2.539880024433135986e+03 4.000122074037903985e-02 -6.124990844447157023e+00
2.539921109914779663e+03 3.600109866634113726e-02 -6.154991760002441303e+00
2.539933465003967285e+03 4.000122074037903985e-02 -6.124990844447157023e+00
2.539947797775268555e+03 3.600109866634113726e-02 -6.154991760002441303e+00
2.539958949327468872e+03 4.000122074037903985e-02 -6.124990844447157023e+00
2.539971833705902100e+03 3.600109866634113726e-02 -6.154991760002441303e+00
2.540002282619476318e+03 3.800115970336008508e-02 -6.139991302224800052e+00
2.540028361320495605e+03 4.000122074037903985e-02 -6.124990844447157023e+00
2.540046765565872192e+03 4.000122074037903985e-02 -6.124990844447157023e+00
2.540059930801391602e+03 4.000122074037903985e-02 -6.124990844447157023e+00
2.540073546648025513e+03 3.800115970336008508e-02 -6.139991302224800052e+00
2.540086966037750244e+03 3.600109866634113726e-02 -6.154991760002441303e+00
2.540102595090866089e+03 4.000122074037903985e-02 -6.124990844447157023e+00
2.540119931221008301e+03 4.000122074037903985e-02 -6.124990844447157023e+00
2.540137115478515625e+03 4.000122074037903985e-02 -6.124990844447157023e+00
2.540187423229217529e+03 3.800115970336008508e-02 -6.139991302224800052e+00
2.540217808961868286e+03 3.800115970336008508e-02 -6.139991302224800052e+00
2.540274129390716553e+03 4.000122074037903985e-02 -6.124990844447157023e+00
2.540298301696777344e+03 3.600109866634113726e-02 -6.154991760002441303e+00
2.540329121589660645e+03 4.000122074037903985e-02 -6.124990844447157023e+00
2.540357454538345337e+03 3.600109866634113726e-02 -6.154991760002441303e+00
2.540385422468185425e+03 3.800115970336008508e-02 -6.139991302224800052e+00
2.540426835775375366e+03 3.800115970336008508e-02 -6.139991302224800052e+00
2.540454763412475586e+03 4.000122074037903985e-02 -6.124990844447157023e+00
2.540483462095260620e+03 3.800115970336008508e-02 -6.139991302224800052e+00
2.540510100126266479e+03 3.800115970336008508e-02 -6.139991302224800052e+00
2.540522650718688965e+03 3.800115970336008508e-02 -6.139991302224800052e+00
2.540533679962158203e+03 4.000122074037903985e-02 -6.124990844447157023e+00
2.540545071840286255e+03 3.600109866634113726e-02 -6.154991760002441303e+00
2.540556192636489868e+03 4.000122074037903985e-02 -6.124990844447157023e+00
2.540606149196624756e+03 4.000122074037903985e-02 -6.124990844447157023e+00
2.540635856389999390e+03 3.800115970336008508e-02 -6.139991302224800052e+00
2.540654772281646729e+03 3.600109866634113726e-02 -6.154991760002441303e+00
2.540671911001205444e+03 3.600109866634113726e-02 -6.154991760002441303e+00
2.540687022209167480e+03 3.600109866634113726e-02 -6.154991760002441303e+00
2.540706137418746948e+03 3.600109866634113726e-02 -6.154991760002441303e+00
2.540751897811889648e+03 4.000122074037903985e-02 -6.124990844447157023e+00
2.540789833545684814e+03 3.600109866634113726e-02 -6.154991760002441303e+00
2.540848553419113159e+03 3.800115970336008508e-02 -6.139991302224800052e+00
2.540861646652221680e+03 3.800115970336008508e-02 -6.139991302224800052e+00
2.540890606880187988e+03 4.000122074037903985e-02 -6.124990844447157023e+00
2.540920133590698242e+03 3.600109866634113726e-02 -6.154991760002441303e+00
2.540946201562881470e+03 3.800115970336008508e-02 -6.139991302224800052e+00
2.540959153413772583e+03 4.000122074037903985e-02 -6.124990844447157023e+00
2.540976929664611816e+03 3.800115970336008508e-02 -6.139991302224800052e+00
2.540990405082702637e+03 3.600109866634113726e-02 -6.154991760002441303e+00
2.541039754390716553e+03 3.600109866634113726e-02 -6.154991760002441303e+00
2.541053654193878174e+03 3.800115970336008508e-02 -6.139991302224800052e+00
2.541071811437606812e+03 3.600109866634113726e-02 -6.154991760002441303e+00
2.541084692955017090e+03 3.800115970336008508e-02 -6.139991302224800052e+00
2.541100738525390625e+03 4.000122074037903985e-02 -6.124990844447157023e+00
2.541122221708297729e+03 4.000122074037903985e-02 -6.124990844447157023e+00
2.541136018037796021e+03 4.000122074037903985e-02 -6.124990844447157023e+00
2.541149145603179932e+03 3.600109866634113726e-02 -6.154991760002441303e+00
2.541198759078979492e+03 3.800115970336008508e-02 -6.139991302224800052e+00
2.541229343891143799e+03 3.800115970336008508e-02 -6.139991302224800052e+00
2.541285254716873169e+03 3.600109866634113726e-02 -6.154991760002441303e+00
2.541305574178695679e+03 4.000122074037903985e-02 -6.124990844447157023e+00
2.541324198484420776e+03 4.000122074037903985e-02 -6.124990844447157023e+00
2.541366760730743408e+03 3.600109866634113726e-02 -6.154991760002441303e+00
2.541379931449890137e+03 4.000122074037903985e-02 -6.124990844447157023e+00
2.541395480871200562e+03 3.800115970336008508e-02 -6.139991302224800052e+00
2.541408616304397583e+03 3.600109866634113726e-02 -6.154991760002441303e+00
2.541425720930099487e+03 3.800115970336008508e-02 -6.139991302224800052e+00
2.541473501920700073e+03 3.800115970336008508e-02 -6.139991302224800052e+00
2.541488256216049194e+03 3.600109866634113726e-02 -6.154991760002441303e+00
2.541508091211318970e+03 3.800115970336008508e-02 -6.139991302224800052e+00
2.541527379035949707e+03 3.800115970336008508e-02 -6.139991302224800052e+00
2.541542996406555176e+03 3.800115970336008508e-02 -6.139991302224800052e+00
2.541554802894592285e+03 4.000122074037903985e-02 -6.124990844447157023e+00
2.541568136215209961e+03 3.600109866634113726e-02 -6.154991760002441303e+00
2.541580646753311157e+03 4.000122074037903985e-02 -6.124990844447157023e+00
2.541648328304290771e+03 3.800115970336008508e-02 -6.139991302224800052e+00
2.541662281751632690e+03 3.800115970336008508e-02 -6.139991302224800052e+00
2.541717131376266479e+03 4.000122074037903985e-02 -6.124990844447157023e+00
2.541731010437011719e+03 3.800115970336008508e-02 -6.139991302224800052e+00
2.541747847795486450e+03 3.600109866634113726e-02 -6.154991760002441303e+00
2.541776820659637451e+03 3.800115970336008508e-02 -6.139991302224800052e+00
2.541805136203765869e+03 4.000122074037903985e-02 -6.124990844447157023e+00
2.541833081722259521e+03 4.000122074037903985e-02 -6.124990844447157023e+00
2.541874771833419800e+03 3.600109866634113726e-02 -6.154991760002441303e+00
2.541902255535125732e+03 3.600109866634113726e-02 -6.154991760002441303e+00
2.541931585073471069e+03 4.000122074037903985e-02 -6.124990844447157023e+00
2.541959134340286255e+03 4.000122074037903985e-02 -6.124990844447157023e+00
2.541970811605453491e+03 3.800115970336008508e-02 -6.139991302224800052e+00
2.541988189458847046e+03 3.800115970336008508e-02 -6.139991302224800052e+00
2.542001670837402344e+03 4.000122074037903985e-02 -6.124990844447157023e+00
2.542050982236862183e+03 3.800115970336008508e-02 -6.139991302224800052e+00
2.542068636178970337e+03 3.600109866634113726e-02 -6.154991760002441303e+00
2.542083763122558594e+03 4.000122074037903985e-02 -6.124990844447157023e+00
2.542097385168075562e+03 4.000122074037903985e-02 -6.124990844447157023e+00
2.542110342741012573e+03 3.600109866634113726e-02 -6.154991760002441303e+00
2.542126305818557739e+03 3.600109866634113726e-02 -6.154991760002441303e+00
2.542143862485885620e+03 4.000122074037903985e-02 -6.124990844447157023e+00
2.542160036563873291e+03 4.000122074037903985e-02 -6.124990844447157023e+00
2.542228562355041504e+03 3.800115970336008508e-02 -6.139991302224800052e+00
2.542242558956146240e+03 3.800115970336008508e-02 -6.139991302224800052e+00
2.542296161651611328e+03 4.000122074037903985e-02 -6.124990844447157023e+00
2.542309466123580933e+03 3.600109866634113726e-02 -6.154991760002441303e+00
2.542338967084884644e+03 3.800115970336008508e-02 -6.139991302224800052e+00
2.542388359069824219e+03 3.800115970336008508e-02 -6.139991302224800052e+00
2.542401545047760010e+03 4.000122074037903985e-02 -6.124990844447157023e+00
2.542415419340133667e+03 4.000122074037903985e-02 -6.124990844447157023e+00
2.542430841445922852e+03 3.600109866634113726e-02 -6.154991760002441303e+00
2.542479212760925293e+03 3.600109866634113726e-02 -6.154991760002441303e+00
2.542501214742660522e+03 3.800115970336008508e-02 -6.139991302224800052e+00
2.542514870166778564e+03 4.000122074037903985e-02 -6.124990844447157023e+00
2.542527333736419678e+03 3.600109866634113726e-02 -6.154991760002441303e+00
2.542541647434234619e+03 4.000122074037903985e-02 -6.124990844447157023e+00
2.542561354398727417e+03 4.000122074037903985e-02 -6.124990844447157023e+00
2.542578583717346191e+03 4.000122074037903985e-02 -6.124990844447157023e+00
2.542597739219665527e+03 3.600109866634113726e-02 -6.154991760002441303e+00
2.542665198087692261e+03 3.600109866634113726e-02 -6.154991760002441303e+00
2.542724714517593384e+03 4.000122074037903985e-02 -6.124990844447157023e+00
2.542738440275192261e+03 4.000122074037903985e-02 -6.124990844447157023e+00
2.542765728473663330e+03 4.000122074037903985e-02 -6.124990844447157023e+00
2.542799371480941772e+03 3.600109866634113726e-02 -6.154991760002441303e+00
2.542820764303207397e+03 3.800115970336008508e-02 -6.139991302224800052e+00
2.542834731578826904e+03 3.800115970336008508e-02 -6.139991302224800052e+00
2.542851229906082153e+03 3.600109866634113726e-02 -6.154991760002441303e+00
2.542867330312728882e+03 3.800115970336008508e-02 -6.139991302224800052e+00
2.542932893276214600e+03 3.800115970336008508e-02 -6.139991302224800052e+00
2.542949838399887085e+03 3.600109866634113726e-02 -6.154991760002441303e+00
2.542967734098434448e+03 3.600109866634113726e-02 -6.154991760002441303e+00
2.542984993696212769e+03 4.000122074037903985e-02 -6.124990844447157023e+00
2.542998305082321167e+03 4.000122074037903985e-02 -6.124990844447157023e+00
2.543017763137817383e+03 3.800115970336008508e-02 -6.139991302224800052e+00
2.543035110950469971e+03 3.800115970336008508e-02 -6.139991302224800052e+00
2.543085358142852783e+03 3.600109866634113726e-02 -6.154991760002441303e+00
2.543116063356399536e+03 3.600109866634113726e-02 -6.154991760002441303e+00
2.543171160936355591e+03 3.800115970336008508e-02 -6.139991302224800052e+00
2.543185623407363892e+03 3.600109866634113726e-02 -6.154991760002441303e+00
2.543209101915359497e+03 3.800115970336008508e-02 -6.139991302224800052e+00
2.543243441820144653e+03 3.600109866634113726e-02 -6.154991760002441303e+00
2.543273821830749512e+03 4.000122074037903985e-02 -6.124990844447157023e+00
2.543325351476669312e+03 3.600109866634113726e-02 -6.154991760002441303e+00
2.543344406127929688e+03 4.000122074037903985e-02 -6.124990844447157023e+00
2.543373674631118774e+03 4.000122074037903985e-02 -6.124990844447157023e+00
2.543401814937591553e+03 3.600109866634113726e-02 -6.154991760002441303e+00
2.543415523290634155e+03 4.000122074037903985e-02 -6.124990844447157023e+00
2.543430242300033569e+03 3.600109866634113726e-02 -6.154991760002441303e+00
2.543444201707839966e+03 3.800115970336008508e-02 -6.139991302224800052e+00
2.543457320213317871e+03 4.000122074037903985e-02 -6.124990844447157023e+00
2.543506768465042114e+03 4.000122074037903985e-02 -6.124990844447157023e+00
2.543525543689727783e+03 4.000122074037903985e-02 -6.124990844447157023e+00
2.543539719581604004e+03 4.000122074037903985e-02 -6.124990844447157023e+00
2.543552864551544189e+03 3.800115970336008508e-02 -6.139991302224800052e+00
2.543565916776657104e+03 3.600109866634113726e-02 -6.154991760002441303e+00
2.543579897403717041e+03 4.000122074037903985e-02 -6.124990844447157023e+00
2.543596512556076050e+03 3.800115970336008508e-02 -6.139991302224800052e+00
2.543606594800949097e+03 3.600109866634113726e-02 -6.154991760002441303e+00
2.543619410037994385e+03 4.000122074037903985e-02 -6.124990844447157023e+00
2.543668831348419189e+03 3.800115970336008508e-02 -6.139991302224800052e+00
2.543699642419815063e+03 3.800115970336008508e-02 -6.139991302224800052e+00
2.543754823684692383e+03 4.000122074037903985e-02 -6.124990844447157023e+00
2.543768260717391968e+03 3.600109866634113726e-02 -6.154991760002441303e+00
2.543793703079223633e+03 3.600109866634113726e-02 -6.154991760002441303e+00
2.543837229490280151e+03 3.600109866634113726e-02 -6.154991760002441303e+00
2.543850439310073853e+03 3.600109866634113726e-02 -6.154991760002441303e+00
2.543866088628768921e+03 3.800115970336008508e-02 -6.139991302224800052e+00
2.543881331682205200e+03 4.000122074037903985e-02 -6.124990844447157023e+00
2.543892769336700439e+03 4.000122074037903985e-02 -6.124990844447157023e+00
2.543930685520172119e+03 3.800115970336008508e-02 -6.139991302224800052e+00
2.543954629421234131e+03 3.600109866634113726e-02 -6.154991760002441303e+00
2.543966781139373779e+03 3.600109866634113726e-02 -6.154991760002441303e+00
2.543987004995346069e+03 4.000122074037903985e-02 -6.124990844447157023e+00
2.544002330780029297e+03 4.000122074037903985e-02 -6.124990844447157023e+00
2.544024448394775391e+03 4.000122074037903985e-02 -6.124990844447157023e+00
2.544039361715316772e+03 4.000122074037903985e-02 -6.124990844447157023e+00
2.544053396940231323e+03 3.800115970336008508e-02 -6.139991302224800052e+00
2.544102553367614746e+03 3.800115970336008508e-02 -6.139991302224800052e+00
2.544133660078048706e+03 3.800115970336008508e-02 -6.139991302224800052e+00
2.544189664840698242e+03 3.600109866634113726e-02 -6.154991760002441303e+00
2.544205170154571533e+03 3.600109866634113726e-02 -6.154991760002441303e+00
2.544228279590606689e+03 3.800115970336008508e-02 -6.139991302224800052e+00
2.544263011455535889e+03 4.000122074037903985e-02 -6.124990844447157023e+00
2.544284367322921753e+03 4.000122074037903985e-02 -6.124990844447157023e+00
2.544297138452529907e+03 4.000122074037903985e-02 -6.124990844447157023e+00
2.544312888145446777e+03 3.600109866634113726e-02 -6.154991760002441303e+00
2.544328145503997803e+03 3.400103762932218943e-02 -6.169992217780083443e+00
2.544390147924423218e+03 3.800115970336008508e-02 -6.139991302224800052e+00
2.544407349348068237e+03 3.600109866634113726e-02 -6.154991760002441303e+00
2.544430696249008179e+03 3.800115970336008508e-02 -6.139991302224800052e+00
2.544444715023040771e+03 3.800115970336008508e-02 -6.139991302224800052e+00
2.544462908029556274e+03 4.000122074037903985e-02 -6.124990844447157023e+00
2.544478580713272095e+03 3.800115970336008508e-02 -6.139991302224800052e+00
2.544508308887481689e+03 3.600109866634113726e-02 -6.154991760002441303e+00
2.544538518190383911e+03 3.600109866634113726e-02 -6.154991760002441303e+00
2.544567964553833008e+03 4.000122074037903985e-02 -6.124990844447157023e+00
2.544623878240585327e+03 3.600109866634113726e-02 -6.154991760002441303e+00
2.544638240575790405e+03 4.000122074037903985e-02 -6.124990844447157023e+00
2.544656221866607666e+03 3.800115970336008508e-02 -6.139991302224800052e+00
2.544684612751007080e+03 3.800115970336008508e-02 -6.139991302224800052e+00
2.544718860149383545e+03 3.600109866634113726e-02 -6.154991760002441303e+00
2.544752564430236816e+03 4.000122074037903985e-02 -6.124990844447157023e+00
2.544784946203231812e+03 3.600109866634113726e-02 -6.154991760002441303e+00
2.544811057806015015e+03 4.000122074037903985e-02 -6.124990844447157023e+00
2.544846899509429932e+03 3.600109866634113726e-02 -6.154991760002441303e+00
2.544863036155700684e+03 4.000122074037903985e-02 -6.124990844447157023e+00
2.544876083850860596e+03 4.000122074037903985e-02 -6.124990844447157023e+00
2.544895903825759888e+03 3.800115970336008508e-02 -6.139991302224800052e+00
2.544911365985870361e+03 3.600109866634113726e-02 -6.154991760002441303e+00
2.544971366405487061e+03 3.800115970336008508e-02 -6.139991302224800052e+00
2.544988797903060913e+03 3.800115970336008508e-02 -6.139991302224800052e+00
2.545003368616104126e+03 3.800115970336008508e-02 -6.139991302224800052e+00
2.545017753601074219e+03 4.000122074037903985e-02 -6.124990844447157023e+00
2.545033113479614258e+03 3.800115970336008508e-02 -6.139991302224800052e+00
2.545048710823059082e+03 3.600109866634113726e-02 -6.154991760002441303e+00
2.545062484741210938e+03 3.800115970336008508e-02 -6.139991302224800052e+00
2.545095260143280029e+03 3.800115970336008508e-02 -6.139991302224800052e+00
2.545122403144836426e+03 3.800115970336008508e-02 -6.139991302224800052e+00
2.545151791095733643e+03 3.600109866634113726e-02 -6.154991760002441303e+00
2.545206223011016846e+03 3.600109866634113726e-02 -6.154991760002441303e+00
2.545220299959182739e+03 4.000122074037903985e-02 -6.124990844447157023e+00
2.545245488882064819e+03 4.000122074037903985e-02 -6.124990844447157023e+00
2.545289375782012939e+03 3.600109866634113726e-02 -6.154991760002441303e+00
2.545302312374114990e+03 3.800115970336008508e-02 -6.139991302224800052e+00
2.545318831682205200e+03 3.800115970336008508e-02 -6.139991302224800052e+00
2.545332123279571533e+03 3.600109866634113726e-02 -6.154991760002441303e+00
2.545348089218139648e+03 3.600109866634113726e-02 -6.154991760002441303e+00
2.545404058218002319e+03 3.600109866634113726e-02 -6.154991760002441303e+00
2.545423449039459229e+03 4.000122074037903985e-02 -6.124990844447157023e+00
2.545441046237945557e+03 4.000122074037903985e-02 -6.124990844447157023e+00
2.545463575839996338e+03 3.800115970336008508e-02 -6.139991302224800052e+00
2.545478885889053345e+03 4.000122074037903985e-02 -6.124990844447157023e+00
2.545496210575103760e+03 3.800115970336008508e-02 -6.139991302224800052e+00
2.545542258739471436e+03 3.400103762932218943e-02 -6.169992217780083443e+00
2.545579269886016846e+03 4.000122074037903985e-02 -6.124990844447157023e+00
2.545638700962066650e+03 3.600109866634113726e-02 -6.154991760002441303e+00
2.545652858734130859e+03 3.600109866634113726e-02 -6.154991760002441303e+00
2.545677837133407593e+03 3.600109866634113726e-02 -6.154991760002441303e+00
2.545710195064544678e+03 3.800115970336008508e-02 -6.139991302224800052e+00
2.545733621835708618e+03 3.600109866634113726e-02 -6.154991760002441303e+00
2.545746814727783203e+03 3.600109866634113726e-02 -6.154991760002441303e+00
2.545757868051528931e+03 4.000122074037903985e-02 -6.124990844447157023e+00
2.545773109197616577e+03 3.600109866634113726e-02 -6.154991760002441303e+00
2.545818789243698120e+03 3.600109866634113726e-02 -6.154991760002441303e+00
2.545840088605880737e+03 3.800115970336008508e-02 -6.139991302224800052e+00
2.545854542970657349e+03 3.600109866634113726e-02 -6.154991760002441303e+00
2.545866699934005737e+03 3.600109866634113726e-02 -6.154991760002441303e+00
2.545883421182632446e+03 4.000122074037903985e-02 -6.124990844447157023e+00
2.545900207281112671e+03 4.000122074037903985e-02 -6.124990844447157023e+00
2.545914498329162598e+03 3.800115970336008508e-02 -6.139991302224800052e+00
2.545927553892135620e+03 3.600109866634113726e-02 -6.154991760002441303e+00
2.545945901155471802e+03 4.000122074037903985e-02 -6.124990844447157023e+00
2.546000477552413940e+03 3.800115970336008508e-02 -6.139991302224800052e+00
2.546033244848251343e+03 4.000122074037903985e-02 -6.124990844447157023e+00
2.546048129081726074e+03 3.600109866634113726e-02 -6.154991760002441303e+00
