8.072246345408490287e-02 2.820792198181152344e-01 7.175286916308210201e-03
7.832239020966215437e-02 5.601801872253417969e-01 7.666889047340479275e-03
8.192250007629628406e-02 8.321962356567382812e-01 3.772859497750991834e-03
8.168249275185399116e-02 1.104185342788696289e+00 3.518288718018184897e-03
8.120247810296944702e-02 1.375471115112304688e+00 4.454347426159594586e-03
8.104247322000793230e-02 1.647945642471313477e+00 3.883210058010036232e-03
8.168249275185400504e-02 1.917596340179443359e+00 3.283025714583044825e-03
8.152248786889247645e-02 2.189571857452392578e+00 4.281438870428307814e-03
8.208250495925778489e-02 2.460472822189331055e+00 4.019276798459456117e-03
8.264252204962309334e-02 2.740272283554077148e+00 4.371677762558218855e-03
8.536260505996887127e-02 3.010802984237670898e+00 3.825087320523353103e-03
8.464258308664206198e-02 3.280086040496826172e+00 3.653931428071975022e-03
8.584261970885341542e-02 3.550660133361816406e+00 3.749034255880990488e-03
8.464258308664206198e-02 3.818643331527709961e+00 3.083987758620781051e-03
8.672264656514176717e-02 4.089458465576171875e+00 4.266463522445346386e-03
8.592262215033417971e-02 4.358094930648803711e+00 3.687062479194191337e-03
8.616262947477645873e-02 4.628124952316284180e+00 3.874960186660173639e-03
8.520260017700735655e-02 4.897465229034423828e+00 4.000122074037903465e-03
8.568261482589190070e-02 5.170275449752807617e+00 4.478707880046717965e-03
8.528260261848812085e-02 5.438308000564575195e+00 4.340823660625362304e-03
8.600262459181493013e-02 5.707773923873901367e+00 3.149699270798289770e-03
8.504259529404584184e-02 5.975603103637695312e+00 4.349661451234975058e-03
8.600262459181495789e-02 6.246563673019409180e+00 3.394216132951436999e-03
8.472258552812281240e-02 6.514420270919799805e+00 3.914401001310392411e-03
8.624263191625722302e-02 6.785431861877441406e+00 4.393583751214090449e-03
8.520260017700735655e-02 7.055678129196166992e+00 3.577817950338479415e-03
8.568261482589192846e-02 7.325263977050781250e+00 3.563477940927672373e-03
8.576261726737265112e-02 7.594334840774536133e+00 4.501514942257194875e-03
8.248251716666157862e-02 7.864735603332519531e+00 4.392126751090720538e-03
8.072246345408490287e-02 8.134258508682250977e+00 7.480976926936833138e-03
8.152248786889247645e-02 8.404592514038085938e+00 4.674498224922069706e-03
8.120247810296944702e-02 8.673278570175170898e+00 5.215521089234425277e-03
8.200250251777703447e-02 8.943977832794189453e+00 4.039925264079699714e-03
8.104247322000793230e-02 9.212949991226196289e+00 5.310378627983004286e-03
8.152248786889249033e-02 9.490527629852294922e+00 4.640141605883970136e-03
8.176249519333475546e-02 9.760054111480712891e+00 3.766067665964966879e-03
8.184249763481550588e-02 1.003838372230529785e+01 3.791474302156519829e-03
8.608262703329568055e-02 1.031116557121276855e+01 3.938850964221197494e-03
8.456258064516129769e-02 1.058117175102233887e+01 3.774555546161110445e-03
8.416256843775751784e-02 1.085124945640563965e+01 4.267963421778884006e-03
8.512259773552660613e-02 1.111841297149658203e+01 3.798220703047190932e-03
8.504259529404581408e-02 1.139006710052490234e+01 4.422622955288836935e-03
8.456258064516129769e-02 1.165915107727050781e+01 3.858407525825106443e-03
8.568261482589190070e-02 1.192865633964538574e+01 3.987301136974630809e-03
8.472258552812281240e-02 1.219761109352111816e+01 3.747326656495717206e-03
8.480258796960356282e-02 1.246752810478210449e+01 3.836782307954007733e-03
8.504259529404584184e-02 1.273591971397399902e+01 3.352474603766745186e-03
8.544260750144964944e-02 1.300813961029052734e+01 3.858407525825105142e-03
8.552260994293039986e-02 1.327603507041931152e+01 3.678372713449902087e-03
8.560261238441115028e-02 1.354830217361450195e+01 3.200097659230321211e-03
8.456258064516126993e-02 1.381615734100341797e+01 3.125219371666269636e-03
8.512259773552660613e-02 1.408651947975158691e+01 4.121484776898872403e-03
8.496259285256506366e-02 1.435844588279724121e+01 3.627561599996013443e-03
8.528260261848812085e-02 1.462849211692810059e+01 3.660931303124268822e-03
8.528260261848810697e-02 1.489803695678710938e+01 3.616959838600789824e-03
8.224250984221929961e-02 1.517027521133422852e+01 5.968632533359875120e-03
7.880240485854671240e-02 1.543924093246459961e+01 8.256158934195404614e-03
8.144248542741172603e-02 1.571053147315979004e+01 3.731923101955817758e-03
8.144248542741172603e-02 1.597832036018371582e+01 3.600998672934940630e-03
8.184249763481550588e-02 1.625046205520629883e+01 4.267963421778886608e-03
8.184249763481553364e-02 1.651817464828491211e+01 3.529186902255054652e-03
8.160249031037324075e-02 1.679008936882019043e+01 4.233331288721681011e-03
8.200250251777703447e-02 1.706005525588989258e+01 3.200097659230326415e-03
8.176249519333475546e-02 1.733045673370361328e+01 3.680112308114875767e-03
8.240251472518082820e-02 1.761481189727783203e+01 4.490125891896428433e-03
8.544260750144962169e-02 1.788504600524902344e+01 3.688797975867936108e-03
8.504259529404584184e-02 1.815633368492126465e+01 4.386293910866399977e-03
8.560261238441115028e-02 1.842963862419128418e+01 3.532812159402212542e-03
8.464258308664204811e-02 1.870430541038513184e+01 3.697463240276529801e-03
8.536260505996887127e-02 1.897367215156555176e+01 4.790803778634154277e-03
8.544260750144962169e-02 1.924423193931579590e+01 3.816711818201591958e-03
8.520260017700737043e-02 1.951388001441955566e+01 4.195363425011692203e-03
8.568261482589191458e-02 1.978703451156616211e+01 3.331407716680381478e-03
8.568261482589191458e-02 2.005524039268493652e+01 4.370213459129914171e-03
8.536260505996887127e-02 2.032649898529052734e+01 3.740488463468416569e-03
8.520260017700737043e-02 2.059719753265380859e+01 3.666172438668487913e-03
8.568261482589190070e-02 2.086803030967712402e+01 3.906217005317417536e-03
8.528260261848810697e-02 2.113804697990417480e+01 3.435450530203371274e-03
8.592262215033417971e-02 2.141139721870422363e+01 3.554486056949625068e-03
8.560261238441115028e-02 2.168022894859313965e+01 3.622264597997824475e-03
8.576261726737266500e-02 2.195018172264099121e+01 3.723338036289838403e-03
8.592262215033417971e-02 2.222040367126464844e+01 3.730207669503900810e-03
8.488259041108431324e-02 2.249411392211914062e+01 4.043092591311870862e-03
8.232251228370007778e-02 2.276393342018127441e+01 4.296362020834844885e-03
8.048245612964263773e-02 2.303630518913269043e+01 4.206028974808212126e-03
8.088246833704641758e-02 2.330473518371582031e+01 4.492975861013528451e-03
8.136248298593097561e-02 2.357470273971557617e+01 4.146257260081845364e-03
8.144248542741172603e-02 2.384313869476318359e+01 4.648410353052976132e-03
8.168249275185400504e-02 2.411355519294738770e+01 4.027231044907073759e-03
8.216250740073854919e-02 2.438615632057189941e+01 3.874960186660177542e-03
8.120247810296944702e-02 2.467167019844055176e+01 4.733008266429233196e-03
8.216250740073854919e-02 2.495487666130065918e+01 4.036755451693586558e-03
8.544260750144962169e-02 2.522326421737670898e+01 4.177016266726365362e-03
8.560261238441115028e-02 2.549205470085144043e+01 3.666172438668487913e-03
8.488259041108431324e-02 2.575965762138366699e+01 4.043092591311869995e-03
8.544260750144962169e-02 2.602995920181274414e+01 3.899657442325917163e-03
8.536260505996887127e-02 2.629700565338134766e+01 3.653931428071974154e-03
8.608262703329570831e-02 2.656690216064453125e+01 4.098124576793962283e-03
8.552260994293037211e-02 2.683475303649902344e+01 4.281438870428304344e-03
8.536260505996885739e-02 2.710400938987731934e+01 3.520107425153354112e-03
