8.728266365550707562e-02 2.886221408843994141e-01 4.895208122945404576e-03
8.872270760216072194e-02 5.597860813140869141e-01 3.789785825429647752e-03
8.864270516067994377e-02 8.299670219421386719e-01 4.146257260081841027e-03
8.912271980956450179e-02 1.100809335708618164e+00 3.755856889833821769e-03
8.840269783623767863e-02 1.370494842529296875e+00 4.664903877444765909e-03
8.968273689992982411e-02 1.642083883285522461e+00 3.608101241321013362e-03
8.824269295327617779e-02 1.911482810974121094e+00 4.320131839960936367e-03
8.952273201696828164e-02 2.181942462921142578e+00 4.090308196272484341e-03
8.856270271919922110e-02 2.453310728073120117e+00 4.020868906582287031e-03
8.928272469252603039e-02 2.722614049911499023e+00 4.074630452892166570e-03
8.936272713400679468e-02 2.991937398910522461e+00 4.068342439187385209e-03
8.944272957548754510e-02 3.260592937469482422e+00 3.940475567698906688e-03
8.936272713400678080e-02 3.531096935272216797e+00 3.565273596340663362e-03
8.952273201696829552e-02 3.798224687576293945e+00 4.206028974808207789e-03
8.920272225104527997e-02 4.068447113037109375e+00 3.959918821776677728e-03
8.872270760216068031e-02 4.336523771286010742e+00 3.914401001310391544e-03
8.896271492660298708e-02 4.606817007064819336e+00 4.084044320933700838e-03
8.912271980956448791e-02 4.875099420547485352e+00 3.444753148181077702e-03
8.792268318735313448e-02 5.151570320129394531e+00 3.730207669503901244e-03
8.416256843775750396e-02 5.421059846878051758e+00 5.711076143436304327e-03
8.464258308664206198e-02 5.691001176834106445e+00 6.241216023547060954e-03
8.536260505996887127e-02 5.959167242050170898e+00 4.184670691813811676e-03
8.208250495925779877e-02 6.230713844299316406e+00 4.749207999816034732e-03
8.168249275185399116e-02 6.497967481613159180e+00 4.514293278790900907e-03
8.176249519333475546e-02 6.768690347671508789e+00 3.314071565791202115e-03
8.168249275185400504e-02 7.039052486419677734e+00 3.652179363033306730e-03
8.216250740073854919e-02 7.308009862899780273e+00 3.749034255880994392e-03
8.072246345408490287e-02 7.576025962829589844e+00 3.092278063251413609e-03
8.400256355479598924e-02 7.859636545181274414e+00 3.441035118875123127e-03
8.568261482589190070e-02 8.127450227737426758e+00 3.781332132489640882e-03
8.464258308664204811e-02 8.396667718887329102e+00 3.948588558720805136e-03
8.584261970885341542e-02 8.664492368698120117e+00 3.196095033950001156e-03
8.440257576219975522e-02 8.934135437011718750e+00 4.899128995118210046e-03
8.520260017700737043e-02 9.201973438262939453e+00 4.118377739309207058e-03
8.456258064516129769e-02 9.472518205642700195e+00 4.648410353052970928e-03
8.584261970885341542e-02 9.740084648132324219e+00 4.267963421778883139e-03
8.504259529404584184e-02 1.000938510894775391e+01 3.757560612711118020e-03
8.520260017700735655e-02 1.027876377105712891e+01 3.532812159402213843e-03
8.536260505996887127e-02 1.054753518104553223e+01 3.988906007692453841e-03
8.488259041108432712e-02 1.081622791290283203e+01 3.881561486482534764e-03
8.536260505996887127e-02 1.108286952972412109e+01 4.184670691813811676e-03
8.504259529404584184e-02 1.135247850418090820e+01 3.583180658245064404e-03
8.432257332071901867e-02 1.161984753608703613e+01 3.823413687837449657e-03
8.512259773552660613e-02 1.188874125480651855e+01 4.043092591311870862e-03
8.464258308664204811e-02 1.215949177742004395e+01 4.028820009673931592e-03
8.512259773552660613e-02 1.243189120292663574e+01 3.881561486482535198e-03
8.416256843775751784e-02 1.270175838470458984e+01 4.076200940694899889e-03
7.960242927335429985e-02 1.297386837005615234e+01 6.092804422326086704e-03
8.184249763481550588e-02 1.324188995361328125e+01 4.378991934917769550e-03
8.112247566148869660e-02 1.351122665405273438e+01 4.236354017624292985e-03
8.168249275185400504e-02 1.377962064743041992e+01 4.027231044907072892e-03
8.152248786889249033e-02 1.405023121833801270e+01 4.500092887272335272e-03
8.160249031037324075e-02 1.431927990913391113e+01 3.919303196094571853e-03
8.192250007629628406e-02 1.458890914916992188e+01 4.175483697873926849e-03
8.144248542741172603e-02 1.486517691612243652e+01 4.215149395293220531e-03
8.152248786889247645e-02 1.513492870330810547e+01 4.535510503374804055e-03
8.464258308664206198e-02 1.541382288932800293e+01 4.480136722922453685e-03
8.536260505996887127e-02 1.568441081047058105e+01 4.297851485958745568e-03
8.568261482589190070e-02 1.595277452468872070e+01 3.823413687837448789e-03
8.544260750144962169e-02 1.622109174728393555e+01 4.716752895229753446e-03
8.584261970885342929e-02 1.648847818374633789e+01 3.916035748093415342e-03
8.576261726737266500e-02 1.675837945938110352e+01 3.766067665964961675e-03
8.616262947477645873e-02 1.702839159965515137e+01 3.618728955771184728e-03
8.592262215033417971e-02 1.729713058471679688e+01 3.856748352441217824e-03
8.592262215033417971e-02 1.756847929954528809e+01 4.098124576793960548e-03
8.552260994293039986e-02 1.783890438079833984e+01 3.971216758634757080e-03
8.648263924069947428e-02 1.810785746574401855e+01 3.678372713449902087e-03
8.520260017700734267e-02 1.837572622299194336e+01 4.733008266429230594e-03
8.632263435773795957e-02 1.864611458778381348e+01 4.296362020834841415e-03
8.568261482589191458e-02 1.891337180137634277e+01 3.652179363033301960e-03
8.560261238441115028e-02 1.918383336067199707e+01 4.595790369622074038e-03
8.568261482589190070e-02 1.945297956466674805e+01 3.946967294616852626e-03
8.600262459181491626e-02 1.972346115112304688e+01 4.195363425011691336e-03
8.608262703329568055e-02 1.999056887626647949e+01 3.416769312174437398e-03
8.480258796960356282e-02 2.026310110092163086e+01 4.157048801226866964e-03
8.048245612964262385e-02 2.053220081329345703e+01 6.047464934452158672e-03
8.168249275185399116e-02 2.080123519897460938e+01 5.017881703378256758e-03
8.144248542741172603e-02 2.107102680206298828e+01 3.774555546161115216e-03
8.136248298593097561e-02 2.134314179420471191e+01 3.653931428071980226e-03
8.176249519333475546e-02 2.161015129089355469e+01 3.455883235819471894e-03
8.096247077852718188e-02 2.187960290908813477e+01 4.199937691416762327e-03
8.128248054445019743e-02 2.214808940887451172e+01 3.704380857625102184e-03
8.088246833704641758e-02 2.241850566864013672e+01 4.236354017624295587e-03
8.064246101260413857e-02 2.268591618537902832e+01 5.019157057752235938e-03
8.248251716666157862e-02 2.296410727500915527e+01 3.930717874882076746e-03
8.432257332071901867e-02 2.323334193229675293e+01 4.221218728019650313e-03
8.392256111331523882e-02 2.350605750083923340e+01 3.643406399694867123e-03
8.384255867183446065e-02 2.377672934532165527e+01 3.833444523670240071e-03
8.344254646443066692e-02 2.404732918739318848e+01 4.099686064591831838e-03
8.400256355479600312e-02 2.431430101394653320e+01 4.195363425011692203e-03
8.304253425702688707e-02 2.458330464363098145e+01 4.422622955288838670e-03
8.376255623035372411e-02 2.485357928276062012e+01 3.636372790047035734e-03
8.344254646443066692e-02 2.512086582183837891e+01 3.600998672934938461e-03
8.328254158146916608e-02 2.539015173912048340e+01 4.521376749770527476e-03
8.312253669850765136e-02 2.565838885307312012e+01 3.581393981166519115e-03
8.288252937406535847e-02 2.592759013175964355e+01 4.384834488463379767e-03
8.192250007629628406e-02 2.620064187049865723e+01 3.321787691639669238e-03
8.224250984221931349e-02 2.647360134124755859e+01 4.169347789051407877e-03
8.184249763481553364e-02 2.674293851852416992e+01 3.245773097150199751e-03
8.232251228370005003e-02 2.701262259483337402e+01 3.738776960993338803e-03
