7.400225836970122928e-02 2.803905010223388672e-01 4.381914185449818470e-03
7.440227057710500913e-02 5.526695251464843750e-01 4.308263323470157453e-03
7.496228766747031758e-02 8.236501216888427734e-01 4.349661451234973324e-03
7.512229255043183229e-02 1.095881938934326172e+00 3.798220703047190498e-03
7.416226325266273012e-02 1.368359327316284180e+00 4.036755451693582221e-03
6.784207037568285026e-02 1.640005588531494141e+00 9.311266919623835750e-03
7.088216315195165762e-02 1.907376050949096680e+00 6.907134851155237974e-03
7.072215826899014290e-02 2.179335355758666992e+00 4.556628934366892085e-03
7.144218024231696607e-02 2.449739217758178711e+00 3.980875184149344249e-03
7.144218024231696607e-02 2.718516826629638672e+00 4.252940624648412181e-03
7.152218268379773036e-02 2.988796710968017578e+00 3.721618646663957079e-03
7.128217535935545135e-02 3.269230365753173828e+00 4.485847543243232788e-03
7.152218268379773036e-02 3.539371967315673828e+00 3.806636890417193497e-03
7.288222418897061239e-02 3.815397977828979492e+00 4.457220272266792897e-03
7.608232184820093447e-02 4.085442781448364258e+00 3.599220840847837301e-03
7.480228278450880286e-02 4.354153156280517578e+00 3.752447123456993227e-03
7.600231940672017017e-02 4.623333930969238281e+00 3.752447123456992793e-03
7.576231208227790503e-02 4.891264438629150391e+00 3.680112308114871431e-03
7.592231696523941975e-02 5.169635772705078125e+00 3.599220840847836868e-03
7.552230475783562602e-02 5.439063549041748047e+00 4.281438870428302609e-03
7.592231696523941975e-02 5.710083723068237305e+00 3.509181043620461515e-03
7.616232428968168489e-02 5.979946851730346680e+00 4.230306399954784219e-03
7.536229987487411131e-02 6.250018119812011719e+00 3.565273596340662928e-03
7.792237800225837452e-02 6.516944408416748047e+00 4.019276798459455249e-03
7.800238044373912494e-02 6.787126541137695312e+00 4.157048801226869567e-03
7.856239753410443338e-02 7.054444551467895508e+00 4.508618489270704507e-03
8.136248298593097561e-02 7.323568820953369141e+00 3.948588558720810340e-03
8.280252693258460805e-02 7.591530799865722656e+00 3.959918821776679462e-03
8.304253425702690095e-02 7.861039161682128906e+00 3.399868453491271345e-03
8.288252937406535847e-02 8.128446578979492188e+00 3.536433700239787013e-03
8.344254646443066692e-02 8.397850275039672852e+00 4.400861516267162536e-03
8.248251716666157862e-02 8.665685415267944336e+00 4.167812400382495293e-03
7.824238776818140395e-02 8.937628030776977539e+00 5.637760187570292972e-03
7.424226569414349441e-02 9.205590724945068359e+00 7.404440981392737889e-03
7.904241218298897753e-02 9.478071689605712891e+00 3.538243080608999454e-03
7.808238288521987536e-02 9.747528553009033203e+00 4.288906936230167492e-03
7.736236091189305220e-02 1.001844525337219238e+01 3.697463240276531102e-03
7.712235358745078706e-02 1.029310941696166992e+01 3.922567922355026625e-03
7.712235358745080094e-02 1.056199169158935547e+01 4.384834488463379767e-03
7.704235114597003664e-02 1.083293581008911133e+01 3.627561599996016479e-03
7.744236335337381649e-02 1.110511589050292969e+01 3.858407525825107310e-03
7.968243171483503640e-02 1.138010311126708984e+01 4.296362020834843150e-03
8.120247810296944702e-02 1.164933180809020996e+01 3.709560605003857977e-03
8.104247322000793230e-02 1.191861820220947266e+01 4.386293910866404314e-03
8.128248054445022519e-02 1.218829560279846191e+01 3.831774541223898628e-03
8.200250251777703447e-02 1.245888972282409668e+01 3.919303196094571853e-03
8.136248298593097561e-02 1.272656369209289551e+01 3.948588558720810340e-03
8.176249519333475546e-02 1.299824929237365723e+01 3.409268163033522033e-03
8.152248786889249033e-02 1.326667809486389160e+01 3.889797357160571477e-03
8.200250251777704835e-02 1.353715276718139648e+01 3.919303196094570986e-03
8.080246589556566716e-02 1.380643177032470703e+01 3.709560605003859278e-03
8.128248054445022519e-02 1.407842445373535156e+01 3.873308103793930701e-03
8.168249275185400504e-02 1.434891629219055176e+01 3.608101241321015965e-03
8.120247810296944702e-02 1.461770749092102051e+01 3.346742240604097616e-03
8.112247566148869660e-02 1.488890123367309570e+01 4.198413489700294002e-03
8.120247810296944702e-02 1.515849661827087402e+01 4.490125891896430167e-03
8.192250007629628406e-02 1.542631125450134277e+01 3.730207669503904280e-03
8.192250007629628406e-02 1.569589352607727051e+01 3.979267074536513987e-03
8.192250007629628406e-02 1.596259403228759766e+01 3.772859497750990967e-03
8.072246345408490287e-02 1.623314571380615234e+01 4.377530078113581712e-03
7.872240241706594810e-02 1.650100374221801758e+01 3.831774541223898628e-03
7.776237311929684592e-02 1.677483272552490234e+01 4.393583751214094786e-03
7.784237556077761022e-02 1.704728436470031738e+01 3.791474302156519829e-03
7.848239509262368296e-02 1.731796121597290039e+01 4.708604165455373275e-03
7.848239509262368296e-02 1.759029340744018555e+01 3.848441755779768818e-03
7.912241462446972795e-02 1.786346411705017090e+01 4.043092591311875199e-03
7.728235847041230178e-02 1.814927983283996582e+01 4.228793144173956416e-03
7.840239265114291867e-02 1.841742753982543945e+01 4.157048801226869567e-03
7.768237067781610938e-02 1.868689298629760742e+01 4.688170375280447527e-03
8.112247566148869660e-02 1.896111226081848145e+01 4.160126956999423385e-03
8.200250251777703447e-02 1.923075222969055176e+01 4.454347426159592852e-03
8.168249275185399116e-02 1.949974393844604492e+01 3.946967294616856095e-03
8.192250007629625630e-02 1.977028036117553711e+01 3.599220840847840771e-03
8.208250495925779877e-02 2.003860545158386230e+01 4.542560889261914280e-03
8.232251228370005003e-02 2.030853176116943359e+01 4.144713317648837311e-03
8.200250251777703447e-02 2.057768058776855469e+01 4.270961640218052385e-03
8.272252449110384376e-02 2.084826374053955078e+01 4.074630452892167437e-03
8.240251472518082820e-02 2.111798453330993652e+01 3.959918821776680330e-03
8.200250251777703447e-02 2.138847398757934570e+01 4.270961640218051518e-03
8.160249031037324075e-02 2.165724039077758789e+01 4.964020948293449385e-03
8.232251228370007778e-02 2.192752146720886230e+01 4.105926077433874610e-03
8.152248786889249033e-02 2.220281529426574707e+01 3.889797357160570609e-03
8.160249031037324075e-02 2.247390389442443848e+01 4.039925264079700581e-03
8.152248786889249033e-02 2.274236488342285156e+01 3.545471368185126610e-03
8.200250251777703447e-02 2.301438808441162109e+01 3.836782307954009902e-03
8.104247322000794618e-02 2.328286051750183105e+01 4.237864573570899150e-03
8.328254158146916608e-02 2.355146884918212891e+01 3.914401001310392411e-03
8.184249763481550588e-02 2.382028079032897949e+01 4.415381059231350200e-03
7.896240974150822711e-02 2.409075546264648438e+01 4.312717844725698010e-03
7.448227301858577343e-02 2.435834574699401855e+01 8.895753476158979600e-03
8.024244880520034484e-02 2.462715268135070801e+01 4.052579720330686322e-03
7.936242194891200696e-02 2.489711475372314453e+01 3.783024382353947397e-03
7.992243903927731541e-02 2.516493129730224609e+01 4.647033250266703261e-03
8.016244636371959442e-02 2.543405961990356445e+01 3.662679181621148524e-03
7.904241218298897753e-02 2.570241737365722656e+01 3.883210058010037533e-03
7.936242194891202084e-02 2.597613930702209473e+01 3.988906007692457310e-03
7.952242683187353556e-02 2.624357175827026367e+01 4.167812400382498762e-03
8.104247322000793230e-02 2.652194690704345703e+01 4.935573602612907881e-03
8.280252693258460805e-02 2.678969168663024902e+01 4.233331288721678409e-03
8.216250740073854919e-02 2.705927109718322754e+01 4.487274112699956435e-03
