2.027981889095736623e+00 2.794611454010009766e-01 2.669900948462980775e-02
2.040222262642292783e+00 5.542280673980712891e-01 1.457626041826621741e-02
2.004301166417432167e+00 8.290338516235351562e-01 2.998395024080514545e-02
1.959979813837092300e+00 1.102339506149291992e+00 9.693424107434141235e-02
1.987260646382030593e+00 1.374199867248535156e+00 1.660893845819836484e-02
1.990940758690145529e+00 1.645588874816894531e+00 1.314671627899490110e-02
1.991900787987914700e+00 1.914584875106811523e+00 1.410767689703246695e-02
1.992300800195318411e+00 2.187566995620727539e+00 1.549571086973319800e-02
1.988380680562761071e+00 2.459830760955810547e+00 1.749732225260839866e-02
1.990780753807184222e+00 2.728837966918945312e+00 1.594920454789856487e-02
1.990060731833857455e+00 2.998064279556274414e+00 1.906678233252024485e-02
2.022141710867641606e+00 3.275969028472900391e+00 3.263707420022531058e-02
2.023661757255775573e+00 3.559907913208007812e+00 2.520394356655421622e-02
2.047022470168157415e+00 3.828991651535034180e+00 6.551413561298627224e-03
2.046062440870387800e+00 4.102950811386108398e+00 7.694388438768869250e-03
2.040862282174138898e+00 4.373813629150390625e+00 2.059965775499887283e-02
2.043182352977081173e+00 4.643891334533691406e+00 1.399562628947927448e-02
2.040702277291177147e+00 4.913311481475830078e+00 1.559247379220241730e-02
2.041022287057100204e+00 5.187980890274047852e+00 1.745557208873560126e-02
2.044142382274849457e+00 5.455667734146118164e+00 6.311579149570901125e-03
2.039422238227485362e+00 5.724724054336547852e+00 1.723045328366992410e-02
2.040622274849696272e+00 5.992676019668579102e+00 1.725643575744229344e-02
2.042302326120792433e+00 6.262020349502563477e+00 1.433718751662264174e-02
2.048702521439253132e+00 6.528597354888916016e+00 6.059095702130008233e-03
2.043182352977081173e+00 6.798084735870361328e+00 1.747352955839340249e-02
2.041102289498581079e+00 7.065369367599487305e+00 1.588124030651928351e-02
2.037822189397870076e+00 7.333476066589355469e+00 1.545435140113583100e-02
2.044782401806696015e+00 7.601095676422119141e+00 1.142495368791218539e-02
2.045662428662984311e+00 7.870779991149902344e+00 1.241971877674605783e-02
2.031261989196447626e+00 8.138734579086303711e+00 2.565073406529108646e-02
1.975340282601397934e+00 8.408338069915771484e+00 7.045413089907061333e-02
1.988860695211645879e+00 8.675924539566040039e+00 3.695731812768678071e-02
1.990220736716818761e+00 8.945367574691772461e+00 1.556371370433545266e-02
1.995500897854548761e+00 9.212184667587280273e+00 7.787817520457948270e-03
1.995740905178990943e+00 9.481122016906738281e+00 1.259473229938582427e-02
1.987340648823511691e+00 9.748692512512207031e+00 2.131640995338511882e-02
1.991260768456068586e+00 1.001717972755432129e+01 1.615970105631880580e-02
1.988460683004242169e+00 1.028737330436706543e+01 1.706510399180558371e-02
1.993660841700491293e+00 1.056232404708862305e+01 1.330303729513271707e-02
2.035742125919370427e+00 1.084420490264892578e+01 1.868258288671384090e-02
2.039422238227484918e+00 1.111118268966674805e+01 1.675969998996177865e-02
2.046702460402233914e+00 1.138050150871276855e+01 9.342147869004172739e-03
2.043102350535599854e+00 1.164892721176147461e+01 2.024014336629836527e-02
2.047342479934080028e+00 1.191860413551330566e+01 8.669843580480840473e-03
2.044462392040772514e+00 1.218789649009704590e+01 1.597045920187805876e-02
2.042542333445234615e+00 1.246088528633117676e+01 1.814909650768553248e-02
2.047102472609637847e+00 1.272928571701049805e+01 1.110161800006355913e-02
2.040862282174138453e+00 1.300331807136535645e+01 1.576880390124664466e-02
2.044382389599292082e+00 1.327215218544006348e+01 1.202274603735969255e-02
2.041262294381542830e+00 1.354275035858154297e+01 1.615970105631879539e-02
2.048302509231849200e+00 1.381354641914367676e+01 7.468989546341534176e-03
2.039342235786004043e+00 1.408694219589233398e+01 1.520972450100038439e-02
2.041982316354869376e+00 1.435582685470581055e+01 1.724678969365895514e-02
2.043182352977080729e+00 1.462603449821472168e+01 1.687729199755768836e-02
2.050622580034791032e+00 1.489450240135192871e+01 5.441342399993887892e-03
2.040942284615619329e+00 1.516517949104309082e+01 1.598127617599947453e-02
2.043742370067445968e+00 1.543389248847961426e+01 1.394523105915885901e-02
1.979500409558397456e+00 1.570716094970703125e+01 8.345892119643764928e-02
1.974380253303628541e+00 1.597738528251647949e+01 7.042187361457326322e-02
1.997980973540452121e+00 1.624565339088439941e+01 1.289355445787629048e-02
1.990140734275338108e+00 1.651570105552673340e+01 1.641005898553152959e-02
1.996140917386394653e+00 1.679604196548461914e+01 9.707695495110935449e-03
1.990460744041260943e+00 1.706546282768249512e+01 1.496708630632145702e-02
1.991020761131626404e+00 1.733646273612976074e+01 1.490409197676490806e-02
1.990220736716818761e+00 1.760844373703002930e+01 1.393650797183076939e-02
1.991260768456068586e+00 1.787755894660949707e+01 1.317006402498129523e-02
2.009741332438123695e+00 1.815599393844604492e+01 2.719306405197373724e-02
2.042942345652638103e+00 1.842524504661560059e+01 1.547256318799058138e-02
2.035502118594928245e+00 1.870795011520385742e+01 2.867571425849620853e-02
2.040862282174138453e+00 1.897541308403015137e+01 1.526349302751201648e-02
2.048062501907407018e+00 1.924434447288513184e+01 8.890715631465944194e-03
2.043742370067445968e+00 1.951231694221496582e+01 1.436350207932111066e-02
2.042942345652638103e+00 1.978231167793273926e+01 1.513801792104070044e-02
2.046862465285195665e+00 2.004979467391967773e+01 6.499429070543145254e-03
2.045902435987426493e+00 2.031911158561706543e+01 1.245728186753912448e-02
2.015741515549180907e+00 2.060933995246887207e+01 3.792183238195814821e-02
2.049662550737021860e+00 2.087861847877502441e+01 8.908694852319069477e-03
2.040942284615619329e+00 2.115335226058959961e+01 1.846202598026676356e-02
2.047102472609637847e+00 2.142449355125427246e+01 8.874863787760757863e-03
2.044622396923734264e+00 2.169270801544189453e+01 9.871795577731703672e-03
2.033822067323832083e+00 2.196665716171264648e+01 2.368747867753973405e-02
2.043502362743003786e+00 2.223502111434936523e+01 1.065144706299219445e-02
2.041262294381542830e+00 2.250624513626098633e+01 1.392594113441987524e-02
2.043982377391888150e+00 2.277410125732421875e+01 1.409133490144826549e-02
2.044302387157811651e+00 2.304446434974670410e+01 1.666971385931296026e-02
1.965579984740745356e+00 2.331575965881347656e+01 5.988245538673001717e-02
1.978140368053224352e+00 2.358733773231506348e+01 7.385070396533327530e-02
1.989980729392376357e+00 2.385689830780029297e+01 1.772266262187481220e-02
1.999341015045625003e+00 2.412640023231506348e+01 5.211838244649596476e-03
1.994700873439741118e+00 2.439255619049072266e+01 1.128176264261728130e-02
1.989580717184972425e+00 2.466214752197265625e+01 1.910266662309962130e-02
1.987260646382030593e+00 2.493037295341491699e+01 2.217092693987669089e-02
1.998300983306375622e+00 2.519708943367004395e+01 6.205219585766460176e-03
1.995260890530106801e+00 2.546624970436096191e+01 1.514773925532544169e-02
2.024861793877986926e+00 2.574634456634521484e+01 3.235898498370297360e-02
2.041982316354868932e+00 2.602093267440795898e+01 1.858641128779088894e-02
2.048622518997772257e+00 2.628910851478576660e+01 8.626177694329478091e-03
2.041742309030427194e+00 2.656147265434265137e+01 1.564329044159042809e-02
2.048702521439253132e+00 2.683076572418212891e+01 1.154809678843620596e-02
2.039422238227484918e+00 2.710634899139404297e+01 1.732306888753174651e-02
