5.567369902645955548e-01 2.790925502777099609e-01 9.447065529800695652e-03
5.611371245460372581e-01 5.507123470306396484e-01 6.550436540405660951e-03
5.603371001312296151e-01 8.215548992156982422e-01 5.504493555578384573e-03
5.598570854823450293e-01 1.092651128768920898e+00 6.833538624348882602e-03
5.619371489608449011e-01 1.361953735351562500e+00 4.288906936230172696e-03
5.601770952482680865e-01 1.633102655410766602e+00 6.497459248079247816e-03
5.628971782586138506e-01 1.900804519653320312e+00 2.471026643585530220e-03
5.624971660512101401e-01 2.172624349594116211e+00 4.776085452672711174e-03
5.593770708334604436e-01 2.443428516387939453e+00 6.111683875321106962e-03
5.610571221045563828e-01 2.711982965469360352e+00 5.063592096070308399e-03
5.625771684926909044e-01 2.981559276580810547e+00 2.684555803831480039e-03
5.566569878231146795e-01 3.250815391540527344e+00 1.251878449697141349e-02
5.306561943418683924e-01 3.527874708175659180e+00 3.149048943166150166e-02
5.475367094943083268e-01 3.795973300933837891e+00 5.036978112756168233e-03
5.391364531388287418e-01 4.066036462783813477e+00 1.088268479998805681e-02
5.455366484572894414e-01 4.335578680038452148e+00 4.129242142650153824e-03
5.433765825373089164e-01 4.604700326919555664e+00 5.050936259994598561e-03
5.463366728720969734e-01 4.875910758972167969e+00 3.946967294616851758e-03
5.447366240424817985e-01 5.151156187057495117e+00 3.995319043999876439e-03
5.444166142765588523e-01 5.419279336929321289e+00 8.099629873614100015e-03
5.496167729728080875e-01 5.694874763488769531e+00 1.157964524363249738e-02
5.616171391949218439e-01 5.963323116302490234e+00 5.184750784763421903e-03
5.625771684926909044e-01 6.232155084609985352e+00 4.215149395293218797e-03
5.619371489608446790e-01 6.498905658721923828e+00 4.435628572842832684e-03
5.623371611682486115e-01 6.768624305725097656e+00 3.823413687837451391e-03
5.587370513016144402e-01 7.036909341812133789e+00 7.108071731131549061e-03
5.572170049134801406e-01 7.316393136978149414e+00 1.253513423473224565e-02
5.605771074556719080e-01 7.585027217864990234e+00 7.189544827867487206e-03
5.622571587267678472e-01 7.854404449462890625e+00 6.179379465240399626e-03
5.624171636097293758e-01 8.121395587921142578e+00 2.771365867484580289e-03
5.629771807000946149e-01 8.390168666839599609e+00 4.123037417668559863e-03
5.629771807000946149e-01 8.660279035568237305e+00 2.473615462151581516e-03
5.630571831415753792e-01 8.931222200393676758e+00 3.052698605502400780e-03
5.611371245460372581e-01 9.202471494674682617e+00 5.771276540381560342e-03
5.628171758171331973e-01 9.475365161895751953e+00 3.394216132951441336e-03
5.607371123386334366e-01 9.744374990463256836e+00 5.392900433093146366e-03
5.617771440778832615e-01 1.001500964164733887e+01 4.207550417786094787e-03
5.612971294289986757e-01 1.028604030609130859e+01 5.568077969472142591e-03
5.597770830408643761e-01 1.055615186691284180e+01 6.724965448432072140e-03
5.308161992248298100e-01 1.082916665077209473e+01 2.837550251316391450e-02
5.312962138737143958e-01 1.109959197044372559e+01 3.251624412290370081e-02
5.436165898617510983e-01 1.137113118171691895e+01 6.811962430966237922e-03
5.445766191595202699e-01 1.164069390296936035e+01 7.408761715250191358e-03
5.433765825373089164e-01 1.191120648384094238e+01 5.979346296305270217e-03
5.446566216010011452e-01 1.218199133872985840e+01 5.268025609992505257e-03
5.436165898617510983e-01 1.245388936996459961e+01 5.455439165585288831e-03
5.456966533402508590e-01 1.272426605224609375e+01 2.976262866372659296e-03
5.453766435743279128e-01 1.300205731391906738e+01 4.184670691813809941e-03
5.604971050141911437e-01 1.327161645889282227e+01 5.608165441490000833e-03
5.611371245460372581e-01 1.353987479209899902e+01 6.599110389603277636e-03
5.619371489608449011e-01 1.380662941932678223e+01 3.730207669503909050e-03
5.620971538438063186e-01 1.407754325866699219e+01 3.123170718957330502e-03
5.620971538438063186e-01 1.434498429298400879e+01 3.554486056949626369e-03
5.598570854823450293e-01 1.461379313468933105e+01 6.667616771040408945e-03
5.612971294289986757e-01 1.488119125366210938e+01 4.035169611737795745e-03
5.601770952482680865e-01 1.515020751953125000e+01 6.064375040678201580e-03
5.602570976897489619e-01 1.541751718521118164e+01 8.622467031408058424e-03
5.609771196630757295e-01 1.568652296066284180e+01 5.458957669121396704e-03
5.599370879238257936e-01 1.595312809944152832e+01 6.026260574163148746e-03
5.608971172215949652e-01 1.622148513793945312e+01 6.953312226294127221e-03
5.627371733756524330e-01 1.648881888389587402e+01 2.458041652796140713e-03
5.608971172215949652e-01 1.676068568229675293e+01 5.573822403032748646e-03
5.622571587267678472e-01 1.702949929237365723e+01 4.942053287171063909e-03
5.599370879238257936e-01 1.729771113395690918e+01 6.052754417606695352e-03
5.614571343119603153e-01 1.756853318214416504e+01 4.850550072232498108e-03
5.608171147801140899e-01 1.783754014968872070e+01 5.933139854735583994e-03
5.403364897610400952e-01 1.810966277122497559e+01 3.247094011827412335e-02
5.262560600604266892e-01 1.838105440139770508e+01 3.501567126151313575e-02
5.436165898617512093e-01 1.865172171592712402e+01 1.298654278243228585e-02
5.428165654469435664e-01 1.891979503631591797e+01 6.499429070543197295e-03
5.445766191595202699e-01 1.918856120109558105e+01 4.215149395293220531e-03
5.447366240424819095e-01 1.945652651786804199e+01 3.616959838600792860e-03
5.429765703299050950e-01 1.972583031654357910e+01 5.488190809857419403e-03
5.424965556810206202e-01 1.999324488639831543e+01 6.047464934452166478e-03
5.452166386913663843e-01 2.026450467109680176e+01 3.709560605003846701e-03
5.565769853816340262e-01 2.054533004760742188e+01 8.700058605706290776e-03
5.602570976897488508e-01 2.081574058532714844e+01 7.339324740771181743e-03
5.615371367534409686e-01 2.108370184898376465e+01 4.973038250817759728e-03
5.619371489608449011e-01 2.135301542282104492e+01 4.098124576793964018e-03
5.624971660512101401e-01 2.162321543693542480e+01 3.407390295547044028e-03
5.613771318704794400e-01 2.189233016967773438e+01 4.689535397983788170e-03
5.602570976897488508e-01 2.216694498062133789e+01 7.361094156621029831e-03
5.586570488601335649e-01 2.244282865524291992e+01 7.934370949444487925e-03
5.628171758171331973e-01 2.270983839035034180e+01 3.249714535271598648e-03
5.617771440778832615e-01 2.297930884361267090e+01 5.286218454322838545e-03
5.627371733756523220e-01 2.324587011337280273e+01 5.303142133190865727e-03
5.605771074556719080e-01 2.351431775093078613e+01 4.579047908253622637e-03
5.634571953489792007e-01 2.378192210197448730e+01 2.434494143617696883e-03
5.615371367534410796e-01 2.405119347572326660e+01 4.742464835830392800e-03
5.621771562852870829e-01 2.431788372993469238e+01 4.036755451693589160e-03
5.600170903653065579e-01 2.458668732643127441e+01 5.306761614080788940e-03
5.632171880245369078e-01 2.485549545288085938e+01 4.118377739309204456e-03
5.590570610675374974e-01 2.512355446815490723e+01 7.696883511559519421e-03
5.512168218024232624e-01 2.539405488967895508e+01 2.180708657217056423e-02
5.380164189580981526e-01 2.566345310211181641e+01 2.161546938954588340e-02
5.283361235389264499e-01 2.593349409103393555e+01 3.065607541184869542e-02
5.458566582232124986e-01 2.620086574554443359e+01 2.394733809011423409e-03
5.426565605639821488e-01 2.647108364105224609e+01 7.771363207715605882e-03
5.452966411328471485e-01 2.673794150352478027e+01 4.992306196877661049e-03
5.391364531388286307e-01 2.700966525077819824e+01 1.256165717210974003e-02
