8.091446931363871498e-01 2.788591384887695312e-01 1.151145898095596101e-02
8.164249153111363677e-01 5.524833202362060547e-01 7.899608140161187148e-03
8.176249519333477211e-01 8.243579864501953125e-01 5.628670685185500899e-03
8.177049543748283744e-01 1.097453355789184570e+00 5.619566480786619168e-03
8.169049299600207314e-01 1.368541479110717773e+00 7.268343990645252488e-03
8.177049543748284854e-01 1.641783475875854492e+00 7.791104212953010345e-03
8.181049665822323069e-01 1.910222530364990234e+00 5.410673414700137469e-03
8.085046736045411464e-01 2.182844400405883789e+00 1.289107220722124185e-02
7.845039411603137447e-01 2.456217765808105469e+00 3.592225437071060179e-02
7.975443391216772149e-01 2.724452972412109375e+00 8.490818582529256406e-03
7.954642756431775652e-01 2.994206190109252930e+00 7.233919677201588322e-03
7.961842976165043329e-01 3.263729810714721680e+00 1.146745072580021736e-02
7.949042585528122151e-01 3.535788059234619141e+00 6.695396632220263280e-03
7.962643000579852082e-01 3.807283639907836914e+00 6.531845376725662483e-03
7.953042707602161476e-01 4.085200309753417969e+00 4.762665686186084643e-03
7.978643488876003831e-01 4.353812217712402344e+00 3.749034255880992657e-03
8.098647151097140284e-01 4.633445262908935547e+00 1.387898255594338486e-02
8.186649836725975460e-01 4.905033111572265625e+00 6.266801176415655317e-03
8.176249519333477211e-01 5.180413722991943359e+00 7.610751297873500840e-03
8.197050154118472598e-01 5.448726654052734375e+00 3.133400588207842404e-03
8.160249031037324352e-01 5.720737218856811523e+00 9.364045696571818983e-03
8.211450593585010171e-01 5.988455772399902344e+00 5.398831261271750531e-03
8.158648982207710176e-01 6.258274793624877930e+00 8.484031657758734149e-03
8.185849812311167817e-01 6.525525331497192383e+00 6.462890168914272974e-03
8.176249519333476101e-01 6.797400712966918945e+00 7.610751297873518187e-03
8.196250129703667175e-01 7.068170547485351562e+00 4.931681705356916363e-03
8.198650202948087884e-01 7.337670564651489258e+00 5.182281267697983959e-03
8.194650080874050779e-01 7.606325626373291016e+00 4.437071288305541664e-03
8.202650325022128319e-01 7.877150535583496094e+00 5.286218454322840279e-03
8.191449983214821318e-01 8.151208400726318359e+00 6.790317679705650845e-03
8.196250129703664955e-01 8.422381877899169922e+00 6.196962470218199751e-03
8.166649226355785496e-01 8.692403554916381836e+00 1.099444303643763374e-02
8.194650080874050779e-01 8.965281009674072266e+00 6.027322563875186015e-03
8.217850788903472425e-01 9.232326269149780273e+00 4.282933525342198615e-03
8.149048689230018461e-01 9.505669116973876953e+00 1.062979286766403686e-02
7.770637141026032202e-01 9.777221441268920898e+00 4.887723611048000460e-02
7.653033552049319788e-01 1.004685688018798828e+01 5.003153383704461721e-02
7.968243171483506693e-01 1.031696319580078125e+01 7.133239489244213270e-03
7.965843098239082654e-01 1.058538103103637695e+01 6.363086610040156847e-03
7.944242439039277404e-01 1.085550284385681152e+01 8.523170407583796626e-03
7.970643244727928511e-01 1.112528395652770996e+01 5.370303551646480114e-03
7.973043317972349220e-01 1.139575505256652832e+01 7.285934393889669999e-03
7.965843098239082654e-01 1.166877865791320801e+01 7.144894384637737184e-03
8.006644343394268004e-01 1.194709777832031250e+01 7.193994630130391005e-03
8.198650202948088994e-01 1.221688938140869141e+01 5.930981956917436015e-03
8.108247444074830890e-01 1.249565529823303223e+01 1.358864489370260019e-02
8.197850178533282461e-01 1.276320147514343262e+01 4.357012582812713405e-03
8.169849324015016068e-01 1.303258538246154785e+01 1.083907609719316975e-02
8.219450837733086601e-01 1.330076909065246582e+01 3.071510346329341459e-03
8.177049543748283744e-01 1.356959414482116699e+01 6.565076586694794727e-03
8.191449983214821318e-01 1.383784890174865723e+01 4.836013586528820421e-03
8.162649104281747281e-01 1.410697007179260254e+01 5.694240862208144877e-03
8.120247810296946644e-01 1.437485599517822266e+01 4.195363425011700009e-03
8.189049909970397279e-01 1.464304876327514648e+01 4.003320892681093424e-03
8.189049909970397279e-01 1.491041135787963867e+01 6.860646674166744757e-03
8.193850056459243136e-01 1.518002986907958984e+01 8.289426635297664214e-03
8.215450715659048386e-01 1.544708323478698730e+01 3.214067593814997747e-03
8.193050032044435493e-01 1.571625161170959473e+01 7.815710351315941634e-03
8.175449494918669568e-01 1.598429870605468750e+01 5.967560099152440824e-03
8.172249397259437886e-01 1.625341773033142090e+01 8.800268562883394388e-03
8.193050032044435493e-01 1.652059555053710938e+01 3.995319043999867765e-03
8.201050276192510813e-01 1.678936386108398438e+01 6.209344025959732949e-03
8.025044904934844903e-01 1.706347560882568359e+01 1.302689362455136148e-02
7.896240974150824377e-01 1.733653092384338379e+01 2.393397088946900425e-02
7.887440705587939194e-01 1.760887503623962402e+01 2.442944995502151564e-02
7.944242439039278514e-01 1.787953448295593262e+01 8.275516894964259074e-03
7.968243171483506693e-01 1.814862942695617676e+01 3.346742240604087641e-03
7.905841267128513872e-01 1.841694164276123047e+01 8.514154357379420668e-03
7.971443269142735044e-01 1.868723011016845703e+01 5.278948840357214692e-03
7.942642390209663228e-01 1.895507621765136719e+01 7.575348342094984262e-03
7.951442658772545080e-01 1.922625136375427246e+01 7.290325363006317991e-03
8.028245002594073254e-01 1.950597143173217773e+01 1.370589162982804692e-02
8.163449128696556034e-01 1.977840852737426758e+01 9.987176166398338203e-03
8.189049909970397279e-01 2.004603672027587891e+01 5.630944436312443346e-03
8.170649348429823711e-01 2.031722450256347656e+01 7.421708824296718507e-03
8.192250007629627850e-01 2.058852219581604004e+01 5.455439165585301842e-03
8.192250007629628961e-01 2.085781526565551758e+01 4.766695583130063814e-03
8.185849812311165596e-01 2.112867832183837891e+01 4.472987944277246990e-03
8.185049787896361284e-01 2.139950680732727051e+01 6.795028925453637167e-03
8.192250007629627850e-01 2.166619515419006348e+01 3.752447123457008839e-03
8.074646418652912105e-01 2.193782210350036621e+01 8.266230731319417629e-03
8.176249519333477211e-01 2.221028494834899902e+01 4.931681705356931109e-03
8.162649104281749501e-01 2.248009681701660156e+01 9.318138197158227359e-03
8.203450349436933742e-01 2.274787473678588867e+01 7.035667788636019125e-03
8.191449983214821318e-01 2.301862525939941406e+01 6.275986298287837897e-03
8.215450715659048386e-01 2.328664302825927734e+01 2.900019535235429102e-03
8.184249763481551421e-01 2.355638074874877930e+01 8.000244148075817338e-03
8.201850300607318456e-01 2.382435488700866699e+01 4.267963421778890078e-03
8.209050520340587243e-01 2.409784841537475586e+01 2.717728978740513533e-03
8.175449494918669568e-01 2.436511254310607910e+01 7.228609078411258812e-03
7.860239875484481553e-01 2.463821029663085938e+01 3.470667830534083370e-02
7.895440949736015623e-01 2.490948271751403809e+01 2.967799450652925178e-02
7.981843586535234403e-01 2.517747640609741211e+01 2.708292391294349951e-03
7.952242683187351613e-01 2.544699120521545410e+01 8.119361035308506405e-03
7.941842365794855585e-01 2.571497654914855957e+01 5.903941686800111797e-03
7.952242683187352723e-01 2.598662400245666504e+01 6.524001668850643899e-03
7.950642634357737437e-01 2.625394248962402344e+01 5.031892823107584310e-03
7.939442292550432656e-01 2.652571868896484375e+01 8.380804669898258771e-03
7.963443024994660835e-01 2.680463552474975586e+01 1.092084608624559021e-02
8.187449861140784213e-01 2.707524061203002930e+01 6.193863213975221195e-03
