1.379242091128269676e+00 2.859640121459960938e-01 1.989633537268256647e-02
1.430843665883358318e+00 5.736484527587890625e-01 9.814574834162450440e-03
1.430523656117435038e+00 8.448891639709472656e-01 1.002874561260025735e-02
1.435483807489242425e+00 1.115991353988647461e+00 6.753457168086437166e-03
1.432523717154454035e+00 1.386616706848144531e+00 6.073866286441661870e-03
1.430203646351512203e+00 1.660043239593505859e+00 8.670581785053027915e-03
1.430043641468550675e+00 1.929063558578491211e+00 1.273773538730728176e-02
1.429323619495224129e+00 2.199190378189086914e+00 1.333763313066691457e-02
1.430923668324839193e+00 2.471019983291625977e+00 1.004150159029835315e-02
1.430763663441877220e+00 2.740078210830688477e+00 1.126984258618334359e-02
1.429243617053743032e+00 3.009703397750854492e+00 1.384527716422888181e-02
1.430123643910031328e+00 3.277910232543945312e+00 1.175083093783323498e-02
1.434443775749992378e+00 3.548436164855957031e+00 1.211977579223904970e-02
1.432843726920377314e+00 3.817182064056396484e+00 1.243259562704438284e-02
1.433643751335185179e+00 4.089072465896606445e+00 8.099629873614120831e-03
1.432843726920377536e+00 4.362786054611206055e+00 1.086679379399343656e-02
1.435083795281838270e+00 4.637819528579711914e+00 1.127324960271294113e-02
1.434283770867031071e+00 4.907625913619995117e+00 8.358628132516815121e-03
1.433483746452223206e+00 5.182613849639892578e+00 1.199396431916560299e-02
1.412443104342783640e+00 5.453955888748168945e+00 1.883033832982477368e-02
1.392682501297036968e+00 5.726444721221923828e+00 4.558286099777722478e-02
1.380522130191961683e+00 5.994782209396362305e+00 4.362987259507120075e-02
1.394282550126651810e+00 6.265839099884033203e+00 1.229437373038189639e-02
1.392922508621478705e+00 6.534812927246093750e+00 1.441243483676840631e-02
1.399802718588824213e+00 6.806613683700561523e+00 6.022010742482111767e-03
1.396202608722190375e+00 7.075623989105224609e+00 9.681948221078835043e-03
1.390842445142979278e+00 7.345865249633789062e+00 1.253513423473223004e-02
1.399802718588824213e+00 7.614723443984985352e+00 8.641004411517374736e-03
1.423163431501205611e+00 7.894428730010986328e+00 1.791661776963239874e-02
1.367481732230598102e+00 8.164495944976806641e+00 6.312978412720314514e-02
1.378842078920865521e+00 8.435256242752075195e+00 6.464127962227847468e-02
1.391962479323709978e+00 8.705631732940673828e+00 1.450539354840492401e-02
1.396842628254036045e+00 8.975748777389526367e+00 1.551304896441598608e-02
1.395882598956267096e+00 9.244424819946289062e+00 1.379804406657592596e-02
1.393082513504440678e+00 9.516909360885620117e+00 2.032691856484641901e-02
1.392522496414074995e+00 9.798036098480224609e+00 1.937711321827986430e-02
1.403082818689535216e+00 1.006761741638183594e+01 1.092729096499257292e-02
1.389882415845210106e+00 1.034346652030944824e+01 1.667547216334987550e-02
1.400282733237708577e+00 1.061278653144836426e+01 1.359241245318264062e-02
1.402602804040651074e+00 1.088218641281127930e+01 7.430327697046748038e-03
1.437803878292184034e+00 1.115038084983825684e+01 1.310087308081131149e-02
1.434123765984069543e+00 1.142555618286132812e+01 1.407997513394927853e-02
1.441003975951414384e+00 1.169663381576538086e+01 6.861579524354506458e-03
1.439083917355876485e+00 1.196527957916259766e+01 5.963268433657277490e-03
1.437643873409222506e+00 1.223323583602905273e+01 9.415169164912383371e-03
1.437483868526261199e+00 1.250315451622009277e+01 8.681647321250728078e-03
1.432923729361857745e+00 1.277060294151306152e+01 1.480672080783867507e-02
1.436523839228492028e+00 1.303948307037353516e+01 1.108950430868469762e-02
1.439643934446241280e+00 1.330768132209777832e+01 8.466662577443323859e-03
1.438843910031434081e+00 1.357620334625244141e+01 6.524001668850670788e-03
1.437243861201818795e+00 1.384341788291931152e+01 1.079291942434734350e-02
1.437243861201818795e+00 1.411303234100341797e+01 8.800268562883351020e-03
1.436603841669972681e+00 1.438019180297851562e+01 8.050487913774172916e-03
1.441083978392895260e+00 1.464927172660827637e+01 7.758999573846459864e-03
1.435083795281838270e+00 1.491636967658996582e+01 1.083907609719315414e-02
1.436843848994414863e+00 1.518607091903686523e+01 9.104123177183126234e-03
1.413003121433148879e+00 1.545938587188720703e+01 4.016138499043765686e-02
1.381722166814172592e+00 1.573059225082397461e+01 5.983540857534085100e-02
1.400202730796227923e+00 1.599907875061035156e+01 1.222389135867645894e-02
1.396282611163670806e+00 1.626856827735900879e+01 1.303966172179349230e-02
1.397962662434766745e+00 1.653655099868774414e+01 1.192653686731449426e-02
1.395322581865901634e+00 1.681117129325866699e+01 1.316860600360750429e-02
1.396042603839228402e+00 1.708118939399719238e+01 1.253513423473221963e-02
1.399722716147343560e+00 1.735266375541687012e+01 4.789467618022838144e-03
1.394522557451094213e+00 1.762483263015747070e+01 1.670768199058925499e-02
1.423403438825647793e+00 1.790258002281188965e+01 1.940549880483903242e-02
1.434923790398877186e+00 1.817267465591430664e+01 6.647427848307831122e-03
1.434923790398876742e+00 1.844242382049560547e+01 1.077927139146620146e-02
1.436363834345530721e+00 1.871372413635253906e+01 4.789467618022873706e-03
1.434763785515915435e+00 1.898264598846435547e+01 1.055122717233836042e-02
1.433083734244819052e+00 1.925334334373474121e+01 1.113040705830772338e-02
1.434763785515915435e+00 1.952470779418945312e+01 8.688279878212450819e-03
1.435243800164800021e+00 1.979698562622070312e+01 7.838606392189109012e-03
1.436283831904049402e+00 2.006590700149536133e+01 9.997424682349272118e-03
1.437003853877376391e+00 2.033797931671142578e+01 6.174198463687897639e-03
1.433083734244819718e+00 2.060781383514404297e+01 1.147024106351232642e-02
1.431403682973723335e+00 2.087847566604614258e+01 1.529198066073652468e-02
1.428603597521897139e+00 2.115144348144531250e+01 1.740416293778694959e-02
1.437883880733665132e+00 2.142521214485168457e+01 7.330598873055231210e-03
1.433563748893704082e+00 2.169399905204772949e+01 9.436897551900289005e-03
1.434363773308511503e+00 2.196676683425903320e+01 1.112407985810431182e-02
1.432443714712973604e+00 2.223936057090759277e+01 1.213297097937220993e-02
1.435723814813684163e+00 2.250999665260314941e+01 6.897862280387009881e-03
1.411563077486495343e+00 2.277959394454956055e+01 2.057851905496724254e-02
1.365001656544694519e+00 2.305149888992309570e+01 6.338930231470653320e-02
1.399802718588824213e+00 2.331941533088684082e+01 9.505151987996991389e-03
1.393802535477767224e+00 2.359015750885009766e+01 1.358063535941125832e-02
1.395882598956266873e+00 2.385837149620056152e+01 1.254687244903400674e-02
1.398442677083651331e+00 2.412923717498779297e+01 9.749143605814771657e-03
1.400202730796227923e+00 2.439695739746093750e+01 5.151312415820762276e-03
1.394282550126652032e+00 2.466860795021057129e+01 1.381426970231047074e-02
1.384602254707480329e+00 2.494581937789916992e+01 2.246146016660152331e-02
1.415643202002014212e+00 2.522205734252929688e+01 2.406065945997086855e-02
1.433243739127781025e+00 2.549379158020019531e+01 1.247114640368053411e-02
1.433563748893704082e+00 2.576365828514099121e+01 1.318560622130243373e-02
1.431083673207800500e+00 2.603676319122314453e+01 1.186789772821046293e-02
1.434523778191473253e+00 2.630660605430603027e+01 9.196453770614190781e-03
1.432443714712973382e+00 2.658041167259216309e+01 1.132818751565253627e-02
1.434043763542588668e+00 2.685029721260070801e+01 1.073345385101537319e-02
1.432043702505569893e+00 2.712090539932250977e+01 1.416517725460410618e-02
