-6.960212408825954336e-03 2.836844921112060547e-01 2.778285643218824687e-03
-6.640202642902920567e-03 5.569574832916259766e-01 2.017584805868895704e-03
-6.080185552537613856e-03 8.286414146423339844e-01 1.831339590810571443e-03
-6.320192876979887665e-03 1.099471092224121094e+00 2.444987701492975282e-03
-6.320192876979887665e-03 1.369372606277465820e+00 1.348225108273289194e-03
-6.560200201422162342e-03 1.641188144683837891e+00 2.001660446340539339e-03
-5.920180669576098273e-03 1.909830331802368164e+00 1.547173584455833984e-03
-6.320192876979888533e-03 2.180363178253173828e+00 2.092335345906905838e-03
-5.840178228095339180e-03 2.450492620468139648e+00 1.781738970463836620e-03
-5.920180669576098273e-03 2.719507932662963867e+00 1.916722261835119819e-03
-5.360163579210791562e-03 2.989358425140380859e+00 1.670500021040588218e-03
-5.760175786614581822e-03 3.257725238800048828e+00 2.140719435214152172e-03
-5.920180669576098273e-03 3.528363943099975586e+00 1.440043946653645672e-03
-6.480197759941404984e-03 3.795463323593139648e+00 2.418668445156189374e-03
-6.080185552537614724e-03 4.065758228302001953e+00 1.916722261835119819e-03
-6.160187994018372082e-03 4.334115266799926758e+00 2.033384458311278311e-03
-9.600292977690969703e-03 4.604135751724243164e+00 6.548482061310867408e-03
-1.024031250953703551e-02 4.875527620315551758e+00 3.063163835393920096e-03
-9.600292977690971438e-03 5.148821830749511719e+00 3.149699270798291071e-03
-9.440288094729454987e-03 5.419876813888549805e+00 2.155616757852012004e-03
-9.360285653248695895e-03 5.691384553909301758e+00 1.571798583837159076e-03
-8.960273445844905635e-03 5.963164806365966797e+00 1.399471163233429599e-03
-9.120278328806422086e-03 6.234239578247070312e+00 1.704634081516758414e-03
-1.000030518509475996e-02 6.503976583480834961e+00 1.959651598047283758e-03
-9.280283211767938537e-03 6.776032924652099609e+00 2.324205176526484597e-03
-5.760175786614581822e-03 7.056023359298706055e+00 2.064621071325073443e-03
-5.120156254768517753e-03 7.327176570892333984e+00 1.608029172535242789e-03
-5.040153813287759528e-03 7.596128463745117188e+00 2.049062288396980708e-03
-5.920180669576098273e-03 7.866860866546630859e+00 1.547173584455833984e-03
-6.000183111056857366e-03 8.134652853012084961e+00 1.876223561728497047e-03
-6.720205084383678792e-03 8.403313875198364258e+00 1.249678085293663785e-03
-6.320192876979888533e-03 8.670646190643310547e+00 1.760053712576677707e-03
-8.560261238441115375e-03 8.950012683868408203e+00 3.225993674098932840e-03
-7.680234382152777498e-03 9.221061706542968750e+00 2.014410004836966230e-03
-7.360224616229743728e-03 9.491026639938354492e+00 2.017584805868895704e-03
-5.440166020691550655e-03 9.760126829147338867e+00 1.834831185192795002e-03
-5.760175786614581822e-03 1.002977728843688965e+01 2.731822741248149302e-03
-5.920180669576098273e-03 1.030990409851074219e+01 2.741178325965607735e-03
-4.880148930326243945e-03 1.057786297798156738e+01 1.704634081516758631e-03
-5.200158696249275112e-03 1.084699988365173340e+01 1.788908975169240141e-03
-5.040153813287758661e-03 1.111417722702026367e+01 2.125717712650194990e-03
-4.960151371807001303e-03 1.138656377792358398e+01 1.612004528842937755e-03
-4.960151371807001303e-03 1.165835714340209961e+01 2.049062288396980708e-03
-6.720205084383678792e-03 1.192972683906555176e+01 2.254309244635350519e-03
-9.760297860652487889e-03 1.220271658897399902e+01 3.972828126831981846e-03
-8.800268562883389184e-03 1.247385406494140625e+01 1.876223561728496830e-03
-8.880271004364148277e-03 1.274144244194030762e+01 2.471026643585524582e-03
-8.560261238441115375e-03 1.301326966285705566e+01 2.001660446340539339e-03
-9.040275887325664728e-03 1.328385210037231445e+01 2.340669645701224343e-03
-8.640263679921872733e-03 1.355389785766601562e+01 1.852190428812549791e-03
-8.640263679921872733e-03 1.382206392288208008e+01 1.936654051896962532e-03
-8.320253913998841566e-03 1.409289765357971191e+01 1.933346356823618462e-03
-6.320192876979888533e-03 1.436493325233459473e+01 2.694075535137856105e-03
-5.040153813287759528e-03 1.463397479057312012e+01 1.799610420423918651e-03
-4.960151371807001303e-03 1.490280771255493164e+01 1.509483046895868964e-03
-4.960151371807001303e-03 1.517474365234375000e+01 1.799610420423918868e-03
-4.880148930326243945e-03 1.544171929359436035e+01 2.122704645632315403e-03
-4.640141605883969268e-03 1.571147608757019043e+01 1.571798583837159076e-03
-4.640141605883969268e-03 1.597954583168029785e+01 1.763686438242555296e-03
-4.880148930326243077e-03 1.624865388870239258e+01 2.196791875607045225e-03
-4.960151371807002170e-03 1.651591134071350098e+01 1.612004528842937755e-03
-5.200158696249275112e-03 1.678780865669250488e+01 2.116665644360838771e-03
-5.440166020691550655e-03 1.705716228485107422e+01 1.834831185192794785e-03
-5.200158696249275112e-03 1.732607793807983398e+01 1.876223561728496830e-03
-4.560139164403211043e-03 1.760142683982849121e+01 1.920058595538194158e-03
-5.040153813287759528e-03 1.786911487579345703e+01 1.886429748875494182e-03
-4.560139164403211043e-03 1.813850450515747070e+01 1.745447205163161214e-03
-4.480136722922452817e-03 1.840865755081176758e+01 1.723305329388064196e-03
-4.880148930326243077e-03 1.868117785453796387e+01 1.608029172535242789e-03
-4.720144047364727494e-03 1.895050764083862305e+01 1.778143126293203584e-03
-3.840117191076387448e-03 1.922252321243286133e+01 2.587432822790709450e-03
-9.840300302133245247e-03 1.949559569358825684e+01 6.271905682577945049e-03
-9.200280770287179444e-03 1.976850557327270508e+01 5.513787768285071875e-03
-7.040214850306710827e-03 2.003729677200317383e+01 2.125717712650195424e-03
-6.880209967345196978e-03 2.030998706817626953e+01 1.704634081516758631e-03
-6.960212408825953469e-03 2.058028459548950195e+01 1.612004528842937755e-03
-6.880209967345195243e-03 2.085023999214172363e+01 2.268460728528758508e-03
-7.040214850306710827e-03 2.111975550651550293e+01 1.280039063692129222e-03
-6.960212408825954336e-03 2.139102435111999512e+01 1.280039063692129222e-03
-5.600170903653067106e-03 2.166291618347167969e+01 2.713014787890851223e-03
-3.360102542191839396e-03 2.193384575843811035e+01 2.017584805868895704e-03
-4.000122074037904332e-03 2.220369839668273926e+01 1.876223561728497047e-03
-7.920241706595049572e-03 2.247934484481811523e+01 5.043327514133257895e-03
-7.920241706595051306e-03 2.274790883064270020e+01 3.815034511234982866e-03
-6.960212408825953469e-03 2.301825332641601562e+01 2.408060199092041092e-03
-7.200219733268227278e-03 2.328701186180114746e+01 2.190957092724910103e-03
-6.720205084383678792e-03 2.355639052391052246e+01 1.371756118633098804e-03
-9.280283211767938537e-03 2.382540678977966309e+01 2.030234364307748150e-03
-1.024031250953703551e-02 2.410301446914672852e+01 2.956845213767027563e-03
-9.600292977690969703e-03 2.437049770355224609e+01 1.876223561728496830e-03
-1.016031006805627815e-02 2.464227390289306641e+01 2.708292391294357757e-03
-9.520290536210212345e-03 2.491138672828674316e+01 1.899952715881507610e-03
-9.520290536210210611e-03 2.517924737930297852e+01 1.627808872734510647e-03
-5.840178228095339180e-03 2.544777393341064453e+01 2.185106729564957086e-03
-6.080185552537614724e-03 2.571504211425781250e+01 1.916722261835119819e-03
-6.400195318460646758e-03 2.598467183113098145e+01 1.959651598047283758e-03
-7.200219733268227278e-03 2.625168967247009277e+01 1.385682933742288627e-03
-9.680295419171728796e-03 2.652280068397521973e+01 2.694075535137856105e-03
-1.104033692434461429e-02 2.679284214973449707e+01 1.399471163233430033e-03
-1.080032959990234222e-02 2.706330394744873047e+01 2.262810755300959445e-03
