3.359302517777031927e-01 2.804644107818603516e-01 7.277144507236804789e-03
3.398503714102604212e-01 5.537209510803222656e-01 2.460644132776317397e-03
3.396103640858180728e-01 8.247613906860351562e-01 4.233331288721687083e-03
3.398503714102602546e-01 1.096940517425537109e+00 2.587432822790713353e-03
3.399303738517410745e-01 1.367636203765869141e+00 3.123170718957323996e-03
3.318501272621845466e-01 1.641608476638793945e+00 9.294066500533404787e-03
3.168896707052827888e-01 1.912981271743774414e+00 2.281879445459448694e-02
3.275299954222236076e-01 2.187377691268920898e+00 6.255556601181176679e-03
3.280100100711081379e-01 2.460582017898559570e+00 4.866358533715318783e-03
3.280100100711081379e-01 2.730817794799804688e+00 4.595790369622086181e-03
3.284100222785120149e-01 3.003335952758789062e+00 3.878262241103999555e-03
3.288100344859157254e-01 3.273291826248168945e+00 2.828513444126204077e-03
3.289700393688772539e-01 3.546584606170654297e+00 3.799905431763023894e-03
3.258499441511276684e-01 3.826516389846801758e+00 8.157111077054336745e-03
3.368902810754723642e-01 4.108072280883789062e+00 7.312240657325041852e-03
3.400103762932218388e-01 4.376132488250732422e+00 4.233331288721684481e-03
3.401703811761834229e-01 4.645773410797119141e+00 4.076200940694909430e-03
3.408904031495101905e-01 4.914392948150634766e+00 2.717728978740522206e-03
3.412104129154333032e-01 5.188423633575439453e+00 3.487225576511518259e-03
3.392103518784143068e-01 5.456575632095336914e+00 4.630476072031377947e-03
3.412904153569140120e-01 5.727790117263793945e+00 3.747326656495717639e-03
3.400103762932218388e-01 5.994654417037963867e+00 4.454347426159596321e-03
3.417704300057984868e-01 6.264467000961303711e+00 2.672608455695757099e-03
3.417704300057985978e-01 6.532167673110961914e+00 3.063163835393929637e-03
3.407303982665487174e-01 6.802599668502807617e+00 3.660931303124277496e-03
3.402503836176641316e-01 7.072609663009643555e+00 4.245409291264638611e-03
3.406503958250678976e-01 7.341686010360717773e+00 3.653931428071983262e-03
3.407303982665487729e-01 7.613130092620849609e+00 3.660931303124276628e-03
3.412104129154333032e-01 7.884293556213378906e+00 3.149699270798294974e-03
3.411304104739525389e-01 8.154305458068847656e+00 3.840117191076393953e-03
3.408104007080294817e-01 8.428119182586669922e+00 2.713014787890858596e-03
3.412904153569140120e-01 8.696760177612304688e+00 3.243800582171818374e-03
3.300900735496078431e-01 8.969330787658691406e+00 1.946937943114908712e-02
3.184097170934171439e-01 9.239636659622192383e+00 2.499356170587328091e-02
3.292100466933194913e-01 9.511302709579467773e+00 7.858992919185806003e-03
3.296900613422040771e-01 9.781599283218383789e+00 2.634012804996257832e-03
3.297700637836847859e-01 1.005317068099975586e+01 2.789780461209217469e-03
3.300900735496078431e-01 1.032636022567749023e+01 3.018966093791744867e-03
3.288100344859157254e-01 1.059647893905639648e+01 3.836782307954012070e-03
3.293700515762810754e-01 1.086842823028564453e+01 2.242923771621629404e-03
3.283300198370311396e-01 1.113869929313659668e+01 4.370213459129924580e-03
3.341701980651264892e-01 1.142006301879882812e+01 6.116917826674559029e-03
3.421704422132023082e-01 1.168804860115051270e+01 2.110609364009833396e-03
3.408104007080294262e-01 1.195824456214904785e+01 2.713014787890858596e-03
3.411304104739524834e-01 1.222725033760070801e+01 3.050601251352047256e-03
3.404903909421064800e-01 1.249833345413208008e+01 4.708604165455372408e-03
3.413704177983947763e-01 1.276673865318298340e+01 2.447604061472709661e-03
3.400103762932218388e-01 1.303696393966674805e+01 4.381914185449827144e-03
3.405703933835871333e-01 1.330603218078613281e+01 3.371512091296529918e-03
3.406503958250678976e-01 1.357622194290161133e+01 3.697463240276536740e-03
3.408904031495101905e-01 1.384505820274353027e+01 3.153760780249333269e-03
3.400103762932218943e-01 1.411515831947326660e+01 4.699079454312661379e-03
3.404903909421063690e-01 1.438335442543029785e+01 3.454030711839768415e-03
3.408104007080294817e-01 1.465347862243652344e+01 4.039925264079702316e-03
3.413704177983947763e-01 1.492272639274597168e+01 2.575034894137538666e-03
3.401703811761834229e-01 1.519372367858886719e+01 4.230306399954792893e-03
3.412104129154333032e-01 1.546179652214050293e+01 2.190957092724920945e-03
3.410504080324717746e-01 1.573262500762939453e+01 3.671406092209059720e-03
3.403303860591448959e-01 1.600172805786132812e+01 3.823413687837459631e-03
3.400903787347026030e-01 1.627422332763671875e+01 5.074955364035992240e-03
3.250499197363200810e-01 1.654656338691711426e+01 1.737287601854538982e-02
3.240898904385510204e-01 1.682011508941650391e+01 1.651696857060059448e-02
3.278500051881466093e-01 1.709039735794067383e+01 4.415381059231355404e-03
3.277700027466659005e-01 1.736138105392456055e+01 4.501514942257202681e-03
3.282500173955504308e-01 1.763527274131774902e+01 3.636372790047035734e-03
3.278500051881466093e-01 1.790676140785217285e+01 3.916035748093416209e-03
3.291300442518387825e-01 1.818326282501220703e+01 2.775980967879657004e-03
3.288100344859157254e-01 1.845289301872253418e+01 2.529899334535296983e-03
3.289700393688771984e-01 1.874328112602233887e+01 3.883210058010035364e-03
3.375303006073183121e-01 1.901148033142089844e+01 4.129242142650146885e-03
3.376903054902798962e-01 1.928172564506530762e+01 2.810352656396796628e-03
3.372902932828760747e-01 1.954907560348510742e+01 4.413931254214679967e-03
3.379303128147220781e-01 1.981805968284606934e+01 4.362884570090235468e-03
3.402503836176641316e-01 2.008574819564819336e+01 2.846558370012607260e-03
3.406503958250680086e-01 2.035559582710266113e+01 3.907855175657969082e-03
3.410504080324717746e-01 2.062329673767089844e+01 3.757560612711124525e-03
3.392103518784142513e-01 2.089289021492004395e+01 5.184750784763426240e-03
3.399303738517410745e-01 2.116110968589782715e+01 5.043327514133260497e-03
3.404903909421064800e-01 2.143645167350769043e+01 2.547547077461476302e-03
3.404103885006256047e-01 2.170612621307373047e+01 4.381914185449828011e-03
3.395303616443374195e-01 2.197742843627929688e+01 4.640141605883973605e-03
3.404903909421064245e-01 2.224711680412292480e+01 3.889797357160574079e-03
3.399303738517411300e-01 2.251788401603698730e+01 3.772859497750997038e-03
3.408904031495103015e-01 2.278700637817382812e+01 2.658200757983093711e-03
3.400103762932218388e-01 2.305974769592285156e+01 3.394216132951447407e-03
3.408904031495101905e-01 2.333320021629333496e+01 3.050601251352046388e-03
3.396903665272988371e-01 2.360344505310058594e+01 3.081911697962339512e-03
3.260099490340891970e-01 2.387759685516357422e+01 1.391444633994412018e-02
3.285700271614734325e-01 2.415133070945739746e+01 9.321571936522709059e-03
3.287300320444349055e-01 2.441880702972412109e+01 2.877864745238996325e-03
3.284900247199926127e-01 2.469227957725524902e+01 3.214067593815010757e-03
3.292100466933194913e-01 2.496432900428771973e+01 2.190957092724917041e-03
3.280100100711081379e-01 2.523330640792846680e+01 3.046402211163041617e-03
3.282500173955503198e-01 2.550804209709167480e+01 1.985608379317380275e-03
3.278500051881466093e-01 2.577800273895263672e+01 3.916035748093425750e-03
3.288900369273964897e-01 2.605665659904479980e+01 3.755856889833824371e-03
3.396103640858180728e-01 2.632671141624450684e+01 3.919303196094571853e-03
3.394503592028565442e-01 2.659936070442199707e+01 4.177016266726370566e-03
3.406503958250680086e-01 2.686894106864929199e+01 3.284974676294981355e-03
3.401703811761834229e-01 2.714051985740661621e+01 3.245773097150206257e-03
