6.312192632831813144e-02 2.797091007232666016e-01 3.397985391339898922e-03
6.456197027497177776e-02 5.522062778472900391e-01 1.444481688904216505e-03
6.472197515793329248e-02 8.238046169281005859e-01 1.949828721162961617e-03
6.792207281716361456e-02 1.102208375930786133e+00 3.173990370479477189e-03
6.944211920529802518e-02 1.374519586563110352e+00 2.367856035143336806e-03
7.008213873714408404e-02 1.647697925567626953e+00 2.076984182246588082e-03
6.968212652974029031e-02 1.918158769607543945e+00 2.240068361461222506e-03
6.984213141270180503e-02 2.191336393356323242e+00 2.648552084554651673e-03
7.008213873714408404e-02 2.463044881820678711e+00 1.741776439364739687e-03
7.016214117862483446e-02 2.734898328781127930e+00 2.460644132776308290e-03
7.024214362010558488e-02 3.008035421371459961e+00 2.421313244683555559e-03
6.896210455641346715e-02 3.281428575515747070e+00 3.924199266955537280e-03
6.944211920529802518e-02 3.551711559295654297e+00 2.743512237266194573e-03
7.064215582750937861e-02 3.819300889968872070e+00 1.571798583837156257e-03
6.960212408825952601e-02 4.089593648910522461e+00 2.332451938722381220e-03
7.000213629566331974e-02 4.357954740524291992e+00 2.190957092724907500e-03
7.024214362010559876e-02 4.627893924713134766e+00 2.612052148275820131e-03
7.016214117862483446e-02 4.895763397216796875e+00 1.869388480496662680e-03
7.032214606158634917e-02 5.169575452804565430e+00 2.634012804996247858e-03
7.000213629566330586e-02 5.437138795852661133e+00 2.190957092724907067e-03
7.048215094454786389e-02 5.705475807189941406e+00 2.547547077461466327e-03
6.848208990752892300e-02 5.975296974182128906e+00 3.112907231724633666e-03
6.272191412091433771e-02 6.246562957763671875e+00 6.925642748348967946e-03
6.264191167943358729e-02 6.513596296310424805e+00 8.231314314588537503e-03
6.384194830164495460e-02 6.784086465835571289e+00 2.587432822790711618e-03
6.424196050904874833e-02 7.052686452865600586e+00 2.064621071325076045e-03
6.480197759941405677e-02 7.321755647659301758e+00 1.697108066475721752e-03
6.352193853572192517e-02 7.590415000915527344e+00 3.806636890417200870e-03
6.408195562608723361e-02 7.860173702239990234e+00 3.224009057685877679e-03
6.368194341868343988e-02 8.128247022628784180e+00 3.608101241321015531e-03
6.600201422162542408e-02 8.406411647796630859e+00 4.308263323470159188e-03
6.936211676381724700e-02 8.676276683807373047e+00 3.609874699890285379e-03
7.008213873714408404e-02 8.945696115493774414e+00 1.998460347657272408e-03
6.792207281716361456e-02 9.237200021743774414e+00 4.471556817078782900e-03
7.056215338602861431e-02 9.508030652999877930e+00 2.080063478499705187e-03
7.032214606158634917e-02 9.776539087295532227e+00 1.760053712576673587e-03
6.904210699789423145e-02 1.004634690284729004e+01 2.271280444630952369e-03
7.056215338602862819e-02 1.031573724746704102e+01 2.367856035143335938e-03
6.976212897122105461e-02 1.058396458625793457e+01 2.731822741248146700e-03
7.008213873714408404e-02 1.085653829574584961e+01 2.152645541060265507e-03
7.064215582750937861e-02 1.112525749206542969e+01 2.313163759323889814e-03
7.040214850306711347e-02 1.139747285842895508e+01 2.332451938722380352e-03
7.032214606158634917e-02 1.166659760475158691e+01 2.694075535137853070e-03
7.056215338602861431e-02 1.194022893905639648e+01 2.080063478499705621e-03
7.008213873714407016e-02 1.220883059501647949e+01 2.798942326466857897e-03
7.064215582750939249e-02 1.247954535484313965e+01 2.170411830312678550e-03
7.088216315195165762e-02 1.274853754043579102e+01 1.608029172535239753e-03
7.048215094454786389e-02 1.302252745628356934e+01 2.351581917656736780e-03
7.008213873714408404e-02 1.329311609268188477e+01 2.560078127384256708e-03
6.216189703054902926e-02 1.357316231727600098e+01 8.018623597500622660e-03
6.272191412091433771e-02 1.384817719459533691e+01 8.614297946645180573e-03
6.448196783349101346e-02 1.411741662025451660e+01 2.609600667540264065e-03
6.472197515793329248e-02 1.438588285446166992e+01 2.324205176526487199e-03
6.456197027497177776e-02 1.465515208244323730e+01 1.920058595538196543e-03
6.400195318460646932e-02 1.492324423789978027e+01 3.666172438668492250e-03
6.440196539201024917e-02 1.519321036338806152e+01 2.332451938722385557e-03
6.480197759941405677e-02 1.546301269531250000e+01 1.959651598047286360e-03
6.600201422162542408e-02 1.574009013175964355e+01 3.098481235109093804e-03
7.024214362010558488e-02 1.601146483421325684e+01 2.140719435214148703e-03
7.056215338602862819e-02 1.628079009056091309e+01 2.080063478499705621e-03
7.072215826899012903e-02 1.654800963401794434e+01 1.778143126293199464e-03
7.064215582750939249e-02 1.681894683837890625e+01 1.670500021040586050e-03
6.872209723197120201e-02 1.708708119392395020e+01 3.435450530203370840e-03
7.064215582750937861e-02 1.735598707199096680e+01 2.017584805868891367e-03
7.008213873714408404e-02 1.762572312355041504e+01 1.741776439364740988e-03
7.008213873714408404e-02 1.789390969276428223e+01 1.831339590810567540e-03
7.000213629566333362e-02 1.816307187080383301e+01 2.771365867484574651e-03
7.000213629566331974e-02 1.843099164962768555e+01 2.713014787890847754e-03
7.040214850306709959e-02 1.870080161094665527e+01 2.332451938722378618e-03
7.064215582750937861e-02 1.896796965599060059e+01 1.571798583837156040e-03
6.976212897122105461e-02 1.923870539665222168e+01 2.789780461209205326e-03
7.008213873714408404e-02 1.950799679756164551e+01 2.496794041599578913e-03
6.944211920529802518e-02 1.977774643898010254e+01 2.299287426795661431e-03
6.968212652974029031e-02 2.004539155960083008e+01 2.572548138468956375e-03
6.968212652974029031e-02 2.031466555595397949e+01 2.634012804996248725e-03
7.088216315195167150e-02 2.058294486999511719e+01 2.045936333428997455e-03
6.280191656239508813e-02 2.085504627227783203e+01 9.732717067430627159e-03
6.232190191351055092e-02 2.112561178207397461e+01 9.392709120455460664e-03
6.392195074312571890e-02 2.139530968666076660e+01 3.643406399694870592e-03
6.504198492385632191e-02 2.166271042823791504e+01 2.125717712650197159e-03
6.480197759941404290e-02 2.193192553520202637e+01 1.959651598047286360e-03
6.424196050904874833e-02 2.220041179656982422e+01 3.165914046014739903e-03
6.440196539201026305e-02 2.247014641761779785e+01 1.600048829615163641e-03
6.408195562608723361e-02 2.273764061927795410e+01 2.431863679161127764e-03
6.464197271645252818e-02 2.300692439079284668e+01 2.575034894137532594e-03
6.880209967345195243e-02 2.328129482269287109e+01 2.939477397070922818e-03
7.008213873714408404e-02 2.355066514015197754e+01 2.496794041599580648e-03
7.024214362010558488e-02 2.381939792633056641e+01 1.631736040981798417e-03
7.080216071047089332e-02 2.408887887001037598e+01 1.496708630632139847e-03
6.880209967345195243e-02 2.436737775802612305e+01 3.878262241103993483e-03
7.008213873714408404e-02 2.463577437400817871e+01 1.831339590810568191e-03
7.048215094454786389e-02 2.490574669837951660e+01 2.282524475948948840e-03
7.168218756675923120e-02 2.517562794685363770e+01 2.092335345906901067e-03
7.352224372081667125e-02 2.544575428962707520e+01 2.061518708834269957e-03
7.336223883785515654e-02 2.571721625328063965e+01 1.852190428812546105e-03
7.328223639637440612e-02 2.598814535140991211e+01 1.949828721162955546e-03
7.368224860377819985e-02 2.625511622428894043e+01 1.760053712576674237e-03
7.312223151341287752e-02 2.652672147750854492e+01 2.122704645632311066e-03
7.304222907193212710e-02 2.679670310020446777e+01 2.537477682017990049e-03
7.336223883785515654e-02 2.706529545783996582e+01 1.670500021040584315e-03
