-8.320253913998841566e-03 2.879321575164794922e-01 3.906217005317417969e-03
-5.520168462172308013e-03 5.604755878448486328e-01 2.061518708834273426e-03
-5.040153813287759528e-03 8.306889533996582031e-01 1.148251049393693001e-03
-5.200158696249275112e-03 1.100976228713989258e+00 1.788908975169240141e-03
-5.280161137730034204e-03 1.371364831924438477e+00 1.949828721162959015e-03
-5.360163579210791562e-03 1.642221212387084961e+00 1.571798583837159076e-03
-5.680173345133824464e-03 1.911605358123779297e+00 1.933346356823618679e-03
-5.840178228095339180e-03 2.183681011199951172e+00 2.033384458311278311e-03
-5.200158696249275979e-03 2.454679727554321289e+00 2.332451938722383388e-03
-5.280161137730034204e-03 2.723238945007324219e+00 1.685756045648261056e-03
-5.680173345133824464e-03 2.993029832839965820e+00 2.240068361461226409e-03
-5.120156254768517753e-03 3.260709285736083984e+00 1.704634081516758631e-03
-6.160187994018372082e-03 3.530546903610229492e+00 2.935119385190206043e-03
-5.360163579210791562e-03 3.797386646270751953e+00 1.571798583837159076e-03
-6.320192876979890267e-03 4.067467689514160156e+00 1.567721278437827050e-03
-5.440166020691550655e-03 4.335394859313964844e+00 1.920058595538193941e-03
-6.640202642902921434e-03 4.604758501052856445e+00 2.095392082884999386e-03
-7.360224616229743728e-03 4.872556209564208984e+00 1.670500021040588218e-03
-7.680234382152777498e-03 5.145688295364379883e+00 2.240068361461226409e-03
-1.048031983397931105e-02 5.416008710861206055e+00 2.729478834560691413e-03
-8.880271004364148277e-03 5.685981273651123047e+00 2.337933619464276254e-03
-9.680295419171727062e-03 5.954378843307495117e+00 2.310395160175784772e-03
-9.680295419171728796e-03 6.224793434143066406e+00 2.092335345906905838e-03
-9.520290536210212345e-03 6.492038249969482422e+00 1.813780799998007155e-03
-9.920302743614000870e-03 6.763109207153320312e+00 1.647351095723683127e-03
-9.760297860652487889e-03 7.031957149505615234e+00 2.354302082727685770e-03
-9.600292977690969703e-03 7.301032781600952148e+00 1.264949667267646757e-03
-9.200280770287179444e-03 7.577275037765502930e+00 2.529899334535293948e-03
-5.520168462172308013e-03 7.848977327346801758e+00 1.982382368447021571e-03
-6.000183111056857366e-03 8.118828773498535156e+00 2.116665644360838771e-03
-1.144034913174840629e-02 8.392126798629760742e+00 6.337890159566366734e-03
-1.120034180730613074e-02 8.662798166275024414e+00 6.273946322190289068e-03
-9.040275887325664728e-03 8.932918548583984375e+00 1.708384656087219350e-03
-9.120278328806422086e-03 9.202171325683593750e+00 1.796050356758570809e-03
-9.040275887325664728e-03 9.472961425781250000e+00 1.886429748875493966e-03
-9.680295419171728796e-03 9.744993448257446289e+00 1.666664195034752664e-03
-1.048031983397931105e-02 1.002617692947387695e+01 3.061073651707751225e-03
-8.960273445844905635e-03 1.029613351821899414e+01 1.509483046895868531e-03
-9.200280770287179444e-03 1.056706595420837402e+01 1.959651598047283758e-03
-9.200280770287179444e-03 1.083639645576477051e+01 1.496708630632142016e-03
-8.880271004364148277e-03 1.110319995880126953e+01 1.704634081516758631e-03
-6.320192876979888533e-03 1.137220311164855957e+01 2.752828095100097634e-03
-5.040153813287759528e-03 1.164018511772155762e+01 1.509483046895868964e-03
-5.280161137730034204e-03 1.190879011154174805e+01 1.588003121311654239e-03
-5.360163579210791562e-03 1.217641091346740723e+01 1.571798583837159076e-03
-5.280161137730034204e-03 1.244534873962402344e+01 1.588003121311654239e-03
-5.680173345133823597e-03 1.271268033981323242e+01 2.092335345906905838e-03
-5.120156254768517753e-03 1.298209476470947266e+01 1.966172919226791011e-03
-6.240190435499132042e-03 1.325023603439331055e+01 1.530536825853875613e-03
-5.120156254768517753e-03 1.352043747901916504e+01 1.394890230604603964e-03
-6.000183111056855631e-03 1.378807854652404785e+01 2.262810755300959445e-03
-5.200158696249275112e-03 1.405757713317871094e+01 2.262810755300959011e-03
-5.120156254768517753e-03 1.432586574554443359e+01 1.796050356758570592e-03
-5.120156254768517753e-03 1.459454202651977539e+01 1.505236953964481919e-03
-4.960151371807001303e-03 1.486240482330322266e+01 1.612004528842937755e-03
-5.760175786614581822e-03 1.513244080543518066e+01 1.530536825853875613e-03
-5.120156254768517753e-03 1.539924311637878418e+01 1.966172919226791011e-03
-7.840239265114292214e-03 1.567049646377563477e+01 2.823984196313981433e-03
-1.264038575395977707e-02 1.593939137458801270e+01 6.781829189809408277e-03
-9.200280770287179444e-03 1.620873427391052246e+01 2.465840852678455580e-03
-8.880271004364146542e-03 1.647648286819458008e+01 1.608029172535242572e-03
-8.960273445844905635e-03 1.675281596183776855e+01 2.271280444630955405e-03
-8.480258796960356282e-03 1.702159619331359863e+01 1.723305329388063979e-03
-9.920302743614002605e-03 1.729121994972229004e+01 2.560078127384258443e-03
-9.040275887325664728e-03 1.756167483329772949e+01 2.835293749765611590e-03
-9.760297860652487889e-03 1.782968902587890625e+01 2.486519125408877696e-03
-5.760175786614582689e-03 1.810130429267883301e+01 2.354302082727685336e-03
-5.120156254768517753e-03 1.837002468109130859e+01 2.045936333429001792e-03
-5.200158696249275979e-03 1.863941144943237305e+01 1.788908975169240141e-03
-5.040153813287758661e-03 1.890732812881469727e+01 1.799610420423918868e-03
-5.360163579210792430e-03 1.917653012275695801e+01 1.763686438242555296e-03
-4.880148930326243945e-03 1.944412565231323242e+01 1.275029106841117990e-03
-5.280161137730034204e-03 1.971379685401916504e+01 1.778143126293203801e-03
-5.280161137730034204e-03 1.998102021217346191e+01 1.371756118633098804e-03
-5.040153813287758661e-03 2.025185298919677734e+01 1.612004528842937755e-03
-4.640141605883969268e-03 2.051931238174438477e+01 1.852190428812550008e-03
-5.280161137730032470e-03 2.078810882568359375e+01 1.685756045648261273e-03
-5.200158696249275112e-03 2.105600786209106445e+01 2.116665644360838771e-03
-5.280161137730032470e-03 2.132781267166137695e+01 2.522298217702424739e-03
-5.680173345133824464e-03 2.159611511230468750e+01 2.634012804996251327e-03
-4.960151371807001303e-03 2.186483550071716309e+01 1.708384656087219566e-03
-5.440166020691550655e-03 2.213330340385437012e+01 1.651231786839080836e-03
-5.120156254768517753e-03 2.240356826782226562e+01 1.505236953964481702e-03
-6.000183111056855631e-03 2.267054986953735352e+01 1.496708630632142449e-03
-8.240251472518082473e-03 2.294183778762817383e+01 6.127372317000699849e-03
-1.272038819544053442e-02 2.321085357666015625e+01 8.577067683613503329e-03
-1.304039796136356733e-02 2.348005533218383789e+01 6.977203682691327478e-03
-8.800268562883389184e-03 2.374820780754089355e+01 2.190957092724910103e-03
-9.280283211767938537e-03 2.401852560043334961e+01 2.458041652796128136e-03
-8.880271004364148277e-03 2.428624773025512695e+01 1.796050356758570592e-03
-9.200280770287179444e-03 2.455532693862915039e+01 1.788908975169239924e-03
-8.640263679921872733e-03 2.482718229293823242e+01 1.466468975467395295e-03
-9.920302743614002605e-03 2.510251617431640625e+01 2.560078127384258877e-03
-8.000244148075808664e-03 2.538054704666137695e+01 3.200097659230322945e-03
-5.440166020691550655e-03 2.564952325820922852e+01 2.299287426795665334e-03
-5.040153813287758661e-03 2.592407345771789551e+01 1.799610420423918651e-03
-5.280161137730034204e-03 2.619209551811218262e+01 2.458041652796128570e-03
-4.960151371807001303e-03 2.646117401123046875e+01 1.612004528842937755e-03
-4.560139164403211043e-03 2.672808599472045898e+01 1.745447205163161214e-03
-5.520168462172308013e-03 2.699818944931030273e+01 1.723305329388064196e-03
