2.817605986510819172e+00 2.802057266235351562e-01 3.610885181536632044e-02
2.840806694540238375e+00 5.533411502838134766e-01 2.060649210349423457e-02
2.848726936246833930e+00 8.309557437896728516e-01 2.939324975772647161e-02
2.914248935819574449e+00 1.102231502532958984e+00 2.048999816033416146e-02
2.917609038361766771e+00 1.374643802642822266e+00 1.822827144395709059e-02
2.887128108157597683e+00 1.666689872741699219e+00 4.565441506796930754e-02
2.919369092074342475e+00 1.942535638809204102e+00 1.286124783116495904e-02
2.918809074983977681e+00 2.221481800079345703e+00 1.923289309528678284e-02
2.914888955351420563e+00 2.494143962860107422e+00 1.703695147773517243e-02
2.918089053010651135e+00 2.763701200485229492e+00 1.661856962076957087e-02
2.918169055452131122e+00 3.035458803176879883e+00 1.576352645569054078e-02
2.914648948026977937e+00 3.303375005722045898e+00 1.934603947150876496e-02
2.917049021271401088e+00 3.573786973953247070e+00 2.452906689572145055e-02
2.923769226355784845e+00 3.841737270355224609e+00 8.288654484335538156e-03
2.920969140903958206e+00 4.113330602645874023e+00 9.734032210611800670e-03
2.915848984649189735e+00 4.383473634719848633e+00 2.388927022877071829e-02
2.917369031037324145e+00 4.655968189239501953e+00 1.703582440948624849e-02
2.920729133579516024e+00 4.926913738250732422e+00 1.388820263439068288e-02
2.925609282509842757e+00 5.206912279129028320e+00 8.280929014780813099e-03
2.920889138462478218e+00 5.476782321929931641e+00 1.731641711264280542e-02
2.914488943144016631e+00 5.751432418823242188e+00 1.834831185192791966e-02
2.825126216010009905e+00 6.025499582290649414e+00 1.020746507703633732e-01
2.808645713064974014e+00 6.296231031417846680e+00 1.149664868874422374e-01
2.852887063203833229e+00 6.564274787902832031e+00 1.008792402934451278e-02
2.848326924039429997e+00 6.835651874542236328e+00 1.893473744871273720e-02
2.839126643269142214e+00 7.104960203170776367e+00 2.857845776761953893e-02
2.847046884975738212e+00 7.375435352325439453e+00 1.750134550843924011e-02
2.848326924039429997e+00 7.646996498107910156e+00 1.656379018515346038e-02
2.843286770226141957e+00 7.919043779373168945e+00 2.352942393279750313e-02
2.855527143772698562e+00 8.196315288543701172e+00 2.006068199393672841e-02
2.918249057893612441e+00 8.470823287963867188e+00 1.610932149428701693e-02
2.910968835718864334e+00 8.741415739059448242e+00 2.269222397171413372e-02
2.917049021271400200e+00 9.011568307876586914e+00 1.820930085547359245e-02
2.917609038361766327e+00 9.279459953308105469e+00 1.397503202418177125e-02
2.919689101840265977e+00 9.553770780563354492e+00 1.620913433500724074e-02
2.913128901638843971e+00 9.823406457901000977e+00 2.359814374637552933e-02
2.917929048127689384e+00 1.009470391273498535e+01 1.944009943132024576e-02
2.920489126255073398e+00 1.036955690383911133e+01 1.715861211090734598e-02
2.916809013946958462e+00 1.064411568641662598e+01 1.990341122648441041e-02
2.926969324015014973e+00 1.091682004928588867e+01 9.433505790459503423e-03
2.915448972441785802e+00 1.118790102005004883e+01 2.125506936988159554e-02
2.914008928495132267e+00 1.146067285537719727e+01 2.537149756157932451e-02
2.922969201940977868e+00 1.173809123039245605e+01 1.121576023705947445e-02
2.919289089632862488e+00 1.201630473136901855e+01 2.107574697646607750e-02
2.908088747825556375e+00 1.228511953353881836e+01 2.472321391719211822e-02
2.915288967558824496e+00 1.255956840515136719e+01 1.584977390164048205e-02
2.914168933378093573e+00 1.283222699165344238e+01 2.210935175348841680e-02
2.913208904080324846e+00 1.310529184341430664e+01 2.460696154301095923e-02
2.850086977752006145e+00 1.337526679039001465e+01 7.123811999724051491e-02
2.774324665669729129e+00 1.364535546302795410e+01 1.350908444207084558e-01
2.835366528519547291e+00 1.391332626342773438e+01 6.733497107056500564e-02
2.848326924039429997e+00 1.418444871902465820e+01 2.274321811431182991e-02
2.833926484572893312e+00 1.445348143577575684e+01 2.797180999738433510e-02
2.854487112033448071e+00 1.472450137138366699e+01 1.410858423066015284e-02
2.846486867885372529e+00 1.499389576911926270e+01 3.678372713449896969e-02
2.849286953337198725e+00 1.526633405685424805e+01 1.541993879310388921e-02
2.849286953337199169e+00 1.553553509712219238e+01 1.544067846460637529e-02
2.884088015381328862e+00 1.582046842575073242e+01 3.754578590327803389e-02
2.913608916287728778e+00 1.608994030952453613e+01 2.430073336907508097e-02
2.918409062776574192e+00 1.635918378829956055e+01 1.863971044995635026e-02
2.914968957792901438e+00 1.663648247718811035e+01 2.895646345429857965e-02
2.916729011505478475e+00 1.692366003990173340e+01 2.387855106181684811e-02
2.919529096957304670e+00 1.719120621681213379e+01 1.438398511963244475e-02
2.905128657490767985e+00 1.746295452117919922e+01 2.658272990717926165e-02
2.913928926053651391e+00 1.773761129379272461e+01 2.422581722852131317e-02
2.921529157994323000e+00 1.800884199142456055e+01 1.080062590117674380e-02
2.922089175084689128e+00 1.827976107597351074e+01 1.574849635399140982e-02
2.921369153111361250e+00 1.854842591285705566e+01 1.129820299789484339e-02
2.924409245887630959e+00 1.881870365142822266e+01 1.520762030989400264e-02
2.926089297158727121e+00 1.908670330047607422e+01 6.811962430966191084e-03
2.922009172643208252e+00 1.935877084732055664e+01 1.375809408575895572e-02
2.917609038361766327e+00 1.962761068344116211e+01 1.904394222287683278e-02
2.923369214148381356e+00 1.989666128158569336e+01 1.456483942471335086e-02
2.920249118930631216e+00 2.016647076606750488e+01 1.600968593336095716e-02
2.919129084749901182e+00 2.043742823600769043e+01 1.963012784077981451e-02
2.888568152104251219e+00 2.070722103118896484e+01 7.757201085684593822e-02
2.825926240424817770e+00 2.097714996337890625e+01 9.589773560237283001e-02
2.853767090060121081e+00 2.124606537818908691e+01 2.242695472595968367e-02
2.836966577349161689e+00 2.151838397979736328e+01 4.207200534621111793e-02
2.843126765343180651e+00 2.178765463829040527e+01 2.304931291173496419e-02
2.853607085177159775e+00 2.206463432312011719e+01 9.851676187769518866e-03
2.851127009491256636e+00 2.233674693107604980e+01 1.171865101595230205e-02
2.834726508987701177e+00 2.260899114608764648e+01 2.510037556138832934e-02
2.838886635944700032e+00 2.287820672988891602e+01 2.242210259985418300e-02
2.848486928922391748e+00 2.315689539909362793e+01 2.887855433998628638e-02
2.919449094515823795e+00 2.342613077163696289e+01 1.519751613715358482e-02
2.920249118930630772e+00 2.369685673713684082e+01 1.807524109815855304e-02
2.917529035920285452e+00 2.396571016311645508e+01 2.021166329554779928e-02
2.928489370403149827e+00 2.423549056053161621e+01 8.371635296616724772e-03
2.916248996856593223e+00 2.450350522994995117e+01 2.243580001916822483e-02
2.910168811304055581e+00 2.477310538291931152e+01 2.591437029552834392e-02
2.923209209265419162e+00 2.504315996170043945e+01 9.034964430440196870e-03
2.904488637958921871e+00 2.531124973297119141e+01 2.730064999892164307e-02
2.922809197058015673e+00 2.558486676216125488e+01 1.744420169354807260e-02
2.919049082308420306e+00 2.585533046722412109e+01 2.096247170487571324e-02
2.920729133579516024e+00 2.612491941452026367e+01 1.354996701035532554e-02
2.917609038361766771e+00 2.639246368408203125e+01 2.260886548023001777e-02
2.921449155552842125e+00 2.666549587249755859e+01 9.793684402421332785e-03
2.922569189733573047e+00 2.693435549736022949e+01 1.604323250822169145e-02
2.918889077425458112e+00 2.720433759689331055e+01 1.293716411395348653e-02
