3.220578284249397072e+00 2.801821231842041016e-01 8.541923280435338890e-04
3.220338276924955334e+00 5.517923831939697266e-01 6.499429070542619199e-04
3.220258274483474459e+00 8.239433765411376953e-01 5.426029575781220410e-04
3.220258274483474459e+00 1.104898929595947266e+00 5.426029575781220410e-04
3.220098269600512708e+00 1.374401092529296875e+00 0.000000000000000000e+00
3.220178272041993583e+00 1.644881963729858398e+00 3.919303196094219054e-04
3.220098269600512708e+00 1.913705348968505859e+00 0.000000000000000000e+00
3.220258274483474459e+00 2.184314489364624023e+00 5.426029575781219326e-04
3.220178272041993583e+00 2.454570770263671875e+00 3.919303196094219054e-04
3.220178272041993583e+00 2.722599029541015625e+00 3.919303196094219054e-04
3.220098269600512708e+00 2.991808891296386719e+00 0.000000000000000000e+00
3.220258274483474459e+00 3.259153842926025391e+00 5.426029575781219326e-04
3.220178272041993583e+00 3.528116464614868164e+00 3.919303196094219054e-04
3.220258274483474459e+00 3.795622587203979492e+00 5.426029575781219326e-04
3.220098269600512708e+00 4.064759254455566406e+00 0.000000000000000000e+00
3.220178272041993583e+00 4.332595348358154297e+00 3.919303196094219054e-04
3.220098269600512708e+00 4.601155757904052734e+00 0.000000000000000000e+00
3.220178272041993583e+00 4.868917703628540039e+00 3.919303196094219054e-04
3.220098269600512708e+00 5.142550706863403320e+00 0.000000000000000000e+00
3.220178272041993583e+00 5.410105466842651367e+00 3.919303196094219054e-04
3.220098269600512708e+00 5.680334091186523438e+00 0.000000000000000000e+00
3.220098269600512708e+00 5.949874162673950195e+00 0.000000000000000000e+00
3.220578284249397072e+00 6.221616506576538086e+00 8.541923280435338890e-04
3.220578284249397072e+00 6.491889238357543945e+00 8.541923280435338890e-04
3.220498281807916197e+00 6.764421463012695312e+00 8.000244148075096127e-04
3.220178272041993583e+00 7.036162376403808594e+00 3.919303196094219054e-04
3.220258274483474459e+00 7.308084011077880859e+00 5.426029575781219326e-04
3.220258274483474459e+00 7.578854084014892578e+00 5.426029575781219326e-04
3.220178272041993583e+00 7.850709438323974609e+00 3.919303196094219054e-04
3.220338276924955334e+00 8.119690895080566406e+00 6.499429070542619199e-04
3.220258274483474459e+00 8.389532566070556641e+00 5.426029575781219326e-04
3.220258274483474459e+00 8.669280767440795898e+00 5.426029575781219326e-04
3.220258274483474459e+00 8.948961734771728516e+00 5.426029575781219326e-04
3.220178272041993583e+00 9.216688632965087891e+00 3.919303196094219054e-04
3.220098269600512708e+00 9.486657142639160156e+00 0.000000000000000000e+00
3.220178272041993583e+00 9.754659891128540039e+00 3.919303196094219054e-04
3.220098269600512708e+00 1.002370166778564453e+01 0.000000000000000000e+00
3.220098269600512708e+00 1.029605317115783691e+01 0.000000000000000000e+00
3.220178272041993583e+00 1.056934881210327148e+01 3.919303196094219054e-04
3.220098269600512708e+00 1.084038782119750977e+01 0.000000000000000000e+00
3.220178272041993583e+00 1.110955309867858887e+01 3.919303196094219054e-04
3.220258274483474459e+00 1.138215684890747070e+01 5.426029575781219326e-04
3.220098269600512708e+00 1.165323352813720703e+01 0.000000000000000000e+00
3.220098269600512708e+00 1.192706990242004395e+01 0.000000000000000000e+00
3.220178272041993583e+00 1.219738554954528809e+01 3.919303196094219054e-04
3.220258274483474459e+00 1.246821689605712891e+01 5.426029575781220410e-04
3.220098269600512708e+00 1.273489451408386230e+01 0.000000000000000000e+00
3.220178272041993583e+00 1.300408124923706055e+01 3.919303196094219054e-04
3.220178272041993583e+00 1.327278327941894531e+01 3.919303196094219054e-04
3.220098269600512708e+00 1.354263019561767578e+01 0.000000000000000000e+00
3.220738289132358823e+00 1.381101369857788086e+01 9.329807754888703054e-04
3.220098269600512708e+00 1.408260965347290039e+01 0.000000000000000000e+00
3.220258274483474459e+00 1.435838580131530762e+01 5.426029575781219326e-04
3.220258274483474459e+00 1.463309597969055176e+01 5.426029575781219326e-04
3.220258274483474459e+00 1.490410852432250977e+01 5.426029575781219326e-04
3.220098269600512708e+00 1.517805075645446777e+01 0.000000000000000000e+00
3.220178272041993583e+00 1.544517064094543457e+01 3.919303196094219054e-04
3.220178272041993583e+00 1.571631908416748047e+01 3.919303196094219054e-04
3.220338276924955334e+00 1.599336838722229004e+01 6.499429070542619199e-04
3.220098269600512708e+00 1.626534175872802734e+01 0.000000000000000000e+00
3.220338276924955334e+00 1.654830074310302734e+01 6.499429070542619199e-04
3.220258274483474459e+00 1.683603763580322266e+01 5.426029575781219326e-04
3.220258274483474459e+00 1.713686561584472656e+01 5.426029575781219326e-04
3.220338276924955334e+00 1.741440510749816895e+01 6.499429070542619199e-04
3.220418279366435765e+00 1.771577739715576172e+01 7.332344877336325955e-04
3.220578284249397072e+00 1.800656485557556152e+01 8.541923280435338890e-04
3.220578284249397072e+00 1.829427504539489746e+01 8.541923280435338890e-04
3.220338276924955334e+00 1.856718993186950684e+01 6.499429070542619199e-04
3.220578284249397072e+00 1.886065435409545898e+01 8.541923280435338890e-04
3.220338276924954890e+00 1.914810776710510254e+01 6.499429070542619199e-04
3.220498281807916641e+00 1.944209527969360352e+01 8.000244148075097211e-04
3.220418279366435765e+00 1.972324419021606445e+01 7.332344877336325955e-04
3.220098269600512708e+00 1.999718165397644043e+01 0.000000000000000000e+00
3.220258274483474459e+00 2.027215123176574707e+01 5.426029575781219326e-04
3.220258274483474459e+00 2.054749107360839844e+01 5.426029575781219326e-04
3.220258274483474459e+00 2.081544303894042969e+01 5.426029575781219326e-04
3.220658286690877947e+00 2.109800672531127930e+01 8.980251783792056073e-04
3.220418279366435765e+00 2.137492823600769043e+01 1.223802030736242073e-03
3.221298306222724506e+00 2.164896631240844727e+01 9.798257990235547093e-04
3.220498281807916197e+00 2.191934847831726074e+01 8.000244148075096127e-04
3.220658286690877947e+00 2.220583653450012207e+01 8.980251783792056073e-04
3.221458311105685812e+00 2.249862670898437500e+01 9.329807754888703054e-04
3.220978296456801004e+00 2.276886177062988281e+01 9.928041896586010159e-04
3.220418279366435765e+00 2.303765273094177246e+01 7.332344877336325955e-04
3.220658286690877947e+00 2.330840826034545898e+01 8.980251783792056073e-04
3.220338276924955334e+00 2.358496403694152832e+01 6.499429070542619199e-04
3.220418279366436209e+00 2.385986447334289551e+01 7.332344877336325955e-04
3.220338276924955334e+00 2.416404485702514648e+01 6.499429070542619199e-04
3.220338276924955334e+00 2.446812129020690918e+01 6.499429070542619199e-04
3.220258274483474459e+00 2.476867127418518066e+01 5.426029575781219326e-04
3.220418279366435765e+00 2.504481434822082520e+01 7.332344877336325955e-04
3.220258274483474459e+00 2.532131862640380859e+01 5.426029575781219326e-04
3.220338276924955334e+00 2.559966611862182617e+01 6.499429070542619199e-04
3.220178272041993583e+00 2.587171030044555664e+01 3.919303196094219054e-04
3.220338276924955334e+00 2.614710569381713867e+01 6.499429070542619199e-04
3.220498281807916197e+00 2.642723655700683594e+01 8.000244148075096127e-04
3.220178272041993583e+00 2.670016479492187500e+01 3.919303196094219054e-04
3.220178272041993583e+00 2.697315001487731934e+01 3.919303196094219054e-04
3.220258274483474459e+00 2.725114989280700684e+01 5.426029575781219326e-04
3.220338276924955334e+00 2.752979826927185059e+01 6.499429070542619199e-04
