3.115295071260719695e+00 2.913720607757568359e-01 2.741178325965604873e-02
3.138975793939024594e+00 5.663223266601562500e-01 1.928440556288998214e-02
3.136975732902004488e+00 8.445134162902832031e-01 1.544150747206794218e-02
3.126575415509506684e+00 1.130511999130249023e+00 2.231680975151308435e-02
3.123295315408795236e+00 1.405379295349121094e+00 1.738097921131138285e-02
3.129455503402813754e+00 1.685774803161621094e+00 2.504932528164366401e-02
3.134095645008697417e+00 1.962440967559814453e+00 1.803163455315157093e-02
3.127615447248756286e+00 2.245289802551269531e+00 2.493767343648960882e-02
3.139375806146427195e+00 2.529749631881713867e+00 1.219715868975859707e-02
3.138895791497543719e+00 2.803276062011718750e+00 1.879631781725071143e-02
3.072173755302591402e+00 3.154413938522338867e+00 3.528044174728903887e-02
3.080013994567705193e+00 3.497945070266723633e+00 4.535679840991582029e-02
3.150656150395215072e+00 3.770058631896972656e+00 1.721001096426189036e-02
3.147776062501907113e+00 4.040327072143554688e+00 1.913112486297057629e-02
3.058413335367900387e+00 4.336184263229370117e+00 7.606477985845450096e-02
3.085214153263954540e+00 4.609992980957031250e+00 3.982916547457278356e-02
3.092654380321665286e+00 4.879689931869506836e+00 4.330682242466156462e-02
3.091214336375011307e+00 5.153948545455932617e+00 2.040517122893240401e-02
3.073373791924802756e+00 5.438580989837646484e+00 3.078732615650436530e-02
3.093454404736472707e+00 5.710205078125000000e+00 1.831094929865790047e-02
3.100094607379375589e+00 5.980900287628173828e+00 1.554396174624735581e-02
3.076013872493667645e+00 6.273463964462280273e+00 4.567670018097681750e-02
3.073453794366282743e+00 6.588822126388549805e+00 5.227386708011482613e-02
3.149136104007080661e+00 6.858382463455200195e+00 1.809470595857471178e-02
3.146656028321177079e+00 7.130121946334838867e+00 1.840508286221984730e-02
3.154496267586290870e+00 7.398321628570556641e+00 1.217247071808850133e-02
3.127855454573198912e+00 7.680089950561523438e+00 2.733766657574810549e-02
3.129935518051698118e+00 7.953746318817138672e+00 2.505060280655972693e-02
3.088654258247626849e+00 8.266591310501098633e+00 2.083537606437959461e-02
3.107614836878567655e+00 8.599242687225341797e+00 3.418773079423773759e-02
3.086254185003204586e+00 8.946428537368774414e+00 2.206907624620375180e-02
3.075853867610705894e+00 9.308025121688842773e+00 3.261667259389423867e-02
3.107374829554124585e+00 9.610208511352539062e+00 3.406864307164012007e-02
3.148816094241157604e+00 9.877771139144897461e+00 1.529365475134980383e-02
3.132415593737601256e+00 1.016308259963989258e+01 3.522688375948904160e-02
3.142895913571580824e+00 1.043120980262756348e+01 2.098444367216555431e-02
3.141215862300485551e+00 1.070261454582214355e+01 1.812969004353277500e-02
3.092174365672780922e+00 1.103977322578430176e+01 4.245967067633916320e-02
3.069213664967803012e+00 1.136942243576049805e+01 2.720718249675785003e-02
3.081774048280281786e+00 1.164307451248168945e+01 9.664195589585015955e-02
3.106094790490433244e+00 1.191372489929199219e+01 1.751852537533325413e-02
3.072333760185553153e+00 1.218489170074462891e+01 6.834315970083264247e-02
3.101854661091952625e+00 1.245245552062988281e+01 1.521435269705795519e-02
3.102414678182317420e+00 1.272316837310791016e+01 8.073510903387225157e-03
3.069293667409283444e+00 1.301342940330505371e+01 3.766492514256226248e-02
3.102494680623798295e+00 1.328265261650085449e+01 1.231621931585774078e-02
3.096334492629780666e+00 1.355042648315429688e+01 1.740232408785128554e-02
3.098814568315683360e+00 1.382005500793457031e+01 9.463987883365710535e-03
3.133455625476851747e+00 1.409917259216308594e+01 3.113791221208704260e-02
3.136735725577562306e+00 1.439584612846374512e+01 3.060927285397257308e-02
3.124335347148045283e+00 1.469214034080505371e+01 3.042365680208482942e-02
3.132495596179082131e+00 1.497677087783813477e+01 3.646040505159827555e-02
3.120095217749565109e+00 1.526409673690795898e+01 2.940565890867556306e-02
3.118415166478468947e+00 1.556598377227783203e+01 3.654667044915600738e-02
3.102654685506759602e+00 1.586449790000915527e+01 3.469524276540945223e-02
3.149696121097445456e+00 1.613581609725952148e+01 1.538877687753763615e-02
3.123855332499160919e+00 1.642158675193786621e+01 4.567613968252689366e-02
3.151776184575945106e+00 1.669302892684936523e+01 1.458460087302850157e-02
3.127455442365794980e+00 1.697842741012573242e+01 3.381331369271410592e-02
3.125935395977661013e+00 1.726405835151672363e+01 3.535039846253736767e-02
3.127055430158391047e+00 1.754849696159362793e+01 3.595270911452851104e-02
3.153056223639637334e+00 1.781794214248657227e+01 7.717644415406894713e-03
3.147936067384869308e+00 1.808629941940307617e+01 1.957952496732408287e-02
3.145455991698965281e+00 1.835548377037048340e+01 1.947135177951868704e-02
3.151376172368541617e+00 1.862892866134643555e+01 9.293377821602421748e-03
3.145455991698965281e+00 1.890680813789367676e+01 2.007822215816362429e-02
3.066733589281899874e+00 1.918208336830139160e+01 1.033638355262328640e-01
3.054893227942747203e+00 1.945166897773742676e+01 1.017447385656749387e-01
3.097694534134953326e+00 1.972307348251342773e+01 1.647351095723677966e-02
3.098734565874202485e+00 1.999117970466613770e+01 1.699670650617721504e-02
3.090814324167607818e+00 2.026211810111999512e+01 1.653052564521789031e-02
3.096094485305337596e+00 2.053147292137145996e+01 1.760053712576678184e-02
3.080173999450666500e+00 2.080807137489318848e+01 2.689605458094370197e-02
3.102974695272682659e+00 2.107695531845092773e+01 1.035529549703185018e-02
3.092574377880184411e+00 2.137009072303771973e+01 2.290418343126833511e-02
3.146336018555253577e+00 2.164096522331237793e+01 1.259015784895557363e-02
3.131455564439832528e+00 2.192199921607971191e+01 2.171679499630212867e-02
3.143935945310831315e+00 2.219134211540222168e+01 1.981510445034923018e-02
3.156496328623310532e+00 2.246049523353576660e+01 6.882070237750198549e-03
3.153376233405559947e+00 2.272940421104431152e+01 7.566048764707860967e-03
3.146896035645618817e+00 2.300082635879516602e+01 1.732565499919615226e-02
3.150176135746329820e+00 2.327022838592529297e+01 1.177803323113951056e-02
3.146816033204138385e+00 2.354174852371215820e+01 1.457582131476064385e-02
3.149456113773003274e+00 2.381215715408325195e+01 1.521855892663074444e-02
3.156656333506271395e+00 2.408354854583740234e+01 8.971695086486488127e-03
3.148416082033754115e+00 2.435106587409973145e+01 1.484557346137235952e-02
3.148656089358195409e+00 2.462283778190612793e+01 1.701364356083045343e-02
3.151696182134464674e+00 2.489486551284790039e+01 1.114305068066698441e-02
3.152416204107791664e+00 2.516708064079284668e+01 1.109527438260067556e-02
3.149536116214484149e+00 2.543681931495666504e+01 1.414844930537561760e-02
3.148736091799676284e+00 2.570810151100158691e+01 1.560273240469961520e-02
3.149136104007080217e+00 2.597869777679443359e+01 1.573955273263493576e-02
3.151136165044098991e+00 2.624779605865478516e+01 1.623990445878917277e-02
3.089134272896512101e+00 2.652176332473754883e+01 8.802653766989305961e-02
3.097774536576433313e+00 2.679423904418945312e+01 5.683744162736800720e-02
3.084254123966185368e+00 2.706819033622741699e+01 5.112312507523712746e-02
3.101774658650471750e+00 2.733756446838378906e+01 1.667316908038001325e-02
3.104014727011932706e+00 2.760923790931701660e+01 8.717696857174103003e-03
3.100654624469740384e+00 2.787653088569641113e+01 7.869573041819210787e-03
3.098814568315683360e+00 2.814690375328063965e+01 2.011134720217156932e-02
