3.092494375438703980e+00 2.795126438140869141e-01 2.814903837769246533e-02
3.103054697714163535e+00 5.512077808380126953e-01 8.838731141234103250e-03
3.098494558549760303e+00 8.218512535095214844e-01 1.928374176220606917e-02
3.098094546342356814e+00 1.097249507904052734e+00 1.680051271095920132e-02
3.081694045838801355e+00 1.374748229980468750e+00 2.600387031617584430e-02
3.090894326609088250e+00 1.651404619216918945e+00 1.342277901915733124e-02
3.086254185003204586e+00 1.928335189819335938e+00 1.896513518452746030e-02
3.118735176244392004e+00 2.219547986984252930e+00 3.476066955493154614e-02
3.118495168919949823e+00 2.516535997390747070e+00 3.765217825569174698e-02
3.138975793939024594e+00 2.794877052307128906e+00 2.068554364862674327e-02
3.110014910122989917e+00 3.084300279617309570e+00 3.514411734443664143e-02
3.138815789056062400e+00 3.354519128799438477e+00 2.536140487563325399e-02
3.155776306649983098e+00 3.625749588012695312e+00 1.207586437516690661e-02
3.158576392101809738e+00 3.893497705459594727e+00 9.835420894731477376e-03
3.151456174810022492e+00 4.164598941802978516e+00 1.367924781686841174e-02
3.146016008789330964e+00 4.435704231262207031e+00 1.582431305024394746e-02
3.153216228522598641e+00 4.706131458282470703e+00 1.432334184703224281e-02
3.152416204107790776e+00 4.975509643554687500e+00 9.443677420259503560e-03
3.145615996581926588e+00 5.249475717544555664e+00 1.974521196696867043e-02
3.157536360362559691e+00 5.518212080001831055e+00 1.317638025327216161e-02
3.154336262703330007e+00 5.788516283035278320e+00 1.465726824203540668e-02
3.158496389660329751e+00 6.057549476623535156e+00 6.858780593165467350e-03
3.154976282235175677e+00 6.328169345855712891e+00 1.019960536047381273e-02
3.153856248054445199e+00 6.596137046813964844e+00 1.703995662861237242e-02
3.157856370128482748e+00 6.866548776626586914e+00 7.946461733543731115e-03
3.125295376445814011e+00 7.136620044708251953e+00 3.138503018860355070e-02
3.061853440351573585e+00 7.410257577896118164e+00 8.492197926990230350e-02
3.070013689382609989e+00 7.679805755615234375e+00 7.687830857278774022e-02
3.103214702597124841e+00 7.951426744461059570e+00 1.666740998066750315e-02
3.099214580523087736e+00 8.221423149108886719e+00 1.771001815537730575e-02
3.104334736777855763e+00 8.491988420486450195e+00 1.292875098489835312e-02
3.086654197210608519e+00 8.776926040649414062e+00 2.697945192646446916e-02
3.097294521927549393e+00 9.048178195953369141e+00 3.311656589469760131e-02
3.108734871059297689e+00 9.315793752670288086e+00 1.022530104897269483e-02
3.143215923337504769e+00 9.596444129943847656e+00 3.118084251934775258e-02
3.156896340830714021e+00 9.864541053771972656e+00 1.370589162982801569e-02
3.151696182134464230e+00 1.013341808319091797e+01 1.708384656087218526e-02
3.153216228522598641e+00 1.040392398834228516e+01 1.437908965573493451e-02
3.153376233405560392e+00 1.067143845558166504e+01 1.664627623503042719e-02
3.157536360362560135e+00 1.094073057174682617e+01 1.033116229476152906e-02
3.158416387218847987e+00 1.120866703987121582e+01 1.320258454880143470e-02
3.156576331064790519e+00 1.147812175750732422e+01 1.498076424959748215e-02
3.150656150395215072e+00 1.174667358398437500e+01 1.939560157422397929e-02
3.157456357921079260e+00 1.201572203636169434e+01 1.455209004955641816e-02
3.156896340830714465e+00 1.228421282768249512e+01 1.571798583837160854e-02
3.152576208990752971e+00 1.255431270599365234e+01 1.989858705363923078e-02
3.158656394543290169e+00 1.282165575027465820e+01 5.811063674736828034e-03
3.151456174810022492e+00 1.309200739860534668e+01 1.604762031913159817e-02
3.150816155278175934e+00 1.336044597625732422e+01 1.709208678025337172e-02
3.152016191900387287e+00 1.363006329536437988e+01 1.653633241763405662e-02
3.152016191900388176e+00 1.389802885055541992e+01 1.772266262187476710e-02
3.157376355479598384e+00 1.416771674156188965e+01 7.897177117441587721e-03
3.132175586413159074e+00 1.443904972076416016e+01 5.898920225243173970e-02
3.102014665974913932e+00 1.471125173568725586e+01 3.340271992562549030e-02
3.080574011658070432e+00 1.497863960266113281e+01 8.511387521794032407e-02
3.104334736777855763e+00 1.524831008911132812e+01 1.221603488163974273e-02
3.106654807580798039e+00 1.551962041854858398e+01 1.056092833717114585e-02
3.102974695272683547e+00 1.579029870033264160e+01 1.951534895445266454e-02
3.094494436475722310e+00 1.605899095535278320e+01 2.144453468115077935e-02
3.102334675740836989e+00 1.632887363433837891e+01 2.966742522779116167e-02
3.095454465773491926e+00 1.659611892700195312e+01 2.080617267836571901e-02
3.108174853968932450e+00 1.687193727493286133e+01 2.284262346514342665e-02
3.150576147953733752e+00 1.714316058158874512e+01 1.845509110436268155e-02
3.152016191900386843e+00 1.741178846359252930e+01 1.848281499591424362e-02
3.149296108890041523e+00 1.768759274482727051e+01 1.945721219821785336e-02
3.151616179692983799e+00 1.795702171325683594e+01 1.993875282940181515e-02
3.154496267586291758e+00 1.822908377647399902e+01 1.549240617554553494e-02
3.145215984374522655e+00 1.850272893905639648e+01 1.918457879465415225e-02
3.148256077150791921e+00 1.877268004417419434e+01 2.123398029641348356e-02
3.150976160161137685e+00 1.903923106193542480e+01 1.855711772203941581e-02
3.151856187017425981e+00 1.930879616737365723e+01 1.854193581514766362e-02
3.156656333506271395e+00 1.957606673240661621e+01 1.196725286041578663e-02
3.152496206549271651e+00 1.984541392326354980e+01 1.758234535126661571e-02
3.154576270027772189e+00 2.011661076545715332e+01 1.253870789801554003e-02
3.153696243171483449e+00 2.038652491569519043e+01 1.293716411395348306e-02
3.158656394543289725e+00 2.065692615509033203e+01 1.194048164693705186e-02
3.151536177251502480e+00 2.092671418190002441e+01 1.830046012480153125e-02
3.154016252937406062e+00 2.119561362266540527e+01 1.913781476941099277e-02
3.149056101565599786e+00 2.146655488014221191e+01 1.695334604758783753e-02
3.152256199224830358e+00 2.173596286773681641e+01 1.509398242095276454e-02
3.119695205542161620e+00 2.200975012779235840e+01 3.316484783591337054e-02
3.109534895474105110e+00 2.228109884262084961e+01 2.440087580282208554e-02
3.107214824671164166e+00 2.255313491821289062e+01 1.052389470131810147e-02
3.098334553666798552e+00 2.282322001457214355e+01 2.566520218901175918e-02
3.106654807580797595e+00 2.309547972679138184e+01 8.809718323283080230e-03
3.104574744102297945e+00 2.336458063125610352e+01 1.593314452514868126e-02
3.099134578081606861e+00 2.363422989845275879e+01 1.595161215672011995e-02
3.099374585406049043e+00 2.391933989524841309e+01 2.165895269350301411e-02
3.102334675740836545e+00 2.418922781944274902e+01 1.350975719887028727e-02
3.136335713370159706e+00 2.446447682380676270e+01 2.751269888199080541e-02
3.155616301767021348e+00 2.473466420173645020e+01 1.386006222047587652e-02
3.139855820795312447e+00 2.500451612472534180e+01 2.264450698834369335e-02
3.158416387218848431e+00 2.527106809616088867e+01 6.827916625351627099e-03
3.144495962401196110e+00 2.554035425186157227e+01 2.230763036461037505e-02
3.158416387218847987e+00 2.580847597122192383e+01 1.044146801033525931e-02
3.145455991698965281e+00 2.607910561561584473e+01 2.092885888041395165e-02
3.154896279793695246e+00 2.634656286239624023e+01 9.533391166260089464e-03
3.155776306649982654e+00 2.661724638938903809e+01 7.872825603661625857e-03
3.147696060060426237e+00 2.688512611389160156e+01 1.775441463867353381e-02
3.154896279793694802e+00 2.715476179122924805e+01 1.124311857079349913e-02
