1.335116446971893311e+03 3.820116580706198750e+00 2.222587435529649369e+01
1.335132560491561890e+03 3.900119022186956386e+00 2.282589266640217218e+01
1.335147956132888794e+03 3.964120975371562938e+00 2.330590731528672421e+01
1.335161109447479248e+03 3.430104678487502667e+00 1.930078508865626929e+01
1.335172331094741821e+03 3.714113345744193939e+00 2.143085009308145672e+01
1.335188721179962158e+03 3.998122013000885211e+00 2.356091509750663704e+01
1.335201596736907959e+03 3.600109866634113587e+00 2.057582399975585119e+01
1.335216352462768555e+03 3.536107913449507034e+00 2.009580935087130626e+01
1.335229939460754395e+03 3.962120914334544164e+00 2.329090685750908207e+01
1.335272825241088867e+03 3.498106753746147213e+00 1.981080065309610205e+01
1.335291033267974854e+03 3.950120548112430185e+00 2.320090411084322568e+01
1.335304296970367432e+03 3.820116580706198750e+00 2.222587435529649369e+01
1.335315091133117676e+03 3.484106326487014460e+00 1.970579744865261063e+01
1.335327282905578613e+03 3.954120670186468178e+00 2.323090502639851351e+01
1.335338585138320923e+03 3.368102786339914889e+00 1.883577089754936296e+01
1.335349778413772583e+03 3.972121219519638480e+00 2.336590914639728567e+01
1.335360624551773071e+03 3.508107058931241973e+00 1.988580294198431275e+01
1.335372356891632080e+03 3.772115115817743725e+00 2.186586336863307878e+01
1.335387979984283447e+03 3.984121585741752458e+00 2.345591189306314561e+01
1.335401519298553467e+03 3.416104251228369915e+00 1.919578188421277787e+01
1.335416258335113525e+03 3.568108890041810533e+00 2.033581667531357695e+01
1.335428992271423340e+03 3.988121707815790451e+00 2.348591280861842634e+01
1.335442549943923950e+03 3.442105044709616646e+00 1.939078783532212569e+01
1.335464022159576416e+03 3.360102542191839348e+00 1.877576906643879440e+01
1.335483881235122681e+03 3.390103457747123628e+00 1.900077593310342650e+01
1.335529449701309204e+03 3.594109683523056376e+00 2.053082262642292122e+01
1.335754293680191040e+03 3.780115359965819710e+00 2.192586519974365089e+01
1.335813877820968628e+03 3.912119388409069920e+00 2.291589541306802147e+01
1.335827063798904419e+03 3.890118717001861626e+00 2.275089037751396148e+01
1.335850008249282837e+03 3.382103213599048086e+00 1.894077410199286149e+01
1.335886809825897217e+03 3.540108035523545027e+00 2.012581026642658699e+01
1.335912936449050903e+03 4.042123355815301800e+00 2.389092516861476057e+01
1.335925825595855713e+03 3.846117374187444593e+00 2.242088030640583440e+01
1.335937578201293945e+03 3.380103152562028868e+00 1.892577364421521580e+01
1.335954962015151978e+03 3.924119754631183898e+00 2.300589815973388141e+01
1.335994982481002808e+03 3.850117496261482586e+00 2.245088122196111868e+01
1.336024845123291016e+03 3.742114200262459001e+00 2.164085650196843957e+01
1.336040087223052979e+03 3.380103152562028868e+00 1.892577364421521580e+01
1.336060571432113647e+03 3.532107791375469041e+00 2.006580843531601488e+01
1.336077799797058105e+03 3.356102420117801355e+00 1.874576815088351367e+01
1.336098411083221436e+03 3.534107852412488260e+00 2.008080889309366412e+01
1.336116550683975220e+03 3.966121036408582157e+00 2.332090777306436280e+01
1.336165078639984131e+03 3.960120853297524945e+00 2.327590639973143638e+01
1.336394415140151978e+03 3.822116641743217524e+00 2.224087481307413228e+01
1.336469903707504272e+03 3.972121219519638480e+00 2.336590914639728567e+01
1.336483726739883423e+03 3.636110965300454634e+00 2.084583223975341326e+01
1.336510161876678467e+03 3.912119388409069920e+00 2.291589541306802147e+01
1.336546073436737061e+03 3.952120609149448960e+00 2.321590456862086427e+01
1.336576419353485107e+03 3.668111941892758132e+00 2.108583956419568395e+01
1.336631328582763672e+03 3.562108706930753765e+00 2.029081530198065408e+01
1.336643036365509033e+03 3.774115176854762499e+00 2.188086382641072092e+01
1.336662772178649902e+03 3.592109622486038045e+00 2.051582216864528618e+01
1.336697584390640259e+03 3.418104312265389133e+00 1.921078234199041646e+01
1.336725079774856567e+03 3.548108279671621013e+00 2.018581209753715555e+01
1.336737252950668335e+03 3.346102114932706595e+00 1.867076586199529942e+01
1.336749033689498901e+03 4.018122623371074731e+00 2.371091967528305844e+01
1.336763397455215454e+03 3.528107669301431493e+00 2.003580751976073415e+01
1.336780115604400635e+03 3.598109805597094368e+00 2.056082354197820905e+01
1.336832941293716431e+03 3.582109317300943285e+00 2.044081987975707548e+01
1.336860612869262695e+03 3.440104983672597427e+00 1.937578737754447999e+01
1.336876093626022339e+03 3.798115909298990012e+00 2.206086931974242304e+01
1.336889957904815674e+03 4.040123294778283025e+00 2.387592471083712198e+01
1.336903963804244995e+03 3.664111819818720139e+00 2.105583864864040322e+01
1.336921187162399292e+03 3.392103518784142402e+00 1.901577639088106508e+01
1.336938466310501099e+03 3.762114810632648521e+00 2.179086107974486097e+01
1.336955421209335327e+03 3.824116702780236299e+00 2.225587527085177442e+01
1.337000086784362793e+03 3.442105044709616646e+00 1.939078783532212569e+01
1.337222492218017578e+03 3.462105655079806166e+00 1.954079241309854709e+01
1.337284205913543701e+03 3.590109561449018827e+00 2.050082171086764049e+01
1.337297838687896729e+03 3.416104251228369915e+00 1.919578188421277787e+01
1.337309692144393921e+03 3.978121402630695691e+00 2.341091051973021564e+01
1.337320364475250244e+03 3.456105471968748954e+00 1.949579103976562067e+01
1.337332452774047852e+03 3.754114566484572979e+00 2.173085924863429952e+01
1.337344055652618408e+03 3.802116031373028004e+00 2.209087023529771088e+01
1.337356576681137085e+03 3.306100894192327555e+00 1.837075670644245662e+01
1.337378726482391357e+03 3.306100894192327555e+00 1.837075670644245662e+01
1.337391953945159912e+03 3.768114993743705732e+00 2.183586245307779095e+01
1.337403288602828979e+03 3.774115176854762499e+00 2.188086382641072092e+01
1.337441095113754272e+03 3.646111270485549394e+00 2.092083452864162041e+01
1.337475332975387573e+03 3.570108951078829751e+00 2.035081713309122620e+01
1.337491794109344482e+03 4.018122623371074731e+00 2.371091967528305844e+01
1.337511013031005859e+03 3.878118350779748091e+00 2.266088763084810864e+01
1.337524406194686890e+03 3.588109500412000052e+00 2.048582125308999835e+01
1.337577425241470337e+03 3.666111880855738914e+00 2.107083910641804181e+01
1.337606477499008179e+03 3.746114322336496993e+00 2.167085741752372741e+01
1.337626177310943604e+03 3.428104617450483449e+00 1.928578463087862715e+01
1.337641677379608154e+03 3.430104678487502667e+00 1.930078508865626929e+01
1.337660425901412964e+03 3.374102969450972100e+00 1.888077227088229293e+01
1.337676306724548340e+03 3.836117069002350277e+00 2.234587801751762726e+01
1.337691217660903931e+03 4.082124576555680839e+00 2.419093432416760336e+01
1.337710445404052734e+03 3.722113589892269481e+00 2.149085192419201817e+01
1.337965727329254150e+03 3.676112186040834118e+00 2.114584139530625606e+01
1.337999235630035400e+03 3.962120914334544164e+00 2.329090685750908207e+01
1.338067193031311035e+03 4.028122928556169491e+00 2.378592196417126914e+01
1.338082058429718018e+03 3.458105533005768173e+00 1.951079149754325925e+01
1.338097583532333374e+03 3.590109561449018827e+00 2.050082171086764049e+01
1.338121822834014893e+03 3.584109378337962060e+00 2.045582033753471762e+01
1.338163248062133789e+03 4.032123050630207040e+00 2.381592287972654987e+01
1.338192467451095581e+03 3.346102114932706595e+00 1.867076586199529942e+01
1.338219728469848633e+03 3.828116824854274292e+00 2.228587618640705514e+01
1.338269774198532104e+03 4.026122867519149828e+00 2.377092150639362345e+01
1.338290735244750977e+03 3.496106692709127994e+00 1.979580019531846347e+01
1.338326438426971436e+03 4.072124271370586079e+00 2.411593203527939266e+01
1.338352799654006958e+03 3.956120731223486953e+00 2.324590548417615565e+01
1.338366654872894287e+03 3.902119083223975604e+00 2.284089312417981787e+01
1.338378835916519165e+03 3.390103457747123628e+00 1.900077593310342650e+01
1.338393940448760986e+03 3.912119388409069920e+00 2.291589541306802147e+01
1.338448392629623413e+03 4.006122257148961197e+00 2.362091692861720560e+01
1.338469778537750244e+03 3.634110904263435859e+00 2.083083178197577112e+01
1.338485063076019287e+03 3.540108035523545027e+00 2.012581026642658699e+01
1.338503037214279175e+03 3.528107669301431493e+00 2.003580751976073415e+01
1.338516636133193970e+03 3.562108706930753765e+00 2.029081530198065408e+01
1.338527902364730835e+03 4.032123050630207040e+00 2.381592287972654987e+01
1.338543414354324341e+03 3.536107913449507034e+00 2.009580935087130626e+01
1.338557659149169922e+03 3.518107364116336733e+00 1.996080523087252345e+01
1.338577072143554688e+03 3.780115359965819710e+00 2.192586519974365089e+01
1.338808531761169434e+03 3.576109134189886074e+00 2.039581850642414906e+01
1.338841583967208862e+03 3.738114078188421452e+00 2.161085558641315885e+01
1.338904620647430420e+03 3.670112002929776907e+00 2.110084002197332609e+01
1.338918651819229126e+03 3.266099673451948515e+00 1.807074755088961382e+01
1.338941652059555054e+03 3.812116336558122764e+00 2.216587252418592158e+01
1.338979736328125000e+03 3.526107608264412718e+00 2.002080706198309201e+01
1.339008337259292603e+03 3.538107974486526253e+00 2.011080980864894485e+01
1.339022430896759033e+03 3.424104495376445900e+00 1.925578371532334643e+01
1.339038521766662598e+03 3.402103823969237606e+00 1.909077867976928289e+01
1.339054071664810181e+03 3.900119022186956386e+00 2.282589266640217218e+01
1.339107547283172607e+03 3.864117923520615339e+00 2.255588442640461722e+01
1.339126504659652710e+03 3.364102664265877340e+00 1.880576998199408223e+01
1.339142144918441772e+03 3.506106997894223198e+00 1.987080248420667061e+01
1.339157094955444336e+03 3.544108157597583020e+00 2.015581118198187482e+01
1.339172303676605225e+03 3.952120609149448960e+00 2.321590456862086427e+01
1.339186011552810669e+03 3.878118350779748091e+00 2.266088763084810864e+01
1.339199415206909180e+03 3.416104251228369915e+00 1.919578188421277787e+01
1.339213820934295654e+03 3.860117801446577346e+00 2.252588351084932938e+01
1.339227693796157837e+03 4.038123233741264251e+00 2.386092425305947984e+01
1.339268289804458618e+03 3.630110782189397867e+00 2.080083086642048329e+01
1.339496992588043213e+03 3.586109439374980834e+00 2.047082079531235621e+01
1.339560831785202026e+03 4.026122867519149828e+00 2.377092150639362345e+01
1.339573739767074585e+03 3.770115054780724506e+00 2.185086291085543309e+01
1.339586085319519043e+03 4.070124210333567305e+00 2.410093157750175408e+01
1.339603677034378052e+03 3.654111514633625379e+00 2.098083635975219252e+01
1.339633120298385620e+03 3.442105044709616646e+00 1.939078783532212569e+01
1.339661615371704102e+03 4.040123294778283025e+00 2.387592471083712198e+01
1.339689732551574707e+03 3.602109927671132361e+00 2.059082445753348978e+01
1.339731661558151245e+03 4.014122501297037182e+00 2.368091875972777771e+01
1.339752116203308105e+03 3.812116336558122764e+00 2.216587252418592158e+01
1.339783572912216187e+03 4.022122745445112280e+00 2.374092059083833917e+01
1.339808247327804565e+03 3.404103885006256380e+00 1.910577913754692503e+01
1.339820287227630615e+03 3.404103885006256380e+00 1.910577913754692503e+01
1.339835905551910400e+03 3.760114749595630190e+00 2.177586062196722949e+01
1.339851897716522217e+03 4.080124515518662065e+00 2.417593386638996478e+01
1.339864352703094482e+03 3.862117862483596564e+00 2.254088396862697508e+01
1.339905755758285522e+03 3.430104678487502667e+00 1.930078508865626929e+01
1.339929997205734253e+03 3.430104678487502667e+00 1.930078508865626929e+01
1.339948024749755859e+03 4.064124027222510094e+00 2.405593020416882410e+01
1.339962910413742065e+03 3.406103946043275599e+00 1.912077959532456362e+01
1.339975750923156738e+03 3.590109561449018827e+00 2.050082171086764049e+01
1.339989859342575073e+03 4.062123966185492208e+00 2.404092974639118907e+01
1.340003069877624512e+03 3.502106875820185206e+00 1.984080156865138989e+01
1.340023252010345459e+03 3.376103030487990875e+00 1.889577272865993507e+01
1.340048933982849121e+03 3.596109744560075594e+00 2.054582308420057046e+01
1.340266676425933838e+03 3.426104556413465119e+00 1.927078417310098502e+01
1.340298783302307129e+03 3.890118717001861626e+00 2.275089037751396148e+01
1.340355899572372437e+03 3.430104678487502667e+00 1.930078508865626929e+01
1.340369670391082764e+03 4.004122196111942422e+00 2.360591647083956701e+01
1.340396263599395752e+03 4.094124942777795262e+00 2.428093707083346331e+01
1.340429046630859375e+03 3.580109256263924067e+00 2.042581942197942979e+01
1.340452821016311646e+03 4.050123599963377785e+00 2.395092699972533268e+01
1.340467315673828125e+03 4.024122806482131054e+00 2.375592104861598131e+01
1.340481631278991699e+03 3.418104312265389133e+00 1.921078234199041646e+01
1.340495834112167358e+03 3.610110171819208347e+00 2.065082628864406189e+01
1.340556323528289795e+03 4.024122806482131054e+00 2.375592104861598131e+01
1.340567754030227661e+03 4.094124942777795262e+00 2.428093707083346331e+01
1.340581286191940308e+03 3.434104800561540660e+00 1.933078600421155713e+01
1.340592418193817139e+03 3.826116763817255073e+00 2.227087572862941300e+01
1.340606373786926270e+03 3.876118289742728873e+00 2.264588717307047006e+01
1.340619608163833618e+03 3.408104007080293929e+00 1.913578005310220576e+01
1.340633789300918579e+03 3.984121585741752458e+00 2.345591189306314561e+01
1.340647619485855103e+03 4.074124332407604854e+00 2.413093249305703480e+01
1.340662382841110229e+03 3.720113528855250706e+00 2.147585146641437959e+01
1.340703282833099365e+03 3.448105227820673413e+00 1.943578920865504855e+01
1.340926650762557983e+03 3.912119388409069920e+00 2.291589541306802147e+01
1.340986398935317993e+03 3.384103274636066860e+00 1.895577455977050363e+01
1.340999971151351929e+03 3.390103457747123628e+00 1.900077593310342650e+01
1.341023745536804199e+03 3.536107913449507034e+00 2.009580935087130626e+01
1.341052364826202393e+03 3.446105166783654639e+00 1.942078875087740641e+01
1.341080693006515503e+03 4.046123477889340236e+00 2.392092608417004840e+01
1.341108964681625366e+03 3.560108645893734547e+00 2.027581484420300839e+01
1.341151944160461426e+03 3.908119266335031927e+00 2.288589449751274074e+01
1.341168300151824951e+03 3.694112735374004419e+00 2.128084551530503532e+01
1.341194266319274902e+03 3.376103030487990875e+00 1.889577272865993507e+01
1.341214958667755127e+03 4.076124393444624516e+00 2.414593295083468405e+01
1.341237815141677856e+03 3.804116092410046779e+00 2.210587069307535302e+01
1.341250948429107666e+03 3.980121463667714465e+00 2.342591097750785778e+01
1.341262653350830078e+03 3.730113834040345466e+00 2.155085375530259029e+01
1.341275631427764893e+03 3.468105838190862933e+00 1.958579378643146995e+01
1.341300487518310547e+03 3.950120548112430185e+00 2.320090411084322568e+01
1.341334179162979126e+03 3.858117740409558571e+00 2.251088305307168724e+01
1.341352944374084473e+03 3.928119876705221447e+00 2.303589907528916214e+01
1.341367451906204224e+03 3.986121646778771677e+00 2.347091235084078420e+01
1.341382040023803711e+03 3.512107181005279521e+00 1.991580385753959348e+01
1.341395232200622559e+03 3.532107791375469041e+00 2.006580843531601488e+01
1.341413688898086548e+03 3.956120731223486953e+00 2.324590548417615565e+01
1.341427548885345459e+03 3.866117984557634113e+00 2.257088488418225580e+01
1.341441711425781250e+03 3.588109500412000052e+00 2.048582125308999835e+01
1.341461111307144165e+03 3.392103518784142402e+00 1.901577639088106508e+01
1.341709933280944824e+03 3.350102237006744588e+00 1.870076677755058370e+01
1.341724353551864624e+03 3.834117007965331059e+00 2.233087755973998512e+01
1.341780475616455078e+03 3.428104617450483449e+00 1.928578463087862715e+01
1.341794015645980835e+03 3.706113101596117954e+00 2.137084826197088461e+01
1.341820534229278564e+03 3.700112918485061186e+00 2.132584688863795819e+01
1.341875024318695068e+03 3.772115115817743725e+00 2.186586336863307878e+01
1.341889007329940796e+03 3.964120975371562938e+00 2.330590731528672421e+01
1.341902388572692871e+03 3.418104312265389133e+00 1.921078234199041646e+01
1.341917737960815430e+03 3.374102969450972100e+00 1.888077227088229293e+01
1.341957156896591187e+03 3.956120731223486953e+00 2.324590548417615565e+01
1.341979780673980713e+03 3.544108157597583020e+00 2.015581118198187482e+01
1.341994889974594116e+03 3.768114993743705732e+00 2.183586245307779095e+01
1.342011775970458984e+03 4.020122684408094393e+00 2.372592013306070768e+01
1.342028126239776611e+03 3.944120365001373418e+00 2.315590273751030281e+01
1.342042370796203613e+03 3.394103579821161620e+00 1.903077684865871433e+01
1.342057792663574219e+03 3.544108157597583020e+00 2.015581118198187482e+01
1.342071938276290894e+03 3.926119815668203117e+00 2.302089861751152000e+01
1.342086071491241455e+03 3.880118411816766866e+00 2.267588808862575078e+01
1.342126594543457031e+03 3.408104007080293929e+00 1.913578005310220576e+01
1.342350135326385498e+03 3.974121280556657698e+00 2.338090960417493491e+01
1.342411013603210449e+03 3.492106570635090002e+00 1.976579927976317208e+01
1.342424098730087280e+03 3.566108829004791758e+00 2.032081621753593481e+01
1.342446082353591919e+03 3.284100222785119261e+00 1.820575167088839663e+01
1.342476838350296021e+03 3.580109256263924067e+00 2.042581942197942979e+01
1.342505680799484253e+03 3.708113162633137172e+00 2.138584871974852675e+01
1.342535644531250000e+03 3.846117374187444593e+00 2.242088030640583440e+01
1.342576822519302368e+03 3.840117191076387826e+00 2.237587893307290798e+01
1.342596410036087036e+03 3.970121158482619705e+00 2.335090868861964708e+01
1.342626796483993530e+03 3.726113711966307473e+00 2.152085283974730601e+01
1.342658056735992432e+03 3.664111819818720139e+00 2.105583864864040322e+01
1.342673815727233887e+03 3.980121463667714465e+00 2.342591097750785778e+01
1.342689099788665771e+03 3.978121402630695691e+00 2.341091051973021564e+01
1.342701898813247681e+03 3.430104678487502667e+00 1.930078508865626929e+01
1.342756915569305420e+03 3.306100894192327555e+00 1.837075670644245662e+01
1.342775321960449219e+03 3.748114383373516212e+00 2.168585787530136955e+01
1.342795419216156006e+03 3.766114932706686513e+00 2.182086199530014881e+01
1.342805790901184082e+03 3.946120426038392637e+00 2.317090319528794140e+01
1.342822987079620361e+03 3.376103030487990875e+00 1.889577272865993507e+01
1.342836971759796143e+03 3.478106143375957693e+00 1.966079607531968065e+01
1.342851157903671265e+03 3.962120914334544164e+00 2.329090685750908207e+01
1.342864734172821045e+03 3.716113406781213158e+00 2.144585055085909886e+01
1.342883507013320923e+03 3.422104434339427126e+00 1.924078325754570429e+01
1.343109899759292603e+03 3.302100772118290006e+00 1.834075579088717589e+01
1.343142144203186035e+03 3.542108096560564245e+00 2.014081072420423268e+01
1.343198608636856079e+03 3.338101870784631053e+00 1.861076403088473086e+01
1.343211980104446411e+03 3.908119266335031927e+00 2.288589449751274074e+01
1.343233943700790405e+03 3.842117252113407044e+00 2.239087939085055368e+01
1.343283999443054199e+03 3.914119449446089138e+00 2.293089587084567071e+01
1.343298152923583984e+03 3.356102420117801355e+00 1.874576815088351367e+01
1.343309187173843384e+03 3.930119937742240666e+00 2.305089953306680428e+01
1.343319907188415527e+03 3.444105105746635420e+00 1.940578829309976783e+01
1.343331363677978516e+03 3.784115482039857259e+00 2.195586611529893162e+01
1.343342455863952637e+03 3.658111636707662928e+00 2.101083727530747325e+01
1.343391301631927490e+03 3.406103946043275599e+00 1.912077959532456362e+01
1.343408280611038208e+03 3.868118045594652887e+00 2.258588534195989794e+01
1.343424044370651245e+03 3.852117557298501360e+00 2.246588167973875727e+01
1.343437846183776855e+03 3.432104739524521442e+00 1.931578554643390788e+01
1.343450301170349121e+03 3.978121402630695691e+00 2.341091051973021564e+01
1.343465188026428223e+03 3.968121097445600931e+00 2.333590823084200494e+01
1.343478995084762573e+03 3.384103274636066860e+00 1.895577455977050363e+01
1.343494275808334351e+03 3.730113834040345466e+00 2.155085375530259029e+01
1.343505715608596802e+03 3.992121829889828000e+00 2.351591372417370707e+01
1.343546229362487793e+03 3.354102359080782580e+00 1.873076769310587153e+01
1.343770112991333008e+03 4.058123844111453771e+00 2.401092883083590124e+01
1.343830639362335205e+03 3.552108401745659005e+00 2.021581301309244338e+01
1.343844061374664307e+03 3.614110293893246340e+00 2.068082720419934972e+01
1.343866397857666016e+03 3.574109073152867300e+00 2.038081804864650692e+01
1.343894723415374756e+03 3.626110660115359874e+00 2.077082995086519901e+01
1.343923258543014526e+03 3.978121402630695691e+00 2.341091051973021564e+01
1.343952945947647095e+03 3.620110477004303107e+00 2.072582857753227259e+01
1.343993518829345703e+03 4.056123783074434996e+00 2.399592837305826265e+01
1.344014057874679565e+03 3.904119144260994378e+00 2.285589358195746001e+01
1.344053836107254028e+03 4.024122806482131054e+00 2.375592104861598131e+01
1.344077121019363403e+03 3.998122013000885211e+00 2.356091509750663704e+01
1.344093825578689575e+03 3.994121890926847218e+00 2.353091418195135631e+01
1.344109660387039185e+03 4.030122989593188265e+00 2.380092242194891128e+01
1.344120693445205688e+03 3.582109317300943285e+00 2.044081987975707548e+01
1.344170020818710327e+03 3.622110538041321881e+00 2.074082903530991118e+01
1.344187593221664429e+03 3.672112063966796125e+00 2.111584047975097178e+01
1.344201966285705566e+03 3.432104739524521442e+00 1.931578554643390788e+01
1.344216118335723877e+03 3.732113895077364685e+00 2.156585421308023598e+01
1.344231211185455322e+03 4.024122806482131054e+00 2.375592104861598131e+01
1.344245791435241699e+03 3.844117313150425375e+00 2.240587984862818871e+01
1.344259823322296143e+03 3.464105716116824940e+00 1.955579287087618923e+01
1.344272762775421143e+03 3.908119266335031927e+00 2.288589449751274074e+01
1.344286308050155640e+03 3.912119388409069920e+00 2.291589541306802147e+01
1.344330940485000610e+03 4.040123294778283025e+00 2.387592471083712198e+01
1.344556722640991211e+03 3.824116702780236299e+00 2.225587527085177442e+01
1.344615055084228516e+03 3.564108767967772540e+00 2.030581575975829622e+01
1.344628187894821167e+03 4.060123905148473433e+00 2.402592928861355048e+01
1.344652367353439331e+03 3.954120670186468178e+00 2.323090502639851351e+01
1.344696767568588257e+03 4.014122501297037182e+00 2.368091875972777771e+01
1.344710051536560059e+03 4.044123416852321462e+00 2.390592562639240981e+01
1.344722040891647339e+03 3.670112002929776907e+00 2.110084002197332609e+01
1.344732846260070801e+03 3.720113528855250706e+00 2.147585146641437959e+01
1.344748317241668701e+03 3.896118900112918393e+00 2.279589175084689145e+01
1.344801666021347046e+03 4.094124942777795262e+00 2.428093707083346331e+01
1.344821473598480225e+03 3.342101992858669046e+00 1.864076494644001869e+01
1.344835916042327881e+03 3.610110171819208347e+00 2.065082628864406189e+01
1.344850161314010620e+03 4.050123599963377785e+00 2.395092699972533268e+01
1.344869049072265625e+03 3.666111880855738914e+00 2.107083910641804181e+01
1.344884930610656738e+03 3.454105410931730180e+00 1.948079058198797853e+01
1.344901133298873901e+03 3.406103946043275599e+00 1.912077959532456362e+01
1.344917169332504272e+03 3.658111636707662928e+00 2.101083727530747325e+01
1.344956426858901978e+03 4.016122562334055957e+00 2.369591921750541985e+01
1.345181291818618774e+03 3.416104251228369915e+00 1.919578188421277787e+01
1.345241882562637329e+03 3.830116885891293066e+00 2.230087664418469728e+01
1.345255298852920532e+03 3.600109866634113587e+00 2.057582399975585119e+01
1.345284806966781616e+03 3.444105105746635420e+00 1.940578829309976783e+01
1.345319759607315063e+03 3.892118778038880400e+00 2.276589083529160007e+01
1.345350159645080566e+03 3.520107425153355507e+00 1.997580568865016559e+01
1.345377158403396606e+03 4.022122745445112280e+00 2.374092059083833917e+01
1.345409002542495728e+03 4.094124942777795262e+00 2.428093707083346331e+01
1.345429166078567505e+03 3.474106021301919700e+00 1.963079515976439993e+01
1.345459594964981079e+03 3.994121890926847218e+00 2.353091418195135631e+01
1.345489182472229004e+03 3.556108523819696554e+00 2.024581392864772766e+01
1.345505162239074707e+03 3.754114566484572979e+00 2.173085924863429952e+01
1.345518173933029175e+03 3.388103396710104409e+00 1.898577547532578436e+01
1.345533480644226074e+03 4.046123477889340236e+00 2.392092608417004840e+01
1.345554026126861572e+03 4.094124942777795262e+00 2.428093707083346331e+01
1.345594243764877319e+03 3.644111209448530619e+00 2.090583407086398182e+01
1.345606764793395996e+03 4.058123844111453771e+00 2.401092883083590124e+01
1.345620203733444214e+03 3.380103152562028868e+00 1.892577364421521580e+01
1.345633808135986328e+03 3.922119693594165124e+00 2.299089770195623927e+01
1.345649161815643311e+03 4.094124942777795262e+00 2.428093707083346331e+01
1.345663073539733887e+03 3.506106997894223198e+00 1.987080248420667061e+01
1.345676252603530884e+03 3.604109988708151580e+00 2.060582491531113902e+01
1.345690051794052124e+03 4.050123599963377785e+00 2.395092699972533268e+01
1.345704275369644165e+03 3.740114139225440226e+00 2.162585604419080099e+01
1.345957026958465576e+03 3.388103396710104409e+00 1.898577547532578436e+01
1.345971058130264282e+03 3.894118839075899619e+00 2.278089129306924931e+01
1.346026799917221069e+03 4.044123416852321462e+00 2.390592562639240981e+01
1.346040190935134888e+03 3.388103396710104409e+00 1.898577547532578436e+01
1.346066395282745361e+03 3.406103946043275599e+00 1.912077959532456362e+01
1.346101699113845825e+03 3.926119815668203117e+00 2.302089861751152000e+01
1.346117474555969238e+03 3.598109805597094368e+00 2.056082354197820905e+01
1.346128654003143311e+03 3.994121890926847218e+00 2.353091418195135631e+01
1.346143938779830933e+03 3.444105105746635420e+00 1.940578829309976783e+01
1.346157080411911011e+03 3.550108340708640231e+00 2.020081255531480480e+01
1.346168843746185303e+03 4.010122379222998745e+00 2.365091784417248988e+01
1.346219140052795410e+03 3.700112918485061186e+00 2.132584688863795819e+01
1.346236567735671997e+03 3.910119327372051146e+00 2.290089495529038288e+01
1.346251817941665649e+03 3.962120914334544164e+00 2.329090685750908207e+01
1.346265526294708252e+03 3.822116641743217524e+00 2.224087481307413228e+01
1.346278942108154297e+03 3.328101565599536293e+00 1.853576174199652016e+01
1.346292562007904053e+03 3.944120365001373418e+00 2.315590273751030281e+01
1.346311879396438599e+03 4.032123050630207040e+00 2.381592287972654987e+01
1.346323226690292358e+03 3.668111941892758132e+00 2.108583956419568395e+01
1.346340338230133057e+03 3.568108890041810533e+00 2.033581667531357695e+01
1.346375019788742065e+03 3.448105227820673413e+00 1.943578920865504855e+01
1.346591325998306274e+03 3.586109439374980834e+00 2.047082079531235621e+01
1.346605167150497437e+03 3.962120914334544164e+00 2.329090685750908207e+01
1.346660953760147095e+03 3.540108035523545027e+00 2.012581026642658699e+01
1.346674929857254028e+03 3.578109195226905292e+00 2.041081896420178765e+01
1.346693969249725342e+03 3.880118411816766866e+00 2.267588808862575078e+01
1.346722179651260376e+03 4.020122684408094393e+00 2.372592013306070768e+01
1.346750689029693604e+03 3.412104129154331922e+00 1.916578096865748648e+01
1.346779339551925659e+03 3.908119266335031927e+00 2.288589449751274074e+01
1.346822117567062378e+03 3.596109744560075594e+00 2.054582308420057046e+01
1.346842174530029297e+03 3.750114444410534986e+00 2.170085833307901169e+01
1.346871965885162354e+03 3.442105044709616646e+00 1.939078783532212569e+01
1.346901551246643066e+03 4.082124576555680839e+00 2.419093432416760336e+01
1.346916921615600586e+03 3.580109256263924067e+00 2.042581942197942979e+01
1.346928288936614990e+03 4.050123599963377785e+00 2.395092699972533268e+01
1.346939670801162720e+03 3.444105105746635420e+00 1.940578829309976783e+01
1.346950799465179443e+03 3.924119754631183898e+00 2.300589815973388141e+01
1.347000693798065186e+03 3.578109195226905292e+00 2.041081896420178765e+01
1.347016354084014893e+03 3.852117557298501360e+00 2.246588167973875727e+01
1.347031348466873169e+03 4.036123172704245476e+00 2.384592379528184125e+01
1.347046082019805908e+03 3.914119449446089138e+00 2.293089587084567071e+01
1.347060240030288696e+03 3.496106692709127994e+00 1.979580019531846347e+01
1.347073068857192993e+03 3.902119083223975604e+00 2.284089312417981787e+01
1.347087132692337036e+03 3.994121890926847218e+00 2.353091418195135631e+01
1.347101825475692749e+03 3.442105044709616646e+00 1.939078783532212569e+01
1.347118172645568848e+03 3.764114871669667739e+00 2.180586153752251022e+01
1.347143510818481445e+03 4.024122806482131054e+00 2.375592104861598131e+01
1.347382054328918457e+03 3.666111880855738914e+00 2.107083910641804181e+01
1.347455938100814819e+03 3.780115359965819710e+00 2.192586519974365089e+01
1.347469115734100342e+03 4.076124393444624516e+00 2.414593295083468405e+01
1.347491621732711792e+03 3.614110293893246340e+00 2.068082720419934972e+01
1.347520218849182129e+03 4.094124942777795262e+00 2.428093707083346331e+01
1.347553803205490112e+03 4.048123538926359011e+00 2.393592654194769054e+01
1.347567507028579712e+03 3.938120181890316651e+00 2.311090136417737284e+01
1.347582525491714478e+03 3.432104739524521442e+00 1.931578554643390788e+01
1.347598253965377808e+03 3.378103091525010093e+00 1.891077318643757366e+01
1.347636603593826294e+03 3.776115237891781717e+00 2.189586428418836306e+01
1.347660850763320923e+03 3.804116092410046779e+00 2.210587069307535302e+01
1.347673128604888916e+03 3.900119022186956386e+00 2.282589266640217218e+01
1.347686676740646362e+03 3.894118839075899619e+00 2.278089129306924931e+01
1.347700100421905518e+03 3.406103946043275599e+00 1.912077959532456362e+01
1.347711719989776611e+03 3.836117069002350277e+00 2.234587801751762726e+01
1.347725320816040039e+03 4.024122806482131054e+00 2.375592104861598131e+01
1.347739270687103271e+03 3.436104861598559435e+00 1.934578646198919927e+01
1.347754742860794067e+03 3.772115115817743725e+00 2.186586336863307878e+01
1.347765719890594482e+03 4.010122379222998745e+00 2.365091784417248988e+01
1.347786695003509521e+03 3.350102237006744588e+00 1.870076677755058370e+01
1.348004755973815918e+03 4.018122623371074731e+00 2.371091967528305844e+01
1.348036178827285767e+03 3.768114993743705732e+00 2.183586245307779095e+01
1.348091618299484253e+03 3.860117801446577346e+00 2.252588351084932938e+01
1.348111708879470825e+03 3.868118045594652887e+00 2.258588534195989794e+01
1.348128350496292114e+03 3.640111087374492627e+00 2.087583315530869399e+01
1.348157078742980957e+03 3.894118839075899619e+00 2.278089129306924931e+01
1.348185215711593628e+03 4.024122806482131054e+00 2.375592104861598131e+01
1.348215348005294800e+03 3.558108584856715773e+00 2.026081438642536625e+01
1.348251100778579712e+03 4.012122440260018408e+00 2.366591830195013557e+01
1.348277082204818726e+03 3.614110293893246340e+00 2.068082720419934972e+01
1.348305876970291138e+03 3.654111514633625379e+00 2.098083635975219252e+01
1.348332296848297119e+03 3.596109744560075594e+00 2.054582308420057046e+01
1.348345259189605713e+03 3.818116519669179532e+00 2.221087389751884444e+01
1.348357119798660278e+03 3.394103579821161620e+00 1.903077684865871433e+01
1.348368824243545532e+03 4.036123172704245476e+00 2.384592379528184125e+01
1.348380224466323853e+03 3.496106692709127994e+00 1.979580019531846347e+01
1.348429211139678955e+03 3.680112308114871666e+00 2.117584231086153679e+01
1.348444484949111938e+03 3.418104312265389133e+00 1.921078234199041646e+01
1.348462572097778320e+03 3.464105716116824940e+00 1.955579287087618923e+01
1.348476424694061279e+03 3.556108523819696554e+00 2.024581392864772766e+01
1.348490287303924561e+03 4.050123599963377785e+00 2.395092699972533268e+01
1.348504014015197754e+03 3.650111392559587387e+00 2.095083544419690469e+01
1.348517877340316772e+03 3.416104251228369915e+00 1.919578188421277787e+01
1.348531227350234985e+03 4.024122806482131054e+00 2.375592104861598131e+01
1.348545555114746094e+03 3.928119876705221447e+00 2.303589907528916214e+01
1.348570357322692871e+03 3.406103946043275599e+00 1.912077959532456362e+01
1.348803570747375488e+03 3.990121768852809225e+00 2.350091326639606848e+01
1.348817464113235474e+03 3.350102237006744588e+00 1.870076677755058370e+01
1.348872352600097656e+03 3.502106875820185206e+00 1.984080156865138989e+01
1.348886723995208740e+03 3.790115665150914026e+00 2.200086748863185448e+01
1.348915563106536865e+03 3.944120365001373418e+00 2.315590273751030281e+01
1.348945508241653442e+03 3.552108401745659005e+00 2.021581301309244338e+01
1.348971548318862915e+03 3.866117984557634113e+00 2.257088488418225580e+01
1.348986928462982178e+03 3.850117496261482586e+00 2.245088122196111868e+01
1.349002622127532959e+03 3.360102542191839348e+00 1.877576906643879440e+01
1.349024609088897705e+03 3.264099612414929741e+00 1.805574709311197523e+01
1.349072602510452271e+03 3.218098208563493934e+00 1.771073656422620246e+01
1.349085579156875610e+03 3.766114932706686513e+00 2.182086199530014881e+01
1.349101911306381226e+03 3.262099551377910522e+00 1.804074663533432599e+01
1.349116719245910645e+03 3.616110354930265114e+00 2.069582766197699186e+01
1.349127245426177979e+03 4.020122684408094393e+00 2.372592013306070768e+01
1.349140333652496338e+03 3.346102114932706595e+00 1.867076586199529942e+01
1.349153825759887695e+03 3.760114749595630190e+00 2.177586062196722949e+01
1.349168325901031494e+03 3.996121951963865992e+00 2.354591463972899845e+01
1.349181798458099365e+03 3.400103762932218388e+00 1.907577822199163720e+01
1.349417033672332764e+03 3.764114871669667739e+00 2.180586153752251022e+01
1.349449596166610718e+03 3.530107730338450711e+00 2.005080797753838340e+01
1.349506973266601562e+03 3.934120059816278658e+00 2.308090044862209211e+01
1.349520662069320679e+03 3.372102908413952882e+00 1.886577181310464368e+01
1.349544676542282104e+03 3.364102664265877340e+00 1.880576998199408223e+01
1.349573490381240845e+03 3.466105777153844159e+00 1.957079332865382781e+01
1.349601890325546265e+03 4.040123294778283025e+00 2.387592471083712198e+01
1.349632454395294189e+03 3.376103030487990875e+00 1.889577272865993507e+01
1.349668363809585571e+03 4.014122501297037182e+00 2.368091875972777771e+01
1.349694204330444336e+03 3.382103213599048086e+00 1.894077410199286149e+01
1.349738325357437134e+03 3.384103274636066860e+00 1.895577455977050363e+01
1.349751984357833862e+03 3.966121036408582157e+00 2.332090777306436280e+01
1.349763703823089600e+03 3.634110904263435859e+00 2.083083178197577112e+01
1.349774473667144775e+03 3.540108035523545027e+00 2.012581026642658699e+01
1.349793130397796631e+03 4.024122806482131054e+00 2.375592104861598131e+01
1.349836920499801636e+03 3.322101382488479526e+00 1.849076036866359729e+01
1.349861673355102539e+03 3.836117069002350277e+00 2.234587801751762726e+01
1.349879040718078613e+03 3.740114139225440226e+00 2.162585604419080099e+01
1.349895245313644409e+03 3.448105227820673413e+00 1.943578920865504855e+01
1.349909123897552490e+03 4.002122135074922760e+00 2.359091601306191777e+01
1.349922587871551514e+03 3.508107058931241973e+00 1.988580294198431275e+01
1.349936663627624512e+03 3.546108218634602238e+00 2.017081163975951341e+01
1.349957191467285156e+03 3.792115726187933245e+00 2.201586794640950018e+01
1.349975496768951416e+03 3.976121341593676473e+00 2.339591006195257705e+01
1.350204989433288574e+03 3.680112308114871666e+00 2.117584231086153679e+01
1.350237077236175537e+03 3.952120609149448960e+00 2.321590456862086427e+01
1.350294427394866943e+03 3.552108401745659005e+00 2.021581301309244338e+01
1.350309083938598633e+03 3.942120303964354644e+00 2.314090227973266067e+01
1.350330636739730835e+03 3.960120853297524945e+00 2.327590639973143638e+01
1.350367467880249023e+03 3.566108829004791758e+00 2.032081621753593481e+01
1.350396422147750854e+03 3.336101809747611835e+00 1.859576357310709227e+01
1.350415879011154175e+03 3.960120853297524945e+00 2.327590639973143638e+01
1.350428656578063965e+03 4.040123294778283025e+00 2.387592471083712198e+01
1.350441843748092651e+03 3.470105899227881707e+00 1.960079424420911209e+01
1.350490937948226929e+03 3.634110904263435859e+00 2.083083178197577112e+01
1.350508473157882690e+03 3.540108035523545027e+00 2.012581026642658699e+01
1.350525818109512329e+03 3.396103640858180395e+00 1.904577730643635647e+01
1.350544025421142578e+03 3.370102847376934108e+00 1.885077135532700510e+01
1.350554216623306274e+03 3.550108340708640231e+00 2.020081255531480480e+01
1.350571066856384277e+03 3.962120914334544164e+00 2.329090685750908207e+01
1.350585944175720215e+03 3.630110782189397867e+00 2.080083086642048329e+01
1.350599516868591309e+03 3.342101992858669046e+00 1.864076494644001869e+01
1.350628089666366577e+03 3.936120120853297433e+00 2.309590090639973425e+01
1.350845069646835327e+03 3.364102664265877340e+00 1.880576998199408223e+01
1.350878204107284546e+03 3.484106326487014460e+00 1.970579744865261063e+01
1.350936514854431152e+03 3.342101992858669046e+00 1.864076494644001869e+01
1.350950575828552246e+03 3.894118839075899619e+00 2.278089129306924931e+01
1.350971304416656494e+03 3.974121280556657698e+00 2.338090960417493491e+01
1.351006964206695557e+03 4.032123050630207040e+00 2.381592287972654987e+01
1.351040570020675659e+03 4.028122928556169491e+00 2.378592196417126914e+01
1.351073525428771973e+03 3.628110721152379092e+00 2.078583040864284115e+01
1.351104943037033081e+03 3.910119327372051146e+00 2.290089495529038288e+01
1.351124585866928101e+03 3.458105533005768173e+00 1.951079149754325925e+01
1.351162032842636108e+03 3.546108218634602238e+00 2.017081163975951341e+01
1.351189689874649048e+03 3.712113284707175165e+00 2.141584963530381458e+01
1.351202953815460205e+03 3.568108890041810533e+00 2.033581667531357695e+01
1.351214692831039429e+03 3.566108829004791758e+00 2.032081621753593481e+01
1.351232528686523438e+03 4.050123599963377785e+00 2.395092699972533268e+01
1.351292861938476562e+03 3.416104251228369915e+00 1.919578188421277787e+01
1.351304836750030518e+03 3.882118472853786084e+00 2.269088854640339648e+01
1.351323193550109863e+03 3.430104678487502667e+00 1.930078508865626929e+01
1.351335676431655884e+03 3.570108951078829751e+00 2.035081713309122620e+01
1.351353651762008667e+03 4.070124210333567305e+00 2.410093157750175408e+01
1.351370089054107666e+03 3.994121890926847218e+00 2.353091418195135631e+01
1.351385176658630371e+03 3.602109927671132361e+00 2.059082445753348978e+01
1.351400024175643921e+03 3.406103946043275599e+00 1.912077959532456362e+01
1.351440098047256470e+03 3.562108706930753765e+00 2.029081530198065408e+01
1.351666993618011475e+03 3.662111758781700921e+00 2.104083819086275398e+01
1.351725197076797485e+03 3.930119937742240666e+00 2.305089953306680428e+01
1.351740069389343262e+03 3.378103091525010093e+00 1.891077318643757366e+01
1.351758963823318481e+03 3.350102237006744588e+00 1.870076677755058370e+01
1.351798081398010254e+03 3.602109927671132361e+00 2.059082445753348978e+01
1.351827538728713989e+03 3.984121585741752458e+00 2.345591189306314561e+01
1.351857897758483887e+03 3.398103701895199613e+00 1.906077776421399506e+01
1.351870060443878174e+03 4.016122562334055957e+00 2.369591921750541985e+01
1.351887073278427124e+03 3.646111270485549394e+00 2.092083452864162041e+01
1.351930403232574463e+03 3.888118655964842407e+00 2.273588991973631934e+01
1.351944486141204834e+03 3.622110538041321881e+00 2.074082903530991118e+01
1.351960165739059448e+03 3.508107058931241973e+00 1.988580294198431275e+01
1.351978435754776001e+03 3.362102603228858566e+00 1.879076952421644009e+01
1.351993000984191895e+03 3.948120487075411411e+00 2.318590365306558354e+01
1.352006627082824707e+03 3.930119937742240666e+00 2.305089953306680428e+01
1.352020144701004028e+03 3.440104983672597427e+00 1.937578737754447999e+01
1.352033867120742798e+03 3.806116153447065553e+00 2.212087115085299160e+01
1.352047240018844604e+03 3.886118594927823633e+00 2.272088946195867720e+01
1.352087330818176270e+03 3.660111697744682147e+00 2.102583773308511539e+01
1.352311746120452881e+03 4.024122806482131054e+00 2.375592104861598131e+01
1.352372045755386353e+03 3.682112369151890441e+00 2.119084276863917538e+01
1.352385937213897705e+03 3.870118106631672106e+00 2.260088579973754008e+01
1.352406860351562500e+03 3.914119449446089138e+00 2.293089587084567071e+01
1.352435199499130249e+03 3.706113101596117954e+00 2.137084826197088461e+01
1.352470294713973999e+03 3.566108829004791758e+00 2.032081621753593481e+01
1.352500471830368042e+03 4.068124149296548531e+00 2.408593111972411194e+01
1.352535991191864014e+03 3.540108035523545027e+00 2.012581026642658699e+01
1.352555433750152588e+03 4.082124576555680839e+00 2.419093432416760336e+01
1.352605840682983398e+03 3.882118472853786084e+00 2.269088854640339648e+01
1.352619536161422729e+03 3.348102175969725369e+00 1.868576631977294156e+01
1.352634748935699463e+03 3.876118289742728873e+00 2.264588717307047006e+01
1.352657710313796997e+03 3.754114566484572979e+00 2.173085924863429952e+01
1.352701078176498413e+03 3.592109622486038045e+00 2.051582216864528618e+01
1.352717718124389648e+03 3.584109378337962060e+00 2.045582033753471762e+01
1.352731745243072510e+03 3.986121646778771677e+00 2.347091235084078420e+01
1.352745534896850586e+03 3.908119266335031927e+00 2.288589449751274074e+01
1.352758890151977539e+03 3.392103518784142402e+00 1.901577639088106508e+01
1.352774088621139526e+03 3.844117313150425375e+00 2.240587984862818871e+01
1.352787173748016357e+03 4.040123294778283025e+00 2.387592471083712198e+01
1.352799756765365601e+03 3.424104495376445900e+00 1.925578371532334643e+01
1.352816206932067871e+03 3.602109927671132361e+00 2.059082445753348978e+01
1.352829029560089111e+03 4.058123844111453771e+00 2.401092883083590124e+01
1.352872337579727173e+03 3.876118289742728873e+00 2.264588717307047006e+01
1.353099965333938599e+03 3.438104922635578653e+00 1.936078691976683785e+01
1.353160866260528564e+03 3.550108340708640231e+00 2.020081255531480480e+01
1.353175276756286621e+03 3.648111331522568612e+00 2.093583498641926255e+01
1.353202543735504150e+03 3.738114078188421452e+00 2.161085558641315885e+01
1.353247784852981567e+03 4.034123111667225814e+00 2.383092333750419201e+01
1.353263758659362793e+03 3.538107974486526253e+00 2.011080980864894485e+01
1.353280049085617065e+03 3.394103579821161620e+00 1.903077684865871433e+01
1.353291108369827271e+03 3.854117618335520579e+00 2.248088213751640652e+01
1.353302416086196899e+03 3.726113711966307473e+00 2.152085283974730601e+01
1.353360185384750366e+03 4.032123050630207040e+00 2.381592287972654987e+01
1.353373727083206177e+03 3.808116214484084772e+00 2.213587160863063374e+01
1.353387522935867310e+03 4.026122867519149828e+00 2.377092150639362345e+01
1.353405239105224609e+03 3.424104495376445900e+00 1.925578371532334643e+01
1.353422986268997192e+03 3.426104556413465119e+00 1.927078417310098502e+01
1.353438128948211670e+03 3.408104007080293929e+00 1.913578005310220576e+01
1.353451448917388916e+03 3.870118106631672106e+00 2.260088579973754008e+01
1.353466133594512939e+03 3.896118900112918393e+00 2.279589175084689145e+01
1.353702175140380859e+03 4.036123172704245476e+00 2.384592379528184125e+01
1.353734175920486450e+03 4.094124942777795262e+00 2.428093707083346331e+01
1.353791439771652222e+03 3.852117557298501360e+00 2.246588167973875727e+01
1.353805510282516479e+03 3.828116824854274292e+00 2.228587618640705514e+01
1.353823916435241699e+03 3.666111880855738914e+00 2.107083910641804181e+01
1.353852652788162231e+03 3.454105410931730180e+00 1.948079058198797853e+01
1.353881149530410767e+03 4.040123294778283025e+00 2.387592471083712198e+01
1.353909611701965332e+03 3.582109317300943285e+00 2.044081987975707548e+01
1.353952393054962158e+03 4.036123172704245476e+00 2.384592379528184125e+01
1.353972149133682251e+03 3.894118839075899619e+00 2.278089129306924931e+01
1.354011703491210938e+03 3.448105227820673413e+00 1.943578920865504855e+01
1.354036028623580933e+03 3.590109561449018827e+00 2.050082171086764049e+01
1.354047833442687988e+03 4.058123844111453771e+00 2.401092883083590124e+01
1.354059070110321045e+03 3.440104983672597427e+00 1.937578737754447999e+01
1.354070031881332397e+03 3.950120548112430185e+00 2.320090411084322568e+01
1.354081448078155518e+03 3.662111758781700921e+00 2.104083819086275398e+01
1.354123675584793091e+03 3.758114688558610972e+00 2.176086016418958025e+01
1.354147764444351196e+03 3.368102786339914889e+00 1.883577089754936296e+01
1.354161715745925903e+03 3.512107181005279521e+00 1.991580385753959348e+01
1.354180688142776489e+03 3.398103701895199613e+00 1.906077776421399506e+01
1.354194748640060425e+03 3.704113040559099179e+00 2.135584780419324602e+01
1.354208388328552246e+03 4.022122745445112280e+00 2.374092059083833917e+01
1.354224882602691650e+03 3.882118472853786084e+00 2.269088854640339648e+01
1.354237996101379395e+03 3.408104007080293929e+00 1.913578005310220576e+01
1.354252337932586670e+03 3.766114932706686513e+00 2.182086199530014881e+01
1.354294026851654053e+03 3.848117435224463367e+00 2.243588076418347654e+01
1.354517699956893921e+03 3.488106448561052453e+00 1.973579836420789135e+01
1.354577919006347656e+03 4.022122745445112280e+00 2.374092059083833917e+01
1.354591743707656860e+03 3.928119876705221447e+00 2.303589907528916214e+01
1.354613817691802979e+03 3.982121524704733684e+00 2.344091143528550347e+01
1.354642734050750732e+03 4.030122989593188265e+00 2.380092242194891128e+01
1.354671869039535522e+03 3.536107913449507034e+00 2.009580935087130626e+01
1.354687541723251343e+03 3.706113101596117954e+00 2.137084826197088461e+01
1.354704578876495361e+03 3.610110171819208347e+00 2.065082628864406189e+01
1.354719794988632202e+03 3.406103946043275599e+00 1.912077959532456362e+01
1.354769252061843872e+03 3.736114017151402678e+00 2.159585512863552026e+01
1.354787108659744263e+03 3.596109744560075594e+00 2.054582308420057046e+01
1.354802625179290771e+03 3.614110293893246340e+00 2.068082720419934972e+01
1.354817749500274658e+03 3.500106814783165987e+00 1.982580111087374419e+01
1.354835287809371948e+03 4.022122745445112280e+00 2.374092059083833917e+01
1.354852007389068604e+03 4.042123355815301800e+00 2.389092516861476057e+01
1.354869285106658936e+03 4.016122562334055957e+00 2.369591921750541985e+01
1.354884172439575195e+03 3.712113284707175165e+00 2.141584963530381458e+01
1.354925984859466553e+03 3.338101870784631053e+00 1.861076403088473086e+01
1.355149732828140259e+03 4.018122623371074731e+00 2.371091967528305844e+01
1.355211103439331055e+03 3.564108767967772540e+00 2.030581575975829622e+01
1.355224488496780396e+03 3.734113956114383459e+00 2.158085467085787812e+01
1.355245864629745483e+03 3.740114139225440226e+00 2.162585604419080099e+01
1.355280475139617920e+03 4.058123844111453771e+00 2.401092883083590124e+01
1.355308814048767090e+03 3.560108645893734547e+00 2.027581484420300839e+01
1.355338662862777710e+03 3.946120426038392637e+00 2.317090319528794140e+01
1.355374697208404541e+03 3.602109927671132361e+00 2.059082445753348978e+01
1.355400398731231689e+03 4.034123111667225814e+00 2.383092333750419201e+01
1.355434762001037598e+03 3.352102298043763362e+00 1.871576723532822228e+01
1.355459320545196533e+03 3.854117618335520579e+00 2.248088213751640652e+01
1.355471637725830078e+03 3.802116031373028004e+00 2.209087023529771088e+01
1.355486362934112549e+03 3.790115665150914026e+00 2.200086748863185448e+01
1.355501751184463501e+03 3.402103823969237606e+00 1.909077867976928289e+01
1.355561310052871704e+03 3.344102053895687376e+00 1.865576540421765372e+01
1.355571496248245239e+03 3.760114749595630190e+00 2.177586062196722949e+01
1.355584996461868286e+03 3.800115970336009230e+00 2.207586977752007229e+01
1.355599312782287598e+03 3.370102847376934108e+00 1.885077135532700510e+01
1.355612434148788452e+03 3.888118655964842407e+00 2.273588991973631934e+01
1.355626647472381592e+03 3.894118839075899619e+00 2.278089129306924931e+01
1.355641567230224609e+03 3.432104739524521442e+00 1.931578554643390788e+01
1.355655177116394043e+03 3.596109744560075594e+00 2.054582308420057046e+01
1.355668651103973389e+03 4.040123294778283025e+00 2.387592471083712198e+01
1.355688723564147949e+03 3.766114932706686513e+00 2.182086199530014881e+01
1.355908562660217285e+03 3.508107058931241973e+00 1.988580294198431275e+01
1.355939020872116089e+03 3.848117435224463367e+00 2.243588076418347654e+01
1.355995690345764160e+03 3.388103396710104409e+00 1.898577547532578436e+01
1.356009196519851685e+03 4.002122135074922760e+00 2.359091601306191777e+01
1.356021698236465454e+03 3.590109561449018827e+00 2.050082171086764049e+01
1.356032624244689941e+03 3.620110477004303107e+00 2.072582857753227259e+01
1.356043624877929688e+03 3.844117313150425375e+00 2.240587984862818871e+01
1.356053464412689209e+03 3.594109683523056376e+00 2.053082262642292122e+01
1.356063256978988647e+03 3.898118961149937611e+00 2.281089220862453004e+01
1.356079360485076904e+03 3.554108462782677780e+00 2.023081347087008552e+01
1.356090324401855469e+03 3.800115970336009230e+00 2.207586977752007229e+01
1.356100366592407227e+03 3.594109683523056376e+00 2.053082262642292122e+01
1.356110649585723877e+03 3.812116336558122764e+00 2.216587252418592158e+01
1.356120380401611328e+03 3.616110354930265114e+00 2.069582766197699186e+01
1.356147068262100220e+03 3.748114383373516212e+00 2.168585787530136955e+01
1.356170551538467407e+03 3.198097598193304414e+00 1.756073198644978106e+01
1.356194218158721924e+03 3.782115421002838040e+00 2.194086565752128237e+01
1.356207389354705811e+03 3.998122013000885211e+00 2.356091509750663704e+01
1.356218894481658936e+03 3.416104251228369915e+00 1.919578188421277787e+01
1.356231280088424683e+03 3.836117069002350277e+00 2.234587801751762726e+01
1.356241049766540527e+03 3.664111819818720139e+00 2.105583864864040322e+01
1.356250980377197266e+03 3.772115115817743725e+00 2.186586336863307878e+01
1.356262918233871460e+03 3.614110293893246340e+00 2.068082720419934972e+01
1.356274441003799438e+03 3.460105594042786947e+00 1.952579195532090139e+01
1.356284873485565186e+03 3.690112613299966426e+00 2.125084459974974749e+01
1.356295907258987427e+03 3.320101321451460752e+00 1.847575991088595870e+01
1.356306418180465698e+03 3.958120792260506171e+00 2.326090594195379424e+01
1.356322940826416016e+03 3.348102175969725369e+00 1.868576631977294156e+01
1.356333979606628418e+03 3.502106875820185206e+00 1.984080156865138989e+01
1.356345656156539917e+03 3.942120303964354644e+00 2.314090227973266067e+01
1.356375569581985474e+03 3.508107058931241973e+00 1.988580294198431275e+01
1.356404562473297119e+03 3.752114505447554205e+00 2.171585879085665738e+01
1.356421321868896484e+03 3.436104861598559435e+00 1.934578646198919927e+01
1.356434594869613647e+03 3.442105044709616646e+00 1.939078783532212569e+01
1.356446912050247192e+03 3.984121585741752458e+00 2.345591189306314561e+01
1.356459596633911133e+03 3.394103579821161620e+00 1.903077684865871433e+01
1.356499991178512573e+03 3.824116702780236299e+00 2.225587527085177442e+01
1.356526297092437744e+03 3.184097170934171661e+00 1.745572878200628963e+01
1.356544869899749756e+03 3.150096133304849388e+00 1.720072099978636970e+01
1.356558903455734253e+03 3.314101138340403541e+00 1.843075853755302873e+01
1.356575967311859131e+03 3.810116275521103546e+00 2.215087206640827588e+01
1.356590549230575562e+03 3.980121463667714465e+00 2.342591097750785778e+01
1.356608914375305176e+03 3.884118533890804859e+00 2.270588900418103862e+01
1.356628733873367310e+03 3.588109500412000052e+00 2.048582125308999835e+01
1.356868407726287842e+03 3.902119083223975604e+00 2.284089312417981787e+01
1.356900816440582275e+03 3.542108096560564245e+00 2.014081072420423268e+01
1.356963888883590698e+03 3.788115604113895252e+00 2.198586703085421235e+01
1.356977851390838623e+03 3.266099673451948515e+00 1.807074755088961382e+01
1.356988438367843628e+03 3.950120548112430185e+00 2.320090411084322568e+01
1.357001727581024170e+03 3.344102053895687376e+00 1.865576540421765372e+01
1.357015934705734253e+03 3.364102664265877340e+00 1.880576998199408223e+01
1.357043364048004150e+03 3.862117862483596564e+00 2.254088396862697508e+01
1.357077682733535767e+03 3.562108706930753765e+00 2.029081530198065408e+01
1.357107092142105103e+03 3.540108035523545027e+00 2.012581026642658699e+01
1.357136492013931274e+03 3.558108584856715773e+00 2.026081438642536625e+01
1.357181944131851196e+03 3.656111575670644598e+00 2.099583681752983466e+01
1.357198852539062500e+03 3.512107181005279521e+00 1.991580385753959348e+01
1.357226664543151855e+03 3.886118594927823633e+00 2.272088946195867720e+01
1.357263007402420044e+03 3.692112674336985645e+00 2.126584505752739318e+01
1.357278754711151123e+03 3.304100833155308781e+00 1.835575624866481803e+01
1.357294924259185791e+03 3.734113956114383459e+00 2.158085467085787812e+01
1.357310861587524414e+03 3.944120365001373418e+00 2.315590273751030281e+01
1.357327709674835205e+03 3.798115909298990012e+00 2.206086931974242304e+01
1.357372550964355469e+03 3.810116275521103546e+00 2.215087206640827588e+01
1.357390307903289795e+03 3.964120975371562938e+00 2.330590731528672421e+01
1.357404544591903687e+03 3.600109866634113587e+00 2.057582399975585119e+01
1.357418749809265137e+03 3.328101565599536293e+00 1.853576174199652016e+01
1.357432952880859375e+03 3.872118167668690880e+00 2.261588625751517867e+01
1.357449252605438232e+03 4.000122074037903985e+00 2.357591555528427918e+01
1.357462055444717407e+03 3.534107852412488260e+00 2.008080889309366412e+01
1.357477124214172363e+03 3.442105044709616646e+00 1.939078783532212569e+01
1.357491755723953247e+03 3.958120792260506171e+00 2.326090594195379424e+01
1.357728870153427124e+03 3.974121280556657698e+00 2.338090960417493491e+01
1.357759440660476685e+03 3.740114139225440226e+00 2.162585604419080099e+01
1.357816218137741089e+03 3.274099917600024501e+00 1.813074938200018593e+01
1.357829878807067871e+03 3.926119815668203117e+00 2.302089861751152000e+01
1.357856418609619141e+03 3.992121829889828000e+00 2.351591372417370707e+01
1.357900218725204468e+03 3.580109256263924067e+00 2.042581942197942979e+01
1.357914555788040161e+03 3.746114322336496993e+00 2.167085741752372741e+01
1.357927454471588135e+03 4.038123233741264251e+00 2.386092425305947984e+01
1.357944796085357666e+03 3.390103457747123628e+00 1.900077593310342650e+01
1.357976935386657715e+03 3.394103579821161620e+00 1.903077684865871433e+01
1.358011547088623047e+03 3.342101992858669046e+00 1.864076494644001869e+01
1.358026803731918335e+03 3.944120365001373418e+00 2.315590273751030281e+01
1.358040849447250366e+03 3.372102908413952882e+00 1.886577181310464368e+01
1.358059576988220215e+03 3.418104312265389133e+00 1.921078234199041646e+01
1.358073759317398071e+03 3.824116702780236299e+00 2.225587527085177442e+01
1.358092655658721924e+03 3.956120731223486953e+00 2.324590548417615565e+01
1.358108471632003784e+03 4.022122745445112280e+00 2.374092059083833917e+01
1.358123637676239014e+03 3.816116458632160757e+00 2.219587343974120586e+01
1.358163523435592651e+03 3.332101687673573842e+00 1.856576265755180088e+01
1.358396591186523438e+03 3.806116153447065553e+00 2.212087115085299160e+01
1.358455852031707764e+03 3.380103152562028868e+00 1.892577364421521580e+01
1.358470572233200073e+03 3.928119876705221447e+00 2.303589907528916214e+01
1.358495071411132812e+03 4.032123050630207040e+00 2.381592287972654987e+01
1.358521277427673340e+03 3.866117984557634113e+00 2.257088488418225580e+01
1.358550782442092896e+03 3.402103823969237606e+00 1.909077867976928289e+01
1.358579780817031860e+03 3.958120792260506171e+00 2.326090594195379424e+01
1.358622425317764282e+03 3.436104861598559435e+00 1.934578646198919927e+01
1.358638911247253418e+03 3.594109683523056376e+00 2.053082262642292122e+01
1.358658493518829346e+03 3.956120731223486953e+00 2.324590548417615565e+01
1.358684329748153687e+03 3.340101931821649828e+00 1.862576448866237300e+01
1.358711354017257690e+03 3.896118900112918393e+00 2.279589175084689145e+01
1.358725700616836548e+03 3.844117313150425375e+00 2.240587984862818871e+01
1.358743509054183960e+03 3.396103640858180395e+00 1.904577730643635647e+01
1.358755983591079712e+03 3.526107608264412718e+00 2.002080706198309201e+01
1.358813954114913940e+03 3.842117252113407044e+00 2.239087939085055368e+01
1.358827463150024414e+03 4.016122562334055957e+00 2.369591921750541985e+01
1.358840837717056274e+03 3.412104129154331922e+00 1.916578096865748648e+01
1.358855874061584473e+03 3.338101870784631053e+00 1.861076403088473086e+01
1.358869662761688232e+03 4.036123172704245476e+00 2.384592379528184125e+01
1.358883239984512329e+03 3.626110660115359874e+00 2.077082995086519901e+01
1.358897240638732910e+03 3.402103823969237606e+00 1.909077867976928289e+01
1.358911447048187256e+03 3.772115115817743725e+00 2.186586336863307878e+01
1.358925014257431030e+03 4.032123050630207040e+00 2.381592287972654987e+01
1.359159864664077759e+03 3.418104312265389133e+00 1.921078234199041646e+01
1.359192659616470337e+03 3.956120731223486953e+00 2.324590548417615565e+01
1.359249237298965454e+03 3.980121463667714465e+00 2.342591097750785778e+01
1.359262451648712158e+03 3.586109439374980834e+00 2.047082079531235621e+01
1.359293853282928467e+03 3.826116763817255073e+00 2.227087572862941300e+01
1.359323415040969849e+03 3.460105594042786947e+00 1.952579195532090139e+01
1.359344280242919922e+03 3.438104922635578653e+00 1.936078691976683785e+01
1.359360499382019043e+03 3.604109988708151580e+00 2.060582491531113902e+01
1.359374287843704224e+03 3.758114688558610972e+00 2.176086016418958025e+01
1.359389787912368774e+03 4.004122196111942422e+00 2.360591647083956701e+01
1.359446960210800171e+03 3.602109927671132361e+00 2.059082445753348978e+01
1.359461567163467407e+03 3.376103030487990875e+00 1.889577272865993507e+01
1.359475499629974365e+03 3.716113406781213158e+00 2.144585055085909886e+01
1.359490803718566895e+03 3.836117069002350277e+00 2.234587801751762726e+01
1.359503742933273315e+03 3.704113040559099179e+00 2.135584780419324602e+01
1.359517798662185669e+03 3.542108096560564245e+00 2.014081072420423268e+01
1.359533453464508057e+03 3.856117679372539353e+00 2.249588259529404866e+01
1.359547596693038940e+03 4.018122623371074731e+00 2.371091967528305844e+01
1.359578820943832397e+03 3.680112308114871666e+00 2.117584231086153679e+01
1.359799740791320801e+03 3.912119388409069920e+00 2.291589541306802147e+01
1.359830927848815918e+03 3.868118045594652887e+00 2.258588534195989794e+01
1.359887299776077271e+03 3.998122013000885211e+00 2.356091509750663704e+01
1.359902441263198853e+03 3.540108035523545027e+00 2.012581026642658699e+01
1.359927523612976074e+03 3.602109927671132361e+00 2.059082445753348978e+01
1.359961656332015991e+03 3.872118167668690880e+00 2.261588625751517867e+01
1.359992693185806274e+03 3.408104007080293929e+00 1.913578005310220576e+01
1.360046489715576172e+03 3.796115848261971237e+00 2.204586886196478446e+01
1.360067002296447754e+03 3.402103823969237606e+00 1.909077867976928289e+01
1.360098278045654297e+03 3.890118717001861626e+00 2.275089037751396148e+01
1.360126235485076904e+03 3.598109805597094368e+00 2.056082354197820905e+01
1.360138637304306030e+03 3.404103885006256380e+00 1.910577913754692503e+01
1.360154293298721313e+03 3.998122013000885211e+00 2.356091509750663704e+01
1.360169653415679932e+03 4.038123233741264251e+00 2.386092425305947984e+01
1.360194734811782837e+03 3.574109073152867300e+00 2.038081804864650692e+01
1.360231283426284790e+03 3.588109500412000052e+00 2.048582125308999835e+01
1.360246489763259888e+03 3.868118045594652887e+00 2.258588534195989794e+01
1.360261933326721191e+03 3.516107303079317514e+00 1.994580477309488487e+01
1.360275392293930054e+03 3.584109378337962060e+00 2.045582033753471762e+01
1.360289881944656372e+03 4.036123172704245476e+00 2.384592379528184125e+01
1.360303799390792847e+03 3.694112735374004419e+00 2.128084551530503532e+01
1.360317880392074585e+03 3.402103823969237606e+00 1.909077867976928289e+01
1.360331069231033325e+03 4.012122440260018408e+00 2.366591830195013557e+01
1.360345743656158447e+03 3.904119144260994378e+00 2.285589358195746001e+01
1.360386181116104126e+03 3.452105349894710962e+00 1.946579012421032928e+01
1.360612280845642090e+03 4.030122989593188265e+00 2.380092242194891128e+01
1.360670851469039917e+03 3.856117679372539353e+00 2.249588259529404866e+01
1.360684610605239868e+03 3.840117191076387826e+00 2.237587893307290798e+01
1.360709517717361450e+03 3.716113406781213158e+00 2.144585055085909886e+01
1.360738233327865601e+03 4.074124332407604854e+00 2.413093249305703480e+01
1.360762143135070801e+03 3.410104068117313147e+00 1.915078051087984790e+01
1.360782379865646362e+03 3.424104495376445900e+00 1.925578371532334643e+01
1.360797468662261963e+03 3.356102420117801355e+00 1.874576815088351367e+01
1.360827665090560913e+03 3.774115176854762499e+00 2.188086382641072092e+01
1.360860611438751221e+03 4.022122745445112280e+00 2.374092059083833917e+01
1.360878893852233887e+03 3.342101992858669046e+00 1.864076494644001869e+01
1.360892500400543213e+03 3.896118900112918393e+00 2.279589175084689145e+01
1.360905748367309570e+03 3.906119205298013597e+00 2.287089403973509860e+01
1.360920002460479736e+03 3.430104678487502667e+00 1.930078508865626929e+01
1.360934689044952393e+03 3.746114322336496993e+00 2.167085741752372741e+01
1.360951052427291870e+03 3.946120426038392637e+00 2.317090319528794140e+01
1.360965876817703247e+03 3.898118961149937611e+00 2.281089220862453004e+01
1.360984738349914551e+03 3.356102420117801355e+00 1.874576815088351367e+01
1.361016869068145752e+03 3.562108706930753765e+00 2.029081530198065408e+01
1.361246193647384644e+03 3.884118533890804859e+00 2.270588900418103862e+01
1.361306498765945435e+03 3.394103579821161620e+00 1.903077684865871433e+01
1.361319922208786011e+03 3.376103030487990875e+00 1.889577272865993507e+01
1.361348717451095581e+03 3.502106875820185206e+00 1.984080156865138989e+01
1.361378350257873535e+03 3.956120731223486953e+00 2.324590548417615565e+01
1.361407676219940186e+03 3.752114505447554205e+00 2.171585879085665738e+01
1.361448343515396118e+03 3.900119022186956386e+00 2.282589266640217218e+01
1.361480897188186646e+03 3.482106265449995686e+00 1.969079699087496849e+01
1.361500738859176636e+03 3.784115482039857259e+00 2.195586611529893162e+01
1.361540238857269287e+03 3.372102908413952882e+00 1.886577181310464368e+01
1.361567819356918335e+03 3.494106631672109220e+00 1.978079973754082133e+01
1.361581865549087524e+03 3.434104800561540660e+00 1.933078600421155713e+01
1.361593420505523682e+03 3.580109256263924067e+00 2.042581942197942979e+01
1.361606898069381714e+03 4.006122257148961197e+00 2.362091692861720560e+01
1.361622073888778687e+03 3.394103579821161620e+00 1.903077684865871433e+01
1.361666825771331787e+03 3.406103946043275599e+00 1.912077959532456362e+01
1.361686866998672485e+03 3.384103274636066860e+00 1.895577455977050363e+01
1.361702253103256226e+03 3.448105227820673413e+00 1.943578920865504855e+01
1.361716767072677612e+03 3.586109439374980834e+00 2.047082079531235621e+01
1.361732214927673340e+03 3.878118350779748091e+00 2.266088763084810864e+01
1.361747337102890015e+03 3.906119205298013597e+00 2.287089403973509860e+01
1.361761391162872314e+03 3.548108279671621013e+00 2.018581209753715555e+01
1.361774764776229858e+03 3.592109622486038045e+00 2.051582216864528618e+01
1.361789429664611816e+03 4.064124027222510094e+00 2.405593020416882410e+01
1.361827631711959839e+03 3.672112063966796125e+00 2.111584047975097178e+01
1.362056577444076538e+03 3.596109744560075594e+00 2.054582308420057046e+01
1.362119642019271851e+03 4.024122806482131054e+00 2.375592104861598131e+01
1.362132639884948730e+03 3.842117252113407044e+00 2.239087939085055368e+01
1.362154446601867676e+03 4.000122074037903985e+00 2.357591555528427918e+01
1.362208351373672485e+03 3.504106936857203980e+00 1.985580202642903203e+01
1.362244135379791260e+03 3.946120426038392637e+00 2.317090319528794140e+01
1.362262727022171021e+03 3.460105594042786947e+00 1.952579195532090139e+01
1.362280663490295410e+03 3.292100466933195246e+00 1.826575350199896519e+01
1.362296669721603394e+03 3.696112796411023638e+00 2.129584597308267746e+01
1.362316592931747437e+03 3.830116885891293066e+00 2.230087664418469728e+01
1.362378728628158569e+03 3.484106326487014460e+00 1.970579744865261063e+01
1.362393777132034302e+03 3.758114688558610972e+00 2.176086016418958025e+01
1.362404826402664185e+03 3.920119632557145906e+00 2.297589724417859358e+01
1.362423143625259399e+03 3.398103701895199613e+00 1.906077776421399506e+01
1.362440614461898804e+03 3.360102542191839348e+00 1.877576906643879440e+01
1.362461123943328857e+03 3.470105899227881707e+00 1.960079424420911209e+01
1.362482195138931274e+03 3.544108157597583020e+00 2.015581118198187482e+01
1.362500021219253540e+03 3.512107181005279521e+00 1.991580385753959348e+01
1.362519378662109375e+03 3.470105899227881707e+00 1.960079424420911209e+01
1.362564206123352051e+03 3.318101260414441533e+00 1.846075945310830946e+01
1.362795856714248657e+03 3.840117191076387826e+00 2.237587893307290798e+01
1.362894075870513916e+03 4.094124942777795262e+00 2.428093707083346331e+01
1.362904874801635742e+03 3.986121646778771677e+00 2.347091235084078420e+01
1.362917907714843750e+03 3.298100650044252014e+00 1.831075487533188806e+01
1.362929724693298340e+03 3.926119815668203117e+00 2.302089861751152000e+01
1.362942992210388184e+03 3.546108218634602238e+00 2.017081163975951341e+01
1.362954243898391724e+03 3.536107913449507034e+00 2.009580935087130626e+01
1.362965271711349487e+03 3.884118533890804859e+00 2.270588900418103862e+01
1.362975949287414551e+03 3.350102237006744588e+00 1.870076677755058370e+01
1.362986337900161743e+03 4.092124881740776488e+00 2.426593661305582117e+01
1.363009294509887695e+03 3.610110171819208347e+00 2.065082628864406189e+01
1.363037582397460938e+03 3.954120670186468178e+00 2.323090502639851351e+01
1.363073967456817627e+03 3.556108523819696554e+00 2.024581392864772766e+01
1.363103824853897095e+03 4.032123050630207040e+00 2.381592287972654987e+01
1.363148705720901489e+03 3.452105349894710962e+00 1.946579012421032928e+01
1.363162081718444824e+03 3.414104190191351140e+00 1.918078142643513573e+01
1.363182610034942627e+03 3.652111453596606605e+00 2.096583590197455038e+01
1.363223662376403809e+03 3.368102786339914889e+00 1.883577089754936296e+01
1.363250563621520996e+03 3.550108340708640231e+00 2.020081255531480480e+01
1.363262991666793823e+03 3.768114993743705732e+00 2.183586245307779095e+01
1.363275288105010986e+03 3.586109439374980834e+00 2.047082079531235621e+01
1.363287413835525513e+03 4.006122257148961197e+00 2.362091692861720560e+01
1.363306812047958374e+03 3.458105533005768173e+00 1.951079149754325925e+01
1.363356053829193115e+03 3.806116153447065553e+00 2.212087115085299160e+01
1.363371770620346069e+03 3.952120609149448960e+00 2.321590456862086427e+01
1.363384871006011963e+03 3.800115970336009230e+00 2.207586977752007229e+01
1.363403268098831177e+03 3.436104861598559435e+00 1.934578646198919927e+01
1.363413511753082275e+03 3.548108279671621013e+00 2.018581209753715555e+01
1.363426483154296875e+03 3.868118045594652887e+00 2.258588534195989794e+01
1.363440081357955933e+03 3.378103091525010093e+00 1.891077318643757366e+01
1.363459183692932129e+03 3.472105960264900482e+00 1.961579470198675068e+01
1.363504141092300415e+03 3.940120242927335426e+00 2.312590182195501498e+01
1.363732721328735352e+03 3.982121524704733684e+00 2.344091143528550347e+01
1.363792481184005737e+03 3.726113711966307473e+00 2.152085283974730601e+01
1.363806113481521606e+03 3.804116092410046779e+00 2.210587069307535302e+01
1.363834194183349609e+03 3.584109378337962060e+00 2.045582033753471762e+01
1.363876043796539307e+03 3.370102847376934108e+00 1.885077135532700510e+01
1.363896910190582275e+03 3.728113773003326692e+00 2.153585329752494815e+01
1.363912890911102295e+03 3.870118106631672106e+00 2.260088579973754008e+01
1.363929412364959717e+03 4.054123722037416222e+00 2.398092791528062051e+01
1.363977325201034546e+03 3.604109988708151580e+00 2.060582491531113902e+01
1.363993566751480103e+03 3.572109012115848525e+00 2.036581759086886478e+01
1.364009587764739990e+03 3.970121158482619705e+00 2.335090868861964708e+01
1.364025550842285156e+03 3.852117557298501360e+00 2.246588167973875727e+01
1.364039190053939819e+03 3.372102908413952882e+00 1.886577181310464368e+01
1.364053551435470581e+03 3.774115176854762499e+00 2.188086382641072092e+01
1.364067208766937256e+03 3.864117923520615339e+00 2.255588442640461722e+01
1.364082907199859619e+03 3.466105777153844159e+00 1.957079332865382781e+01
1.364102627754211426e+03 3.308100955229346773e+00 1.838575716422009876e+01
1.364119073629379272e+03 3.536107913449507034e+00 2.009580935087130626e+01
1.364145265579223633e+03 3.618110415967283888e+00 2.071082811975463045e+01
1.364386881589889526e+03 3.756114627521592197e+00 2.174585970641194166e+01
1.364481943607330322e+03 3.782115421002838040e+00 2.194086565752128237e+01
1.364516253948211670e+03 3.512107181005279521e+00 1.991580385753959348e+01
1.364542144536972046e+03 3.870118106631672106e+00 2.260088579973754008e+01
1.364574097871780396e+03 3.282100161748100042e+00 1.819075121311074739e+01
1.364615963935852051e+03 3.400103762932218388e+00 1.907577822199163720e+01
1.364672071695327759e+03 3.310101016266365548e+00 1.840075762199774090e+01
1.364685919284820557e+03 3.774115176854762499e+00 2.188086382641072092e+01
1.364698692798614502e+03 3.378103091525010093e+00 1.891077318643757366e+01
1.364712280273437500e+03 3.856117679372539353e+00 2.249588259529404866e+01
1.364726174354553223e+03 3.810116275521103546e+00 2.215087206640827588e+01
1.364739315271377563e+03 3.318101260414441533e+00 1.846075945310830946e+01
1.364752503395080566e+03 3.664111819818720139e+00 2.105583864864040322e+01
1.364765236854553223e+03 3.766114932706686513e+00 2.182086199530014881e+01
1.364788595676422119e+03 3.272099856563005726e+00 1.811574892422254379e+01
1.364801757812500000e+03 3.416104251228369915e+00 1.919578188421277787e+01
1.364812460899353027e+03 3.690112613299966426e+00 2.125084459974974749e+01
1.364824151515960693e+03 3.762114810632648521e+00 2.179086107974486097e+01
1.364837048053741455e+03 3.364102664265877340e+00 1.880576998199408223e+01
1.364860270023345947e+03 3.708113162633137172e+00 2.138584871974852675e+01
1.364882995128631592e+03 3.356102420117801355e+00 1.874576815088351367e+01
1.364899773597717285e+03 3.242098941007721002e+00 1.789074205755790459e+01
1.364913418531417847e+03 3.526107608264412718e+00 2.002080706198309201e+01
1.364923326492309570e+03 3.844117313150425375e+00 2.240587984862818871e+01
1.364936650753021240e+03 3.328101565599536293e+00 1.853576174199652016e+01
1.364947863578796387e+03 3.978121402630695691e+00 2.341091051973021564e+01
1.364978468179702759e+03 3.384103274636066860e+00 1.895577455977050363e+01
1.365023812294006348e+03 3.454105410931730180e+00 1.948079058198797853e+01
1.365074651956558228e+03 3.394103579821161620e+00 1.903077684865871433e+01
1.365093460798263550e+03 3.888118655964842407e+00 2.273588991973631934e+01
1.365106247425079346e+03 3.994121890926847218e+00 2.353091418195135631e+01
1.365125580549240112e+03 3.376103030487990875e+00 1.889577272865993507e+01
1.365203882932662964e+03 3.864117923520615339e+00 2.255588442640461722e+01
1.365223586320877075e+03 3.556108523819696554e+00 2.024581392864772766e+01
1.365240122795104980e+03 3.268099734488967734e+00 1.808574800866725596e+01
1.365260146617889404e+03 3.286100283822138035e+00 1.822075212866603522e+01
1.365287636995315552e+03 3.338101870784631053e+00 1.861076403088473086e+01
1.365304305315017700e+03 3.306100894192327555e+00 1.837075670644245662e+01
1.365317164659500122e+03 3.396103640858180395e+00 1.904577730643635647e+01
1.365335829496383667e+03 3.474106021301919700e+00 1.963079515976439993e+01
1.365350919961929321e+03 3.930119937742240666e+00 2.305089953306680428e+01
1.365643636465072632e+03 3.344102053895687376e+00 1.865576540421765372e+01
1.365681504011154175e+03 3.954120670186468178e+00 2.323090502639851351e+01
1.365764453172683716e+03 3.824116702780236299e+00 2.225587527085177442e+01
1.365778335571289062e+03 3.330101626636555068e+00 1.855076219977416230e+01
1.365790174245834351e+03 3.958120792260506171e+00 2.326090594195379424e+01
1.365815047740936279e+03 3.904119144260994378e+00 2.285589358195746001e+01
1.365844568490982056e+03 3.922119693594165124e+00 2.299089770195623927e+01
1.365884777307510376e+03 4.014122501297037182e+00 2.368091875972777771e+01
1.365915947198867798e+03 3.534107852412488260e+00 2.008080889309366412e+01
1.365952849149703979e+03 3.828116824854274292e+00 2.228587618640705514e+01
1.365973012208938599e+03 3.886118594927823633e+00 2.272088946195867720e+01
1.366014535665512085e+03 3.948120487075411411e+00 2.318590365306558354e+01
1.366040563821792603e+03 3.584109378337962060e+00 2.045582033753471762e+01
1.366054623842239380e+03 3.550108340708640231e+00 2.020081255531480480e+01
1.366066012859344482e+03 4.050123599963377785e+00 2.395092699972533268e+01
1.366083848476409912e+03 3.398103701895199613e+00 1.906077776421399506e+01
1.366125875711441040e+03 3.486106387524033678e+00 1.972079790643024921e+01
1.366153946638107300e+03 3.512107181005279521e+00 1.991580385753959348e+01
1.366168184280395508e+03 3.944120365001373418e+00 2.315590273751030281e+01
1.366183515548706055e+03 3.590109561449018827e+00 2.050082171086764049e+01
1.366198100328445435e+03 3.460105594042786947e+00 1.952579195532090139e+01
1.366217268943786621e+03 3.918119571520127131e+00 2.296089678640095144e+01
1.366247677803039551e+03 3.690112613299966426e+00 2.125084459974974749e+01
1.366271005868911743e+03 3.368102786339914889e+00 1.883577089754936296e+01
1.366516874790191650e+03 3.696112796411023638e+00 2.129584597308267746e+01
1.366549632072448730e+03 3.632110843226417085e+00 2.081583132419812898e+01
1.366607133388519287e+03 4.094124942777795262e+00 2.428093707083346331e+01
1.366622185230255127e+03 3.386103335673085635e+00 1.897077501754814222e+01
1.366643261909484863e+03 3.628110721152379092e+00 2.078583040864284115e+01
1.366677200317382812e+03 3.494106631672109220e+00 1.978079973754082133e+01
1.366702903747558594e+03 3.818116519669179532e+00 2.221087389751884444e+01
1.366714261054992676e+03 3.600109866634113587e+00 2.057582399975585119e+01
1.366726402997970581e+03 4.032123050630207040e+00 2.381592287972654987e+01
1.366737126111984253e+03 3.380103152562028868e+00 1.892577364421521580e+01
1.366748388290405273e+03 4.018122623371074731e+00 2.371091967528305844e+01
1.366777781009674072e+03 3.606110049745170354e+00 2.062082537308877761e+01
1.366830855846405029e+03 3.400103762932218388e+00 1.907577822199163720e+01
1.366868972063064575e+03 3.780115359965819710e+00 2.192586519974365089e+01
1.366908614873886108e+03 3.580109256263924067e+00 2.042581942197942979e+01
1.366926354646682739e+03 3.510107119968261191e+00 1.990080339976196200e+01
1.366955185651779175e+03 3.404103885006256380e+00 1.910577913754692503e+01
1.367003329038619995e+03 4.016122562334055957e+00 2.369591921750541985e+01
