1.305429993152618408e+03 3.314101138340403541e+00 1.843075853755302873e+01
1.305444750070571899e+03 3.612110232856227565e+00 2.066582674642170758e+01
1.305459918737411499e+03 3.324101443525498301e+00 1.850576082644123943e+01
1.305472592830657959e+03 3.938120181890316651e+00 2.311090136417737284e+01
1.305483081579208374e+03 3.498106753746147213e+00 1.981080065309610205e+01
1.305495701313018799e+03 3.656111575670644598e+00 2.099583681752983466e+01
1.305511911392211914e+03 3.960120853297524945e+00 2.327590639973143638e+01
1.305528936147689819e+03 3.566108829004791758e+00 2.032081621753593481e+01
1.305544719219207764e+03 3.510107119968261191e+00 1.990080339976196200e+01
1.305560591459274292e+03 3.554108462782677780e+00 2.023081347087008552e+01
1.305619014739990234e+03 3.988121707815790451e+00 2.348591280861842634e+01
1.305629966497421265e+03 4.032123050630207040e+00 2.381592287972654987e+01
1.305652690649032593e+03 3.388103396710104409e+00 1.898577547532578436e+01
1.305667255401611328e+03 3.548108279671621013e+00 2.018581209753715555e+01
1.305681325197219849e+03 3.350102237006744588e+00 1.870076677755058370e+01
1.305697255849838257e+03 3.884118533890804859e+00 2.270588900418103862e+01
1.305719059467315674e+03 4.036123172704245476e+00 2.384592379528184125e+01
1.305732516050338745e+03 4.000122074037903985e+00 2.357591555528427918e+01
1.305751662492752075e+03 3.620110477004303107e+00 2.072582857753227259e+01
1.305877658367156982e+03 3.468105838190862933e+00 1.958579378643146995e+01
1.305909200191497803e+03 3.384103274636066860e+00 1.895577455977050363e+01
1.305965448379516602e+03 3.702112979522079961e+00 2.134084734641559677e+01
1.305978554725646973e+03 3.524107547227393500e+00 2.000580660420545343e+01
1.306008328914642334e+03 3.394103579821161620e+00 1.903077684865871433e+01
1.306042399406433105e+03 3.986121646778771677e+00 2.347091235084078420e+01
1.306064395189285278e+03 3.616110354930265114e+00 2.069582766197699186e+01
1.306080320596694946e+03 3.358102481154820573e+00 1.876076860866115226e+01
1.306096980333328247e+03 3.982121524704733684e+00 2.344091143528550347e+01
1.306113142728805542e+03 3.970121158482619705e+00 2.335090868861964708e+01
1.306163025379180908e+03 3.566108829004791758e+00 2.032081621753593481e+01
1.306191969633102417e+03 3.496106692709127994e+00 1.979580019531846347e+01
1.306211414813995361e+03 3.650111392559587387e+00 2.095083544419690469e+01
1.306227453231811523e+03 3.392103518784142402e+00 1.901577639088106508e+01
1.306246111154556274e+03 3.308100955229346773e+00 1.838575716422009876e+01
1.306258787155151367e+03 3.554108462782677780e+00 2.023081347087008552e+01
1.306271833419799805e+03 3.992121829889828000e+00 2.351591372417370707e+01
1.306287153005599976e+03 3.626110660115359874e+00 2.077082995086519901e+01
1.306419459104537964e+03 3.974121280556657698e+00 2.338090960417493491e+01
1.306451389789581299e+03 4.014122501297037182e+00 2.368091875972777771e+01
1.306507284879684448e+03 3.840117191076387826e+00 2.237587893307290798e+01
1.306521686077117920e+03 3.332101687673573842e+00 1.856576265755180088e+01
1.306539909124374390e+03 3.452105349894710962e+00 1.946579012421032928e+01
1.306568506956100464e+03 3.644111209448530619e+00 2.090583407086398182e+01
1.306597177505493164e+03 3.598109805597094368e+00 2.056082354197820905e+01
1.306625866889953613e+03 3.992121829889828000e+00 2.351591372417370707e+01
1.306673180580139160e+03 3.400103762932218388e+00 1.907577822199163720e+01
1.306703780651092529e+03 3.754114566484572979e+00 2.173085924863429952e+01
1.306737051486968994e+03 3.836117069002350277e+00 2.234587801751762726e+01
1.306752854108810425e+03 4.028122928556169491e+00 2.378592196417126914e+01
1.306763799667358398e+03 3.666111880855738914e+00 2.107083910641804181e+01
1.306776809215545654e+03 3.734113956114383459e+00 2.158085467085787812e+01
1.306803088426589966e+03 4.008122318185979971e+00 2.363591738639484774e+01
1.306820831775665283e+03 3.842117252113407044e+00 2.239087939085055368e+01
1.306889695882797241e+03 3.508107058931241973e+00 1.988580294198431275e+01
1.306907115697860718e+03 3.842117252113407044e+00 2.239087939085055368e+01
1.306922772884368896e+03 3.398103701895199613e+00 1.906077776421399506e+01
1.306941535711288452e+03 3.884118533890804859e+00 2.270588900418103862e+01
1.306955766439437866e+03 3.994121890926847218e+00 2.353091418195135631e+01
1.306970134735107422e+03 4.024122806482131054e+00 2.375592104861598131e+01
1.306992251157760620e+03 3.420104373302407907e+00 1.922578279976805860e+01
1.307034504175186157e+03 3.854117618335520579e+00 2.248088213751640652e+01
1.307152303695678711e+03 4.032123050630207040e+00 2.381592287972654987e+01
1.307212841749191284e+03 3.560108645893734547e+00 2.027581484420300839e+01
1.307226013422012329e+03 3.588109500412000052e+00 2.048582125308999835e+01
1.307244268178939819e+03 3.414104190191351140e+00 1.918078142643513573e+01
1.307285866737365723e+03 3.782115421002838040e+00 2.194086565752128237e+01
1.307313506841659546e+03 3.916119510483107913e+00 2.294589632862331285e+01
1.307327068567276001e+03 3.696112796411023638e+00 2.129584597308267746e+01
1.307338455438613892e+03 3.414104190191351140e+00 1.918078142643513573e+01
1.307354210615158081e+03 4.034123111667225814e+00 2.383092333750419201e+01
1.307370090007781982e+03 4.042123355815301800e+00 2.389092516861476057e+01
1.307414488315582275e+03 3.494106631672109220e+00 1.978079973754082133e+01
1.307435554265975952e+03 4.022122745445112280e+00 2.374092059083833917e+01
1.307449529170989990e+03 3.900119022186956386e+00 2.282589266640217218e+01
1.307461863994598389e+03 3.416104251228369915e+00 1.919578188421277787e+01
1.307474549293518066e+03 3.916119510483107913e+00 2.294589632862331285e+01
1.307492316007614136e+03 4.002122135074922760e+00 2.359091601306191777e+01
1.307513896226882935e+03 4.040123294778283025e+00 2.387592471083712198e+01
1.307529865026473999e+03 3.670112002929776907e+00 2.110084002197332609e+01
1.307661221742630005e+03 3.600109866634113587e+00 2.057582399975585119e+01
1.307692948341369629e+03 3.702112979522079961e+00 2.134084734641559677e+01
1.307752769947052002e+03 4.000122074037903985e+00 2.357591555528427918e+01
1.307772247314453125e+03 3.796115848261971237e+00 2.204586886196478446e+01
1.307788866758346558e+03 3.570108951078829751e+00 2.035081713309122620e+01
1.307817585945129395e+03 3.698112857448042412e+00 2.131084643086031605e+01
1.307846206665039062e+03 4.052123661000397448e+00 2.396592745750297837e+01
1.307876738071441650e+03 3.444105105746635420e+00 1.940578829309976783e+01
1.307912097215652466e+03 4.040123294778283025e+00 2.387592471083712198e+01
1.307937877416610718e+03 3.546108218634602238e+00 2.017081163975951341e+01
1.307973009586334229e+03 3.554108462782677780e+00 2.023081347087008552e+01
1.307995381593704224e+03 3.600109866634113587e+00 2.057582399975585119e+01
1.308011123180389404e+03 4.094124942777795262e+00 2.428093707083346331e+01
1.308026592969894409e+03 3.430104678487502667e+00 1.930078508865626929e+01
1.308039522409439087e+03 3.476106082338938474e+00 1.964579561754204207e+01
1.308069881677627563e+03 4.004122196111942422e+00 2.360591647083956701e+01
1.308110609769821167e+03 3.858117740409558571e+00 2.251088305307168724e+01
1.308126753807067871e+03 3.638111026337473408e+00 2.086083269753105185e+01
1.308141789674758911e+03 3.420104373302407907e+00 1.922578279976805860e+01
1.308155193328857422e+03 4.010122379222998745e+00 2.365091784417248988e+01
1.308173084974288940e+03 3.882118472853786084e+00 2.269088854640339648e+01
1.308188293218612671e+03 3.726113711966307473e+00 2.152085283974730601e+01
1.308209697961807251e+03 3.710113223670155946e+00 2.140084917752616889e+01
1.308254871845245361e+03 3.650111392559587387e+00 2.095083544419690469e+01
1.308368845939636230e+03 3.890118717001861626e+00 2.275089037751396148e+01
1.308429076433181763e+03 3.390103457747123628e+00 1.900077593310342650e+01
1.308442295789718628e+03 3.378103091525010093e+00 1.891077318643757366e+01
1.308464786529541016e+03 3.806116153447065553e+00 2.212087115085299160e+01
1.308493566751480103e+03 3.378103091525010093e+00 1.891077318643757366e+01
1.308521103143692017e+03 4.094124942777795262e+00 2.428093707083346331e+01
1.308533237218856812e+03 4.026122867519149828e+00 2.377092150639362345e+01
1.308544529199600220e+03 3.716113406781213158e+00 2.144585055085909886e+01
1.308557903528213501e+03 3.592109622486038045e+00 2.051582216864528618e+01
1.308573892593383789e+03 4.094124942777795262e+00 2.428093707083346331e+01
1.308587019681930542e+03 3.742114200262459001e+00 2.164085650196843957e+01
1.308630535364151001e+03 3.950120548112430185e+00 2.320090411084322568e+01
1.308648746728897095e+03 3.652111453596606605e+00 2.096583590197455038e+01
1.308666496753692627e+03 3.442105044709616646e+00 1.939078783532212569e+01
1.308682144403457642e+03 3.546108218634602238e+00 2.017081163975951341e+01
1.308699506998062134e+03 3.718113467818231932e+00 2.146085100863673745e+01
1.308713312864303589e+03 4.022122745445112280e+00 2.374092059083833917e+01
1.308736175298690796e+03 4.094124942777795262e+00 2.428093707083346331e+01
1.308771104097366333e+03 4.070124210333567305e+00 2.410093157750175408e+01
1.308881304979324341e+03 3.872118167668690880e+00 2.261588625751517867e+01
1.308912991046905518e+03 3.714113345744193939e+00 2.143085009308145672e+01
1.308970417737960815e+03 4.072124271370586079e+00 2.411593203527939266e+01
1.308996896743774414e+03 3.698112857448042412e+00 2.131084643086031605e+01
1.309031772375106812e+03 3.962120914334544164e+00 2.329090685750908207e+01
1.309060657262802124e+03 3.852117557298501360e+00 2.246588167973875727e+01
1.309090504407882690e+03 3.606110049745170354e+00 2.062082537308877761e+01
1.309125882625579834e+03 3.712113284707175165e+00 2.141584963530381458e+01
1.309151358366012573e+03 3.602109927671132361e+00 2.059082445753348978e+01
1.309185038566589355e+03 4.012122440260018408e+00 2.366591830195013557e+01
1.309204885959625244e+03 3.406103946043275599e+00 1.912077959532456362e+01
1.309220549106597900e+03 3.608110110782189572e+00 2.063582583086641975e+01
1.309234029054641724e+03 4.018122623371074731e+00 2.371091967528305844e+01
1.309245851039886475e+03 3.704113040559099179e+00 2.135584780419324602e+01
1.309260558843612671e+03 3.526107608264412718e+00 2.002080706198309201e+01
1.309289444208145142e+03 4.038123233741264251e+00 2.386092425305947984e+01
1.309324355840682983e+03 3.842117252113407044e+00 2.239087939085055368e+01
1.309339192628860474e+03 3.768114993743705732e+00 2.183586245307779095e+01
1.309354677200317383e+03 3.956120731223486953e+00 2.324590548417615565e+01
1.309367478132247925e+03 3.912119388409069920e+00 2.291589541306802147e+01
1.309384068727493286e+03 3.496106692709127994e+00 1.979580019531846347e+01
1.309397740602493286e+03 3.798115909298990012e+00 2.206086931974242304e+01
1.309412314414978027e+03 4.094124942777795262e+00 2.428093707083346331e+01
1.309426985502243042e+03 3.554108462782677780e+00 2.023081347087008552e+01
1.309458905458450317e+03 3.458105533005768173e+00 1.951079149754325925e+01
1.309563409090042114e+03 3.452105349894710962e+00 1.946579012421032928e+01
1.309594178676605225e+03 4.034123111667225814e+00 2.383092333750419201e+01
1.309649532079696655e+03 4.052123661000397448e+00 2.396592745750297837e+01
1.309663029193878174e+03 3.402103823969237606e+00 1.909077867976928289e+01
1.309691321134567261e+03 3.680112308114871666e+00 2.117584231086153679e+01
1.309732668399810791e+03 3.852117557298501360e+00 2.246588167973875727e+01
1.309747267723083496e+03 3.698112857448042412e+00 2.131084643086031605e+01
1.309758961439132690e+03 3.358102481154820573e+00 1.876076860866115226e+01
1.309770312309265137e+03 4.036123172704245476e+00 2.384592379528184125e+01
1.309781453609466553e+03 3.442105044709616646e+00 1.939078783532212569e+01
1.309795733690261841e+03 3.874118228705710099e+00 2.263088671529282792e+01
1.309844621658325195e+03 3.916119510483107913e+00 2.294589632862331285e+01
1.309867701053619385e+03 3.506106997894223198e+00 1.987080248420667061e+01
1.309885541439056396e+03 3.384103274636066860e+00 1.895577455977050363e+01
1.309898891925811768e+03 3.508107058931241973e+00 1.988580294198431275e+01
1.309918892860412598e+03 3.918119571520127131e+00 2.296089678640095144e+01
1.309936910152435303e+03 3.740114139225440226e+00 2.162585604419080099e+01
1.309954740524291992e+03 4.050123599963377785e+00 2.395092699972533268e+01
1.309972496032714844e+03 3.920119632557145906e+00 2.297589724417859358e+01
1.310092698097229004e+03 3.824116702780236299e+00 2.225587527085177442e+01
1.310122427940368652e+03 3.790115665150914026e+00 2.200086748863185448e+01
1.310178929805755615e+03 3.354102359080782580e+00 1.873076769310587153e+01
1.310193281173706055e+03 3.966121036408582157e+00 2.332090777306436280e+01
1.310216852664947510e+03 4.060123905148473433e+00 2.402592928861355048e+01
1.310246475696563721e+03 3.932119998779259440e+00 2.306589999084444287e+01
1.310275067806243896e+03 3.422104434339427126e+00 1.924078325754570429e+01
1.310306441545486450e+03 4.032123050630207040e+00 2.381592287972654987e+01
1.310342604398727417e+03 3.396103640858180395e+00 1.904577730643635647e+01
1.310368688583374023e+03 3.886118594927823633e+00 2.272088946195867720e+01
1.310401804685592651e+03 3.728113773003326692e+00 2.153585329752494815e+01
1.310426062345504761e+03 3.508107058931241973e+00 1.988580294198431275e+01
1.310443148374557495e+03 3.398103701895199613e+00 1.906077776421399506e+01
1.310458180904388428e+03 3.610110171819208347e+00 2.065082628864406189e+01
1.310472635746002197e+03 4.026122867519149828e+00 2.377092150639362345e+01
1.310531493425369263e+03 3.614110293893246340e+00 2.068082720419934972e+01
1.310550681829452515e+03 3.460105594042786947e+00 1.952579195532090139e+01
1.310564008712768555e+03 3.484106326487014460e+00 1.970579744865261063e+01
1.310577036857604980e+03 3.598109805597094368e+00 2.056082354197820905e+01
1.310593013525009155e+03 4.030122989593188265e+00 2.380092242194891128e+01
1.310606470346450806e+03 3.690112613299966426e+00 2.125084459974974749e+01
1.310621046781539917e+03 3.434104800561540660e+00 1.933078600421155713e+01
1.310640128374099731e+03 3.956120731223486953e+00 2.324590548417615565e+01
1.310770129442214966e+03 3.592109622486038045e+00 2.051582216864528618e+01
1.310800756692886353e+03 3.956120731223486953e+00 2.324590548417615565e+01
1.310857712984085083e+03 3.464105716116824940e+00 1.955579287087618923e+01
1.310871519565582275e+03 4.010122379222998745e+00 2.365091784417248988e+01
1.310896305084228516e+03 4.094124942777795262e+00 2.428093707083346331e+01
1.310929021358489990e+03 3.418104312265389133e+00 1.921078234199041646e+01
1.310954189300537109e+03 3.840117191076387826e+00 2.237587893307290798e+01
1.310967055559158325e+03 3.750114444410534986e+00 2.170085833307901169e+01
1.310978591203689575e+03 3.352102298043763362e+00 1.871576723532822228e+01
1.310989555597305298e+03 3.994121890926847218e+00 2.353091418195135631e+01
1.311002585649490356e+03 3.404103885006256380e+00 1.910577913754692503e+01
1.311027127265930176e+03 3.924119754631183898e+00 2.300589815973388141e+01
1.311063188314437866e+03 3.880118411816766866e+00 2.267588808862575078e+01
1.311079819917678833e+03 3.566108829004791758e+00 2.032081621753593481e+01
1.311095016717910767e+03 3.904119144260994378e+00 2.285589358195746001e+01
1.311108522176742554e+03 3.914119449446089138e+00 2.293089587084567071e+01
1.311122304201126099e+03 3.412104129154331922e+00 1.916578096865748648e+01
1.311135941028594971e+03 3.596109744560075594e+00 2.054582308420057046e+01
1.311155310153961182e+03 3.918119571520127131e+00 2.296089678640095144e+01
1.311171855211257935e+03 4.094124942777795262e+00 2.428093707083346331e+01
1.311215775966644287e+03 3.680112308114871666e+00 2.117584231086153679e+01
1.311331007003784180e+03 4.074124332407604854e+00 2.413093249305703480e+01
1.311391725778579712e+03 3.442105044709616646e+00 1.939078783532212569e+01
1.311405236482620239e+03 3.574109073152867300e+00 2.038081804864650692e+01
1.311431593179702759e+03 3.596109744560075594e+00 2.054582308420057046e+01
1.311461483478546143e+03 4.002122135074922760e+00 2.359091601306191777e+01
1.311490096330642700e+03 3.764114871669667739e+00 2.180586153752251022e+01
1.311549203634262085e+03 3.900119022186956386e+00 2.282589266640217218e+01
1.311568768739700317e+03 3.420104373302407907e+00 1.922578279976805860e+01
1.311603602647781372e+03 4.028122928556169491e+00 2.378592196417126914e+01
1.311634638071060181e+03 3.430104678487502667e+00 1.930078508865626929e+01
1.311654769659042358e+03 4.026122867519149828e+00 2.377092150639362345e+01
1.311669966697692871e+03 3.834117007965331059e+00 2.233087755973998512e+01
1.311684527635574341e+03 3.496106692709127994e+00 1.979580019531846347e+01
1.311710617303848267e+03 3.616110354930265114e+00 2.069582766197699186e+01
1.311751711845397949e+03 3.996121951963865992e+00 2.354591463972899845e+01
1.311765853166580200e+03 3.612110232856227565e+00 2.066582674642170758e+01
1.311779482603073120e+03 3.438104922635578653e+00 1.936078691976683785e+01
1.311791749238967896e+03 3.988121707815790451e+00 2.348591280861842634e+01
1.311808502674102783e+03 3.660111697744682147e+00 2.102583773308511539e+01
1.311822130203247070e+03 3.328101565599536293e+00 1.853576174199652016e+01
1.311836586952209473e+03 3.820116580706198750e+00 2.222587435529649369e+01
1.311850114345550537e+03 4.044123416852321462e+00 2.390592562639240981e+01
1.311880012273788452e+03 3.374102969450972100e+00 1.888077227088229293e+01
1.311987201452255249e+03 3.998122013000885211e+00 2.356091509750663704e+01
1.312018293619155884e+03 3.982121524704733684e+00 2.344091143528550347e+01
1.312074930906295776e+03 3.668111941892758132e+00 2.108583956419568395e+01
1.312088149785995483e+03 3.818116519669179532e+00 2.221087389751884444e+01
1.312125053644180298e+03 3.844117313150425375e+00 2.240587984862818871e+01
1.312149291753768921e+03 3.358102481154820573e+00 1.876076860866115226e+01
1.312171014070510864e+03 3.554108462782677780e+00 2.023081347087008552e+01
1.312183904409408569e+03 3.454105410931730180e+00 1.948079058198797853e+01
1.312199996709823608e+03 3.326101504562517075e+00 1.852076128421887802e+01
1.312215865135192871e+03 3.824116702780236299e+00 2.225587527085177442e+01
1.312227559089660645e+03 3.922119693594165124e+00 2.299089770195623927e+01
1.312266233682632446e+03 4.006122257148961197e+00 2.362091692861720560e+01
1.312297977924346924e+03 3.516107303079317514e+00 1.994580477309488487e+01
1.312316147804260254e+03 3.904119144260994378e+00 2.285589358195746001e+01
1.312329907178878784e+03 3.868118045594652887e+00 2.258588534195989794e+01
1.312343243837356567e+03 3.372102908413952882e+00 1.886577181310464368e+01
1.312356812238693237e+03 3.758114688558610972e+00 2.176086016418958025e+01
1.312372091531753540e+03 3.912119388409069920e+00 2.291589541306802147e+01
1.312390074968338013e+03 3.778115298928800492e+00 2.191086474196600165e+01
1.312429250955581665e+03 3.388103396710104409e+00 1.898577547532578436e+01
1.312545262336730957e+03 3.570108951078829751e+00 2.035081713309122620e+01
1.312604824066162109e+03 3.544108157597583020e+00 2.015581118198187482e+01
1.312618498563766479e+03 3.500106814783165987e+00 1.982580111087374419e+01
1.312645592212677002e+03 3.656111575670644598e+00 2.099583681752983466e+01
1.312675410747528076e+03 3.400103762932218388e+00 1.907577822199163720e+01
1.312703823804855347e+03 4.058123844111453771e+00 2.401092883083590124e+01
1.312764012098312378e+03 3.370102847376934108e+00 1.885077135532700510e+01
1.312783049106597900e+03 3.704113040559099179e+00 2.135584780419324602e+01
1.312808212041854858e+03 3.372102908413952882e+00 1.886577181310464368e+01
1.312826129436492920e+03 3.330101626636555068e+00 1.855076219977416230e+01
1.312848156690597534e+03 3.856117679372539353e+00 2.249588259529404866e+01
1.312858595132827759e+03 3.302100772118290006e+00 1.834075579088717589e+01
1.312871558189392090e+03 3.992121829889828000e+00 2.351591372417370707e+01
1.312882699728012085e+03 3.416104251228369915e+00 1.919578188421277787e+01
1.312893793821334839e+03 3.852117557298501360e+00 2.246588167973875727e+01
1.312906809329986572e+03 3.676112186040834118e+00 2.114584139530625606e+01
1.312963941574096680e+03 3.756114627521592197e+00 2.174585970641194166e+01
1.312981772184371948e+03 3.376103030487990875e+00 1.889577272865993507e+01
1.312995563507080078e+03 3.780115359965819710e+00 2.192586519974365089e+01
1.313009148597717285e+03 3.916119510483107913e+00 2.294589632862331285e+01
1.313022559404373169e+03 3.382103213599048086e+00 1.894077410199286149e+01
1.313040957212448120e+03 3.552108401745659005e+00 2.021581301309244338e+01
1.313056746959686279e+03 3.932119998779259440e+00 2.306589999084444287e+01
1.313074505567550659e+03 3.898118961149937611e+00 2.281089220862453004e+01
1.313113677263259888e+03 3.964120975371562938e+00 2.330590731528672421e+01
1.313229185581207275e+03 3.922119693594165124e+00 2.299089770195623927e+01
1.313289084672927856e+03 3.378103091525010093e+00 1.891077318643757366e+01
1.313302841186523438e+03 3.316101199377422759e+00 1.844575899533067087e+01
1.313324886322021484e+03 3.670112002929776907e+00 2.110084002197332609e+01
1.313353503942489624e+03 3.322101382488479526e+00 1.849076036866359729e+01
1.313383761882781982e+03 3.922119693594165124e+00 2.299089770195623927e+01
1.313400229930877686e+03 3.754114566484572979e+00 2.173085924863429952e+01
1.313413656949996948e+03 3.974121280556657698e+00 2.338090960417493491e+01
1.313428439140319824e+03 3.680112308114871666e+00 2.117584231086153679e+01
1.313450545310974121e+03 3.670112002929776907e+00 2.110084002197332609e+01
1.313487942457199097e+03 3.832116946928312284e+00 2.231587710196234298e+01
1.313511953353881836e+03 3.422104434339427126e+00 1.924078325754570429e+01
1.313530169486999512e+03 3.982121524704733684e+00 2.344091143528550347e+01
1.313552407264709473e+03 3.630110782189397867e+00 2.080083086642048329e+01
1.313568259239196777e+03 3.862117862483596564e+00 2.254088396862697508e+01
1.313581690549850464e+03 3.378103091525010093e+00 1.891077318643757366e+01
1.313594874382019043e+03 3.858117740409558571e+00 2.251088305307168724e+01
1.313617275476455688e+03 4.002122135074922760e+00 2.359091601306191777e+01
1.313740283250808716e+03 3.988121707815790451e+00 2.348591280861842634e+01
1.313771896123886108e+03 3.604109988708151580e+00 2.060582491531113902e+01
1.313828832864761353e+03 4.028122928556169491e+00 2.378592196417126914e+01
1.313848965167999268e+03 3.396103640858180395e+00 1.904577730643635647e+01
1.313865806579589844e+03 3.362102603228858566e+00 1.879076952421644009e+01
1.313900425910949707e+03 3.762114810632648521e+00 2.179086107974486097e+01
1.313931062698364258e+03 3.560108645893734547e+00 2.027581484420300839e+01
1.313983499526977539e+03 3.846117374187444593e+00 2.242088030640583440e+01
1.313995806694030762e+03 3.754114566484572979e+00 2.173085924863429952e+01
1.314018305301666260e+03 3.968121097445600931e+00 2.333590823084200494e+01
1.314063443422317505e+03 3.740114139225440226e+00 2.162585604419080099e+01
1.314085040092468262e+03 3.420104373302407907e+00 1.922578279976805860e+01
1.314100408315658569e+03 3.356102420117801355e+00 1.874576815088351367e+01
1.314116693496704102e+03 3.922119693594165124e+00 2.299089770195623927e+01
1.314138810873031616e+03 3.926119815668203117e+00 2.302089861751152000e+01
1.314194928884506226e+03 3.762114810632648521e+00 2.179086107974486097e+01
1.314212120771408081e+03 4.094124942777795262e+00 2.428093707083346331e+01
1.314224680662155151e+03 3.652111453596606605e+00 2.096583590197455038e+01
1.314246006965637207e+03 3.414104190191351140e+00 1.918078142643513573e+01
1.314263069868087769e+03 3.450105288857692187e+00 1.945078966643269069e+01
1.314277685403823853e+03 3.598109805597094368e+00 2.056082354197820905e+01
1.314290951251983643e+03 4.058123844111453771e+00 2.401092883083590124e+01
1.314304644346237183e+03 3.582109317300943285e+00 2.044081987975707548e+01
1.314431549549102783e+03 3.938120181890316651e+00 2.311090136417737284e+01
1.314462781667709351e+03 3.694112735374004419e+00 2.128084551530503532e+01
1.314519814491271973e+03 3.400103762932218388e+00 1.907577822199163720e+01
1.314533716917037964e+03 3.994121890926847218e+00 2.353091418195135631e+01
1.314559232473373413e+03 4.034123111667225814e+00 2.383092333750419201e+01
1.314588961124420166e+03 3.588109500412000052e+00 2.048582125308999835e+01
1.314615015506744385e+03 4.042123355815301800e+00 2.389092516861476057e+01
1.314632016181945801e+03 4.040123294778283025e+00 2.387592471083712198e+01
1.314645280599594116e+03 3.592109622486038045e+00 2.051582216864528618e+01
1.314660887241363525e+03 3.356102420117801355e+00 1.874576815088351367e+01
1.314672264337539673e+03 3.940120242927335426e+00 2.312590182195501498e+01
1.314696043729782104e+03 3.576109134189886074e+00 2.039581850642414906e+01
1.314728338479995728e+03 3.500106814783165987e+00 1.982580111087374419e+01
1.314745968341827393e+03 3.638111026337473408e+00 2.086083269753105185e+01
1.314760942935943604e+03 3.554108462782677780e+00 2.023081347087008552e+01
1.314781579017639160e+03 3.910119327372051146e+00 2.290089495529038288e+01
1.314796083927154541e+03 3.952120609149448960e+00 2.321590456862086427e+01
1.314810819625854492e+03 4.094124942777795262e+00 2.428093707083346331e+01
1.314824112892150879e+03 3.490106509598071227e+00 1.975079882198553349e+01
1.314843140602111816e+03 3.598109805597094368e+00 2.056082354197820905e+01
1.314982235431671143e+03 3.824116702780236299e+00 2.225587527085177442e+01
1.314996162891387939e+03 3.598109805597094368e+00 2.056082354197820905e+01
1.315051538228988647e+03 4.012122440260018408e+00 2.366591830195013557e+01
1.315065639734268188e+03 3.648111331522568612e+00 2.093583498641926255e+01
1.315083606958389282e+03 3.448105227820673413e+00 1.943578920865504855e+01
1.315112445116043091e+03 3.390103457747123628e+00 1.900077593310342650e+01
1.315146337032318115e+03 4.074124332407604854e+00 2.413093249305703480e+01
1.315177464723587036e+03 3.484106326487014460e+00 1.970579744865261063e+01
1.315214591741561890e+03 3.914119449446089138e+00 2.293089587084567071e+01
1.315242488384246826e+03 4.046123477889340236e+00 2.392092608417004840e+01
1.315272566080093384e+03 3.700112918485061186e+00 2.132584688863795819e+01
1.315298295974731445e+03 4.064124027222510094e+00 2.405593020416882410e+01
1.315313826084136963e+03 4.036123172704245476e+00 2.384592379528184125e+01
1.315329429864883423e+03 3.680112308114871666e+00 2.117584231086153679e+01
1.315341009616851807e+03 3.386103335673085635e+00 1.897077501754814222e+01
1.315358056306838989e+03 3.906119205298013597e+00 2.287089403973509860e+01
1.315404299736022949e+03 3.864117923520615339e+00 2.255588442640461722e+01
1.315420078754425049e+03 3.758114688558610972e+00 2.176086016418958025e+01
1.315435687780380249e+03 4.004122196111942422e+00 2.360591647083956701e+01
1.315449506044387817e+03 3.876118289742728873e+00 2.264588717307047006e+01
1.315463607549667358e+03 3.480106204412976467e+00 1.967579653309732279e+01
1.315479119539260864e+03 3.458105533005768173e+00 1.951079149754325925e+01
1.315499513387680054e+03 3.914119449446089138e+00 2.293089587084567071e+01
1.315515010595321655e+03 3.870118106631672106e+00 2.260088579973754008e+01
1.315553837060928345e+03 3.888118655964842407e+00 2.273588991973631934e+01
1.315669562816619873e+03 4.024122806482131054e+00 2.375592104861598131e+01
1.315730015993118286e+03 3.380103152562028868e+00 1.892577364421521580e+01
1.315743761777877808e+03 3.400103762932218388e+00 1.907577822199163720e+01
1.315766627073287964e+03 3.590109561449018827e+00 2.050082171086764049e+01
1.315795807123184204e+03 3.532107791375469041e+00 2.006580843531601488e+01
1.315831587076187134e+03 3.778115298928800492e+00 2.191086474196600165e+01
1.315844089031219482e+03 3.678112247077852448e+00 2.116084185308389465e+01
1.315855527639389038e+03 3.590109561449018827e+00 2.050082171086764049e+01
1.315866477489471436e+03 3.914119449446089138e+00 2.293089587084567071e+01
1.315881111383438110e+03 3.412104129154331922e+00 1.916578096865748648e+01
1.315928759336471558e+03 3.360102542191839348e+00 1.877576906643879440e+01
1.315955529212951660e+03 3.546108218634602238e+00 2.017081163975951341e+01
1.315970601320266724e+03 3.910119327372051146e+00 2.290089495529038288e+01
1.315983923435211182e+03 3.514107242042298740e+00 1.993080431531724273e+01
1.315997110843658447e+03 3.652111453596606605e+00 2.096583590197455038e+01
1.316011180877685547e+03 4.094124942777795262e+00 2.428093707083346331e+01
1.316028013229370117e+03 3.518107364116336733e+00 1.996080523087252345e+01
1.316040001869201660e+03 3.334101748710593061e+00 1.858076311532945013e+01
1.316059588193893433e+03 4.026122867519149828e+00 2.377092150639362345e+01
1.316199179172515869e+03 3.780115359965819710e+00 2.192586519974365089e+01
1.316213685035705566e+03 3.818116519669179532e+00 2.221087389751884444e+01
1.316270035982131958e+03 4.080124515518662065e+00 2.417593386638996478e+01
1.316289503574371338e+03 3.528107669301431493e+00 2.003580751976073415e+01
1.316311163663864136e+03 3.418104312265389133e+00 1.921078234199041646e+01
1.316342668771743774e+03 4.002122135074922760e+00 2.359091601306191777e+01
1.316370343446731567e+03 3.352102298043763362e+00 1.871576723532822228e+01
1.316404535293579102e+03 4.032123050630207040e+00 2.381592287972654987e+01
1.316436201810836792e+03 3.658111636707662928e+00 2.101083727530747325e+01
1.316455698251724243e+03 3.940120242927335426e+00 2.312590182195501498e+01
1.316485924005508423e+03 4.038123233741264251e+00 2.386092425305947984e+01
1.316512977123260498e+03 3.644111209448530619e+00 2.090583407086398182e+01
1.316527176618576050e+03 3.890118717001861626e+00 2.275089037751396148e+01
1.316542959213256836e+03 3.430104678487502667e+00 1.930078508865626929e+01
1.316556546926498413e+03 3.816116458632160757e+00 2.219587343974120586e+01
1.316567937135696411e+03 4.072124271370586079e+00 2.411593203527939266e+01
1.316587384462356567e+03 3.406103946043275599e+00 1.912077959532456362e+01
1.316635120868682861e+03 3.652111453596606605e+00 2.096583590197455038e+01
1.316650140762329102e+03 4.084124637592700502e+00 2.420593478194525261e+01
1.316667586803436279e+03 3.426104556413465119e+00 1.927078417310098502e+01
1.316679347515106201e+03 3.370102847376934108e+00 1.885077135532700510e+01
1.316692511796951294e+03 4.012122440260018408e+00 2.366591830195013557e+01
1.316705518484115601e+03 3.672112063966796125e+00 2.111584047975097178e+01
1.316720533847808838e+03 3.454105410931730180e+00 1.948079058198797853e+01
1.316732512712478638e+03 3.982121524704733684e+00 2.344091143528550347e+01
1.316763319969177246e+03 3.680112308114871666e+00 2.117584231086153679e+01
1.316888817310333252e+03 3.728113773003326692e+00 2.153585329752494815e+01
1.316903281450271606e+03 3.634110904263435859e+00 2.083083178197577112e+01
1.316960354328155518e+03 3.406103946043275599e+00 1.912077959532456362e+01
1.316973939657211304e+03 3.964120975371562938e+00 2.330590731528672421e+01
1.317002823114395142e+03 4.024122806482131054e+00 2.375592104861598131e+01
1.317029319763183594e+03 3.354102359080782580e+00 1.873076769310587153e+01
1.317056089878082275e+03 4.092124881740776488e+00 2.426593661305582117e+01
1.317069953203201294e+03 4.046123477889340236e+00 2.392092608417004840e+01
1.317087661266326904e+03 3.530107730338450711e+00 2.005080797753838340e+01
1.317101007699966431e+03 3.346102114932706595e+00 1.867076586199529942e+01
1.317120691776275635e+03 3.920119632557145906e+00 2.297589724417859358e+01
1.317163965463638306e+03 3.846117374187444593e+00 2.242088030640583440e+01
1.317178001642227173e+03 3.590109561449018827e+00 2.050082171086764049e+01
1.317195725679397583e+03 4.094124942777795262e+00 2.428093707083346331e+01
1.317215326309204102e+03 4.072124271370586079e+00 2.411593203527939266e+01
1.317227697849273682e+03 3.892118778038880400e+00 2.276589083529160007e+01
1.317239426136016846e+03 3.424104495376445900e+00 1.925578371532334643e+01
1.317258669376373291e+03 3.910119327372051146e+00 2.290089495529038288e+01
1.317276846170425415e+03 3.882118472853786084e+00 2.269088854640339648e+01
1.317301240682601929e+03 4.034123111667225814e+00 2.383092333750419201e+01
1.317406915426254272e+03 4.026122867519149828e+00 2.377092150639362345e+01
1.317437910079956055e+03 4.050123599963377785e+00 2.395092699972533268e+01
1.317495002031326294e+03 3.736114017151402678e+00 2.159585512863552026e+01
1.317509253978729248e+03 3.998122013000885211e+00 2.356091509750663704e+01
1.317532824277877808e+03 3.888118655964842407e+00 2.273588991973631934e+01
1.317570250988006592e+03 3.432104739524521442e+00 1.931578554643390788e+01
1.317599095582962036e+03 3.902119083223975604e+00 2.284089312417981787e+01
1.317650717020034790e+03 3.724113650929288699e+00 2.150585238196966742e+01
1.317673731327056885e+03 3.438104922635578653e+00 1.936078691976683785e+01
1.317703467607498169e+03 4.084124637592700502e+00 2.420593478194525261e+01
1.317739015579223633e+03 3.360102542191839348e+00 1.877576906643879440e+01
1.317754688024520874e+03 4.020122684408094393e+00 2.372592013306070768e+01
1.317768997192382812e+03 3.906119205298013597e+00 2.287089403973509860e+01
1.317782194614410400e+03 3.418104312265389133e+00 1.921078234199041646e+01
1.317799731492996216e+03 3.792115726187933245e+00 2.201586794640950018e+01
1.317845765590667725e+03 3.452105349894710962e+00 1.946579012421032928e+01
1.317867807626724243e+03 3.774115176854762499e+00 2.188086382641072092e+01
1.317880106210708618e+03 3.318101260414441533e+00 1.846075945310830946e+01
1.317894936084747314e+03 3.988121707815790451e+00 2.348591280861842634e+01
1.317914113044738770e+03 3.908119266335031927e+00 2.288589449751274074e+01
1.317929839611053467e+03 4.054123722037416222e+00 2.398092791528062051e+01
1.317943985939025879e+03 3.440104983672597427e+00 1.937578737754447999e+01
1.317956461668014526e+03 3.728113773003326692e+00 2.153585329752494815e+01
1.317997790813446045e+03 3.800115970336009230e+00 2.207586977752007229e+01
1.318115163326263428e+03 4.026122867519149828e+00 2.377092150639362345e+01
1.318173268079757690e+03 3.862117862483596564e+00 2.254088396862697508e+01
1.318187584400177002e+03 3.872118167668690880e+00 2.261588625751517867e+01
1.318212481021881104e+03 3.836117069002350277e+00 2.234587801751762726e+01
1.318256470441818237e+03 3.348102175969725369e+00 1.868576631977294156e+01
1.318271196365356445e+03 4.042123355815301800e+00 2.389092516861476057e+01
1.318285280704498291e+03 3.700112918485061186e+00 2.132584688863795819e+01
1.318296363592147827e+03 3.598109805597094368e+00 2.056082354197820905e+01
1.318309566497802734e+03 3.960120853297524945e+00 2.327590639973143638e+01
1.318325647115707397e+03 3.588109500412000052e+00 2.048582125308999835e+01
1.318366317272186279e+03 3.404103885006256380e+00 1.910577913754692503e+01
1.318392793893814087e+03 3.510107119968261191e+00 1.990080339976196200e+01
1.318409767866134644e+03 4.094124942777795262e+00 2.428093707083346331e+01
1.318423633337020874e+03 3.646111270485549394e+00 2.092083452864162041e+01
1.318437316417694092e+03 3.554108462782677780e+00 2.023081347087008552e+01
1.318451160669326782e+03 4.026122867519149828e+00 2.377092150639362345e+01
1.318463504076004028e+03 3.540108035523545027e+00 2.012581026642658699e+01
1.318482566595077515e+03 3.594109683523056376e+00 2.053082262642292122e+01
1.318499423980712891e+03 3.696112796411023638e+00 2.129584597308267746e+01
1.318620989322662354e+03 3.604109988708151580e+00 2.060582491531113902e+01
1.318652902603149414e+03 4.048123538926359011e+00 2.393592654194769054e+01
1.318714633941650391e+03 4.052123661000397448e+00 2.396592745750297837e+01
1.318737321138381958e+03 3.632110843226417085e+00 2.081583132419812898e+01
1.318773018121719360e+03 3.370102847376934108e+00 1.885077135532700510e+01
1.318801577806472778e+03 3.904119144260994378e+00 2.285589358195746001e+01
1.318836432933807373e+03 3.452105349894710962e+00 1.946579012421032928e+01
1.318868554353713989e+03 4.022122745445112280e+00 2.374092059083833917e+01
1.318894473314285278e+03 3.416104251228369915e+00 1.919578188421277787e+01
1.318927030801773071e+03 3.982121524704733684e+00 2.344091143528550347e+01
1.318951770782470703e+03 3.648111331522568612e+00 2.093583498641926255e+01
1.318971713066101074e+03 3.976121341593676473e+00 2.339591006195257705e+01
1.318984699249267578e+03 3.624110599078341099e+00 2.075582949308756042e+01
1.318998739957809448e+03 3.440104983672597427e+00 1.937578737754447999e+01
1.319038698434829712e+03 4.036123172704245476e+00 2.384592379528184125e+01
1.319071803808212280e+03 3.788115604113895252e+00 2.198586703085421235e+01
1.319085320711135864e+03 3.524107547227393500e+00 2.000580660420545343e+01
1.319099267959594727e+03 3.570108951078829751e+00 2.035081713309122620e+01
1.319117964982986450e+03 3.924119754631183898e+00 2.300589815973388141e+01
1.319133007764816284e+03 3.956120731223486953e+00 2.324590548417615565e+01
1.319156185388565063e+03 4.034123111667225814e+00 2.383092333750419201e+01
1.319171613931655884e+03 3.970121158482619705e+00 2.335090868861964708e+01
1.319300060749053955e+03 3.754114566484572979e+00 2.173085924863429952e+01
1.319331823587417603e+03 3.636110965300454634e+00 2.084583223975341326e+01
1.319388707399368286e+03 4.060123905148473433e+00 2.402592928861355048e+01
1.319402119636535645e+03 3.334101748710593061e+00 1.858076311532945013e+01
1.319429859161376953e+03 3.356102420117801355e+00 1.874576815088351367e+01
1.319473556995391846e+03 3.748114383373516212e+00 2.168585787530136955e+01
1.319488301992416382e+03 4.060123905148473433e+00 2.402592928861355048e+01
1.319503044366836548e+03 3.388103396710104409e+00 1.898577547532578436e+01
1.319518843889236450e+03 3.776115237891781717e+00 2.189586428418836306e+01
1.319531023263931274e+03 3.988121707815790451e+00 2.348591280861842634e+01
1.319547736644744873e+03 3.520107425153355507e+00 1.997580568865016559e+01
1.319603021621704102e+03 3.688112552262947652e+00 2.123584414197210535e+01
1.319619688510894775e+03 3.678112247077852448e+00 2.116084185308389465e+01
1.319636931657791138e+03 3.778115298928800492e+00 2.191086474196600165e+01
1.319650358438491821e+03 3.978121402630695691e+00 2.341091051973021564e+01
1.319665036916732788e+03 3.608110110782189572e+00 2.063582583086641975e+01
1.319685293197631836e+03 3.378103091525010093e+00 1.891077318643757366e+01
1.319701579809188843e+03 3.400103762932218388e+00 1.907577822199163720e+01
1.319742703914642334e+03 3.372102908413952882e+00 1.886577181310464368e+01
1.319857890129089355e+03 3.566108829004791758e+00 2.032081621753593481e+01
1.319918244361877441e+03 4.042123355815301800e+00 2.389092516861476057e+01
1.319931926965713501e+03 3.912119388409069920e+00 2.291589541306802147e+01
1.319968960285186768e+03 3.750114444410534986e+00 2.170085833307901169e+01
1.320000118494033813e+03 3.812116336558122764e+00 2.216587252418592158e+01
1.320029233932495117e+03 3.546108218634602238e+00 2.017081163975951341e+01
1.320077430725097656e+03 3.558108584856715773e+00 2.026081438642536625e+01
1.320098533391952515e+03 3.962120914334544164e+00 2.329090685750908207e+01
1.320128283023834229e+03 3.732113895077364685e+00 2.156585421308023598e+01
1.320155800342559814e+03 3.602109927671132361e+00 2.059082445753348978e+01
1.320167163133621216e+03 4.010122379222998745e+00 2.365091784417248988e+01
1.320178432703018188e+03 3.320101321451460752e+00 1.847575991088595870e+01
1.320189541339874268e+03 3.984121585741752458e+00 2.345591189306314561e+01
1.320202579021453857e+03 3.392103518784142402e+00 1.901577639088106508e+01
1.320215291738510132e+03 3.758114688558610972e+00 2.176086016418958025e+01
1.320281238794326782e+03 3.836117069002350277e+00 2.234587801751762726e+01
1.320298003196716309e+03 3.872118167668690880e+00 2.261588625751517867e+01
1.320315439462661743e+03 3.864117923520615339e+00 2.255588442640461722e+01
1.320329432487487793e+03 3.844117313150425375e+00 2.240587984862818871e+01
1.320343207836151123e+03 3.628110721152379092e+00 2.078583040864284115e+01
1.320360089302062988e+03 3.640111087374492627e+00 2.087583315530869399e+01
1.320374770164489746e+03 3.954120670186468178e+00 2.323090502639851351e+01
1.320400413036346436e+03 3.850117496261482586e+00 2.245088122196111868e+01
1.320534333229064941e+03 3.830116885891293066e+00 2.230087664418469728e+01
1.320594936609268188e+03 3.778115298928800492e+00 2.191086474196600165e+01
1.320608051061630249e+03 3.836117069002350277e+00 2.234587801751762726e+01
1.320636932134628296e+03 3.398103701895199613e+00 1.906077776421399506e+01
1.320669048070907593e+03 3.746114322336496993e+00 2.167085741752372741e+01
1.320693925142288208e+03 3.860117801446577346e+00 2.252588351084932938e+01
1.320709099769592285e+03 4.020122684408094393e+00 2.372592013306070768e+01
1.320724580526351929e+03 3.366102725302896115e+00 1.882077043977172082e+01
1.320742609500885010e+03 3.390103457747123628e+00 1.900077593310342650e+01
1.320801609039306641e+03 4.056123783074434996e+00 2.399592837305826265e+01
1.320817852020263672e+03 3.644111209448530619e+00 2.090583407086398182e+01
1.320831484556198120e+03 3.986121646778771677e+00 2.347091235084078420e+01
1.320845163583755493e+03 3.592109622486038045e+00 2.051582216864528618e+01
1.320860694646835327e+03 3.302100772118290006e+00 1.834075579088717589e+01
1.320874278545379639e+03 3.818116519669179532e+00 2.221087389751884444e+01
1.320885685205459595e+03 3.804116092410046779e+00 2.210587069307535302e+01
1.320897951841354370e+03 3.326101504562517075e+00 1.852076128421887802e+01
1.320911706686019897e+03 3.980121463667714465e+00 2.342591097750785778e+01
1.320952918529510498e+03 3.728113773003326692e+00 2.153585329752494815e+01
1.321070484161376953e+03 3.786115543076876033e+00 2.197086657307657021e+01
1.321129106998443604e+03 3.988121707815790451e+00 2.348591280861842634e+01
1.321143450260162354e+03 3.468105838190862933e+00 1.958579378643146995e+01
1.321161589860916138e+03 3.380103152562028868e+00 1.892577364421521580e+01
1.321200233697891235e+03 3.560108645893734547e+00 2.027581484420300839e+01
1.321228933572769165e+03 3.732113895077364685e+00 2.156585421308023598e+01
1.321259244918823242e+03 3.838117130039369052e+00 2.236087847529526584e+01
1.321295021533966064e+03 3.654111514633625379e+00 2.098083635975219252e+01
1.321320690393447876e+03 3.846117374187444593e+00 2.242088030640583440e+01
1.321370462656021118e+03 3.850117496261482586e+00 2.245088122196111868e+01
1.321383879899978638e+03 3.430104678487502667e+00 1.930078508865626929e+01
1.321403857946395874e+03 3.568108890041810533e+00 2.033581667531357695e+01
1.321422570466995239e+03 3.558108584856715773e+00 2.026081438642536625e+01
1.321435499668121338e+03 3.754114566484572979e+00 2.173085924863429952e+01
1.321466233968734741e+03 4.060123905148473433e+00 2.402592928861355048e+01
1.321505199670791626e+03 4.046123477889340236e+00 2.392092608417004840e+01
1.321518160104751587e+03 3.496106692709127994e+00 1.979580019531846347e+01
1.321531762123107910e+03 4.024122806482131054e+00 2.375592104861598131e+01
1.321545700788497925e+03 3.842117252113407044e+00 2.239087939085055368e+01
1.321558750152587891e+03 3.462105655079806166e+00 1.954079241309854709e+01
1.321578779697418213e+03 3.822116641743217524e+00 2.224087481307413228e+01
1.321596292018890381e+03 3.808116214484084772e+00 2.213587160863063374e+01
1.321615941286087036e+03 4.050123599963377785e+00 2.395092699972533268e+01
1.321755751609802246e+03 3.466105777153844159e+00 1.957079332865382781e+01
1.321769684076309204e+03 4.018122623371074731e+00 2.371091967528305844e+01
1.321855521678924561e+03 3.558108584856715773e+00 2.026081438642536625e+01
1.321868578195571899e+03 3.948120487075411411e+00 2.318590365306558354e+01
1.321888145685195923e+03 3.612110232856227565e+00 2.066582674642170758e+01
1.321923501253128052e+03 3.420104373302407907e+00 1.922578279976805860e+01
1.321952652454376221e+03 3.480106204412976467e+00 1.967579653309732279e+01
1.321965770483016968e+03 3.682112369151890441e+00 2.119084276863917538e+01
1.321981592416763306e+03 3.416104251228369915e+00 1.919578188421277787e+01
1.321995000362396240e+03 3.784115482039857259e+00 2.195586611529893162e+01
1.322008203506469727e+03 3.896118900112918393e+00 2.279589175084689145e+01
1.322069804430007935e+03 3.720113528855250706e+00 2.147585146641437959e+01
1.322084245681762695e+03 3.604109988708151580e+00 2.060582491531113902e+01
1.322097175359725952e+03 3.584109378337962060e+00 2.045582033753471762e+01
1.322111475944519043e+03 4.044123416852321462e+00 2.390592562639240981e+01
1.322124091625213623e+03 3.636110965300454634e+00 2.084583223975341326e+01
1.322138248920440674e+03 3.408104007080293929e+00 1.913578005310220576e+01
1.322153775215148926e+03 3.904119144260994378e+00 2.285589358195746001e+01
1.322170975208282471e+03 3.890118717001861626e+00 2.275089037751396148e+01
1.322199527025222778e+03 3.908119266335031927e+00 2.288589449751274074e+01
1.322306216239929199e+03 3.418104312265389133e+00 1.921078234199041646e+01
1.322336697101593018e+03 3.780115359965819710e+00 2.192586519974365089e+01
1.322396031856536865e+03 3.560108645893734547e+00 2.027581484420300839e+01
1.322409950733184814e+03 4.000122074037903985e+00 2.357591555528427918e+01
1.322427011013031006e+03 3.934120059816278658e+00 2.308090044862209211e+01
1.322456870079040527e+03 3.598109805597094368e+00 2.056082354197820905e+01
1.322485597610473633e+03 3.842117252113407044e+00 2.239087939085055368e+01
1.322514177560806274e+03 3.420104373302407907e+00 1.922578279976805860e+01
1.322556972265243530e+03 4.038123233741264251e+00 2.386092425305947984e+01
1.322577276468276978e+03 4.068124149296548531e+00 2.408593111972411194e+01
1.322607231855392456e+03 3.828116824854274292e+00 2.228587618640705514e+01
1.322634860515594482e+03 3.912119388409069920e+00 2.291589541306802147e+01
1.322650531053543091e+03 4.060123905148473433e+00 2.402592928861355048e+01
1.322665138244628906e+03 3.634110904263435859e+00 2.083083178197577112e+01
1.322677261114120483e+03 3.448105227820673413e+00 1.943578920865504855e+01
1.322688490390777588e+03 4.094124942777795262e+00 2.428093707083346331e+01
1.322706071376800537e+03 3.444105105746635420e+00 1.940578829309976783e+01
1.322760769844055176e+03 4.002122135074922760e+00 2.359091601306191777e+01
1.322778750181198120e+03 3.832116946928312284e+00 2.231587710196234298e+01
1.322796252012252808e+03 3.898118961149937611e+00 2.281089220862453004e+01
1.322814917325973511e+03 4.056123783074434996e+00 2.399592837305826265e+01
1.322830136775970459e+03 3.938120181890316651e+00 2.311090136417737284e+01
1.322846224546432495e+03 3.596109744560075594e+00 2.054582308420057046e+01
1.322861720085144043e+03 3.432104739524521442e+00 1.931578554643390788e+01
1.323007660627365112e+03 4.034123111667225814e+00 2.383092333750419201e+01
1.323021860122680664e+03 3.592109622486038045e+00 2.051582216864528618e+01
1.323077142953872681e+03 3.390103457747123628e+00 1.900077593310342650e+01
1.323090282917022705e+03 3.998122013000885211e+00 2.356091509750663704e+01
1.323118374109268188e+03 3.920119632557145906e+00 2.297589724417859358e+01
1.323151293754577637e+03 3.438104922635578653e+00 1.936078691976683785e+01
1.323173100233078003e+03 3.920119632557145906e+00 2.297589724417859358e+01
1.323186785697937012e+03 3.842117252113407044e+00 2.239087939085055368e+01
1.323197938203811646e+03 3.396103640858180395e+00 1.904577730643635647e+01
1.323211261510848999e+03 4.036123172704245476e+00 2.384592379528184125e+01
1.323227962732315063e+03 3.572109012115848525e+00 2.036581759086886478e+01
1.323249425172805786e+03 3.430104678487502667e+00 1.930078508865626929e+01
1.323287320137023926e+03 3.352102298043763362e+00 1.871576723532822228e+01
1.323312276840209961e+03 3.536107913449507034e+00 2.009580935087130626e+01
1.323326847791671753e+03 3.694112735374004419e+00 2.128084551530503532e+01
1.323341488838195801e+03 3.380103152562028868e+00 1.892577364421521580e+01
1.323354718923568726e+03 3.834117007965331059e+00 2.233087755973998512e+01
1.323368063926696777e+03 4.094124942777795262e+00 2.428093707083346331e+01
1.323381803989410400e+03 3.404103885006256380e+00 1.910577913754692503e+01
1.323411580324172974e+03 3.604109988708151580e+00 2.060582491531113902e+01
1.323521113395690918e+03 3.634110904263435859e+00 2.083083178197577112e+01
1.323553506374359131e+03 3.996121951963865992e+00 2.354591463972899845e+01
1.323608825445175171e+03 4.006122257148961197e+00 2.362091692861720560e+01
1.323623343706130981e+03 3.568108890041810533e+00 2.033581667531357695e+01
1.323646753072738647e+03 3.414104190191351140e+00 1.918078142643513573e+01
1.323676284313201904e+03 3.648111331522568612e+00 2.093583498641926255e+01
1.323704780578613281e+03 4.036123172704245476e+00 2.384592379528184125e+01
1.323734826803207397e+03 3.412104129154331922e+00 1.916578096865748648e+01
1.323770090579986572e+03 4.036123172704245476e+00 2.384592379528184125e+01
1.323795823335647583e+03 3.460105594042786947e+00 1.952579195532090139e+01
1.323832477092742920e+03 3.440104983672597427e+00 1.937578737754447999e+01
1.323855732440948486e+03 4.076124393444624516e+00 2.414593295083468405e+01
1.323869804382324219e+03 3.984121585741752458e+00 2.345591189306314561e+01
1.323882762908935547e+03 3.502106875820185206e+00 1.984080156865138989e+01
1.323894061088562012e+03 3.798115909298990012e+00 2.206086931974242304e+01
1.323909568548202515e+03 3.908119266335031927e+00 2.288589449751274074e+01
1.323965211153030396e+03 3.634110904263435859e+00 2.083083178197577112e+01
1.323982728242874146e+03 3.428104617450483449e+00 1.928578463087862715e+01
1.324001245975494385e+03 3.372102908413952882e+00 1.886577181310464368e+01
1.324016574621200562e+03 3.866117984557634113e+00 2.257088488418225580e+01
1.324033114910125732e+03 4.094124942777795262e+00 2.428093707083346331e+01
1.324050882339477539e+03 4.038123233741264251e+00 2.386092425305947984e+01
1.324064183712005615e+03 3.660111697744682147e+00 2.102583773308511539e+01
1.324080693244934082e+03 3.530107730338450711e+00 2.005080797753838340e+01
1.324220380067825317e+03 3.578109195226905292e+00 2.041081896420178765e+01
1.324234958171844482e+03 3.594109683523056376e+00 2.053082262642292122e+01
1.324290229082107544e+03 4.004122196111942422e+00 2.360591647083956701e+01
1.324303838491439819e+03 3.596109744560075594e+00 2.054582308420057046e+01
1.324328978538513184e+03 3.574109073152867300e+00 2.038081804864650692e+01
1.324357865571975708e+03 3.912119388409069920e+00 2.291589541306802147e+01
1.324385807991027832e+03 3.432104739524521442e+00 1.931578554643390788e+01
1.324398381471633911e+03 3.354102359080782580e+00 1.873076769310587153e+01
1.324411375284194946e+03 4.008122318185979971e+00 2.363591738639484774e+01
1.324426928043365479e+03 3.562108706930753765e+00 2.029081530198065408e+01
1.324440240144729614e+03 3.408104007080293929e+00 1.913578005310220576e+01
1.324493942260742188e+03 3.780115359965819710e+00 2.192586519974365089e+01
1.324519910573959351e+03 4.034123111667225814e+00 2.383092333750419201e+01
1.324534977197647095e+03 3.772115115817743725e+00 2.186586336863307878e+01
1.324548707485198975e+03 4.094124942777795262e+00 2.428093707083346331e+01
1.324565775156021118e+03 3.656111575670644598e+00 2.099583681752983466e+01
1.324578019380569458e+03 3.432104739524521442e+00 1.931578554643390788e+01
1.324593925237655640e+03 4.032123050630207040e+00 2.381592287972654987e+01
1.324639142036437988e+03 3.912119388409069920e+00 2.291589541306802147e+01
1.324754496574401855e+03 3.826116763817255073e+00 2.227087572862941300e+01
1.324814737319946289e+03 3.894118839075899619e+00 2.278089129306924931e+01
1.324828162670135498e+03 3.976121341593676473e+00 2.339591006195257705e+01
1.324847843170166016e+03 3.924119754631183898e+00 2.300589815973388141e+01
1.324876635074615479e+03 3.762114810632648521e+00 2.179086107974486097e+01
1.324905192613601685e+03 3.826116763817255073e+00 2.227087572862941300e+01
1.324935434818267822e+03 3.836117069002350277e+00 2.234587801751762726e+01
1.324976496458053589e+03 3.948120487075411411e+00 2.318590365306558354e+01
1.324996591329574585e+03 4.094124942777795262e+00 2.428093707083346331e+01
1.325032126426696777e+03 3.836117069002350277e+00 2.234587801751762726e+01
1.325055719852447510e+03 3.852117557298501360e+00 2.246588167973875727e+01
1.325068906545639038e+03 4.092124881740776488e+00 2.426593661305582117e+01
1.325085036039352417e+03 3.670112002929776907e+00 2.110084002197332609e+01
1.325098348617553711e+03 3.408104007080293929e+00 1.913578005310220576e+01
1.325113987445831299e+03 4.016122562334055957e+00 2.369591921750541985e+01
1.325156736612319946e+03 4.028122928556169491e+00 2.378592196417126914e+01
1.325186921119689941e+03 3.616110354930265114e+00 2.069582766197699186e+01
1.325204826354980469e+03 3.640111087374492627e+00 2.087583315530869399e+01
1.325219655990600586e+03 3.366102725302896115e+00 1.882077043977172082e+01
1.325237288713455200e+03 3.998122013000885211e+00 2.356091509750663704e+01
1.325251432895660400e+03 4.038123233741264251e+00 2.386092425305947984e+01
1.325265803813934326e+03 3.730113834040345466e+00 2.155085375530259029e+01
1.325279462337493896e+03 3.416104251228369915e+00 1.919578188421277787e+01
1.325426457881927490e+03 3.722113589892269481e+00 2.149085192419201817e+01
1.325440736055374146e+03 3.440104983672597427e+00 1.937578737754447999e+01
1.325496357202529907e+03 3.442105044709616646e+00 1.939078783532212569e+01
1.325511376142501831e+03 3.988121707815790451e+00 2.348591280861842634e+01
1.325535558462142944e+03 4.030122989593188265e+00 2.380092242194891128e+01
1.325578986644744873e+03 3.546108218634602238e+00 2.017081163975951341e+01
1.325593155860900879e+03 3.874118228705710099e+00 2.263088671529282792e+01
1.325608931303024292e+03 3.910119327372051146e+00 2.290089495529038288e+01
1.325623935461044312e+03 3.434104800561540660e+00 1.933078600421155713e+01
1.325640784978866577e+03 3.604109988708151580e+00 2.060582491531113902e+01
1.325686222553253174e+03 3.426104556413465119e+00 1.927078417310098502e+01
1.325708699226379395e+03 3.694112735374004419e+00 2.128084551530503532e+01
1.325723893165588379e+03 3.516107303079317514e+00 1.994580477309488487e+01
1.325738533020019531e+03 3.550108340708640231e+00 2.020081255531480480e+01
1.325750959396362305e+03 4.024122806482131054e+00 2.375592104861598131e+01
1.325769987106323242e+03 3.574109073152867300e+00 2.038081804864650692e+01
1.325783958196640015e+03 3.516107303079317514e+00 1.994580477309488487e+01
1.325798722267150879e+03 3.346102114932706595e+00 1.867076586199529942e+01
1.325812158107757568e+03 3.870118106631672106e+00 2.260088579973754008e+01
1.325940970897674561e+03 3.572109012115848525e+00 2.036581759086886478e+01
1.325973460435867310e+03 3.888118655964842407e+00 2.273588991973631934e+01
1.326030149459838867e+03 3.974121280556657698e+00 2.338090960417493491e+01
1.326044254302978516e+03 3.688112552262947652e+00 2.123584414197210535e+01
1.326063484668731689e+03 3.470105899227881707e+00 1.960079424420911209e+01
1.326092095851898193e+03 3.384103274636066860e+00 1.895577455977050363e+01
1.326120428562164307e+03 4.052123661000397448e+00 2.396592745750297837e+01
1.326148822546005249e+03 3.640111087374492627e+00 2.087583315530869399e+01
1.326191761732101440e+03 3.912119388409069920e+00 2.291589541306802147e+01
1.326211389541625977e+03 3.668111941892758132e+00 2.108583956419568395e+01
1.326254532098770142e+03 3.568108890041810533e+00 2.033581667531357695e+01
1.326278317928314209e+03 3.908119266335031927e+00 2.288589449751274074e+01
1.326293434143066406e+03 3.844117313150425375e+00 2.240587984862818871e+01
1.326306698560714722e+03 3.890118717001861626e+00 2.275089037751396148e+01
1.326322523355484009e+03 3.402103823969237606e+00 1.909077867976928289e+01
1.326337652683258057e+03 3.588109500412000052e+00 2.048582125308999835e+01
1.326377911090850830e+03 3.406103946043275599e+00 1.912077959532456362e+01
1.326409283161163330e+03 3.590109561449018827e+00 2.050082171086764049e+01
1.326426506757736206e+03 3.612110232856227565e+00 2.066582674642170758e+01
1.326441874980926514e+03 3.356102420117801355e+00 1.874576815088351367e+01
1.326456378221511841e+03 3.622110538041321881e+00 2.074082903530991118e+01
1.326468465089797974e+03 4.018122623371074731e+00 2.371091967528305844e+01
1.326486701965332031e+03 3.362102603228858566e+00 1.879076952421644009e+01
1.326540915250778198e+03 3.926119815668203117e+00 2.302089861751152000e+01
1.326662132024765015e+03 3.376103030487990875e+00 1.889577272865993507e+01
1.326722165584564209e+03 3.576109134189886074e+00 2.039581850642414906e+01
1.326735440015792847e+03 3.234098696859645461e+00 1.783074022644734313e+01
1.326762544631958008e+03 3.442105044709616646e+00 1.939078783532212569e+01
1.326799329280853271e+03 3.982121524704733684e+00 2.344091143528550347e+01
1.326822726964950562e+03 3.442105044709616646e+00 1.939078783532212569e+01
1.326834053039550781e+03 3.526107608264412718e+00 2.002080706198309201e+01
1.326849244594573975e+03 4.042123355815301800e+00 2.389092516861476057e+01
1.326864476680755615e+03 3.652111453596606605e+00 2.096583590197455038e+01
1.326876203298568726e+03 3.346102114932706595e+00 1.867076586199529942e+01
1.326928284168243408e+03 3.172096804712058127e+00 1.736572603534043679e+01
1.326947418689727783e+03 3.364102664265877340e+00 1.880576998199408223e+01
1.326963288784027100e+03 3.432104739524521442e+00 1.931578554643390788e+01
1.326983764410018921e+03 3.484106326487014460e+00 1.970579744865261063e+01
1.327005883693695068e+03 3.408104007080293929e+00 1.913578005310220576e+01
1.327023987770080566e+03 3.806116153447065553e+00 2.212087115085299160e+01
1.327043377161026001e+03 3.342101992858669046e+00 1.864076494644001869e+01
1.327166096448898315e+03 3.556108523819696554e+00 2.024581392864772766e+01
1.327199431657791138e+03 3.924119754631183898e+00 2.300589815973388141e+01
1.327256161451339722e+03 3.366102725302896115e+00 1.882077043977172082e+01
1.327271741628646851e+03 3.904119144260994378e+00 2.285589358195746001e+01
1.327303173303604126e+03 3.820116580706198750e+00 2.222587435529649369e+01
1.327335132598876953e+03 3.622110538041321881e+00 2.074082903530991118e+01
1.327363688945770264e+03 3.860117801446577346e+00 2.252588351084932938e+01
1.327390409231185913e+03 3.394103579821161620e+00 1.903077684865871433e+01
1.327422071218490601e+03 3.538107974486526253e+00 2.011080980864894485e+01
1.327450473546981812e+03 3.362102603228858566e+00 1.879076952421644009e+01
1.327491609811782837e+03 3.760114749595630190e+00 2.177586062196722949e+01
1.327506872177124023e+03 4.040123294778283025e+00 2.387592471083712198e+01
1.327517597675323486e+03 3.382103213599048086e+00 1.894077410199286149e+01
1.327532453775405884e+03 3.960120853297524945e+00 2.327590639973143638e+01
1.327549181938171387e+03 4.028122928556169491e+00 2.378592196417126914e+01
1.327568565130233765e+03 3.566108829004791758e+00 2.032081621753593481e+01
1.327611881971359253e+03 3.700112918485061186e+00 2.132584688863795819e+01
1.327630995750427246e+03 3.974121280556657698e+00 2.338090960417493491e+01
1.327650702476501465e+03 3.870118106631672106e+00 2.260088579973754008e+01
1.327675181627273560e+03 3.974121280556657698e+00 2.338090960417493491e+01
1.327691182374954224e+03 3.988121707815790451e+00 2.348591280861842634e+01
1.327706835746765137e+03 3.614110293893246340e+00 2.068082720419934972e+01
1.327719271659851074e+03 3.364102664265877340e+00 1.880576998199408223e+01
1.327761160135269165e+03 3.544108157597583020e+00 2.015581118198187482e+01
1.327878912210464478e+03 3.546108218634602238e+00 2.017081163975951341e+01
1.327937699556350708e+03 3.362102603228858566e+00 1.879076952421644009e+01
1.327951318740844727e+03 3.896118900112918393e+00 2.279589175084689145e+01
1.327977637052536011e+03 3.974121280556657698e+00 2.338090960417493491e+01
1.328020851612091064e+03 3.530107730338450711e+00 2.005080797753838340e+01
1.328034919977188110e+03 3.690112613299966426e+00 2.125084459974974749e+01
1.328046717882156372e+03 4.056123783074434996e+00 2.399592837305826265e+01
1.328058302402496338e+03 3.374102969450972100e+00 1.888077227088229293e+01
1.328075423955917358e+03 3.954120670186468178e+00 2.323090502639851351e+01
1.328088325977325439e+03 4.056123783074434996e+00 2.399592837305826265e+01
1.328147918224334717e+03 3.522107486190374726e+00 1.999080614642781129e+01
1.328169414997100830e+03 3.522107486190374726e+00 1.999080614642781129e+01
1.328184738397598267e+03 3.628110721152379092e+00 2.078583040864284115e+01
1.328198356628417969e+03 3.380103152562028868e+00 1.892577364421521580e+01
1.328211082458496094e+03 3.980121463667714465e+00 2.342591097750785778e+01
1.328229417562484741e+03 3.872118167668690880e+00 2.261588625751517867e+01
1.328241769552230835e+03 3.440104983672597427e+00 1.937578737754447999e+01
1.328256905555725098e+03 3.736114017151402678e+00 2.159585512863552026e+01
1.328291888475418091e+03 3.440104983672597427e+00 1.937578737754447999e+01
1.328409674167633057e+03 3.986121646778771677e+00 2.347091235084078420e+01
1.328468530178070068e+03 3.964120975371562938e+00 2.330590731528672421e+01
1.328488363265991211e+03 3.550108340708640231e+00 2.020081255531480480e+01
1.328504511117935181e+03 3.396103640858180395e+00 1.904577730643635647e+01
1.328533838748931885e+03 3.424104495376445900e+00 1.925578371532334643e+01
1.328562268733978271e+03 4.038123233741264251e+00 2.386092425305947984e+01
1.328597323179244995e+03 3.378103091525010093e+00 1.891077318643757366e+01
1.328629912614822388e+03 3.956120731223486953e+00 2.324590548417615565e+01
1.328666574478149414e+03 4.050123599963377785e+00 2.395092699972533268e+01
1.328710111141204834e+03 3.630110782189397867e+00 2.080083086642048329e+01
1.328724268913269043e+03 3.562108706930753765e+00 2.029081530198065408e+01
1.328737928152084351e+03 3.352102298043763362e+00 1.871576723532822228e+01
1.328753567457199097e+03 4.002122135074922760e+00 2.359091601306191777e+01
1.328768293857574463e+03 4.018122623371074731e+00 2.371091967528305844e+01
1.328847937107086182e+03 3.570108951078829751e+00 2.035081713309122620e+01
1.328862210035324097e+03 3.518107364116336733e+00 1.996080523087252345e+01
1.328880574941635132e+03 3.404103885006256380e+00 1.910577913754692503e+01
1.328898113965988159e+03 3.858117740409558571e+00 2.251088305307168724e+01
1.328912639379501343e+03 4.030122989593188265e+00 2.380092242194891128e+01
1.328931417703628540e+03 3.988121707815790451e+00 2.348591280861842634e+01
1.328960600137710571e+03 3.658111636707662928e+00 2.101083727530747325e+01
1.329086436033248901e+03 3.892118778038880400e+00 2.276589083529160007e+01
1.329101043462753296e+03 3.618110415967283888e+00 2.071082811975463045e+01
1.329164645195007324e+03 3.908119266335031927e+00 2.288589449751274074e+01
1.329178297042846680e+03 3.354102359080782580e+00 1.873076769310587153e+01
1.329207311630249023e+03 3.440104983672597427e+00 1.937578737754447999e+01
1.329254130125045776e+03 3.408104007080293929e+00 1.913578005310220576e+01
1.329265445947647095e+03 3.928119876705221447e+00 2.303589907528916214e+01
1.329279071569442749e+03 3.410104068117313147e+00 1.915078051087984790e+01
1.329292587280273438e+03 3.930119937742240666e+00 2.305089953306680428e+01
1.329308781147003174e+03 4.086124698629719276e+00 2.422093523972289120e+01
1.329319647789001465e+03 3.482106265449995686e+00 1.969079699087496849e+01
1.329362981081008911e+03 3.912119388409069920e+00 2.291589541306802147e+01
1.329387327432632446e+03 3.396103640858180395e+00 1.904577730643635647e+01
1.329404840707778931e+03 3.562108706930753765e+00 2.029081530198065408e+01
1.329418887853622437e+03 3.404103885006256380e+00 1.910577913754692503e+01
1.329432177782058716e+03 3.968121097445600931e+00 2.333590823084200494e+01
1.329445743322372437e+03 3.908119266335031927e+00 2.288589449751274074e+01
1.329462971687316895e+03 3.388103396710104409e+00 1.898577547532578436e+01
1.329477568864822388e+03 3.546108218634602238e+00 2.017081163975951341e+01
1.329504486560821533e+03 4.046123477889340236e+00 2.392092608417004840e+01
1.329631731986999512e+03 4.050123599963377785e+00 2.395092699972533268e+01
1.329646455049514771e+03 4.072124271370586079e+00 2.411593203527939266e+01
1.329701838493347168e+03 3.628110721152379092e+00 2.078583040864284115e+01
1.329715572834014893e+03 3.562108706930753765e+00 2.029081530198065408e+01
1.329733025550842285e+03 3.848117435224463367e+00 2.243588076418347654e+01
1.329762705802917480e+03 4.038123233741264251e+00 2.386092425305947984e+01
1.329791340827941895e+03 3.410104068117313147e+00 1.915078051087984790e+01
1.329820041656494141e+03 3.952120609149448960e+00 2.321590456862086427e+01
1.329862913370132446e+03 3.448105227820673413e+00 1.943578920865504855e+01
1.329889640808105469e+03 3.604109988708151580e+00 2.060582491531113902e+01
1.329918382406234741e+03 4.066124088259528868e+00 2.407093066194646624e+01
1.329947700262069702e+03 3.916119510483107913e+00 2.294589632862331285e+01
1.329958903789520264e+03 3.436104861598559435e+00 1.934578646198919927e+01
1.329972171545028687e+03 3.908119266335031927e+00 2.288589449751274074e+01
1.329987917661666870e+03 3.740114139225440226e+00 2.162585604419080099e+01
1.330009943246841431e+03 3.674112125003814899e+00 2.113084093752861392e+01
1.330053315401077271e+03 3.720113528855250706e+00 2.147585146641437959e+01
1.330070198774337769e+03 3.908119266335031927e+00 2.288589449751274074e+01
1.330085067033767700e+03 3.678112247077852448e+00 2.116084185308389465e+01
1.330099215269088745e+03 3.422104434339427126e+00 1.924078325754570429e+01
1.330116429805755615e+03 3.888118655964842407e+00 2.273588991973631934e+01
1.330128255128860474e+03 4.062123966185492208e+00 2.404092974639118907e+01
1.330139247417449951e+03 3.440104983672597427e+00 1.937578737754447999e+01
1.330152585744857788e+03 3.902119083223975604e+00 2.284089312417981787e+01
1.330171384096145630e+03 4.094124942777795262e+00 2.428093707083346331e+01
1.330293540239334106e+03 3.874118228705710099e+00 2.263088671529282792e+01
1.330325526475906372e+03 3.702112979522079961e+00 2.134084734641559677e+01
1.330380769968032837e+03 3.578109195226905292e+00 2.041081896420178765e+01
1.330394225120544434e+03 3.696112796411023638e+00 2.129584597308267746e+01
1.330422377109527588e+03 3.752114505447554205e+00 2.171585879085665738e+01
1.330463729143142700e+03 3.900119022186956386e+00 2.282589266640217218e+01
1.330478334188461304e+03 3.432104739524521442e+00 1.931578554643390788e+01
1.330491125345230103e+03 4.016122562334055957e+00 2.369591921750541985e+01
1.330502263307571411e+03 3.660111697744682147e+00 2.102583773308511539e+01
1.330513582706451416e+03 3.714113345744193939e+00 2.143085009308145672e+01
1.330526653289794922e+03 3.902119083223975604e+00 2.284089312417981787e+01
1.330571274995803833e+03 3.978121402630695691e+00 2.341091051973021564e+01
1.330597621917724609e+03 4.052123661000397448e+00 2.396592745750297837e+01
1.330615658283233643e+03 3.862117862483596564e+00 2.254088396862697508e+01
1.330632311105728149e+03 3.902119083223975604e+00 2.284089312417981787e+01
1.330646825790405273e+03 3.902119083223975604e+00 2.284089312417981787e+01
1.330660369634628296e+03 3.416104251228369915e+00 1.919578188421277787e+01
1.330679499864578247e+03 3.836117069002350277e+00 2.234587801751762726e+01
1.330694858789443970e+03 3.908119266335031927e+00 2.288589449751274074e+01
1.330716339349746704e+03 4.070124210333567305e+00 2.410093157750175408e+01
1.330826623201370239e+03 3.442105044709616646e+00 1.939078783532212569e+01
1.330856883525848389e+03 4.026122867519149828e+00 2.377092150639362345e+01
1.330912722110748291e+03 3.690112613299966426e+00 2.125084459974974749e+01
1.330933079481124878e+03 4.058123844111453771e+00 2.401092883083590124e+01
1.330954705715179443e+03 3.878118350779748091e+00 2.266088763084810864e+01
1.330986258268356323e+03 3.612110232856227565e+00 2.066582674642170758e+01
1.331014673948287964e+03 3.684112430188909659e+00 2.120584322641682462e+01
1.331041549682617188e+03 3.928119876705221447e+00 2.303589907528916214e+01
1.331073483467102051e+03 3.784115482039857259e+00 2.195586611529893162e+01
1.331102640867233276e+03 3.878118350779748091e+00 2.266088763084810864e+01
1.331144617319107056e+03 3.868118045594652887e+00 2.258588534195989794e+01
1.331157536983489990e+03 3.412104129154331922e+00 1.916578096865748648e+01
1.331168665647506714e+03 4.026122867519149828e+00 2.377092150639362345e+01
1.331180082082748413e+03 3.564108767967772540e+00 2.030581575975829622e+01
1.331191048860549927e+03 3.838117130039369052e+00 2.236087847529526584e+01
1.331202070713043213e+03 3.716113406781213158e+00 2.144585055085909886e+01
1.331229458093643188e+03 3.512107181005279521e+00 1.991580385753959348e+01
1.331275311470031738e+03 3.410104068117313147e+00 1.915078051087984790e+01
1.331287982940673828e+03 4.094124942777795262e+00 2.428093707083346331e+01
1.331302870273590088e+03 3.474106021301919700e+00 1.963079515976439993e+01
1.331320614814758301e+03 3.596109744560075594e+00 2.054582308420057046e+01
1.331335873603820801e+03 3.754114566484572979e+00 2.173085924863429952e+01
1.331349780321121216e+03 4.094124942777795262e+00 2.428093707083346331e+01
1.331364083528518677e+03 3.670112002929776907e+00 2.110084002197332609e+01
1.331376936674118042e+03 3.490106509598071227e+00 1.975079882198553349e+01
1.331398460626602173e+03 4.044123416852321462e+00 2.390592562639240981e+01
1.331525096178054810e+03 3.632110843226417085e+00 2.081583132419812898e+01
1.331539996147155762e+03 3.532107791375469041e+00 2.006580843531601488e+01
1.331595073461532593e+03 3.488106448561052453e+00 1.973579836420789135e+01
1.331608810663223267e+03 4.042123355815301800e+00 2.389092516861476057e+01
1.331633630275726318e+03 4.094124942777795262e+00 2.428093707083346331e+01
1.331665799617767334e+03 3.404103885006256380e+00 1.910577913754692503e+01
1.331690829038619995e+03 3.652111453596606605e+00 2.096583590197455038e+01
1.331706193208694458e+03 3.942120303964354644e+00 2.314090227973266067e+01
1.331717656612396240e+03 3.382103213599048086e+00 1.894077410199286149e+01
1.331733062028884888e+03 3.998122013000885211e+00 2.356091509750663704e+01
1.331748844623565674e+03 4.066124088259528868e+00 2.407093066194646624e+01
1.331789816617965698e+03 3.832116946928312284e+00 2.231587710196234298e+01
1.331811607837677002e+03 4.090124820703756825e+00 2.425093615527817548e+01
1.331830278396606445e+03 3.914119449446089138e+00 2.293089587084567071e+01
1.331844157218933105e+03 3.718113467818231932e+00 2.146085100863673745e+01
1.331861785888671875e+03 3.418104312265389133e+00 1.921078234199041646e+01
1.331875022172927856e+03 3.600109866634113587e+00 2.057582399975585119e+01
1.331895270824432373e+03 4.094124942777795262e+00 2.428093707083346331e+01
1.331912070751190186e+03 4.028122928556169491e+00 2.378592196417126914e+01
1.331953141689300537e+03 3.900119022186956386e+00 2.282589266640217218e+01
1.332067400455474854e+03 4.036123172704245476e+00 2.384592379528184125e+01
1.332128221035003662e+03 3.400103762932218388e+00 1.907577822199163720e+01
1.332142024755477905e+03 3.470105899227881707e+00 1.960079424420911209e+01
1.332168110609054565e+03 3.496106692709127994e+00 1.979580019531846347e+01
1.332203723430633545e+03 4.046123477889340236e+00 2.392092608417004840e+01
1.332234042167663574e+03 3.456105471968748954e+00 1.949579103976562067e+01
1.332285058259963989e+03 3.996121951963865992e+00 2.354591463972899845e+01
1.332304236650466919e+03 3.384103274636066860e+00 1.895577455977050363e+01
1.332329712867736816e+03 3.558108584856715773e+00 2.026081438642536625e+01
1.332361881971359253e+03 3.902119083223975604e+00 2.284089312417981787e+01
1.332378130197525024e+03 3.340101931821649828e+00 1.862576448866237300e+01
1.332391511440277100e+03 4.018122623371074731e+00 2.371091967528305844e+01
1.332406009912490845e+03 3.688112552262947652e+00 2.123584414197210535e+01
1.332419254064559937e+03 3.472105960264900482e+00 1.961579470198675068e+01
1.332430520534515381e+03 3.902119083223975604e+00 2.284089312417981787e+01
1.332481969118118286e+03 3.818116519669179532e+00 2.221087389751884444e+01
1.332500174045562744e+03 3.380103152562028868e+00 1.892577364421521580e+01
1.332513714790344238e+03 3.846117374187444593e+00 2.242088030640583440e+01
1.332527889251708984e+03 4.094124942777795262e+00 2.428093707083346331e+01
1.332543707370758057e+03 3.728113773003326692e+00 2.153585329752494815e+01
1.332561310768127441e+03 3.418104312265389133e+00 1.921078234199041646e+01
1.332578989505767822e+03 3.558108584856715773e+00 2.026081438642536625e+01
1.332601997137069702e+03 3.596109744560075594e+00 2.054582308420057046e+01
1.332720883607864380e+03 3.402103823969237606e+00 1.909077867976928289e+01
1.332753106594085693e+03 3.980121463667714465e+00 2.342591097750785778e+01
1.332808897733688354e+03 3.952120609149448960e+00 2.321590456862086427e+01
1.332822148799896240e+03 3.552108401745659005e+00 2.021581301309244338e+01
1.332847533464431763e+03 3.524107547227393500e+00 2.000580660420545343e+01
1.332882753610610962e+03 3.900119022186956386e+00 2.282589266640217218e+01
1.332905588150024414e+03 3.356102420117801355e+00 1.874576815088351367e+01
1.332919959068298340e+03 3.440104983672597427e+00 1.937578737754447999e+01
1.332935725450515747e+03 3.902119083223975604e+00 2.284089312417981787e+01
1.332952614068984985e+03 4.026122867519149828e+00 2.377092150639362345e+01
1.333000689744949341e+03 3.876118289742728873e+00 2.264588717307047006e+01
1.333021076440811157e+03 3.540108035523545027e+00 2.012581026642658699e+01
1.333035770177841187e+03 3.664111819818720139e+00 2.105583864864040322e+01
1.333048085927963257e+03 4.094124942777795262e+00 2.428093707083346331e+01
1.333058891534805298e+03 3.428104617450483449e+00 1.928578463087862715e+01
1.333079030036926270e+03 3.884118533890804859e+00 2.270588900418103862e+01
1.333095305919647217e+03 3.760114749595630190e+00 2.177586062196722949e+01
1.333110875129699707e+03 4.062123966185492208e+00 2.404092974639118907e+01
1.333124689817428589e+03 3.818116519669179532e+00 2.221087389751884444e+01
1.333149142265319824e+03 3.452105349894710962e+00 1.946579012421032928e+01
1.333256980180740356e+03 4.024122806482131054e+00 2.375592104861598131e+01
1.333287245512008667e+03 3.448105227820673413e+00 1.943578920865504855e+01
1.333344067335128784e+03 3.898118961149937611e+00 2.281089220862453004e+01
1.333357832670211792e+03 3.338101870784631053e+00 1.861076403088473086e+01
1.333375020503997803e+03 3.614110293893246340e+00 2.068082720419934972e+01
1.333404533386230469e+03 3.906119205298013597e+00 2.287089403973509860e+01
1.333433261632919312e+03 3.526107608264412718e+00 2.002080706198309201e+01
1.333461823463439941e+03 4.074124332407604854e+00 2.413093249305703480e+01
1.333504424810409546e+03 3.422104434339427126e+00 1.924078325754570429e+01
1.333524565935134888e+03 3.412104129154331922e+00 1.916578096865748648e+01
1.333561130285263062e+03 4.056123783074434996e+00 2.399592837305826265e+01
1.333585856676101685e+03 3.572109012115848525e+00 2.036581759086886478e+01
1.333608040809631348e+03 3.684112430188909659e+00 2.120584322641682462e+01
