-3.120095217749565587e-03 2.905859947204589844e-01 2.337933619464276688e-03
-5.600170903653065371e-03 6.206536293029785156e-01 2.190957092724910536e-03
-4.080124515518661690e-03 9.675257205963134766e-01 4.399406926402186536e-03
-8.000244148075808664e-03 1.298946142196655273e+00 4.525621510601917155e-03
-7.360224616229743728e-03 1.584638833999633789e+00 5.237563774828214377e-03
-6.560200201422164076e-03 1.858029365539550781e+00 2.001660446340539339e-03
-5.200158696249275979e-03 2.126319646835327148e+00 1.600048829615161690e-03
-6.880209967345195243e-03 2.429036378860473633e+00 3.050601251352035546e-03
-6.960212408825953469e-03 2.702633619308471680e+00 1.969425482110599181e-03
-7.120217291787469920e-03 2.973727941513061523e+00 2.471026643585524582e-03
-6.800207525864437885e-03 3.244311332702636719e+00 2.262810755300959011e-03
-6.320192876979888533e-03 3.512059450149536133e+00 1.462097970288799920e-03
-4.240129398480178141e-03 3.792629718780517578e+00 2.846558370012595984e-03
-1.440043946653645672e-03 4.060040950775146484e+00 1.920058595538193941e-03
-1.600048829615161690e-03 4.329984903335571289e+00 1.876223561728496830e-03
-2.480075685903500651e-03 4.597536087036132812e+00 1.899952715881507610e-03
-1.680051271095919698e-03 4.868367671966552734e+00 1.848731620138264684e-03
-1.920058595538194158e-03 5.139568090438842773e+00 1.831339590810571660e-03
-3.120095217749565154e-03 5.441945552825927734e+00 2.888963377808429107e-03
-1.520046388134403464e-03 5.711147546768188477e+00 2.061518708834273426e-03
-2.320070802941984200e-03 5.996159791946411133e+00 2.866723144194542865e-03
-2.480075685903500651e-03 6.286779880523681641e+00 2.483943755349216076e-03
-4.640141605883969268e-03 6.613784551620483398e+00 2.447604061472701854e-03
-6.000183111056855631e-03 6.949329614639282227e+00 2.400073244422742426e-03
-4.160126956999420783e-03 7.258072614669799805e+00 2.935119385190206910e-03
-2.480075685903500651e-03 7.533760547637939453e+00 2.282524475948954044e-03
-1.200036622211371213e-03 7.805376052856445312e+00 2.039670051227251545e-03
-1.680051271095919698e-03 8.089019060134887695e+00 1.933346356823618896e-03
-4.640141605883969268e-03 8.425504207611083984e+00 3.907855175657964746e-03
-7.360224616229744596e-03 8.755932569503784180e+00 4.689535397983788170e-03
-1.056032227546006841e-02 9.062367200851440430e+00 6.388183680751236167e-03
-8.720266121402631826e-03 9.363404512405395508e+00 4.927786734335685981e-03
-5.120156254768517753e-03 9.636717081069946289e+00 2.122704645632315403e-03
-5.840178228095339180e-03 9.908785343170166016e+00 2.766743068824247843e-03
-5.920180669576098273e-03 1.018692684173583984e+01 2.496794041599584551e-03
-5.600170903653065371e-03 1.046600008010864258e+01 2.400073244422742426e-03
-5.440166020691548920e-03 1.073922133445739746e+01 1.834831185192794568e-03
-5.120156254768517753e-03 1.101085376739501953e+01 2.405400827547342097e-03
-4.000122074037904332e-03 1.129580664634704590e+01 3.149699270798291505e-03
-2.240068361461226409e-03 1.157068324089050293e+01 1.727015355919879654e-03
-1.680051271095919698e-03 1.184229373931884766e+01 2.509578528876115367e-03
-2.160065919980468183e-03 1.212724447250366211e+01 3.245773097150195848e-03
-4.800146488845485936e-04 1.239401268959045410e+01 1.526349302751205811e-03
-2.320070802941984634e-03 1.267877340316772461e+01 2.694075535137856105e-03
-5.600170903653066022e-04 1.295048379898071289e+01 1.551304896441598130e-03
-7.200219733268227278e-04 1.322480773925781250e+01 1.949828721162959232e-03
-1.680051271095919698e-03 1.349884319305419922e+01 2.014410004836966230e-03
-1.600048829615161690e-03 1.377588295936584473e+01 2.465840852678456447e-03
-8.800268562883389618e-04 1.404478120803833008e+01 1.608029172535242789e-03
-1.920058595538194158e-03 1.433629751205444336e+01 3.071510346329350567e-03
-3.520107425153355413e-03 1.463075113296508789e+01 3.360102542191839396e-03
-4.640141605883969268e-03 1.495140647888183594e+01 2.924195940577599840e-03
-5.280161137730034204e-03 1.526870536804199219e+01 2.764428770578336580e-03
-3.440104983672597622e-03 1.557152819633483887e+01 3.418642027750602979e-03
-2.240068361461226409e-03 1.586966061592102051e+01 2.612052148275823167e-03
-1.120034180730613204e-03 1.614479780197143555e+01 2.045936333429001792e-03
-6.640202642902921434e-03 1.641590857505798340e+01 5.534642681947393728e-03
-7.200219733268227278e-03 1.668945980072021484e+01 6.928414668711443784e-03
-6.560200201422164076e-03 1.697436857223510742e+01 3.600998672934937160e-03
-4.800146488845485719e-03 1.724647164344787598e+01 1.600048829615161690e-03
-6.160187994018373817e-03 1.753597974777221680e+01 3.094347168911667969e-03
-6.160187994018372082e-03 1.782834315299987793e+01 3.094347168911667535e-03
-7.760236823633534856e-03 1.813087534904479980e+01 2.846558370012595984e-03
-7.280222174748985503e-03 1.842330622673034668e+01 3.194091840375618083e-03
-7.440227057710501087e-03 1.874798202514648438e+01 3.225993674098932840e-03
-9.600292977690969703e-03 1.903518629074096680e+01 4.595790369622074038e-03
-9.280283211767938537e-03 1.934410285949707031e+01 4.992306196877648906e-03
-4.000122074037904332e-03 1.964614224433898926e+01 2.713014787890851223e-03
-1.520046388134403681e-03 1.992183399200439453e+01 2.061518708834273426e-03
-5.600170903653066022e-04 2.019148302078247070e+01 1.061352322816157701e-03
-2.640080568865016235e-03 2.047347331047058105e+01 3.083987758620781484e-03
-2.000061037018952166e-03 2.074197769165039062e+01 2.190957092724910103e-03
-1.840056154057435932e-03 2.101368284225463867e+01 2.648552084554654708e-03
-1.840056154057436149e-03 2.128822302818298340e+01 1.953108502658709202e-03
-6.400195318460647192e-04 2.155785918235778809e+01 1.466468975467395729e-03
-7.200219733268227278e-04 2.182603025436401367e+01 2.254309244635350519e-03
-1.200036622211371213e-03 2.209657168388366699e+01 1.876223561728497047e-03
-5.600170903653064938e-04 2.236437296867370605e+01 1.745447205163160997e-03
-9.600292977690970788e-04 2.263505887985229492e+01 1.969425482110599181e-03
-6.400195318460647192e-04 2.290308046340942383e+01 2.242923771621618996e-03
-2.400073244422742697e-04 2.317167401313781738e+01 1.631736040981801236e-03
-6.400195318460647192e-04 2.344018626213073730e+01 1.466468975467395729e-03
-1.520046388134403681e-03 2.371694636344909668e+01 2.609600667540261029e-03
-5.280161137730034204e-03 2.398586416244506836e+01 5.118906063990567509e-03
-5.840178228095339180e-03 2.425478053092956543e+01 6.011373018679880102e-03
-4.640141605883969268e-03 2.452274346351623535e+01 2.170411830312680718e-03
-5.120156254768517753e-03 2.479304623603820801e+01 2.405400827547342097e-03
-4.640141605883969268e-03 2.505972003936767578e+01 2.812629167629871006e-03
-4.160126956999420783e-03 2.532951140403747559e+01 1.592028484224236552e-03
-3.840117191076388315e-03 2.559746742248535156e+01 1.781738970463836403e-03
-5.040153813287759528e-03 2.586642503738403320e+01 2.271280444630955405e-03
-4.480136722922452817e-03 2.613617038726806641e+01 2.282524475948954044e-03
-2.240068361461226409e-03 2.641307854652404785e+01 2.612052148275823167e-03
-4.000122074037904224e-04 2.668490076065063477e+01 1.496708630632142449e-03
-6.400195318460647192e-04 2.695960116386413574e+01 1.852190428812550008e-03
-3.200097659230323596e-04 2.723123717308044434e+01 2.092335345906905838e-03
-8.000244148075809532e-04 2.750155591964721680e+01 1.600048829615161906e-03
-8.800268562883389618e-04 2.777049756050109863e+01 2.045936333429001792e-03
-1.040031739249855196e-03 2.803954982757568359e+01 2.599771628217279265e-03
-8.000244148075808448e-04 2.831036543846130371e+01 1.385682933742288844e-03
