-2.240068361461226409e-03 2.797379493713378906e-01 2.902225712454645223e-03
-5.600170903653066022e-04 5.522742271423339844e-01 1.651231786839080836e-03
8.000244148075808990e-05 8.235278129577636719e-01 1.831339590810571660e-03
-6.400195318460647192e-04 1.094398498535156250e+00 1.763686438242555729e-03
-3.200097659230323596e-04 1.367517232894897461e+00 1.760053712576677924e-03
-1.120034180730613204e-03 1.639301300048828125e+00 1.883033832982481488e-03
-2.400073244422742697e-04 1.908231258392333984e+00 1.727015355919879654e-03
-8.000244148075808448e-04 2.180777549743652344e+00 2.039670051227251545e-03
-8.800268562883389618e-04 2.453055620193481445e+00 2.471026643585525016e-03
-7.200219733268227278e-04 2.722130775451660156e+00 2.821716846132042190e-03
-4.320131839960935499e-03 2.999407291412353516e+00 6.613642691698457497e-03
-4.320131839960936367e-03 3.271927356719970703e+00 2.634012804996250894e-03
-9.280283211767938537e-03 3.544636726379394531e+00 7.997843714712354543e-03
-4.480136722922451950e-03 3.813406705856323242e+00 2.061518708834273426e-03
-4.320131839960936367e-03 4.086649894714355469e+00 1.666664195034753097e-03
-4.560139164403211043e-03 4.356989145278930664e+00 1.745447205163160997e-03
-4.960151371807001303e-03 4.627920627593994141e+00 1.799610420423918868e-03
-4.880148930326243077e-03 4.898442506790161133e+00 2.122704645632315403e-03
-4.160126956999420783e-03 5.172860622406005859e+00 1.689548527484613632e-03
-2.320070802941984634e-03 5.447849035263061523e+00 2.810352656396797929e-03
-1.280039063692129438e-03 5.717883348464965820e+00 1.371756118633098804e-03
-3.200097659230323596e-04 5.986229419708251953e+00 1.760053712576677924e-03
-7.200219733268227278e-04 6.256730318069458008e+00 1.483824242001541760e-03
-7.200219733268227278e-04 6.524383306503295898e+00 1.483824242001541760e-03
-1.520046388134403681e-03 6.793980836868286133e+00 2.061518708834273426e-03
-6.400195318460647192e-04 7.061845302581787109e+00 1.763686438242555729e-03
-1.120034180730613204e-03 7.330997228622436523e+00 2.405400827547342531e-03
-1.600048829615161798e-04 7.598032236099243164e+00 1.953108502658709202e-03
-3.200097659230323596e-04 7.868263721466064453e+00 1.848731620138264684e-03
4.800146488845484310e-04 8.135084629058837891e+00 1.417646874882806012e-03
0.000000000000000000e+00 8.405099868774414062e+00 2.039670051227251545e-03
4.800146488845485394e-04 8.673095226287841797e+00 1.723305329388064196e-03
0.000000000000000000e+00 8.943056821823120117e+00 2.465840852678456447e-03
3.200097659230323596e-04 9.210401058197021484e+00 1.848731620138264684e-03
3.200097659230323596e-04 9.481068372726440430e+00 1.666664195034752880e-03
-4.800146488845484310e-04 9.749672174453735352e+00 1.982382368447021571e-03
-1.600048829615161798e-04 1.001863455772399902e+01 1.592028484224236552e-03
-8.000244148075808448e-04 1.029194903373718262e+01 2.262810755300959445e-03
-5.920180669576098273e-03 1.056181931495666504e+01 5.809962155690888246e-03
-7.440227057710501087e-03 1.083158850669860840e+01 7.365440318750051535e-03
-4.880148930326243077e-03 1.110160279273986816e+01 1.608029172535242789e-03
-4.240129398480178141e-03 1.137229108810424805e+01 1.903318445208599568e-03
-4.160126956999420783e-03 1.164075922966003418e+01 1.953108502658708985e-03
-4.560139164403211043e-03 1.191028118133544922e+01 2.299287426795665334e-03
-3.440104983672597622e-03 1.217840290069580078e+01 1.834831185192795002e-03
-4.720144047364726626e-03 1.244999790191650391e+01 2.254309244635350519e-03
-3.760114749595629222e-03 1.271932029724121094e+01 2.214203972638407406e-03
-6.400195318460647192e-04 1.300172781944274902e+01 2.095392082884999386e-03
-8.800268562883388533e-04 1.327126073837280273e+01 2.471026643585525016e-03
-5.600170903653066022e-04 1.354055714607238770e+01 2.080063478499710392e-03
-1.680051271095919698e-03 1.382572722434997559e+01 2.509578528876115367e-03
-4.800146488845484310e-04 1.409998512268066406e+01 2.061518708834273426e-03
-1.200036622211371430e-03 1.437625360488891602e+01 2.771365867484577687e-03
0.000000000000000000e+00 1.464717340469360352e+01 2.190957092724910536e-03
-3.200097659230323596e-04 1.491744399070739746e+01 1.666664195034752880e-03
-3.200097659230323596e-04 1.519243717193603516e+01 1.567721278437827050e-03
1.600048829615161798e-04 1.546072411537170410e+01 1.488131433186334418e-03
-3.200097659230323596e-04 1.573155641555786133e+01 2.167460895120250450e-03
-4.000122074037904224e-04 1.600083708763122559e+01 1.600048829615161690e-03
-3.200097659230323596e-04 1.627086114883422852e+01 1.933346356823618896e-03
-8.000244148075808990e-05 1.654106187820434570e+01 1.998460347657277179e-03
8.000244148075808990e-05 1.681422829627990723e+01 1.741776439364744241e-03
-8.000244148075808990e-05 1.708251881599426270e+01 1.831339590810571660e-03
-8.000244148075808448e-04 1.735132670402526855e+01 1.600048829615161690e-03
-9.600292977690970788e-04 1.762081527709960938e+01 2.660607459026533526e-03
-4.400134281441694592e-03 1.789152073860168457e+01 5.851674114253062157e-03
-3.600109866634114072e-03 1.816352987289428711e+01 2.116665644360838771e-03
-4.720144047364726626e-03 1.843376636505126953e+01 2.107574697646608097e-03
-5.040153813287758661e-03 1.870787477493286133e+01 2.473615462151566771e-03
-5.520168462172307146e-03 1.897563910484313965e+01 2.729478834560691413e-03
-4.240129398480178141e-03 1.924681305885314941e+01 1.530536825853875613e-03
-4.800146488845484852e-03 1.951542067527770996e+01 2.529899334535293514e-03
-5.040153813287758661e-03 1.978603935241699219e+01 2.473615462151566337e-03
-4.480136722922452817e-03 2.005384850502014160e+01 1.813780799998007155e-03
-3.600109866634114072e-03 2.033028197288513184e+01 2.262810755300959445e-03
-8.000244148075808448e-04 2.060153007507324219e+01 1.600048829615161906e-03
-1.120034180730613204e-03 2.087100911140441895e+01 2.268460728528758942e-03
-1.360041505172887664e-03 2.114300084114074707e+01 2.170411830312680718e-03
-7.200219733268227278e-04 2.142243123054504395e+01 1.483824242001541760e-03
-5.600170903653064938e-04 2.169447064399719238e+01 1.651231786839080836e-03
-1.120034180730613204e-03 2.196936464309692383e+01 1.796050356758570809e-03
-7.200219733268227278e-04 2.224050211906433105e+01 1.371756118633098804e-03
-7.200219733268227278e-04 2.251592707633972168e+01 1.865961550977906494e-03
-9.600292977690968619e-04 2.278549098968505859e+01 1.708384656087219566e-03
-1.200036622211371213e-03 2.305745387077331543e+01 1.959651598047283758e-03
-1.280039063692129438e-03 2.332834410667419434e+01 1.588003121311654239e-03
-8.000244148075809532e-04 2.359678483009338379e+01 1.496708630632142449e-03
-1.040031739249855196e-03 2.386592221260070801e+01 2.199703463201093268e-03
-9.600292977690970788e-04 2.413666129112243652e+01 1.708384656087219566e-03
-6.400195318460647192e-04 2.440420985221862793e+01 2.170411830312681152e-03
-8.000244148075808448e-04 2.467396807670593262e+01 2.039670051227251545e-03
-9.600292977690970788e-04 2.494336032867431641e+01 1.509483046895868964e-03
-4.000122074037904224e-04 2.521168828010559082e+01 1.959651598047283758e-03
-3.600109866634113639e-03 2.548249053955078125e+01 3.394216132951438300e-03
-4.960151371807001303e-03 2.575699734687805176e+01 4.199937691416757990e-03
-3.920119632557146107e-03 2.603096246719360352e+01 1.998460347657277179e-03
-3.680112308114871864e-03 2.629800200462341309e+01 2.092335345906905838e-03
-4.560139164403210175e-03 2.656993412971496582e+01 1.651231786839080836e-03
-4.000122074037904332e-03 2.683926010131835938e+01 1.600048829615161690e-03
-4.480136722922452817e-03 2.711244630813598633e+01 2.061518708834273426e-03
