1.652370426343577670e+00 2.795126438140869141e-01 8.721367002942353661e-03
1.656450550859096316e+00 5.518996715545654297e-01 5.513787768285118712e-03
1.654370487380596444e+00 8.235096931457519531e-01 8.249954793597902986e-03
1.655650526444288451e+00 1.095004796981811523e+00 5.306761614080808889e-03
1.657810592364269198e+00 1.365160942077636719e+00 3.850104508830280887e-03
1.656770560625019151e+00 1.636640071868896484e+00 3.388554384000765866e-03
1.666850868251594786e+00 1.917824745178222656e+00 7.735867922279048708e-03
1.672451039155247621e+00 2.189274072647094727e+00 3.666172438668440208e-03
1.673171061128574388e+00 2.460073232650756836e+00 3.302463573678127845e-03
1.670930992767112766e+00 2.728365182876586914e+00 6.250438743332447332e-03
1.673571073335978321e+00 2.998575687408447266e+00 4.640141605883927635e-03
1.670050965910824692e+00 3.267303228378295898e+00 6.299398541596479793e-03
1.674051087984862907e+00 3.536080360412597656e+00 3.298585165324610918e-03
1.669490948820459897e+00 3.803318023681640625e+00 6.132592878837952143e-03
1.673411068453016792e+00 4.073509216308593750e+00 2.242923771621602082e-03
1.669250941496017049e+00 4.342106819152832031e+00 6.273946322190177179e-03
1.673331066011535917e+00 4.610572338104248047e+00 3.660931303124223719e-03
1.669490948820459897e+00 4.878674507141113281e+00 6.287194335348543495e-03
1.674051087984862907e+00 5.152560949325561523e+00 2.116665644360835302e-03
1.674371097750785742e+00 5.419661521911621094e+00 2.092335345906897164e-03
1.672771048921170456e+00 5.689669847488403320e+00 4.660785968261302488e-03
1.673971085543382253e+00 5.956771850585937500e+00 3.554486056949581699e-03
1.673491070894497446e+00 6.228744506835937500e+00 2.499356170587337111e-03
1.673491070894497668e+00 6.495565176010131836e+00 3.980875184149323433e-03
1.665970841395306046e+00 6.766755580902099609e+00 6.728771314864760711e-03
1.648850318918424041e+00 7.035893440246582031e+00 2.118177008812145018e-02
1.652050416577654390e+00 7.304610729217529297e+00 2.116665644360839899e-02
1.655970536210211952e+00 7.572743177413940430e+00 5.698735133517281344e-03
1.656850563066500026e+00 7.842633247375488281e+00 4.270961640218069733e-03
1.653890472731711636e+00 8.110313653945922852e+00 7.264820798974051808e-03
1.658290607013153783e+00 8.379481554031372070e+00 2.550058213682245955e-03
1.653810470290230983e+00 8.647671222686767578e+00 7.339324740771224244e-03
1.657810592364269198e+00 8.917171239852905273e+00 3.362006822617998741e-03
1.649170328684347098e+00 9.196116447448730469e+00 1.032434529481455338e-02
1.671251002533036267e+00 9.470407962799072266e+00 5.851674114252973687e-03
1.671891022064882382e+00 9.738770246505737305e+00 5.930981956917375300e-03
1.672371036713766745e+00 1.000909972190856934e+01 4.653914689324724352e-03
1.672211031830805217e+00 1.028437352180480957e+01 5.540421782072346354e-03
1.673171061128574610e+00 1.055461955070495605e+01 3.153760780249301177e-03
1.671651014740439978e+00 1.082293629646301270e+01 5.184750784763342106e-03
1.670930992767113210e+00 1.109006023406982422e+01 6.199027780213858113e-03
1.673651075777458752e+00 1.136008143424987793e+01 4.308263323470112351e-03
1.673091058687093735e+00 1.162870955467224121e+01 5.063592096070256357e-03
1.673411068453016570e+00 1.189753818511962891e+01 2.755152137806209881e-03
1.672371036713766745e+00 1.216550350189208984e+01 4.888666347841830705e-03
1.673331066011535917e+00 1.243450903892517090e+01 3.831774541223870005e-03
1.673571073335978099e+00 1.270076251029968262e+01 2.670212571345355508e-03
1.672691046479690247e+00 1.297137689590454102e+01 4.068342439187319290e-03
1.673011056245613082e+00 1.323812246322631836e+01 2.271280444630954971e-03
1.673011056245613082e+00 1.350693082809448242e+01 4.903046731845921852e-03
1.673411068453016792e+00 1.377306270599365234e+01 5.176102320385863806e-03
1.672851051362651553e+00 1.404344391822814941e+01 4.345244802827750302e-03
1.663890777916806396e+00 1.431225204467773438e+01 1.705497444021591286e-02
1.645170206610309549e+00 1.458158135414123535e+01 2.944415925342335622e-02
1.656610555742057622e+00 1.485111451148986816e+01 6.462890168914249556e-03
1.655170511795404087e+00 1.512110543251037598e+01 6.550436540405707789e-03
1.657490582598346140e+00 1.538850259780883789e+01 2.001660446340584008e-03
1.657090570390941986e+00 1.566051173210144043e+01 4.349661451235008018e-03
1.655810531327249979e+00 1.592978310585021973e+01 3.932345838453619319e-03
1.654930504470961461e+00 1.620140361785888672e+01 6.224786337859983427e-03
1.657650587481307669e+00 1.646946549415588379e+01 3.577817950338509339e-03
1.659810653401287972e+00 1.674659013748168945e+01 8.491572350437130018e-03
1.671731017181920631e+00 1.701767253875732422e+01 5.978275784024428621e-03
1.671971024506363035e+00 1.728962993621826172e+01 4.816120398184036214e-03
1.672531041596728052e+00 1.756485199928283691e+01 3.889797357160507726e-03
1.671971024506363035e+00 1.783645725250244141e+01 5.440166020691491675e-03
1.673651075777458974e+00 1.810640001296997070e+01 3.532812159402157898e-03
1.673491070894497446e+00 1.837399697303771973e+01 4.060468728615472013e-03
1.673171061128574610e+00 1.864291143417358398e+01 3.102609792883162868e-03
1.674051087984862463e+00 1.891069865226745605e+01 3.200097659230305598e-03
1.673171061128574388e+00 1.918084740638732910e+01 2.888963377808407423e-03
1.672611044038209149e+00 1.944783520698547363e+01 2.913231537736312143e-03
1.673171061128574388e+00 1.971710753440856934e+01 1.796050356758564304e-03
1.673171061128573944e+00 1.998466253280639648e+01 2.534954083500062620e-03
1.671010995208594085e+00 2.025497245788574219e+01 4.967887510698349753e-03
1.668050904873805917e+00 2.052881836891174316e+01 7.462130968635770530e-03
1.671971024506363035e+00 2.079875183105468750e+01 5.074955364035914178e-03
1.673731078218939849e+00 2.106691551208496094e+01 3.133400588207772581e-03
1.670210970793786442e+00 2.133590555191040039e+01 7.242762022119752022e-03
1.673411068453016792e+00 2.160296559333801270e+01 3.235898498370285217e-03
1.658370609454634437e+00 2.187331199645996094e+01 1.660585530642526980e-02
1.648450306711020552e+00 2.214239358901977539e+01 2.560703070180675098e-02
1.654850502029480808e+00 2.241283988952636719e+01 7.673564615908012865e-03
1.656530553300576969e+00 2.268255758285522461e+01 5.693116740025231000e-03
1.658290607013153783e+00 2.295453357696533203e+01 1.304800333770159571e-03
1.656290545976134787e+00 2.322560095787048340e+01 4.091872666858050421e-03
1.658210604571672686e+00 2.349583578109741211e+01 2.880087893307311728e-03
1.654290484939115791e+00 2.376574754714965820e+01 8.262358416153400831e-03
1.652690436109500283e+00 2.403557658195495605e+01 7.348040246443515895e-03
1.662370731528672207e+00 2.431988215446472168e+01 1.397961114944762905e-02
1.673011056245612638e+00 2.458934497833251953e+01 4.004919343889729207e-03
1.672291034272286092e+00 2.485919237136840820e+01 5.464816807513992250e-03
1.672611044038209149e+00 2.512710452079772949e+01 6.337890159566296477e-03
1.672131029389324119e+00 2.539601397514343262e+01 5.291059314727597149e-03
1.673011056245613082e+00 2.566450548171997070e+01 4.349661451234943833e-03
1.672451039155247621e+00 2.593507599830627441e+01 5.484691059808678715e-03
1.671971024506363035e+00 2.620564794540405273e+01 4.979469183610273075e-03
1.674051087984862463e+00 2.647484183311462402e+01 1.788908975169259657e-03
1.667250880458998274e+00 2.674139308929443359e+01 6.951471020852952910e-03
1.670690985442671028e+00 2.701257801055908203e+01 4.028820009673864805e-03
