1.037871673329874289e+00 2.801728248596191406e-01 5.426029575781219326e-04
1.038111680654316693e+00 5.509164333343505859e-01 3.919303196094654361e-04
1.038031678212836040e+00 8.211121559143066406e-01 0.000000000000000000e+00
1.038271685537278222e+00 1.091596841812133789e+00 6.499429070543340193e-04
1.038191683095797568e+00 1.360725402832031250e+00 5.426029575781822142e-04
1.038271685537278222e+00 1.631534337997436523e+00 6.499429070543340193e-04
1.038031678212836040e+00 1.899312257766723633e+00 0.000000000000000000e+00
1.038031678212836040e+00 2.169029712677001953e+00 0.000000000000000000e+00
1.038031678212836040e+00 2.440036535263061523e+00 0.000000000000000000e+00
1.038031678212836040e+00 2.708410978317260742e+00 0.000000000000000000e+00
1.038111680654316693e+00 2.976743459701538086e+00 3.919303196094654361e-04
1.038111680654316693e+00 3.244447946548461914e+00 6.882070237750128076e-04
1.037391658680989925e+00 3.515228748321533203e+00 1.352964051209100231e-03
1.037711668446912983e+00 3.782682895660400391e+00 9.260952144062278412e-04
1.037471661122470801e+00 4.052658557891845703e+00 1.061352322816092215e-03
1.037471661122470579e+00 4.320474624633789062e+00 8.980251783792056073e-04
1.037471661122470801e+00 4.588719606399536133e+00 8.980251783792056073e-04
1.037871673329874289e+00 4.856250047683715820e+00 5.426029575781219326e-04
1.037631666005432107e+00 5.129211425781250000e+00 8.000244148075097211e-04
1.037791670888393636e+00 5.398028850555419922e+00 6.499429070542619199e-04
1.037711668446912983e+00 5.667936563491821289e+00 7.332344877336325955e-04
1.037711668446912983e+00 5.941391468048095703e+00 9.260952144062148308e-04
1.038111680654316693e+00 6.214026689529418945e+00 3.919303196094654361e-04
1.038111680654316693e+00 6.483063459396362305e+00 3.919303196094654361e-04
1.038031678212836040e+00 6.752933979034423828e+00 0.000000000000000000e+00
1.038031678212836040e+00 7.022025585174560547e+00 0.000000000000000000e+00
1.038111680654316693e+00 7.292082309722900391e+00 3.919303196094654361e-04
1.037951675771355164e+00 7.561474084854125977e+00 3.919303196094219054e-04
1.038031678212836040e+00 7.832767486572265625e+00 0.000000000000000000e+00
1.038031678212836040e+00 8.101296424865722656e+00 0.000000000000000000e+00
1.037951675771355164e+00 8.370258092880249023e+00 3.919303196094219054e-04
1.037951675771355164e+00 8.639193534851074219e+00 3.919303196094219054e-04
1.038031678212836040e+00 8.910852909088134766e+00 0.000000000000000000e+00
1.038031678212836040e+00 9.177587985992431641e+00 0.000000000000000000e+00
1.038111680654316693e+00 9.447848320007324219e+00 3.919303196094654361e-04
1.037951675771355164e+00 9.716619014739990234e+00 3.919303196094219054e-04
1.038111680654316693e+00 9.985252380371093750e+00 3.919303196094654361e-04
1.038111680654316693e+00 1.025439929962158203e+01 3.919303196094654361e-04
1.038111680654316693e+00 1.052056980133056641e+01 3.919303196094654361e-04
1.038031678212836040e+00 1.079145336151123047e+01 0.000000000000000000e+00
1.037391658680989925e+00 1.106089758872985840e+01 1.229020826398003570e-03
1.037551663563951454e+00 1.133234357833862305e+01 8.541923280435338890e-04
1.037871673329874289e+00 1.160076308250427246e+01 5.426029575781219326e-04
1.037711668446912983e+00 1.187134552001953125e+01 7.332344877336325955e-04
1.037711668446912983e+00 1.214046144485473633e+01 7.332344877336325955e-04
1.037871673329874289e+00 1.241024017333984375e+01 5.426029575781219326e-04
1.037631666005432107e+00 1.267704963684082031e+01 8.000244148075097211e-04
1.037391658680989925e+00 1.294554114341735840e+01 9.329807754888703054e-04
1.037231653798028397e+00 1.321998429298400879e+01 9.798257990235547093e-04
1.037871673329874289e+00 1.349854087829589844e+01 5.426029575781219326e-04
1.038191683095797568e+00 1.376507115364074707e+01 5.426029575781822142e-04
1.038111680654316693e+00 1.403582906723022461e+01 3.919303196094654361e-04
1.038031678212836040e+00 1.430433773994445801e+01 0.000000000000000000e+00
1.038111680654316693e+00 1.457275843620300293e+01 3.919303196094654361e-04
1.038031678212836040e+00 1.484113836288452148e+01 0.000000000000000000e+00
1.038191683095797568e+00 1.511263871192932129e+01 5.426029575781822142e-04
1.038111680654316693e+00 1.537927579879760742e+01 3.919303196094654361e-04
1.037951675771355164e+00 1.565042996406555176e+01 3.919303196094219054e-04
1.038111680654316693e+00 1.591701459884643555e+01 3.919303196094654361e-04
1.038031678212836040e+00 1.618765306472778320e+01 5.657026888252208877e-04
1.038031678212836040e+00 1.645359277725219727e+01 0.000000000000000000e+00
1.038031678212836040e+00 1.672272658348083496e+01 5.657026888252208877e-04
1.037951675771355164e+00 1.699094915390014648e+01 3.919303196094219054e-04
1.038031678212836040e+00 1.725933337211608887e+01 0.000000000000000000e+00
1.038111680654316693e+00 1.752879285812377930e+01 3.919303196094654361e-04
1.038031678212836040e+00 1.779636549949645996e+01 5.657026888252208877e-04
1.038111680654316693e+00 1.806525969505310059e+01 3.919303196094654361e-04
1.038111680654316693e+00 1.833234286308288574e+01 3.919303196094654361e-04
1.037231653798028397e+00 1.860330986976623535e+01 1.264949667267579536e-03
1.037471661122470801e+00 1.887150311470031738e+01 1.444481688904174005e-03
1.037551663563951454e+00 1.914009881019592285e+01 1.024531144198429855e-03
1.038031678212836040e+00 1.940778660774230957e+01 0.000000000000000000e+00
1.037791670888393636e+00 1.967759203910827637e+01 6.499429070542619199e-04
1.037791670888393636e+00 1.994506239891052246e+01 6.499429070542619199e-04
1.037871673329874289e+00 2.021621584892272949e+01 5.426029575781219326e-04
1.037871673329874289e+00 2.048311400413513184e+01 5.426029575781219326e-04
1.037391658680989925e+00 2.075225138664245605e+01 9.329807754888703054e-04
1.038111680654316693e+00 2.102993416786193848e+01 3.919303196094654361e-04
1.037951675771355164e+00 2.129999947547912598e+01 3.919303196094219054e-04
1.038031678212836040e+00 2.156915807723999023e+01 0.000000000000000000e+00
1.038111680654316693e+00 2.183801651000976562e+01 3.919303196094654361e-04
1.038111680654316693e+00 2.210617995262145996e+01 3.919303196094654361e-04
1.038031678212836040e+00 2.237816071510314941e+01 0.000000000000000000e+00
1.038111680654316693e+00 2.264429521560668945e+01 3.919303196094654361e-04
1.038031678212836040e+00 2.291473317146301270e+01 5.657026888252208877e-04
1.037951675771355164e+00 2.318416404724121094e+01 3.919303196094219054e-04
1.038031678212836040e+00 2.345286607742309570e+01 0.000000000000000000e+00
1.038031678212836040e+00 2.371980977058410645e+01 0.000000000000000000e+00
1.037951675771355164e+00 2.398821926116943359e+01 3.919303196094219054e-04
1.038031678212836040e+00 2.425554823875427246e+01 0.000000000000000000e+00
1.038031678212836040e+00 2.452351999282836914e+01 0.000000000000000000e+00
1.038031678212836040e+00 2.479276943206787109e+01 0.000000000000000000e+00
1.038031678212836040e+00 2.505956935882568359e+01 0.000000000000000000e+00
1.038031678212836040e+00 2.532767581939697266e+01 0.000000000000000000e+00
1.037951675771355164e+00 2.559495091438293457e+01 3.919303196094219054e-04
1.037951675771355387e+00 2.586691665649414062e+01 1.055304682004886557e-03
1.036991646473586215e+00 2.613671708106994629e+01 1.509483046895804129e-03
1.036911644032105562e+00 2.640910387039184570e+01 1.608029172535179472e-03
1.037951675771355164e+00 2.668294596672058105e+01 3.919303196094219054e-04
1.037551663563951454e+00 2.695473790168762207e+01 8.541923280435338890e-04
