1.005950699179051888e+00 2.798607349395751953e-01 3.919303196094219054e-04
1.005710691854609706e+00 5.518667697906494141e-01 7.332344877336325955e-04
1.005790694296090582e+00 8.218624591827392578e-01 6.499429070542619199e-04
1.005870696737571235e+00 1.092162609100341797e+00 5.426029575781220410e-04
1.005710691854609706e+00 1.362556219100952148e+00 7.332344877336325955e-04
1.005870696737571235e+00 1.635644674301147461e+00 5.426029575781219326e-04
1.005870696737571235e+00 1.903621673583984375e+00 5.426029575781219326e-04
1.005870696737571235e+00 2.174354076385498047e+00 5.426029575781219326e-04
1.006030701620532763e+00 2.444081544876098633e+00 0.000000000000000000e+00
1.006030701620532763e+00 2.731384754180908203e+00 0.000000000000000000e+00
1.005790694296090360e+00 3.000974416732788086e+00 6.499429070542619199e-04
1.005950699179051888e+00 3.269215106964111328e+00 3.919303196094219054e-04
1.005870696737571235e+00 3.538385152816772461e+00 5.426029575781219326e-04
1.005630689413128831e+00 3.805935144424438477e+00 8.000244148075097211e-04
1.006030701620532763e+00 4.075554370880126953e+00 0.000000000000000000e+00
1.005710691854609706e+00 4.343432903289794922e+00 7.332344877336325955e-04
1.006030701620532763e+00 4.612905502319335938e+00 0.000000000000000000e+00
1.006030701620532763e+00 4.881266117095947266e+00 0.000000000000000000e+00
1.005630689413129053e+00 5.153532028198242188e+00 8.000244148075098295e-04
1.005950699179051888e+00 5.421631813049316406e+00 3.919303196094219054e-04
1.006030701620532763e+00 5.690342903137207031e+00 0.000000000000000000e+00
1.005950699179051888e+00 5.957090854644775391e+00 3.919303196094219054e-04
1.005870696737571235e+00 6.226466894149780273e+00 5.426029575781219326e-04
1.005790694296090582e+00 6.493503093719482422e+00 6.499429070542619199e-04
1.006030701620532763e+00 6.766247034072875977e+00 0.000000000000000000e+00
1.005870696737571235e+00 7.035579919815063477e+00 5.426029575781219326e-04
1.005950699179051888e+00 7.306810617446899414e+00 3.919303196094219054e-04
1.005790694296090582e+00 7.576560020446777344e+00 6.499429070542619199e-04
1.005870696737571235e+00 7.848508358001708984e+00 5.426029575781219326e-04
1.005790694296090582e+00 8.116784572601318359e+00 6.499429070542619199e-04
1.006030701620532763e+00 8.387509584426879883e+00 0.000000000000000000e+00
1.005790694296090582e+00 8.656615018844604492e+00 6.499429070542619199e-04
1.006030701620532763e+00 8.927807807922363281e+00 0.000000000000000000e+00
1.005790694296090582e+00 9.197189807891845703e+00 6.499429070542619199e-04
1.005550686971648178e+00 9.474173784255981445e+00 8.541923280435339974e-04
1.005710691854609706e+00 9.743573665618896484e+00 7.332344877336325955e-04
1.005950699179051888e+00 1.002159285545349121e+01 3.919303196094219054e-04
1.005950699179052110e+00 1.029170489311218262e+01 3.919303196094219054e-04
1.005950699179051888e+00 1.056124734878540039e+01 3.919303196094219054e-04
1.005950699179051888e+00 1.083146595954895020e+01 3.919303196094219054e-04
1.005870696737571235e+00 1.110339260101318359e+01 5.426029575781220410e-04
1.005630689413129053e+00 1.137404537200927734e+01 8.000244148075098295e-04
1.005950699179051888e+00 1.164340281486511230e+01 3.919303196094219054e-04
1.005870696737571235e+00 1.191262722015380859e+01 5.426029575781219326e-04
1.005630689413129053e+00 1.218097853660583496e+01 8.000244148075097211e-04
1.005870696737571235e+00 1.245037055015563965e+01 5.426029575781219326e-04
1.005870696737571235e+00 1.271815943717956543e+01 5.426029575781219326e-04
1.005790694296090582e+00 1.298840332031250000e+01 6.499429070542619199e-04
1.005630689413129053e+00 1.325945401191711426e+01 8.000244148075097211e-04
1.005470684530167524e+00 1.353417086601257324e+01 8.980251783792056073e-04
1.005550686971648400e+00 1.380374956130981445e+01 8.541923280435339974e-04
1.005790694296090582e+00 1.407560920715332031e+01 6.499429070542619199e-04
1.005790694296090582e+00 1.434515523910522461e+01 6.499429070542619199e-04
1.005870696737571235e+00 1.461453986167907715e+01 5.426029575781219326e-04
1.005950699179051888e+00 1.488249564170837402e+01 3.919303196094219054e-04
1.005790694296090582e+00 1.515289688110351562e+01 6.499429070542619199e-04
1.005870696737571235e+00 1.542381620407104492e+01 5.426029575781219326e-04
1.005790694296090582e+00 1.569394087791442871e+01 6.499429070542619199e-04
1.005870696737571235e+00 1.596082854270935059e+01 5.426029575781219326e-04
1.005790694296090582e+00 1.623044037818908691e+01 6.499429070542619199e-04
1.006030701620532763e+00 1.649786043167114258e+01 0.000000000000000000e+00
1.005790694296090582e+00 1.676850628852844238e+01 6.499429070542619199e-04
1.005950699179051888e+00 1.704045557975769043e+01 3.919303196094219054e-04
1.005950699179051888e+00 1.731061577796936035e+01 3.919303196094219054e-04
1.005950699179051888e+00 1.759369993209838867e+01 3.919303196094219054e-04
1.005950699179051888e+00 1.787491869926452637e+01 3.919303196094219054e-04
1.005870696737571235e+00 1.814380812644958496e+01 5.426029575781220410e-04
1.005470684530167524e+00 1.841276454925537109e+01 8.980251783792056073e-04
1.005790694296090582e+00 1.868401718139648438e+01 6.499429070542619199e-04
1.006030701620532763e+00 1.895394611358642578e+01 0.000000000000000000e+00
1.005790694296090582e+00 1.922413635253906250e+01 6.499429070542619199e-04
1.005950699179051888e+00 1.949377107620239258e+01 3.919303196094219054e-04
1.005950699179051888e+00 1.976318192481994629e+01 3.919303196094219054e-04
1.005870696737571235e+00 2.003057622909545898e+01 5.426029575781219326e-04
1.005870696737571235e+00 2.030087542533874512e+01 5.426029575781219326e-04
1.005710691854609706e+00 2.056843519210815430e+01 7.332344877336325955e-04
1.005710691854609706e+00 2.083785367012023926e+01 7.332344877336325955e-04
1.005950699179051888e+00 2.110553526878356934e+01 3.919303196094219054e-04
1.005950699179051888e+00 2.137516498565673828e+01 3.919303196094219054e-04
1.005790694296090582e+00 2.164158344268798828e+01 6.499429070542619199e-04
1.005710691854609706e+00 2.190999364852905273e+01 7.332344877336325955e-04
1.006030701620532763e+00 2.217741847038269043e+01 0.000000000000000000e+00
1.006030701620532763e+00 2.244886207580566406e+01 0.000000000000000000e+00
1.005710691854609706e+00 2.271651649475097656e+01 7.332344877336325955e-04
1.005630689413129053e+00 2.298898983001708984e+01 8.000244148075098295e-04
1.005950699179051888e+00 2.325675368309020996e+01 3.919303196094219054e-04
1.005950699179051888e+00 2.352565622329711914e+01 3.919303196094219054e-04
1.005790694296090582e+00 2.379445981979370117e+01 6.499429070542619199e-04
1.005870696737571235e+00 2.406345820426940918e+01 5.426029575781220410e-04
1.006030701620532763e+00 2.433097791671752930e+01 0.000000000000000000e+00
1.005870696737571235e+00 2.460167336463928223e+01 5.426029575781219326e-04
1.005870696737571235e+00 2.488117289543151855e+01 5.426029575781220410e-04
1.006030701620532763e+00 2.514944720268249512e+01 0.000000000000000000e+00
1.005870696737571235e+00 2.541822028160095215e+01 5.426029575781219326e-04
1.005710691854609706e+00 2.568571209907531738e+01 7.332344877336325955e-04
1.005790694296090582e+00 2.595432901382446289e+01 6.499429070542619199e-04
1.005630689413129053e+00 2.622122621536254883e+01 8.000244148075098295e-04
1.005790694296090582e+00 2.648953390121459961e+01 6.499429070542619199e-04
1.005550686971648178e+00 2.675574016571044922e+01 8.541923280435338890e-04
1.005710691854609706e+00 2.702487158775329590e+01 7.332344877336325955e-04
