2.396153124790185274e+00 2.785181999206542969e-01 1.838733899506958189e-02
2.406473439741203091e+00 5.495347976684570312e-01 1.030759354417131769e-02
2.406633444624164397e+00 8.186476230621337891e-01 8.900069359072972780e-03
2.387032846461378810e+00 1.089194774627685547e+00 3.863844613589054872e-02
2.359832016357921169e+00 1.358942985534667969e+00 4.793581799703601487e-02
2.367272243415631472e+00 1.636155605316162109e+00 2.539998773233004270e-02
2.373352428968169114e+00 1.906541585922241211e+00 9.396115608479707615e-03
2.379032602313303268e+00 2.180386781692504883e+00 4.529862293831949174e-03
2.371592375255592522e+00 2.456475734710693359e+00 1.280389026533670926e-02
2.377352551042207107e+00 2.728711366653442383e+00 6.971697536615282381e-03
2.372632406994842569e+00 3.000408887863159180e+00 1.126473012929216956e-02
2.373992448500015229e+00 3.269482851028442383e+00 1.085913427509127907e-02
2.384152758568071739e+00 3.550937891006469727e+00 1.571269132448470385e-02
2.409433530075991037e+00 3.816578149795532227e+00 5.358372180426528887e-03
2.407273464156010512e+00 4.085780143737792969e+00 5.628670685185438449e-03
2.405193400677510862e+00 4.353185176849365234e+00 1.256165717210971575e-02
2.401753295693838108e+00 4.631497144699096680e+00 1.866544572879642871e-02
2.405913422650837852e+00 4.901391744613647461e+00 9.731401746515405682e-03
2.404793388470107374e+00 5.175963640213012695e+00 1.213138831471612632e-02
2.408153491012298808e+00 5.444149255752563477e+00 7.008323465243077033e-03
2.406633444624164397e+00 5.715193748474121094e+00 1.015936511338758237e-02
2.408233493453779683e+00 5.984486341476440430e+00 8.370106091142888796e-03
2.408873512985625354e+00 6.254823446273803711e+00 8.139044363672544996e-03
2.404713386028626498e+00 6.523526906967163086e+00 1.194316146869286999e-02
2.412073610644855925e+00 6.796445369720458984e+00 4.560840886214596532e-03
2.405993425092318283e+00 7.065863370895385742e+00 9.935775021396826140e-03
2.407913483687857070e+00 7.334726810455322266e+00 1.025966980525397192e-02
2.406153429975280034e+00 7.603444576263427734e+00 1.124994775864982324e-02
2.409353527634510606e+00 7.873967647552490234e+00 7.085524977217094733e-03
2.409993547166356276e+00 8.140881538391113281e+00 7.827984415860394368e-03
2.410313556932278889e+00 8.411226987838745117e+00 5.777926755616831327e-03
2.356791923581651904e+00 8.682666063308715820e+00 5.268292892334264926e-02
2.382392704855494703e+00 8.952931165695190430e+00 4.258956102371547377e-03
2.354071840571306584e+00 9.219446420669555664e+00 4.502581188754857522e-02
2.375832504654073141e+00 9.489295244216918945e+00 9.900928395175057420e-03
2.376632529068880562e+00 9.757554292678833008e+00 7.256005335468565520e-03
2.376152514419995754e+00 1.002555513381958008e+01 5.410673414700211195e-03
2.371192363048189033e+00 1.029643678665161133e+01 1.382306992865927307e-02
2.370792350840785101e+00 1.056548380851745605e+01 1.277386233876182629e-02
2.375512494888149639e+00 1.083569622039794922e+01 9.042753499541074033e-03
2.397193156529434876e+00 1.110992693901062012e+01 1.772807891814799641e-02
2.403993364055299509e+00 1.137900352478027344e+01 1.383926622323606963e-02
2.405113398236029987e+00 1.164586663246154785e+01 1.245985053817851886e-02
2.410473561815240640e+00 1.191357970237731934e+01 4.766695583130041262e-03
2.406873451948606579e+00 1.218022060394287109e+01 1.016692229155638852e-02
2.409273525193029730e+00 1.244976925849914551e+01 9.208972582117298106e-03
2.412793632618182915e+00 1.271552205085754395e+01 5.024255237896149001e-03
2.405033395794549556e+00 1.298430299758911133e+01 1.138623348005039608e-02
2.404153368938261259e+00 1.325104856491088867e+01 1.552830696115778744e-02
2.412153613086337245e+00 1.351896476745605469e+01 5.199543256434558530e-03
2.410393559373760208e+00 1.378498053550720215e+01 5.327225554689626365e-03
2.408873512985625798e+00 1.405351638793945312e+01 1.096938211961750488e-02
2.412073610644855925e+00 1.432036662101745605e+01 1.053787348823300232e-02
2.412233615527817232e+00 1.458847188949584961e+01 5.057268136944797696e-03
2.405673415326395670e+00 1.485532832145690918e+01 1.198702506599129587e-02
2.406713447065645717e+00 1.512438273429870605e+01 1.153423252336055992e-02
2.411753600878933312e+00 1.538970160484313965e+01 5.504493555578429675e-03
2.408633505661183172e+00 1.565818786621093750e+01 9.269932295941259170e-03
2.406633444624164397e+00 1.592463803291320801e+01 1.291884617153539125e-02
2.371992387462996010e+00 1.619382810592651367e+01 3.734700430368460139e-02
2.365432187261574004e+00 1.646041941642761230e+01 4.480393866247670692e-02
2.367832260505997155e+00 1.672926187515258789e+01 1.397549000422497120e-02
2.378072573015534097e+00 1.699563264846801758e+01 4.345244802827819691e-03
2.378152575457014972e+00 1.726369643211364746e+01 4.647033250266769180e-03
2.370952355723746408e+00 1.753321504592895508e+01 1.151145898095607550e-02
2.375032480239265276e+00 1.780035471916198730e+01 1.132988237951502823e-02
2.377352551042207107e+00 1.806839585304260254e+01 7.650174641046811157e-03
2.377512555925168858e+00 1.833551216125488281e+01 5.865875901869643631e-03
2.407273464156010512e+00 1.860999894142150879e+01 1.444481688904211865e-02
2.406393437299722216e+00 1.887933444976806641e+01 1.233802622181958200e-02
2.407513471480452694e+00 1.914822673797607422e+01 1.236186583770647676e-02
2.408153491012299252e+00 1.941654300689697266e+01 8.265456413418628343e-03
2.396313129673146580e+00 1.969867706298828125e+01 2.365367938478462814e-02
2.409753539841914094e+00 1.996465301513671875e+01 5.475347456669675365e-03
2.406793449507125704e+00 2.023622179031372070e+01 1.401619029524870177e-02
2.407353466597491387e+00 2.050642490386962891e+01 1.074656450965444203e-02
2.408393498336741434e+00 2.077596259117126465e+01 8.152401881389766819e-03
2.409433530075991481e+00 2.104600834846496582e+01 7.260414405168415068e-03
2.409833542283394525e+00 2.131768512725830078e+01 9.162288124264719377e-03
2.408153491012298808e+00 2.158748912811279297e+01 1.049953943908976325e-02
2.408153491012299252e+00 2.185644769668579102e+01 1.117860576778835317e-02
2.412393620410779427e+00 2.212369036674499512e+01 5.236341615489498169e-03
2.411513593554490686e+00 2.239444661140441895e+01 5.044596435404819987e-03
2.409913544724875845e+00 2.266231417655944824e+01 5.151312415820711969e-03
2.407833481246376195e+00 2.293313503265380859e+01 9.836071622238535053e-03
2.406233432416760909e+00 2.320198798179626465e+01 1.163368645504872859e-02
2.392393010040589907e+00 2.347289991378784180e+01 2.050373768333639893e-02
2.351591764885403002e+00 2.373898744583129883e+01 5.292051144180359018e-02
2.376312519302957060e+00 2.400923085212707520e+01 1.634988426841653061e-02
2.377432553483687538e+00 2.427645063400268555e+01 6.189728458364900966e-03
2.371512372814111647e+00 2.454426169395446777e+01 1.202061642153627770e-02
2.374632468031861343e+00 2.481313395500183105e+01 1.039292992804629646e-02
2.377272548600726232e+00 2.507992315292358398e+01 7.899608140161253067e-03
2.371512372814111647e+00 2.534827351570129395e+01 1.161441488794784371e-02
2.372632406994842569e+00 2.561549377441406250e+01 1.051537677624687049e-02
2.374072450941496104e+00 2.589055681228637695e+01 9.346942402483357851e-03
2.405273403118991737e+00 2.615922403335571289e+01 1.142663419887038866e-02
2.408473500778222309e+00 2.642906498908996582e+01 7.222408444521059324e-03
2.408873512985625798e+00 2.669831848144531250e+01 6.400195318460654564e-03
2.410233554490798458e+00 2.696996974945068359e+01 5.088809344149236580e-03
