1.159715391705069099e+00 2.789988517761230469e-01 2.240068361461183908e-03
1.160995430768761105e+00 5.513377189636230469e-01 1.799610420423866609e-03
1.156115281838434816e+00 8.225910663604736328e-01 6.704949207533405370e-03
1.157395320902127045e+00 1.093380928039550781e+00 3.609874699890240710e-03
1.154595235450300628e+00 1.364142179489135742e+00 5.528857541156603772e-03
1.157555325785088574e+00 1.636032581329345703e+00 1.170334822850638192e-03
1.157555325785088574e+00 1.904762029647827148e+00 1.024531144198513122e-03
1.156915306253242459e+00 2.176138639450073242e+00 1.608029172535278351e-03
1.157715330668050102e+00 2.445779561996459961e+00 9.260952144062953870e-04
1.157475323343607920e+00 2.715501546859741211e+00 1.202700413773697503e-03
1.157715330668049880e+00 2.984713077545166016e+00 9.260952144062953870e-04
1.158915367290261678e+00 3.262653589248657227e+00 2.268460728528747666e-03
1.161075433210241981e+00 3.533426761627197266e+00 1.148251049393614288e-03
1.161155435651722634e+00 3.801234722137451172e+00 1.505236953964421420e-03
1.160915428327280452e+00 4.069944858551025391e+00 1.608029172535185543e-03
1.161395442976165038e+00 4.337921380996704102e+00 9.329807754888703054e-04
1.161315440534684384e+00 4.609188556671142578e+00 1.249678085293599600e-03
1.161235438093203287e+00 4.880065441131591797e+00 1.264949667267579536e-03
1.160835425885799577e+00 5.152004003524780273e+00 1.600048829615103793e-03
1.161955460066530277e+00 5.421353816986083984e+00 6.882070237749900394e-04
1.161235438093203509e+00 5.690257072448730469e+00 1.264949667267579536e-03
1.161475445417645691e+00 5.957956075668334961e+00 1.061352322816092215e-03
1.160915428327280452e+00 6.227794408798217773e+00 1.394890230604534792e-03
1.161715452742087873e+00 6.495319366455078125e+00 7.332344877336325955e-04
1.161155435651722634e+00 6.764696121215820312e+00 1.275029106841047951e-03
1.161475445417645691e+00 7.032013654708862305e+00 1.061352322816091999e-03
1.160355411236914991e+00 7.300773859024047852e+00 1.666664195034700188e-03
1.161555447859126344e+00 7.567655801773071289e+00 8.541923280435339974e-04
1.161155435651722634e+00 7.836107969284057617e+00 1.394890230604545200e-03
1.161075433210241759e+00 8.102741479873657227e+00 1.612004528842883328e-03
1.156435291604358095e+00 8.373057842254638672e+00 3.919303196094518077e-03
1.157875335551011409e+00 8.642020702362060547e+00 9.666731784118308066e-04
1.157635328226569227e+00 8.914877176284790039e+00 1.264949667267635481e-03
1.157715330668050102e+00 9.185142517089843750e+00 1.223802030736378032e-03
1.157555325785088574e+00 9.454120397567749023e+00 1.170334822850638192e-03
1.157475323343607920e+00 9.736220598220825195e+00 1.834831185192809097e-03
1.157475323343607920e+00 1.000847268104553223e+01 1.745447205163123917e-03
1.157955337992492284e+00 1.028040504455566406e+01 3.919303196094654361e-04
1.157875335551011409e+00 1.054855990409851074e+01 5.426029575781822142e-04
1.160275408795434338e+00 1.082505035400390625e+01 2.064621071325020533e-03
1.161315440534684162e+00 1.109389162063598633e+01 1.371756118633036788e-03
1.161475445417645691e+00 1.136323118209838867e+01 1.061352322816091999e-03
1.161715452742087873e+00 1.163008952140808105e+01 7.332344877336325955e-04
1.161875457625049401e+00 1.189886403083801270e+01 9.666731784117785480e-04
1.161795455183568748e+00 1.216642022132873535e+01 8.616526646939786467e-04
1.161395442976165038e+00 1.243589735031127930e+01 1.229020826398003786e-03
1.159875396588030627e+00 1.272420597076416016e+01 2.648552084554592692e-03
1.161395442976165038e+00 1.299314236640930176e+01 1.466468975467350409e-03
1.161795455183568748e+00 1.326078319549560547e+01 6.499429070542619199e-04
1.161715452742087873e+00 1.352937531471252441e+01 1.085205915156293088e-03
1.161795455183568526e+00 1.379730629920959473e+01 1.422154507481744688e-03
1.158355350199895994e+00 1.409014892578125000e+01 2.866723144194529421e-03
1.159795394146549752e+00 1.436113595962524414e+01 2.354302082727661484e-03
1.160435413678395866e+00 1.464640545845031738e+01 2.190957092724874541e-03
1.160115403912472809e+00 1.491776442527770996e+01 1.547173584455791050e-03
1.158755362407299927e+00 1.520672297477722168e+01 2.584957994082085885e-03
1.160755423444318923e+00 1.547413563728332520e+01 1.483824242001474973e-03
1.158195345316934688e+00 1.574546170234680176e+01 5.711076143436214121e-03
1.157795333109530755e+00 1.601374983787536621e+01 2.140719435214175591e-03
1.157635328226569449e+00 1.628187775611877441e+01 3.249714535271584770e-03
1.156435291604357873e+00 1.654876542091369629e+01 1.697108066475756880e-03
1.157875335551011631e+00 1.681777977943420410e+01 1.120034180730637924e-03
1.157235316019165516e+00 1.708532333374023438e+01 1.385682933742319635e-03
1.157875335551011409e+00 1.735438680648803711e+01 1.120034180730638141e-03
1.158035340433973159e+00 1.762592196464538574e+01 9.798257990236635632e-04
1.157955337992492506e+00 1.789555072784423828e+01 6.882070237750395874e-04
1.158915367290261678e+00 1.817824077606201172e+01 2.122704645632283744e-03
1.161235438093203287e+00 1.844868254661560059e+01 1.385682933742227261e-03
1.161475445417645691e+00 1.871924734115600586e+01 1.202700413773614887e-03
1.160515416119876742e+00 1.899215912818908691e+01 1.723305329388008468e-03
1.161635450300607220e+00 1.926209282875061035e+01 8.000244148075098295e-04
1.161155435651722634e+00 1.953184008598327637e+01 1.505236953964421420e-03
1.161795455183568748e+00 1.980295228958129883e+01 8.616526646939785383e-04
1.161875457625049401e+00 2.007124614715576172e+01 9.666731784117785480e-04
1.161555447859126566e+00 2.034100079536437988e+01 1.024531144198429855e-03
1.160675421002838270e+00 2.060890746116638184e+01 1.852190428812486474e-03
1.161715452742087873e+00 2.087765431404113770e+01 7.332344877336325955e-04
1.161635450300607220e+00 2.114507889747619629e+01 1.496708630632101900e-03
1.161715452742087873e+00 2.141458082199096680e+01 1.223802030736312330e-03
1.161635450300607220e+00 2.168072652816772461e+01 9.798257990235874522e-04
1.161875457625049401e+00 2.194901061058044434e+01 5.426029575781220410e-04
1.161715452742087873e+00 2.221638107299804688e+01 1.223802030736324689e-03
1.161715452742087873e+00 2.248531556129455566e+01 1.223802030736312330e-03
1.161475445417645691e+00 2.275213313102722168e+01 1.651231786839035733e-03
1.161075433210241981e+00 2.302114081382751465e+01 1.509483046895806081e-03
1.156915306253242459e+00 2.329630875587463379e+01 6.525963479650867712e-03
1.157955337992492506e+00 2.356755661964416504e+01 2.296502098787375594e-03
1.157075311136203988e+00 2.383639645576477051e+01 2.537477682017973569e-03
1.157715330668050102e+00 2.410542225837707520e+01 9.260952144062954954e-04
1.157795333109530755e+00 2.437217378616333008e+01 8.616526646940511798e-04
1.156755301370281153e+00 2.464973330497741699e+01 2.584957994082058563e-03
1.158035340433973159e+00 2.491838741302490234e+01 0.000000000000000000e+00
1.157475323343607698e+00 2.518614315986633301e+01 1.444481688904246429e-03
1.157635328226569227e+00 2.545472669601440430e+01 9.798257990236635632e-04
1.160595418561357395e+00 2.573085737228393555e+01 1.920058595538130190e-03
1.161715452742087873e+00 2.600102305412292480e+01 9.260952144062278412e-04
1.161875457625049624e+00 2.626769161224365234e+01 7.838606392188684222e-04
1.161875457625049624e+00 2.653771734237670898e+01 7.838606392188684222e-04
1.161715452742087873e+00 2.680507016181945801e+01 7.332344877336325955e-04
1.161475445417645691e+00 2.707581830024719238e+01 1.444481688904174221e-03
