1.371641859187597623e+00 2.802667617797851562e-01 4.964020948293464998e-03
1.374841956846827973e+00 5.539875030517578125e-01 1.876223561728506154e-03
1.373961929990539454e+00 8.252534866333007812e-01 3.599220840847868093e-03
1.374361942197943165e+00 1.095732927322387695e+00 1.848731620138275309e-03
1.374121934873500761e+00 1.364846467971801758e+00 3.018966093791757010e-03
1.373721922666096829e+00 1.635411262512207031e+00 3.331407716680384948e-03
1.374601949522385347e+00 1.903021097183227539e+00 2.434494143617716398e-03
1.373401912900173993e+00 2.175410032272338867e+00 3.697463240276548449e-03
1.364761649220252115e+00 2.448408842086791992e+00 1.058151378142937159e-02
1.364121629688406223e+00 2.720196485519409180e+00 9.491000890734511627e-03
1.366041688283944566e+00 2.991365194320678711e+00 2.713014787890846019e-03
1.365961685842463469e+00 3.264151334762573242e+00 2.798942326466890423e-03
1.366041688283944566e+00 3.537102699279785156e+00 3.149699270798298877e-03
1.365961685842463469e+00 3.803796768188476562e+00 2.560078127384273622e-03
1.365401668752098230e+00 4.074393272399902344e+00 3.609874699890306196e-03
1.366361698049867623e+00 4.341958761215209961e+00 3.331407716680400994e-03
1.366601705374309805e+00 4.617778301239013672e+00 2.913231537736354643e-03
1.374281939756462512e+00 4.889349460601806641e+00 2.550058213682242052e-03
1.375081964171269711e+00 5.170874357223510742e+00 2.049062288396995887e-03
1.374601949522385347e+00 5.439397096633911133e+00 2.743512237266202813e-03
1.375241969054231461e+00 5.708715677261352539e+00 1.131405377650504659e-03
1.375081964171269711e+00 5.981108188629150391e+00 1.612004528842973317e-03
1.373961929990539010e+00 6.252623081207275391e+00 3.369613182617993245e-03
1.374921959288308626e+00 6.522123813629150391e+00 1.883033832982523121e-03
1.374921959288308182e+00 6.791753292083740234e+00 2.337933619464294035e-03
1.374361942197943165e+00 7.058274745941162109e+00 3.029547851065079143e-03
1.375081964171270155e+00 7.326473951339721680e+00 2.125717712650212771e-03
1.374921959288308626e+00 7.593110322952270508e+00 2.196791875607066041e-03
1.374281939756462512e+00 7.862476587295532227e+00 3.216058345070481675e-03
1.375161966612750808e+00 8.129014730453491211e+00 1.505236953964515095e-03
1.375481976378673865e+00 8.396418571472167969e+00 1.329100378991573093e-03
1.373881927549058801e+00 8.663414478302001953e+00 3.145632517300108334e-03
1.374361942197943165e+00 8.931971788406372070e+00 2.866723144194541564e-03
1.375481976378673865e+00 9.198042631149291992e+00 2.155616757852021111e-03
1.375161966612751030e+00 9.468057632446289062e+00 2.196791875607056934e-03
1.368841773735770762e+00 9.737199306488037109e+00 9.466016532858478535e-03
1.362121568651387227e+00 1.000616073608398438e+01 1.284381829634955938e-02
1.362921593066194426e+00 1.027644801139831543e+01 9.087939307442102765e-03
1.366601705374309583e+00 1.054544329643249512e+01 1.834831185192802158e-03
1.365801680959501940e+00 1.081524658203125000e+01 3.314071565791212523e-03
1.365721678518021287e+00 1.108238410949707031e+01 4.105926077433870273e-03
1.366121690725425220e+00 1.135481977462768555e+01 2.225736363002329878e-03
1.363721617481002069e+00 1.163773846626281738e+01 6.136766130684690596e-03
1.365561673635059980e+00 1.190693879127502441e+01 3.454030711839762343e-03
1.368281756645405745e+00 1.218121552467346191e+01 5.132641414135896869e-03
1.375561978820154518e+00 1.245387911796569824e+01 1.899952715881549460e-03
1.373161905575731812e+00 1.271997141838073730e+01 3.798220703047204810e-03
1.374361942197942943e+00 1.298933625221252441e+01 2.240068361461250695e-03
1.375401973937192990e+00 1.325627470016479492e+01 1.571798583837194204e-03
1.374361942197942943e+00 1.352486014366149902e+01 2.310395160175811660e-03
1.375321971495712114e+00 1.379210996627807617e+01 1.249678085293691541e-03
1.374921959288308626e+00 1.406040716171264648e+01 2.268460728528773687e-03
1.373481915341654869e+00 1.432727885246276855e+01 3.774555546161119986e-03
1.374281939756462290e+00 1.459526371955871582e+01 3.409268163033528105e-03
1.375481976378673865e+00 1.486202049255371094e+01 1.202700413773697720e-03
1.372921898251289630e+00 1.513791465759277344e+01 3.840117191076409565e-03
1.373961929990539677e+00 1.540925049781799316e+01 4.213630696128371420e-03
1.373641920224616175e+00 1.567797374725341797e+01 3.441035118875124862e-03
1.375241969054231461e+00 1.594616460800170898e+01 1.131405377650504442e-03
1.375161966612750364e+00 1.621610784530639648e+01 1.505236953964515095e-03
1.375241969054231461e+00 1.648253917694091797e+01 1.788908975169279823e-03
1.374201937314981636e+00 1.675323557853698730e+01 2.587432822790710751e-03
1.373481915341654869e+00 1.702269744873046875e+01 3.731923101955816457e-03
1.368681768852809455e+00 1.729306530952453613e+01 5.176102320385916715e-03
1.358521458784753166e+00 1.756746697425842285e+01 1.645679585043558629e-02
1.365401668752098230e+00 1.783847951889038086e+01 4.107484599440060745e-03
1.365641676076540634e+00 1.810920047760009766e+01 3.794849001802928345e-03
1.365561673635059980e+00 1.837941646575927734e+01 3.112907231724648845e-03
1.365321666310617577e+00 1.865151143074035645e+01 3.194091840375629793e-03
1.365001656544694741e+00 1.892017650604248047e+01 3.671406092209061889e-03
1.366601705374309805e+00 1.919148278236389160e+01 1.444481688904225179e-03
1.365881683400982594e+00 1.946186566352844238e+01 2.708292391294378574e-03
1.372201876277962640e+00 1.973969149589538574e+01 5.243670298733683378e-03
1.372281878719443515e+00 2.000719928741455078e+01 4.282933525342208156e-03
1.374681951963866222e+00 2.027690982818603516e+01 2.170411830312728857e-03
1.372601888485366350e+00 2.054587483406066895e+01 3.731923101955811686e-03
1.375481976378673865e+00 2.081485748291015625e+01 1.745447205163199811e-03
1.373321910458693340e+00 2.108288598060607910e+01 3.194091840375627624e-03
1.375081964171269711e+00 2.135145783424377441e+01 2.199703463201105845e-03
1.372121873836481765e+00 2.161835885047912598e+01 4.058892153627463757e-03
1.375561978820154518e+00 2.188696503639221191e+01 1.899952715881514332e-03
1.372521886043885697e+00 2.215498089790344238e+01 4.570653679548175585e-03
1.374841956846827973e+00 2.242365074157714844e+01 2.116665644360848746e-03
1.375161966612750808e+00 2.269023370742797852e+01 2.268460728528772820e-03
1.374841956846827529e+00 2.295989799499511719e+01 2.465840852678478998e-03
1.374761954405346875e+00 2.322809219360351562e+01 3.092278063251414476e-03
1.375081964171269711e+00 2.349566411972045898e+01 2.408060199092061909e-03
1.373721922666096829e+00 2.376311898231506348e+01 3.518288718018187499e-03
1.374121934873500761e+00 2.403474926948547363e+01 2.741178325965615975e-03
1.374601949522385569e+00 2.430395865440368652e+01 2.434494143617692112e-03
1.372601888485366350e+00 2.457528567314147949e+01 4.215149395293223133e-03
1.355881378215887834e+00 2.484816074371337891e+01 1.675206041440306659e-02
1.364441639454329280e+00 2.511792778968811035e+01 7.375860659238239227e-03
1.365001656544694741e+00 2.538621854782104492e+01 2.835293749765615493e-03
1.366201693166905873e+00 2.565984916687011719e+01 2.880087893307317366e-03
1.365161661427656048e+00 2.592917442321777344e+01 3.153760780249318958e-03
1.364841651661732769e+00 2.619624137878417969e+01 3.098481235109113319e-03
1.366601705374309805e+00 2.646528792381286621e+01 1.651231786839098834e-03
1.362601583300271590e+00 2.674092388153076172e+01 5.973991816592240552e-03
1.366281695608386748e+00 2.700963544845581055e+01 2.550058213682250725e-03
