1.244917991882076302e+00 2.803328037261962891e-01 3.444753148181055151e-03
1.246838050477614646e+00 5.533118247985839844e-01 2.332451938722347826e-03
1.248518101748710585e+00 8.336989879608154297e-01 2.787485289729644492e-03
1.253158243354594692e+00 1.105059146881103516e+00 1.275029106841146179e-03
1.253318248237556221e+00 1.378904342651367188e+00 1.114305068066724245e-03
1.253478253120517749e+00 1.652263641357421875e+00 1.551304896441603335e-03
1.253238245796075567e+00 1.920361042022705078e+00 1.385682933742301637e-03
1.252918236030152510e+00 2.192466020584106445e+00 2.337933619464316153e-03
1.253078240913114039e+00 2.463097095489501953e+00 1.509483046895902141e-03
1.253318248237556221e+00 2.731335639953613281e+00 1.483824242001574719e-03
1.252998238471633163e+00 3.000911474227905273e+00 2.199703463201141840e-03
1.253078240913114039e+00 3.268846035003662109e+00 1.708384656087242118e-03
1.253718260444959931e+00 3.538227558135986328e+00 1.462097970288804257e-03
1.253798262886440584e+00 3.805714368820190430e+00 8.616526646940280863e-04
1.252838233588671635e+00 4.074956178665161133e+00 1.876223561728523285e-03
1.253158243354594692e+00 4.342748880386352539e+00 2.045936333429022175e-03
1.253638258003479278e+00 4.612018823623657227e+00 1.385682933742304239e-03
1.253558255561998402e+00 4.878904342651367188e+00 1.024531144198513122e-03
1.253558255561998624e+00 5.153788089752197266e+00 1.024531144198513122e-03
1.253078240913113817e+00 5.421084403991699219e+00 2.125717712650229685e-03
1.253478253120517749e+00 5.691015958786010742e+00 1.745447205163186584e-03
1.248438099307229932e+00 5.959839344024658203e+00 6.092804422326112725e-03
1.245478008972441764e+00 6.229468345642089844e+00 6.609770535223834058e-03
1.244917991882076524e+00 6.496752977371215820e+00 8.120937457230976986e-03
1.247318065126499231e+00 6.766394138336181641e+00 2.182175666234097578e-03
1.247958084658345124e+00 7.033475399017333984e+00 1.197366904505740327e-03
1.247238062685018356e+00 7.302286386489868164e+00 2.190957092724908802e-03
1.248198091982787528e+00 7.569136857986450195e+00 7.838606392189308722e-04
1.247558072450941413e+00 7.838239431381225586e+00 1.417646874882802759e-03
1.247078057802056827e+00 8.108397483825683594e+00 2.271280444630938925e-03
1.248438099307229932e+00 8.384079933166503906e+00 2.939477397070965319e-03
1.253958267769402335e+00 8.651617288589477539e+00 6.882070237750128076e-04
1.253638258003479278e+00 8.921010494232177734e+00 1.385682933742273448e-03
1.252758231147190982e+00 9.188393354415893555e+00 2.182175666234148752e-03
1.253158243354594914e+00 9.462037563323974609e+00 1.505236953964497965e-03
1.252918236030152510e+00 9.732397079467773438e+00 2.122704645632336219e-03
1.252918236030152288e+00 1.000472068786621094e+01 1.704634081516796362e-03
1.253478253120517749e+00 1.027522540092468262e+01 1.444481688904230600e-03
1.253078240913113817e+00 1.054293680191040039e+01 2.473615462151589756e-03
1.253238245796075345e+00 1.081276726722717285e+01 2.190957092724936123e-03
1.253238245796075567e+00 1.108239388465881348e+01 1.697108066475742135e-03
1.253238245796075567e+00 1.135358738899230957e+01 1.959651598047327126e-03
1.252838233588671857e+00 1.162715935707092285e+01 1.788908975169279823e-03
1.253478253120517749e+00 1.189899635314941406e+01 8.980251783793052455e-04
1.253158243354594692e+00 1.216795277595520020e+01 9.928041896587113876e-04
1.252598226264229231e+00 1.243987655639648438e+01 1.745447205163199811e-03
1.252278216498306396e+00 1.271297264099121094e+01 1.817306130437940700e-03
1.249958145695364120e+00 1.299437427520751953e+01 2.855538071718191195e-03
1.251238184759056571e+00 1.326849532127380371e+01 2.116665644360855685e-03
1.243797957701345824e+00 1.357211613655090332e+01 6.101202502704056348e-03
1.242917930845057306e+00 1.385531926155090332e+01 7.334090465952899235e-03
1.243477947935422767e+00 1.414175915718078613e+01 3.418642027750581729e-03
1.244917991882076302e+00 1.441831970214843750e+01 3.153760780249306814e-03
1.239717833185827178e+00 1.473358273506164551e+01 2.014410004836985745e-03
1.243317943052461239e+00 1.501758742332458496e+01 4.228793144173932997e-03
1.244917991882076302e+00 1.529393410682678223e+01 3.350564905745778178e-03
1.246198030945768309e+00 1.556082701683044434e+01 1.953108502658676025e-03
1.247318065126499453e+00 1.584543776512145996e+01 3.747326656495739757e-03
1.251798201849421810e+00 1.612446141242980957e+01 3.063163835393975607e-03
1.251958206732383339e+00 1.640410828590393066e+01 3.273263499351221611e-03
1.248438099307229932e+00 1.670726490020751953e+01 2.828513444126261323e-03
1.251558194524979406e+00 1.699281764030456543e+01 2.900019535235492420e-03
1.252198214056825298e+00 1.726628112792968750e+01 2.524834465922642587e-03
1.250198153019806524e+00 1.755743455886840820e+01 2.524834465922642587e-03
1.250678167668691110e+00 1.785222506523132324e+01 3.474354148971562327e-03
1.249398128604998881e+00 1.813328003883361816e+01 3.333328390069551297e-03
1.250598165227210457e+00 1.841187334060668945e+01 3.021085410369934825e-03
1.251958206732383339e+00 1.868702673912048340e+01 1.916722261835162103e-03
1.252758231147190982e+00 1.895592308044433594e+01 1.685756045648298352e-03
1.249878143253883467e+00 1.924281644821166992e+01 3.996920695314576909e-03
1.244037965025788228e+00 1.961014199256896973e+01 4.490125891896435371e-03
1.252678228705710328e+00 1.987845301628112793e+01 1.763686438242594327e-03
1.250758170110171763e+00 2.016202044486999512e+01 3.789785825429684181e-03
1.251158182317575696e+00 2.043557071685791016e+01 3.204095284348311944e-03
1.251398189642017877e+00 2.071113228797912598e+01 2.696450216546589663e-03
1.242997933286538181e+00 2.097882556915283203e+01 1.185440749068127075e-02
1.243077935728019057e+00 2.126665067672729492e+01 7.841055574061816733e-03
1.237477764824366000e+00 2.161973524093627930e+01 5.643433692264076575e-03
1.243717955259865171e+00 2.192045354843139648e+01 4.221218728019625159e-03
1.244997994323557400e+00 2.220699954032897949e+01 3.352474603766720899e-03
1.246278033387249407e+00 2.248394656181335449e+01 2.956845213767024094e-03
1.246438038270210713e+00 2.275743269920349121e+01 2.116665644360830531e-03
1.247638074892422066e+00 2.302775716781616211e+01 9.798257990236635632e-04
1.248438099307229932e+00 2.330411529541015625e+01 2.400073244422795769e-03
1.252918236030152288e+00 2.357344889640808105e+01 1.883033832982523121e-03
1.253238245796075567e+00 2.384203457832336426e+01 2.332451938722389026e-03
1.252838233588671635e+00 2.411166477203369141e+01 1.959651598047312815e-03
1.253798262886440806e+00 2.437822437286376953e+01 6.499429070543341277e-04
1.253638258003479278e+00 2.464691066741943359e+01 9.798257990236635632e-04
1.252678228705710106e+00 2.491435122489929199e+01 2.381332843093063138e-03
1.252918236030152510e+00 2.518505477905273438e+01 2.122704645632362240e-03
1.253798262886440584e+00 2.545308923721313477e+01 8.616526646940280863e-04
1.253558255561998402e+00 2.572118687629699707e+01 8.541923280436287567e-04
1.252918236030152510e+00 2.599319076538085938e+01 1.608029172535278351e-03
1.253398250679036874e+00 2.626135396957397461e+01 2.017584805868905679e-03
1.253398250679036874e+00 2.653624343872070312e+01 1.670500021040610987e-03
1.253638258003479278e+00 2.680418825149536133e+01 9.798257990236418791e-04
1.252598226264229231e+00 2.707272267341613770e+01 2.434494143617747190e-03
1.253798262886440584e+00 2.733917403221130371e+01 1.030759354417140183e-03
1.252998238471633163e+00 2.761180448532104492e+01 2.340669645701253399e-03
