1.911498334299752688e+00 3.441724777221679688e-01 1.538378511326800833e-02
1.918218539384136445e+00 7.052397727966308594e-01 1.791518878432389258e-02
1.918778556474501906e+00 1.025144100189208984e+00 1.607909759994566312e-02
1.921738646809289630e+00 1.353813409805297852e+00 1.258202138613049095e-02
1.922458668782616620e+00 1.665806055068969727e+00 1.556453615862311325e-02
1.951419552598650853e+00 1.962445497512817383e+00 1.922323994953611948e-02
1.959499799188207492e+00 2.243739604949951172e+00 1.085972366065299233e-02
1.958299762565995916e+00 2.526739835739135742e+00 1.187059393601232887e-02
1.958939782097842253e+00 2.814039230346679688e+00 1.178618167656994044e-02
1.952139574571977843e+00 3.119797945022583008e+00 1.450539354840493615e-02
1.951259547715689324e+00 3.432033061981201172e+00 1.350596658229765226e-02
1.944619345072786665e+00 3.741788864135742188e+00 1.518487646642115683e-02
1.962539891964476313e+00 4.019753932952880859e+00 8.787167502428163551e-03
1.962619894405956966e+00 4.292953729629516602e+00 9.904160085176921466e-03
1.948299457380901156e+00 4.601365804672241211e+00 1.310087308081130109e-02
1.954779655140842731e+00 4.908554077148437500e+00 1.164688281409422682e-02
1.949339489120151203e+00 5.255233526229858398e+00 1.259727294296744682e-02
1.951659559923093257e+00 5.555890083312988281e+00 1.435592486399970419e-02
1.949179484237189675e+00 5.879544734954833984e+00 1.357780733688531208e-02
1.960779838251899498e+00 6.166671514511108398e+00 1.125563558335150767e-02
1.965739989623706663e+00 6.440082788467407227e+00 6.565076586694819881e-03
1.967020028687398892e+00 6.708584785461425781e+00 9.017946745709961437e-03
1.950859535508285836e+00 6.980128049850463867e+00 1.367082319292290543e-02
1.929018868984038848e+00 7.247407913208007812e+00 4.240174682639193809e-02
1.943819320657978800e+00 7.518102169036865234e+00 9.249195712750497497e-03
1.937339122898037891e+00 7.805672407150268555e+00 1.190505146549070484e-02
1.933819015472884262e+00 8.093799352645874023e+00 1.286672080869049814e-02
1.935739074068422605e+00 8.379431724548339844e+00 1.399105240580231398e-02
1.944219332865382954e+00 8.653405666351318359e+00 8.633594235716987239e-03
1.947259425641651553e+00 8.919907093048095703e+00 8.314097602453744337e-03
1.947739440290536139e+00 9.187900781631469727e+00 6.589404382894754192e-03
1.960699835810419289e+00 9.463045597076416016e+00 1.253155955233651274e-02
1.969340099490341167e+00 9.731493949890136719e+00 7.629230138511381050e-03
1.965979996948149067e+00 1.001105451583862305e+01 1.144734021606632485e-02
1.968300067751090898e+00 1.028018832206726074e+01 8.842351050113786415e-03
1.971500165410321248e+00 1.054710602760314941e+01 2.857778588400065271e-03
1.967740050660725881e+00 1.081522130966186523e+01 8.479504023357635825e-03
1.971580167851801901e+00 1.108390235900878906e+01 3.806636890417230794e-03
1.971740172734763430e+00 1.134989142417907715e+01 2.310395160175835513e-03
1.966940026245918016e+00 1.161865854263305664e+01 9.534733802865081806e-03
1.967900055543687188e+00 1.188546490669250488e+01 7.897987541489895000e-03
1.969900116580706406e+00 1.215370225906372070e+01 7.417395632310247802e-03
1.969580106814782905e+00 1.242194485664367676e+01 6.603958043522019372e-03
1.969820114139225531e+00 1.269031715393066406e+01 4.777425356038373337e-03
1.967580045777764131e+00 1.295631766319274902e+01 8.985239427489679839e-03
1.970140123905148366e+00 1.322413825988769531e+01 7.210878835674255916e-03
1.971020150761436884e+00 1.349092459678649902e+01 4.529862293831924888e-03
1.968540075075533524e+00 1.375911474227905273e+01 7.823895200507557587e-03
1.969340099490340723e+00 1.402542901039123535e+01 6.642611917915246939e-03
1.969420101931821598e+00 1.429384207725524902e+01 8.054462089814192621e-03
1.945019357280190597e+00 1.456113004684448242e+01 2.240154076722881624e-02
1.948699469588305311e+00 1.482983231544494629e+01 8.939534527425133797e-03
1.947179423200170678e+00 1.509642958641052246e+01 5.545040725585869378e-03
1.947819442732017015e+00 1.536580514907836914e+01 7.162787962333012209e-03
1.943819320657979022e+00 1.563247251510620117e+01 9.109745609818637249e-03
1.946219393902401951e+00 1.590306973457336426e+01 5.182281267697993500e-03
1.946539403668324786e+00 1.617118597030639648e+01 7.316615839106646417e-03
1.944379337748344483e+00 1.644331645965576172e+01 8.684595749700884521e-03
1.949419491561631856e+00 1.671152329444885254e+01 5.082516761868319764e-03
1.962139879757072602e+00 1.698609209060668945e+01 1.264291722330486943e-02
1.970860145878474912e+00 1.725268888473510742e+01 3.836782307954047198e-03
1.971340160527359942e+00 1.752043795585632324e+01 2.986995908296157572e-03
1.969260097048860070e+00 1.778701519966125488e+01 6.524001668850700278e-03
1.968860084841456359e+00 1.805504751205444336e+01 7.310489851444028006e-03
1.971580167851802123e+00 1.832380390167236328e+01 4.908265516433352009e-03
1.969660109256264002e+00 1.859060668945312500e+01 5.878954794141883801e-03
1.968220065309610023e+00 1.886225700378417969e+01 1.171591984127794313e-02
1.968620077517014177e+00 1.912888693809509277e+01 7.473272961011761910e-03
1.970620138554033174e+00 1.939801788330078125e+01 5.352396520955876244e-03
1.972780204474013699e+00 1.966430330276489258e+01 3.873308103793930701e-03
1.967100031128879989e+00 1.993289923667907715e+01 9.035672805087883314e-03
1.968620077517014177e+00 2.019987058639526367e+01 7.787817520457916178e-03
1.970700140995514049e+00 2.046820950508117676e+01 4.068342439187438986e-03
1.969100092165898541e+00 2.073477816581726074e+01 4.804144945589514451e-03
1.970140123905148588e+00 2.100301980972290039e+01 3.369613182618034879e-03
1.970940148319956009e+00 2.126964855194091797e+01 3.253651198780724719e-03
1.970380131229590548e+00 2.153740692138671875e+01 4.921288265552659080e-03
1.963659926145207013e+00 2.180699777603149414e+01 1.022968166714504842e-02
1.937659132663960726e+00 2.208138728141784668e+01 3.454957097993420490e-02
1.950939537949766489e+00 2.235059738159179688e+01 4.236354017624281709e-03
1.947819442732017015e+00 2.262145638465881348e+01 7.426019511088880268e-03
1.946379398785363257e+00 2.288847947120666504e+01 9.375658114998804138e-03
1.944219332865382954e+00 2.315716767311096191e+01 7.460415339007826774e-03
1.949179484237189675e+00 2.342350316047668457e+01 2.597308556486472349e-03
1.946059389019439978e+00 2.369217371940612793e+01 8.579306055453714622e-03
1.947019418317209150e+00 2.396095824241638184e+01 7.902038414988788242e-03
1.946939415875728718e+00 2.423480772972106934e+01 5.093837813107532191e-03
1.969900116580706184e+00 2.450613689422607422e+01 6.064375040678242346e-03
1.971260158085879066e+00 2.477684450149536133e+01 7.694388438768858841e-03
1.959979813837092077e+00 2.506008005142211914e+01 1.436127390158111090e-02
1.970620138554032730e+00 2.532839250564575195e+01 4.750555484025273910e-03
1.970060121463667713e+00 2.559693527221679688e+01 4.931681705356949323e-03
1.967580045777764353e+00 2.586392903327941895e+01 8.203274176770096807e-03
1.970380131229590770e+00 2.613277721405029297e+01 5.704347993277838688e-03
1.971020150761436884e+00 2.639912295341491699e+01 4.044675324819920273e-03
1.968220065309610689e+00 2.666715407371520996e+01 9.328435623437915380e-03
1.968940087282937235e+00 2.693349266052246094e+01 8.041737813164598347e-03
1.972220187383648238e+00 2.720166254043579102e+01 4.230306399954800699e-03
1.971420162968840595e+00 2.746805238723754883e+01 5.733446288389100476e-03
1.968220065309610245e+00 2.773672604560852051e+01 7.352394125030498918e-03
