1.363628715991973877e+03 3.704113040559099179e+00 2.135584780419324602e+01
1.363642480373382568e+03 3.662111758781700921e+00 2.104083819086275398e+01
1.363654768228530884e+03 3.622110538041321881e+00 2.074082903530991118e+01
1.363667501211166382e+03 3.620110477004303107e+00 2.072582857753227259e+01
1.363681350469589233e+03 3.696112796411023638e+00 2.129584597308267746e+01
1.363693831920623779e+03 3.602109927671132361e+00 2.059082445753348978e+01
1.363713520765304565e+03 3.656111575670644598e+00 2.099583681752983466e+01
1.363729098558425903e+03 3.656111575670644598e+00 2.099583681752983466e+01
1.363742103815078735e+03 3.694112735374004419e+00 2.128084551530503532e+01
1.363803632020950317e+03 3.626110660115359874e+00 2.077082995086519901e+01
1.363817636251449585e+03 3.710113223670155946e+00 2.140084917752616889e+01
1.363828845977783203e+03 3.716113406781213158e+00 2.144585055085909886e+01
1.363840600967407227e+03 3.710113223670155946e+00 2.140084917752616889e+01
1.363851403951644897e+03 3.704113040559099179e+00 2.135584780419324602e+01
1.363862473249435425e+03 3.710113223670155946e+00 2.140084917752616889e+01
1.363873856067657471e+03 3.670112002929776907e+00 2.110084002197332609e+01
1.363884850502014160e+03 3.620110477004303107e+00 2.072582857753227259e+01
1.363895857810974121e+03 3.708113162633137172e+00 2.138584871974852675e+01
1.363908774614334106e+03 3.732113895077364685e+00 2.156585421308023598e+01
1.363923967361450195e+03 3.730113834040345466e+00 2.155085375530259029e+01
1.363937137365341187e+03 3.742114200262459001e+00 2.164085650196843957e+01
1.363954165220260620e+03 3.736114017151402678e+00 2.159585512863552026e+01
1.363972675561904907e+03 3.726113711966307473e+00 2.152085283974730601e+01
1.363987864017486572e+03 3.710113223670155946e+00 2.140084917752616889e+01
1.364000623464584351e+03 3.728113773003326692e+00 2.153585329752494815e+01
1.364014751911163330e+03 3.738114078188421452e+00 2.161085558641315885e+01
1.364027512311935425e+03 3.716113406781213158e+00 2.144585055085909886e+01
1.364103138923645020e+03 3.734113956114383459e+00 2.158085467085787812e+01
1.364134555816650391e+03 3.734113956114383459e+00 2.158085467085787812e+01
1.364190438747406006e+03 3.670112002929776907e+00 2.110084002197332609e+01
1.364203665018081665e+03 3.636110965300454634e+00 2.084583223975341326e+01
1.364235823631286621e+03 3.678112247077852448e+00 2.116084185308389465e+01
1.364275378704071045e+03 3.712113284707175165e+00 2.141584963530381458e+01
1.364288829326629639e+03 3.716113406781213158e+00 2.144585055085909886e+01
1.364300159454345703e+03 3.716113406781213158e+00 2.144585055085909886e+01
1.364311142206192017e+03 3.758114688558610972e+00 2.176086016418958025e+01
1.364325499534606934e+03 3.668111941892758132e+00 2.108583956419568395e+01
1.364379256963729858e+03 3.740114139225440226e+00 2.162585604419080099e+01
1.364398233413696289e+03 3.718113467818231932e+00 2.146085100863673745e+01
1.364413095235824585e+03 3.738114078188421452e+00 2.161085558641315885e+01
1.364425760507583618e+03 3.634110904263435859e+00 2.083083178197577112e+01
1.364439171075820923e+03 3.746114322336496993e+00 2.167085741752372741e+01
1.364452325344085693e+03 3.680112308114871666e+00 2.117584231086153679e+01
1.364465412139892578e+03 3.710113223670155946e+00 2.140084917752616889e+01
1.364479019880294800e+03 3.740114139225440226e+00 2.162585604419080099e+01
1.364499117136001587e+03 3.590109561449018827e+00 2.050082171086764049e+01
1.364574090957641602e+03 3.614110293893246340e+00 2.068082720419934972e+01
1.364604721784591675e+03 3.642111148411511401e+00 2.089083361308633258e+01
1.364661401748657227e+03 3.626110660115359874e+00 2.077082995086519901e+01
1.364675111293792725e+03 3.660111697744682147e+00 2.102583773308511539e+01
1.364692220449447632e+03 3.738114078188421452e+00 2.161085558641315885e+01
1.364721328735351562e+03 3.738114078188421452e+00 2.161085558641315885e+01
1.364749820232391357e+03 3.732113895077364685e+00 2.156585421308023598e+01
1.364777988910675049e+03 3.728113773003326692e+00 2.153585329752494815e+01
1.364820593118667603e+03 3.716113406781213158e+00 2.144585055085909886e+01
1.364840664148330688e+03 3.628110721152379092e+00 2.078583040864284115e+01
1.364876575946807861e+03 3.730113834040345466e+00 2.155085375530259029e+01
1.364903895139694214e+03 3.736114017151402678e+00 2.159585512863552026e+01
1.364917159795761108e+03 3.644111209448530619e+00 2.090583407086398182e+01
1.364932693719863892e+03 3.748114383373516212e+00 2.168585787530136955e+01
1.364954250812530518e+03 3.688112552262947652e+00 2.123584414197210535e+01
1.365005589246749878e+03 3.718113467818231932e+00 2.146085100863673745e+01
1.365022680759429932e+03 3.740114139225440226e+00 2.162585604419080099e+01
1.365039124250411987e+03 3.716113406781213158e+00 2.144585055085909886e+01
1.365056507110595703e+03 3.736114017151402678e+00 2.159585512863552026e+01
1.365073275566101074e+03 3.702112979522079961e+00 2.134084734641559677e+01
1.365086663246154785e+03 3.642111148411511401e+00 2.089083361308633258e+01
1.365099753379821777e+03 3.726113711966307473e+00 2.152085283974730601e+01
1.365111801385879517e+03 3.714113345744193939e+00 2.143085009308145672e+01
1.365127761363983154e+03 3.734113956114383459e+00 2.158085467085787812e+01
1.365162786483764648e+03 3.714113345744193939e+00 2.143085009308145672e+01
1.365220385074615479e+03 3.708113162633137172e+00 2.138584871974852675e+01
1.365279274702072144e+03 3.678112247077852448e+00 2.116084185308389465e+01
1.365292652130126953e+03 3.598109805597094368e+00 2.056082354197820905e+01
1.365315694332122803e+03 3.732113895077364685e+00 2.156585421308023598e+01
1.365345704078674316e+03 3.724113650929288699e+00 2.150585238196966742e+01
1.365377961874008179e+03 3.722113589892269481e+00 2.149085192419201817e+01
1.365391450405120850e+03 3.684112430188909659e+00 2.120584322641682462e+01
1.365403003692626953e+03 3.590109561449018827e+00 2.050082171086764049e+01
1.365418322563171387e+03 3.608110110782189572e+00 2.063582583086641975e+01
1.365460771560668945e+03 3.494106631672109220e+00 1.978079973754082133e+01
1.365480647325515747e+03 3.692112674336985645e+00 2.126584505752739318e+01
1.365495718479156494e+03 3.594109683523056376e+00 2.053082262642292122e+01
1.365509505033493042e+03 3.616110354930265114e+00 2.069582766197699186e+01
1.365533242702484131e+03 3.610110171819208347e+00 2.065082628864406189e+01
1.365548834085464478e+03 3.632110843226417085e+00 2.081583132419812898e+01
1.365562209606170654e+03 3.630110782189397867e+00 2.080083086642048329e+01
1.365577708721160889e+03 3.370102847376934108e+00 1.885077135532700510e+01
1.365597847461700439e+03 3.598109805597094368e+00 2.056082354197820905e+01
1.365641392946243286e+03 3.602109927671132361e+00 2.059082445753348978e+01
1.365697426080703735e+03 3.620110477004303107e+00 2.072582857753227259e+01
1.365756494045257568e+03 3.606110049745170354e+00 2.062082537308877761e+01
1.365770899772644043e+03 3.310101016266365548e+00 1.840075762199774090e+01
1.365805943012237549e+03 3.026092349009674720e+00 1.627069261757255703e+01
1.365837532043457031e+03 3.644111209448530619e+00 2.090583407086398182e+01
1.365851105690002441e+03 3.184097170934171661e+00 1.745572878200628963e+01
1.365864330291748047e+03 3.622110538041321881e+00 2.074082903530991118e+01
1.365880110263824463e+03 3.638111026337473408e+00 2.086083269753105185e+01
1.365892942667007446e+03 3.146096011230811396e+00 1.717072008423108542e+01
1.365944488286972046e+03 3.114095034638508341e+00 1.693071275978881474e+01
1.365962534904479980e+03 3.536107913449507034e+00 2.009580935087130626e+01
1.365979072570800781e+03 3.584109378337962060e+00 2.045582033753471762e+01
1.365993175029754639e+03 3.630110782189397867e+00 2.080083086642048329e+01
1.366011698722839355e+03 3.620110477004303107e+00 2.072582857753227259e+01
1.366025333166122437e+03 3.628110721152379092e+00 2.078583040864284115e+01
1.366039624929428101e+03 3.604109988708151580e+00 2.060582491531113902e+01
1.366058683872222900e+03 3.580109256263924067e+00 2.042581942197942979e+01
1.366075895071029663e+03 3.628110721152379092e+00 2.078583040864284115e+01
1.366156380653381348e+03 3.618110415967283888e+00 2.071082811975463045e+01
1.366170338153839111e+03 3.584109378337962060e+00 2.045582033753471762e+01
1.366225298166275024e+03 3.576109134189886074e+00 2.039581850642414906e+01
1.366245343208312988e+03 3.558108584856715773e+00 2.026081438642536625e+01
1.366261773347854614e+03 3.548108279671621013e+00 2.018581209753715555e+01
1.366290542125701904e+03 3.596109744560075594e+00 2.054582308420057046e+01
1.366318636655807495e+03 3.642111148411511401e+00 2.089083361308633258e+01
1.366348232746124268e+03 3.644111209448530619e+00 2.090583407086398182e+01
1.366384686708450317e+03 3.608110110782189572e+00 2.063582583086641975e+01
1.366410621643066406e+03 3.646111270485549394e+00 2.092083452864162041e+01
1.366445703029632568e+03 3.616110354930265114e+00 2.069582766197699186e+01
1.366466715812683105e+03 3.620110477004303107e+00 2.072582857753227259e+01
1.366479121685028076e+03 3.632110843226417085e+00 2.081583132419812898e+01
1.366490069627761841e+03 3.604109988708151580e+00 2.060582491531113902e+01
1.366500864028930664e+03 3.628110721152379092e+00 2.078583040864284115e+01
1.366517630577087402e+03 3.594109683523056376e+00 2.053082262642292122e+01
1.366571866035461426e+03 3.626110660115359874e+00 2.077082995086519901e+01
1.366586110353469849e+03 3.614110293893246340e+00 2.068082720419934972e+01
1.366600990772247314e+03 3.598109805597094368e+00 2.056082354197820905e+01
1.366617462396621704e+03 3.618110415967283888e+00 2.071082811975463045e+01
1.366633017778396606e+03 3.634110904263435859e+00 2.083083178197577112e+01
1.366646232366561890e+03 3.610110171819208347e+00 2.065082628864406189e+01
1.366658972740173340e+03 3.564108767967772540e+00 2.030581575975829622e+01
1.366676551818847656e+03 3.560108645893734547e+00 2.027581484420300839e+01
1.366711259603500366e+03 3.632110843226417085e+00 2.081583132419812898e+01
1.366757596492767334e+03 3.636110965300454634e+00 2.084583223975341326e+01
1.366788204669952393e+03 3.540108035523545027e+00 2.012581026642658699e+01
1.366842310667037964e+03 3.546108218634602238e+00 2.017081163975951341e+01
1.366855520248413086e+03 3.518107364116336733e+00 1.996080523087252345e+01
1.366881079435348511e+03 3.616110354930265114e+00 2.069582766197699186e+01
1.366913256406784058e+03 3.606110049745170354e+00 2.062082537308877761e+01
1.366930669069290161e+03 3.618110415967283888e+00 2.071082811975463045e+01
1.366946166276931763e+03 3.560108645893734547e+00 2.027581484420300839e+01
1.366959464311599731e+03 3.530107730338450711e+00 2.005080797753838340e+01
1.366976339578628540e+03 3.570108951078829751e+00 2.035081713309122620e+01
1.367003817319869995e+03 3.612110232856227565e+00 2.066582674642170758e+01
1.367050707101821899e+03 3.614110293893246340e+00 2.068082720419934972e+01
1.367072109937667847e+03 3.556108523819696554e+00 2.024581392864772766e+01
1.367088500976562500e+03 3.488106448561052453e+00 1.973579836420789135e+01
1.367102830171585083e+03 3.606110049745170354e+00 2.062082537308877761e+01
1.367124775171279907e+03 3.568108890041810533e+00 2.033581667531357695e+01
1.367139785528182983e+03 3.592109622486038045e+00 2.051582216864528618e+01
1.367152391433715820e+03 3.638111026337473408e+00 2.086083269753105185e+01
1.367193947315216064e+03 3.618110415967283888e+00 2.071082811975463045e+01
1.367251556158065796e+03 3.590109561449018827e+00 2.050082171086764049e+01
1.367310597419738770e+03 3.592109622486038045e+00 2.051582216864528618e+01
1.367324012279510498e+03 3.512107181005279521e+00 1.991580385753959348e+01
1.367350237846374512e+03 3.610110171819208347e+00 2.065082628864406189e+01
1.367382538557052612e+03 3.580109256263924067e+00 2.042581942197942979e+01
1.367409599542617798e+03 3.576109134189886074e+00 2.039581850642414906e+01
1.367427309751510620e+03 3.576109134189886074e+00 2.039581850642414906e+01
1.367440860271453857e+03 3.624110599078341099e+00 2.075582949308756042e+01
1.367459725141525269e+03 3.636110965300454634e+00 2.084583223975341326e+01
1.367503543853759766e+03 3.620110477004303107e+00 2.072582857753227259e+01
1.367516920804977417e+03 3.610110171819208347e+00 2.065082628864406189e+01
1.367534869432449341e+03 3.630110782189397867e+00 2.080083086642048329e+01
1.367550463199615479e+03 3.628110721152379092e+00 2.078583040864284115e+01
1.367567643404006958e+03 3.590109561449018827e+00 2.050082171086764049e+01
1.367584470272064209e+03 3.606110049745170354e+00 2.062082537308877761e+01
1.367598758697509766e+03 3.626110660115359874e+00 2.077082995086519901e+01
1.367612056732177734e+03 3.600109866634113587e+00 2.057582399975585119e+01
1.367630376338958740e+03 3.616110354930265114e+00 2.069582766197699186e+01
1.367666243314743042e+03 3.614110293893246340e+00 2.068082720419934972e+01
1.367716903448104858e+03 3.570108951078829751e+00 2.035081713309122620e+01
1.367731139183044434e+03 3.594109683523056376e+00 2.053082262642292122e+01
1.367802653312683105e+03 3.696112796411023638e+00 2.129584597308267746e+01
1.367816887378692627e+03 3.650111392559587387e+00 2.095083544419690469e+01
1.367854371309280396e+03 3.738114078188421452e+00 2.161085558641315885e+01
1.367883629560470581e+03 3.742114200262459001e+00 2.164085650196843957e+01
1.367912849664688110e+03 3.734113956114383459e+00 2.158085467085787812e+01
1.367959678173065186e+03 3.738114078188421452e+00 2.161085558641315885e+01
1.367971431255340576e+03 3.716113406781213158e+00 2.144585055085909886e+01
1.367996430397033691e+03 3.712113284707175165e+00 2.141584963530381458e+01
1.368013298511505127e+03 3.764114871669667739e+00 2.180586153752251022e+01
1.368032650470733643e+03 3.660111697744682147e+00 2.102583773308511539e+01
1.368057976722717285e+03 3.614110293893246340e+00 2.068082720419934972e+01
1.368073877096176147e+03 3.618110415967283888e+00 2.071082811975463045e+01
1.368088631629943848e+03 3.636110965300454634e+00 2.084583223975341326e+01
1.368102299690246582e+03 3.638111026337473408e+00 2.086083269753105185e+01
1.368120370388031006e+03 3.692112674336985645e+00 2.126584505752739318e+01
1.368162611246109009e+03 3.714113345744193939e+00 2.143085009308145672e+01
1.368180469274520874e+03 3.694112735374004419e+00 2.128084551530503532e+01
1.368196642875671387e+03 3.724113650929288699e+00 2.150585238196966742e+01
1.368212515592575073e+03 3.712113284707175165e+00 2.141584963530381458e+01
1.368230385303497314e+03 3.726113711966307473e+00 2.152085283974730601e+01
1.368245567321777344e+03 3.726113711966307473e+00 2.152085283974730601e+01
1.368262850046157837e+03 3.704113040559099179e+00 2.135584780419324602e+01
1.368284442186355591e+03 3.736114017151402678e+00 2.159585512863552026e+01
1.368349642992019653e+03 3.650111392559587387e+00 2.095083544419690469e+01
1.368379866838455200e+03 3.732113895077364685e+00 2.156585421308023598e+01
1.368434255599975586e+03 3.660111697744682147e+00 2.102583773308511539e+01
1.368447782039642334e+03 3.640111087374492627e+00 2.087583315530869399e+01
1.368477418422698975e+03 3.738114078188421452e+00 2.161085558641315885e+01
1.368518773555755615e+03 3.716113406781213158e+00 2.144585055085909886e+01
1.368530810356140137e+03 3.722113589892269481e+00 2.149085192419201817e+01
1.368542259216308594e+03 3.730113834040345466e+00 2.155085375530259029e+01
1.368553289175033569e+03 3.658111636707662928e+00 2.101083727530747325e+01
1.368564354896545410e+03 3.704113040559099179e+00 2.135584780419324602e+01
1.368575644016265869e+03 3.594109683523056376e+00 2.053082262642292122e+01
1.368625128030776978e+03 3.708113162633137172e+00 2.138584871974852675e+01
1.368638425588607788e+03 3.720113528855250706e+00 2.147585146641437959e+01
1.368653299331665039e+03 3.714113345744193939e+00 2.143085009308145672e+01
1.368671101093292236e+03 3.724113650929288699e+00 2.150585238196966742e+01
1.368689450025558472e+03 3.688112552262947652e+00 2.123584414197210535e+01
1.368704683303833008e+03 3.708113162633137172e+00 2.138584871974852675e+01
1.368722434997558594e+03 3.726113711966307473e+00 2.152085283974730601e+01
1.368739276647567749e+03 3.734113956114383459e+00 2.158085467085787812e+01
1.368772928237915039e+03 3.734113956114383459e+00 2.158085467085787812e+01
1.368843482255935669e+03 3.724113650929288699e+00 2.150585238196966742e+01
1.368902458667755127e+03 3.674112125003814899e+00 2.113084093752861392e+01
1.368916061401367188e+03 3.570108951078829751e+00 2.035081713309122620e+01
1.368942786216735840e+03 3.706113101596117954e+00 2.137084826197088461e+01
1.368986166477203369e+03 3.608110110782189572e+00 2.063582583086641975e+01
1.369006211757659912e+03 3.670112002929776907e+00 2.110084002197332609e+01
1.369019986391067505e+03 3.718113467818231932e+00 2.146085100863673745e+01
1.369031408309936523e+03 3.714113345744193939e+00 2.143085009308145672e+01
1.369051351785659790e+03 3.568108890041810533e+00 2.033581667531357695e+01
1.369093362092971802e+03 3.690112613299966426e+00 2.125084459974974749e+01
1.369113536119461060e+03 3.702112979522079961e+00 2.134084734641559677e+01
1.369127476692199707e+03 3.710113223670155946e+00 2.140084917752616889e+01
1.369140770196914673e+03 3.712113284707175165e+00 2.141584963530381458e+01
1.369153381347656250e+03 3.712113284707175165e+00 2.141584963530381458e+01
1.369167387247085571e+03 3.704113040559099179e+00 2.135584780419324602e+01
1.369180975198745728e+03 3.694112735374004419e+00 2.128084551530503532e+01
1.369194873332977295e+03 3.690112613299966426e+00 2.125084459974974749e+01
1.369209990978240967e+03 3.682112369151890441e+00 2.119084276863917538e+01
1.369230179548263550e+03 3.642111148411511401e+00 2.089083361308633258e+01
1.369291320323944092e+03 3.622110538041321881e+00 2.074082903530991118e+01
1.369322431802749634e+03 3.736114017151402678e+00 2.159585512863552026e+01
1.369378907680511475e+03 3.658111636707662928e+00 2.101083727530747325e+01
1.369393174886703491e+03 3.662111758781700921e+00 2.104083819086275398e+01
1.369416427373886108e+03 3.690112613299966426e+00 2.125084459974974749e+01
1.369445680141448975e+03 3.740114139225440226e+00 2.162585604419080099e+01
1.369474128723144531e+03 3.736114017151402678e+00 2.159585512863552026e+01
1.369503885984420776e+03 3.626110660115359874e+00 2.077082995086519901e+01
1.369540357112884521e+03 3.726113711966307473e+00 2.152085283974730601e+01
1.369569436550140381e+03 3.708113162633137172e+00 2.138584871974852675e+01
1.369599360466003418e+03 3.714113345744193939e+00 2.143085009308145672e+01
1.369621213912963867e+03 3.742114200262459001e+00 2.164085650196843957e+01
1.369634764194488525e+03 3.674112125003814899e+00 2.113084093752861392e+01
1.369652139663696289e+03 3.722113589892269481e+00 2.149085192419201817e+01
1.369665428876876831e+03 3.742114200262459001e+00 2.164085650196843957e+01
1.369716057300567627e+03 3.720113528855250706e+00 2.147585146641437959e+01
1.369732281208038330e+03 3.690112613299966426e+00 2.125084459974974749e+01
1.369747514963150024e+03 3.638111026337473408e+00 2.086083269753105185e+01
1.369765064239501953e+03 3.728113773003326692e+00 2.153585329752494815e+01
1.369778402566909790e+03 3.740114139225440226e+00 2.162585604419080099e+01
1.369795793533325195e+03 3.728113773003326692e+00 2.153585329752494815e+01
1.369809041261672974e+03 3.630110782189397867e+00 2.080083086642048329e+01
1.369820669651031494e+03 3.728113773003326692e+00 2.153585329752494815e+01
1.369834197282791138e+03 3.742114200262459001e+00 2.164085650196843957e+01
1.369861152887344360e+03 3.728113773003326692e+00 2.153585329752494815e+01
1.369933022022247314e+03 3.654111514633625379e+00 2.098083635975219252e+01
1.369947351217269897e+03 3.654111514633625379e+00 2.098083635975219252e+01
1.370001703977584839e+03 3.588109500412000052e+00 2.048582125308999835e+01
1.370014829397201538e+03 3.624110599078341099e+00 2.075582949308756042e+01
1.370044142961502075e+03 3.694112735374004419e+00 2.128084551530503532e+01
1.370090423107147217e+03 3.692112674336985645e+00 2.126584505752739318e+01
1.370105986595153809e+03 3.630110782189397867e+00 2.080083086642048329e+01
1.370120894193649292e+03 3.662111758781700921e+00 2.104083819086275398e+01
1.370137261390686035e+03 3.712113284707175165e+00 2.141584963530381458e+01
1.370177295446395874e+03 3.708113162633137172e+00 2.138584871974852675e+01
1.370202888488769531e+03 3.708113162633137172e+00 2.138584871974852675e+01
1.370220604896545410e+03 3.698112857448042412e+00 2.131084643086031605e+01
1.370234409809112549e+03 3.718113467818231932e+00 2.146085100863673745e+01
1.370247624874114990e+03 3.630110782189397867e+00 2.080083086642048329e+01
1.370261880636215210e+03 3.734113956114383459e+00 2.158085467085787812e+01
1.370281600475311279e+03 3.666111880855738914e+00 2.107083910641804181e+01
1.370299526453018188e+03 3.662111758781700921e+00 2.104083819086275398e+01
1.370318069219589233e+03 3.750114444410534986e+00 2.170085833307901169e+01
1.370401378870010376e+03 3.748114383373516212e+00 2.168585787530136955e+01
1.370415228843688965e+03 3.692112674336985645e+00 2.126584505752739318e+01
1.370469494819641113e+03 3.662111758781700921e+00 2.104083819086275398e+01
1.370484143733978271e+03 3.664111819818720139e+00 2.105583864864040322e+01
1.370508959770202637e+03 3.738114078188421452e+00 2.161085558641315885e+01
1.370556346416473389e+03 3.700112918485061186e+00 2.132584688863795819e+01
1.370571718692779541e+03 3.716113406781213158e+00 2.144585055085909886e+01
1.370583040475845337e+03 3.732113895077364685e+00 2.156585421308023598e+01
1.370594625711441040e+03 3.738114078188421452e+00 2.161085558641315885e+01
1.370611392498016357e+03 3.696112796411023638e+00 2.129584597308267746e+01
1.370660441398620605e+03 3.728113773003326692e+00 2.153585329752494815e+01
1.370674538612365723e+03 3.722113589892269481e+00 2.149085192419201817e+01
1.370687691211700439e+03 3.738114078188421452e+00 2.161085558641315885e+01
1.370705923795700073e+03 3.678112247077852448e+00 2.116084185308389465e+01
1.370721239805221558e+03 3.734113956114383459e+00 2.158085467085787812e+01
1.370738883972167969e+03 3.742114200262459001e+00 2.164085650196843957e+01
1.370750889062881470e+03 3.734113956114383459e+00 2.158085467085787812e+01
1.370765571117401123e+03 3.736114017151402678e+00 2.159585512863552026e+01
1.370784125566482544e+03 3.714113345744193939e+00 2.143085009308145672e+01
1.370850726127624512e+03 3.714113345744193939e+00 2.143085009308145672e+01
1.370880460977554321e+03 3.736114017151402678e+00 2.159585512863552026e+01
1.370935868263244629e+03 3.694112735374004419e+00 2.128084551530503532e+01
1.370949912786483765e+03 3.662111758781700921e+00 2.104083819086275398e+01
1.370967776060104370e+03 3.738114078188421452e+00 2.161085558641315885e+01
1.370996950626373291e+03 3.740114139225440226e+00 2.162585604419080099e+01
1.371025312423706055e+03 3.742114200262459001e+00 2.164085650196843957e+01
1.371053403139114380e+03 3.716113406781213158e+00 2.144585055085909886e+01
1.371096524953842163e+03 3.734113956114383459e+00 2.158085467085787812e+01
1.371116902351379395e+03 3.734113956114383459e+00 2.158085467085787812e+01
1.371153305053710938e+03 3.736114017151402678e+00 2.159585512863552026e+01
1.371176109790802002e+03 3.720113528855250706e+00 2.147585146641437959e+01
1.371192247152328491e+03 3.740114139225440226e+00 2.162585604419080099e+01
1.371209214925765991e+03 3.688112552262947652e+00 2.123584414197210535e+01
1.371222309589385986e+03 3.716113406781213158e+00 2.144585055085909886e+01
1.371259989738464355e+03 3.722113589892269481e+00 2.149085192419201817e+01
1.371287894487380981e+03 3.736114017151402678e+00 2.159585512863552026e+01
1.371305523157119751e+03 3.710113223670155946e+00 2.140084917752616889e+01
1.371319305896759033e+03 3.680112308114871666e+00 2.117584231086153679e+01
1.371334107637405396e+03 3.668111941892758132e+00 2.108583956419568395e+01
1.371356620550155640e+03 3.716113406781213158e+00 2.144585055085909886e+01
1.371376558542251587e+03 3.714113345744193939e+00 2.143085009308145672e+01
1.371389851093292236e+03 3.700112918485061186e+00 2.132584688863795819e+01
1.371406568050384521e+03 3.702112979522079961e+00 2.134084734641559677e+01
1.371472419977188110e+03 3.688112552262947652e+00 2.123584414197210535e+01
1.371502402544021606e+03 3.716113406781213158e+00 2.144585055085909886e+01
1.371558294773101807e+03 3.644111209448530619e+00 2.090583407086398182e+01
1.371571692466735840e+03 3.600109866634113587e+00 2.057582399975585119e+01
1.371598220586776733e+03 3.596109744560075594e+00 2.054582308420057046e+01
1.371647337198257446e+03 3.670112002929776907e+00 2.110084002197332609e+01
1.371661139726638794e+03 3.666111880855738914e+00 2.107083910641804181e+01
1.371674119234085083e+03 3.698112857448042412e+00 2.131084643086031605e+01
1.371685678482055664e+03 3.680112308114871666e+00 2.117584231086153679e+01
1.371711508035659790e+03 3.646111270485549394e+00 2.092083452864162041e+01
1.371760726451873779e+03 3.718113467818231932e+00 2.146085100863673745e+01
1.371776518583297729e+03 3.734113956114383459e+00 2.158085467085787812e+01
1.371789235830307007e+03 3.736114017151402678e+00 2.159585512863552026e+01
1.371806296586990356e+03 3.726113711966307473e+00 2.152085283974730601e+01
1.371822594642639160e+03 3.662111758781700921e+00 2.104083819086275398e+01
1.371839264392852783e+03 3.716113406781213158e+00 2.144585055085909886e+01
1.371853552818298340e+03 3.740114139225440226e+00 2.162585604419080099e+01
1.371872254133224487e+03 3.684112430188909659e+00 2.120584322641682462e+01
1.371955079078674316e+03 3.748114383373516212e+00 2.168585787530136955e+01
1.371969229459762573e+03 3.700112918485061186e+00 2.132584688863795819e+01
1.372023767471313477e+03 3.696112796411023638e+00 2.129584597308267746e+01
1.372037862062454224e+03 3.598109805597094368e+00 2.056082354197820905e+01
1.372064578056335449e+03 3.738114078188421452e+00 2.161085558641315885e+01
1.372109456300735474e+03 3.730113834040345466e+00 2.155085375530259029e+01
1.372125391006469727e+03 3.652111453596606605e+00 2.096583590197455038e+01
1.372141377687454224e+03 3.628110721152379092e+00 2.078583040864284115e+01
1.372156225204467773e+03 3.678112247077852448e+00 2.116084185308389465e+01
1.372199214458465576e+03 3.734113956114383459e+00 2.158085467085787812e+01
1.372226197481155396e+03 3.708113162633137172e+00 2.138584871974852675e+01
1.372243932008743286e+03 3.720113528855250706e+00 2.147585146641437959e+01
1.372257561922073364e+03 3.730113834040345466e+00 2.155085375530259029e+01
1.372270875215530396e+03 3.652111453596606605e+00 2.096583590197455038e+01
1.372285965204238892e+03 3.736114017151402678e+00 2.159585512863552026e+01
1.372301472663879395e+03 3.718113467818231932e+00 2.146085100863673745e+01
1.372316681385040283e+03 3.732113895077364685e+00 2.156585421308023598e+01
1.372334223747253418e+03 3.662111758781700921e+00 2.104083819086275398e+01
1.372405820369720459e+03 3.648111331522568612e+00 2.093583498641926255e+01
1.372435530900955200e+03 3.732113895077364685e+00 2.156585421308023598e+01
1.372491656064987183e+03 3.660111697744682147e+00 2.102583773308511539e+01
1.372505631446838379e+03 3.586109439374980834e+00 2.047082079531235621e+01
1.372524292945861816e+03 3.702112979522079961e+00 2.134084734641559677e+01
1.372552620172500610e+03 3.710113223670155946e+00 2.140084917752616889e+01
1.372580724477767944e+03 3.664111819818720139e+00 2.105583864864040322e+01
1.372608859300613403e+03 3.618110415967283888e+00 2.071082811975463045e+01
1.372651785612106323e+03 3.736114017151402678e+00 2.159585512863552026e+01
1.372672198534011841e+03 3.708113162633137172e+00 2.138584871974852675e+01
1.372708422899246216e+03 3.620110477004303107e+00 2.072582857753227259e+01
1.372734158039093018e+03 3.736114017151402678e+00 2.159585512863552026e+01
1.372747034788131714e+03 3.740114139225440226e+00 2.162585604419080099e+01
1.372763363599777222e+03 3.616110354930265114e+00 2.069582766197699186e+01
1.372779527664184570e+03 3.636110965300454634e+00 2.084583223975341326e+01
1.372806983709335327e+03 3.642111148411511401e+00 2.089083361308633258e+01
1.372838761806488037e+03 3.130095522934659868e+00 1.705071642200994830e+01
1.372852494955062866e+03 3.610110171819208347e+00 2.065082628864406189e+01
1.372870700359344482e+03 3.208097903378399174e+00 1.763573427533799176e+01
1.372885255575180054e+03 3.624110599078341099e+00 2.075582949308756042e+01
1.372904676914215088e+03 3.652111453596606605e+00 2.096583590197455038e+01
1.372924382925033569e+03 3.630110782189397867e+00 2.080083086642048329e+01
1.372941184282302856e+03 3.620110477004303107e+00 2.072582857753227259e+01
1.372960752487182617e+03 3.630110782189397867e+00 2.080083086642048329e+01
1.373026351928710938e+03 3.646111270485549394e+00 2.092083452864162041e+01
1.373057750940322876e+03 3.648111331522568612e+00 2.093583498641926255e+01
1.373112580299377441e+03 3.548108279671621013e+00 2.018581209753715555e+01
1.373126158714294434e+03 3.558108584856715773e+00 2.026081438642536625e+01
1.373154632806777954e+03 3.608110110782189572e+00 2.063582583086641975e+01
1.373184766530990601e+03 3.104094729453413581e+00 1.685571047090060404e+01
1.373205041646957397e+03 3.636110965300454634e+00 2.084583223975341326e+01
1.373220695734024048e+03 3.162096499526962923e+00 1.729072374645221899e+01
1.373235354661941528e+03 3.604109988708151580e+00 2.060582491531113902e+01
1.373250656366348267e+03 3.644111209448530619e+00 2.090583407086398182e+01
1.373292310237884521e+03 3.628110721152379092e+00 2.078583040864284115e+01
1.373317807674407959e+03 3.612110232856227565e+00 2.066582674642170758e+01
1.373339914321899414e+03 3.638111026337473408e+00 2.086083269753105185e+01
1.373356345415115356e+03 3.606110049745170354e+00 2.062082537308877761e+01
1.373377417325973511e+03 3.508107058931241973e+00 1.988580294198431275e+01
1.373389069080352783e+03 3.626110660115359874e+00 2.077082995086519901e+01
1.373400125026702881e+03 3.620110477004303107e+00 2.072582857753227259e+01
1.373415848493576050e+03 3.662111758781700921e+00 2.104083819086275398e+01
1.373446145772933960e+03 3.606110049745170354e+00 2.062082537308877761e+01
1.373496232748031616e+03 3.588109500412000052e+00 2.048582125308999835e+01
1.373527466773986816e+03 3.630110782189397867e+00 2.080083086642048329e+01
1.373583564758300781e+03 3.576109134189886074e+00 2.039581850642414906e+01
1.373597872257232666e+03 3.558108584856715773e+00 2.026081438642536625e+01
1.373623396396636963e+03 3.552108401745659005e+00 2.021581301309244338e+01
1.373664916276931763e+03 3.606110049745170354e+00 2.062082537308877761e+01
1.373678841114044189e+03 3.628110721152379092e+00 2.078583040864284115e+01
1.373693319082260132e+03 3.586109439374980834e+00 2.047082079531235621e+01
1.373708610773086548e+03 3.608110110782189572e+00 2.063582583086641975e+01
1.373728544473648071e+03 3.584109378337962060e+00 2.045582033753471762e+01
1.373776548385620117e+03 3.606110049745170354e+00 2.062082537308877761e+01
1.373791307687759399e+03 3.588109500412000052e+00 2.048582125308999835e+01
1.373808532953262329e+03 3.560108645893734547e+00 2.027581484420300839e+01
1.373832932233810425e+03 3.632110843226417085e+00 2.081583132419812898e+01
1.373848874568939209e+03 3.624110599078341099e+00 2.075582949308756042e+01
1.373863602161407471e+03 3.612110232856227565e+00 2.066582674642170758e+01
1.373881357431411743e+03 3.638111026337473408e+00 2.086083269753105185e+01
1.373899058580398560e+03 3.630110782189397867e+00 2.080083086642048329e+01
1.373963394641876221e+03 3.604109988708151580e+00 2.060582491531113902e+01
1.373994339227676392e+03 3.578109195226905292e+00 2.041081896420178765e+01
1.374049567222595215e+03 3.566108829004791758e+00 2.032081621753593481e+01
1.374069948434829712e+03 3.526107608264412718e+00 2.002080706198309201e+01
1.374086829423904419e+03 3.600109866634113587e+00 2.057582399975585119e+01
1.374114866018295288e+03 3.608110110782189572e+00 2.063582583086641975e+01
1.374144582986831665e+03 3.594109683523056376e+00 2.053082262642292122e+01
1.374172317266464233e+03 3.608110110782189572e+00 2.063582583086641975e+01
1.374208245277404785e+03 3.626110660115359874e+00 2.077082995086519901e+01
1.374234087944030762e+03 3.628110721152379092e+00 2.078583040864284115e+01
1.374277158260345459e+03 3.610110171819208347e+00 2.065082628864406189e+01
1.374292858600616455e+03 3.582109317300943285e+00 2.044081987975707548e+01
1.374305646181106567e+03 3.626110660115359874e+00 2.077082995086519901e+01
1.374321605443954468e+03 3.604109988708151580e+00 2.060582491531113902e+01
1.374349065065383911e+03 3.626110660115359874e+00 2.077082995086519901e+01
1.374383843660354614e+03 3.614110293893246340e+00 2.068082720419934972e+01
1.374400828123092651e+03 3.594109683523056376e+00 2.053082262642292122e+01
1.374415049076080322e+03 3.644111209448530619e+00 2.090583407086398182e+01
1.374433662414550781e+03 3.586109439374980834e+00 2.047082079531235621e+01
1.374451003551483154e+03 3.582109317300943285e+00 2.044081987975707548e+01
1.374468811273574829e+03 3.630110782189397867e+00 2.080083086642048329e+01
1.374482865333557129e+03 3.540108035523545027e+00 2.012581026642658699e+01
1.374495624780654907e+03 3.636110965300454634e+00 2.084583223975341326e+01
1.374508928537368774e+03 3.638111026337473408e+00 2.086083269753105185e+01
1.374580278396606445e+03 3.488106448561052453e+00 1.973579836420789135e+01
1.374611465692520142e+03 3.630110782189397867e+00 2.080083086642048329e+01
1.374666796922683716e+03 3.528107669301431493e+00 2.003580751976073415e+01
1.374680504322052002e+03 3.562108706930753765e+00 2.029081530198065408e+01
1.374708392620086670e+03 3.632110843226417085e+00 2.081583132419812898e+01
1.374748583555221558e+03 3.620110477004303107e+00 2.072582857753227259e+01
1.374761911630630493e+03 3.628110721152379092e+00 2.078583040864284115e+01
1.374773169279098511e+03 3.626110660115359874e+00 2.077082995086519901e+01
1.374784293889999390e+03 3.626110660115359874e+00 2.077082995086519901e+01
1.374800168752670288e+03 3.586109439374980834e+00 2.047082079531235621e+01
1.374845432043075562e+03 3.608110110782189572e+00 2.063582583086641975e+01
1.374870648145675659e+03 3.602109927671132361e+00 2.059082445753348978e+01
1.374888340950012207e+03 3.500106814783165987e+00 1.982580111087374419e+01
1.374902313232421875e+03 3.634110904263435859e+00 2.083083178197577112e+01
1.374925539731979370e+03 3.564108767967772540e+00 2.030581575975829622e+01
1.374939931869506836e+03 3.620110477004303107e+00 2.072582857753227259e+01
1.374953724384307861e+03 3.634110904263435859e+00 2.083083178197577112e+01
1.374967022180557251e+03 3.614110293893246340e+00 2.068082720419934972e+01
1.374980231523513794e+03 3.648111331522568612e+00 2.093583498641926255e+01
1.375065946102142334e+03 3.624110599078341099e+00 2.075582949308756042e+01
1.375097313642501831e+03 3.708113162633137172e+00 2.138584871974852675e+01
1.375153276681900024e+03 3.656111575670644598e+00 2.099583681752983466e+01
1.375178753376007080e+03 3.628110721152379092e+00 2.078583040864284115e+01
1.375209103584289551e+03 3.748114383373516212e+00 2.168585787530136955e+01
1.375240324020385742e+03 3.712113284707175165e+00 2.141584963530381458e+01
1.375255076408386230e+03 3.720113528855250706e+00 2.147585146641437959e+01
1.375266481637954712e+03 3.684112430188909659e+00 2.120584322641682462e+01
1.375276938915252686e+03 3.718113467818231932e+00 2.146085100863673745e+01
1.375288173198699951e+03 3.644111209448530619e+00 2.090583407086398182e+01
1.375348470926284790e+03 3.734113956114383459e+00 2.158085467085787812e+01
1.375361961364746094e+03 3.698112857448042412e+00 2.131084643086031605e+01
1.375380198717117310e+03 3.648111331522568612e+00 2.093583498641926255e+01
1.375396799087524414e+03 3.684112430188909659e+00 2.120584322641682462e+01
1.375414442777633667e+03 3.690112613299966426e+00 2.125084459974974749e+01
1.375431250810623169e+03 3.722113589892269481e+00 2.149085192419201817e+01
1.375445587158203125e+03 3.734113956114383459e+00 2.158085467085787812e+01
1.375467573404312134e+03 3.692112674336985645e+00 2.126584505752739318e+01
1.375547773599624634e+03 3.720113528855250706e+00 2.147585146641437959e+01
1.375562328100204468e+03 3.674112125003814899e+00 2.113084093752861392e+01
1.375616619110107422e+03 3.688112552262947652e+00 2.123584414197210535e+01
1.375630503416061401e+03 3.592109622486038045e+00 2.051582216864528618e+01
1.375661055803298950e+03 3.742114200262459001e+00 2.164085650196843957e+01
1.375689096689224243e+03 3.722113589892269481e+00 2.149085192419201817e+01
1.375719072103500366e+03 3.738114078188421452e+00 2.161085558641315885e+01
1.375745332956314087e+03 3.684112430188909659e+00 2.120584322641682462e+01
1.375777775287628174e+03 3.736114017151402678e+00 2.159585512863552026e+01
1.375803354501724243e+03 3.738114078188421452e+00 2.161085558641315885e+01
1.375872775077819824e+03 3.506106997894223198e+00 1.987080248420667061e+01
1.375884886026382446e+03 3.736114017151402678e+00 2.159585512863552026e+01
1.375895891666412354e+03 3.736114017151402678e+00 2.159585512863552026e+01
1.375909573793411255e+03 3.704113040559099179e+00 2.135584780419324602e+01
1.375923893928527832e+03 3.730113834040345466e+00 2.155085375530259029e+01
1.375967203855514526e+03 3.720113528855250706e+00 2.147585146641437959e+01
1.375984355449676514e+03 3.728113773003326692e+00 2.153585329752494815e+01
1.375999176263809204e+03 3.726113711966307473e+00 2.152085283974730601e+01
1.376014306306838989e+03 3.650111392559587387e+00 2.095083544419690469e+01
1.376034146785736084e+03 3.726113711966307473e+00 2.152085283974730601e+01
1.376050978660583496e+03 3.738114078188421452e+00 2.161085558641315885e+01
1.376065538167953491e+03 3.676112186040834118e+00 2.114584139530625606e+01
1.376078781604766846e+03 3.644111209448530619e+00 2.090583407086398182e+01
1.376091972112655640e+03 3.724113650929288699e+00 2.150585238196966742e+01
1.376163296937942505e+03 3.700112918485061186e+00 2.132584688863795819e+01
1.376193701028823853e+03 3.732113895077364685e+00 2.156585421308023598e+01
1.376249135494232178e+03 3.666111880855738914e+00 2.107083910641804181e+01
1.376262472152709961e+03 3.654111514633625379e+00 2.098083635975219252e+01
1.376289335012435913e+03 3.736114017151402678e+00 2.159585512863552026e+01
1.376321792125701904e+03 3.690112613299966426e+00 2.125084459974974749e+01
1.376344848632812500e+03 3.714113345744193939e+00 2.143085009308145672e+01
1.376356864213943481e+03 3.732113895077364685e+00 2.156585421308023598e+01
1.376368580341339111e+03 3.702112979522079961e+00 2.134084734641559677e+01
1.376385393142700195e+03 3.712113284707175165e+00 2.141584963530381458e+01
1.376428043365478516e+03 3.724113650929288699e+00 2.150585238196966742e+01
1.376449915170669556e+03 3.736114017151402678e+00 2.159585512863552026e+01
1.376466258525848389e+03 3.732113895077364685e+00 2.156585421308023598e+01
1.376482752799987793e+03 3.754114566484572979e+00 2.173085924863429952e+01
1.376504260778427124e+03 3.630110782189397867e+00 2.080083086642048329e+01
1.376522375345230103e+03 3.652111453596606605e+00 2.096583590197455038e+01
1.376537896871566772e+03 3.724113650929288699e+00 2.150585238196966742e+01
1.376555454730987549e+03 3.694112735374004419e+00 2.128084551530503532e+01
1.376601216554641724e+03 3.710113223670155946e+00 2.140084917752616889e+01
1.376657713651657104e+03 3.696112796411023638e+00 2.129584597308267746e+01
1.376716535568237305e+03 3.642111148411511401e+00 2.089083361308633258e+01
1.376730224132537842e+03 3.604109988708151580e+00 2.060582491531113902e+01
1.376760247945785522e+03 3.718113467818231932e+00 2.146085100863673745e+01
1.376800370693206787e+03 3.704113040559099179e+00 2.135584780419324602e+01
1.376813980340957642e+03 3.712113284707175165e+00 2.141584963530381458e+01
1.376828992128372192e+03 3.674112125003814899e+00 2.113084093752861392e+01
1.376844756603240967e+03 3.722113589892269481e+00 2.149085192419201817e+01
1.376858876466751099e+03 3.720113528855250706e+00 2.147585146641437959e+01
1.376907847166061401e+03 3.722113589892269481e+00 2.149085192419201817e+01
1.376924539804458618e+03 3.732113895077364685e+00 2.156585421308023598e+01
1.376940759897232056e+03 3.732113895077364685e+00 2.156585421308023598e+01
1.376954329729080200e+03 3.722113589892269481e+00 2.149085192419201817e+01
1.376971313953399658e+03 3.732113895077364685e+00 2.156585421308023598e+01
1.376983291864395142e+03 3.724113650929288699e+00 2.150585238196966742e+01
1.377000558614730835e+03 3.762114810632648521e+00 2.179086107974486097e+01
1.377018464803695679e+03 3.726113711966307473e+00 2.152085283974730601e+01
1.377031319618225098e+03 3.662111758781700921e+00 2.104083819086275398e+01
1.377070884943008423e+03 3.754114566484572979e+00 2.173085924863429952e+01
1.377128605365753174e+03 3.720113528855250706e+00 2.147585146641437959e+01
1.377187541484832764e+03 3.700112918485061186e+00 2.132584688863795819e+01
1.377200907468795776e+03 3.606110049745170354e+00 2.062082537308877761e+01
1.377222767591476440e+03 3.710113223670155946e+00 2.140084917752616889e+01
1.377250890254974365e+03 3.640111087374492627e+00 2.087583315530869399e+01
1.377278874874114990e+03 3.740114139225440226e+00 2.162585604419080099e+01
1.377307966709136963e+03 3.734113956114383459e+00 2.158085467085787812e+01
1.377349260807037354e+03 3.740114139225440226e+00 2.162585604419080099e+01
1.377369141817092896e+03 3.716113406781213158e+00 2.144585055085909886e+01
1.377404871702194214e+03 3.710113223670155946e+00 2.140084917752616889e+01
1.377428365945816040e+03 3.718113467818231932e+00 2.146085100863673745e+01
1.377444301843643188e+03 3.738114078188421452e+00 2.161085558641315885e+01
1.377455229043960571e+03 3.738114078188421452e+00 2.161085558641315885e+01
1.377468464136123657e+03 3.726113711966307473e+00 2.152085283974730601e+01
1.377486656904220581e+03 3.712113284707175165e+00 2.141584963530381458e+01
1.377540930986404419e+03 3.714113345744193939e+00 2.143085009308145672e+01
1.377559428930282593e+03 3.714113345744193939e+00 2.143085009308145672e+01
1.377574306726455688e+03 3.698112857448042412e+00 2.131084643086031605e+01
1.377585209369659424e+03 3.740114139225440226e+00 2.162585604419080099e+01
1.377599321603775024e+03 3.728113773003326692e+00 2.153585329752494815e+01
1.377611921310424805e+03 3.742114200262459001e+00 2.164085650196843957e+01
1.377625292062759399e+03 3.656111575670644598e+00 2.099583681752983466e+01
1.377638618230819702e+03 3.740114139225440226e+00 2.162585604419080099e+01
1.377657570600509644e+03 3.742114200262459001e+00 2.164085650196843957e+01
1.377722845315933228e+03 3.714113345744193939e+00 2.143085009308145672e+01
1.377754121541976929e+03 3.714113345744193939e+00 2.143085009308145672e+01
1.377809573650360107e+03 3.654111514633625379e+00 2.098083635975219252e+01
1.377823203086853027e+03 3.666111880855738914e+00 2.107083910641804181e+01
1.377848368406295776e+03 3.736114017151402678e+00 2.159585512863552026e+01
1.377876951694488525e+03 3.712113284707175165e+00 2.141584963530381458e+01
1.377901106595993042e+03 3.726113711966307473e+00 2.152085283974730601e+01
1.377918222427368164e+03 3.716113406781213158e+00 2.144585055085909886e+01
1.377928887367248535e+03 3.716113406781213158e+00 2.144585055085909886e+01
1.377946400403976440e+03 3.726113711966307473e+00 2.152085283974730601e+01
1.377997746944427490e+03 3.736114017151402678e+00 2.159585512863552026e+01
1.378011958360671997e+03 3.690112613299966426e+00 2.125084459974974749e+01
1.378025403976440430e+03 3.724113650929288699e+00 2.150585238196966742e+01
1.378040544748306274e+03 3.724113650929288699e+00 2.150585238196966742e+01
1.378065342903137207e+03 3.738114078188421452e+00 2.161085558641315885e+01
1.378081092119216919e+03 3.718113467818231932e+00 2.146085100863673745e+01
1.378098760843276978e+03 3.706113101596117954e+00 2.137084826197088461e+01
1.378110494852066040e+03 3.746114322336496993e+00 2.167085741752372741e+01
1.378122889041900635e+03 3.722113589892269481e+00 2.149085192419201817e+01
1.378154651880264282e+03 3.710113223670155946e+00 2.140084917752616889e+01
1.378201201677322388e+03 3.720113528855250706e+00 2.147585146641437959e+01
1.378234125852584839e+03 3.680112308114871666e+00 2.117584231086153679e+01
1.378298464775085449e+03 3.692112674336985645e+00 2.126584505752739318e+01
1.378312209844589233e+03 3.660111697744682147e+00 2.102583773308511539e+01
1.378336617946624756e+03 3.750114444410534986e+00 2.170085833307901169e+01
1.378354522466659546e+03 3.740114139225440226e+00 2.162585604419080099e+01
1.378372175216674805e+03 3.744114261299478219e+00 2.165585695974608882e+01
1.378389571428298950e+03 3.750114444410534986e+00 2.170085833307901169e+01
1.378403517246246338e+03 3.728113773003326692e+00 2.153585329752494815e+01
1.378414451360702515e+03 3.708113162633137172e+00 2.138584871974852675e+01
1.378425791263580322e+03 3.710113223670155946e+00 2.140084917752616889e+01
1.378436486482620239e+03 3.724113650929288699e+00 2.150585238196966742e+01
1.378447546482086182e+03 3.742114200262459001e+00 2.164085650196843957e+01
1.378469356536865234e+03 3.726113711966307473e+00 2.152085283974730601e+01
1.378514558553695679e+03 3.730113834040345466e+00 2.155085375530259029e+01
1.378530282735824585e+03 3.758114688558610972e+00 2.176086016418958025e+01
1.378541852951049805e+03 3.726113711966307473e+00 2.152085283974730601e+01
1.378560172557830811e+03 3.734113956114383459e+00 2.158085467085787812e+01
1.378576686143875122e+03 3.722113589892269481e+00 2.149085192419201817e+01
1.378594873428344727e+03 3.742114200262459001e+00 2.164085650196843957e+01
1.378607929944992065e+03 3.716113406781213158e+00 2.144585055085909886e+01
1.378629381656646729e+03 3.740114139225440226e+00 2.162585604419080099e+01
1.378662725925445557e+03 3.726113711966307473e+00 2.152085283974730601e+01
1.378719367980957031e+03 3.704113040559099179e+00 2.135584780419324602e+01
1.378788462877273560e+03 3.698112857448042412e+00 2.131084643086031605e+01
1.378801749467849731e+03 3.576109134189886074e+00 2.039581850642414906e+01
1.378832936525344849e+03 3.670112002929776907e+00 2.110084002197332609e+01
1.378864470005035400e+03 3.730113834040345466e+00 2.155085375530259029e+01
1.378892648696899414e+03 3.742114200262459001e+00 2.164085650196843957e+01
1.378945317029953003e+03 3.744114261299478219e+00 2.165585695974608882e+01
1.378965691089630127e+03 3.724113650929288699e+00 2.150585238196966742e+01
1.378999911069869995e+03 3.728113773003326692e+00 2.153585329752494815e+01
1.379023339509963989e+03 3.716113406781213158e+00 2.144585055085909886e+01
1.379036558866500854e+03 3.736114017151402678e+00 2.159585512863552026e+01
1.379054154396057129e+03 3.696112796411023638e+00 2.129584597308267746e+01
1.379067543983459473e+03 3.738114078188421452e+00 2.161085558641315885e+01
1.379078964948654175e+03 3.710113223670155946e+00 2.140084917752616889e+01
1.379119634866714478e+03 3.722113589892269481e+00 2.149085192419201817e+01
1.379147768497467041e+03 3.704113040559099179e+00 2.135584780419324602e+01
1.379164609432220459e+03 3.728113773003326692e+00 2.153585329752494815e+01
1.379179203748703003e+03 3.674112125003814899e+00 2.113084093752861392e+01
1.379198626995086670e+03 3.736114017151402678e+00 2.159585512863552026e+01
1.379220308780670166e+03 3.742114200262459001e+00 2.164085650196843957e+01
1.379234781026840210e+03 3.726113711966307473e+00 2.152085283974730601e+01
1.379250113487243652e+03 3.740114139225440226e+00 2.162585604419080099e+01
1.379295926570892334e+03 3.720113528855250706e+00 2.147585146641437959e+01
1.379352484941482544e+03 3.720113528855250706e+00 2.147585146641437959e+01
1.379410498619079590e+03 3.704113040559099179e+00 2.135584780419324602e+01
1.379423820495605469e+03 3.646111270485549394e+00 2.092083452864162041e+01
1.379446632146835327e+03 3.706113101596117954e+00 2.137084826197088461e+01
1.379482759952545166e+03 3.758114688558610972e+00 2.176086016418958025e+01
1.379508032560348511e+03 3.728113773003326692e+00 2.153585329752494815e+01
1.379521699428558350e+03 3.736114017151402678e+00 2.159585512863552026e+01
1.379539404869079590e+03 3.682112369151890441e+00 2.119084276863917538e+01
1.379553009986877441e+03 3.730113834040345466e+00 2.155085375530259029e+01
1.379601492404937744e+03 3.716113406781213158e+00 2.144585055085909886e+01
1.379616607189178467e+03 3.714113345744193939e+00 2.143085009308145672e+01
1.379633940458297729e+03 3.664111819818720139e+00 2.105583864864040322e+01
1.379647745370864868e+03 3.750114444410534986e+00 2.170085833307901169e+01
1.379665468215942383e+03 3.648111331522568612e+00 2.093583498641926255e+01
1.379679913282394409e+03 3.702112979522079961e+00 2.134084734641559677e+01
1.379694872379302979e+03 3.734113956114383459e+00 2.158085467085787812e+01
1.379711738109588623e+03 3.740114139225440226e+00 2.162585604419080099e+01
1.379726661443710327e+03 3.714113345744193939e+00 2.143085009308145672e+01
1.379768633604049683e+03 3.684112430188909659e+00 2.120584322641682462e+01
1.379824429988861084e+03 3.728113773003326692e+00 2.153585329752494815e+01
1.379883468151092529e+03 3.704113040559099179e+00 2.135584780419324602e+01
1.379896695137023926e+03 3.662111758781700921e+00 2.104083819086275398e+01
1.379926431179046631e+03 3.732113895077364685e+00 2.156585421308023598e+01
1.379955703973770142e+03 3.716113406781213158e+00 2.144585055085909886e+01
1.379975723981857300e+03 3.734113956114383459e+00 2.158085467085787812e+01
1.379991412878036499e+03 3.740114139225440226e+00 2.162585604419080099e+01
1.380004078388214111e+03 3.606110049745170354e+00 2.062082537308877761e+01
1.380016661167144775e+03 3.564108767967772540e+00 2.030581575975829622e+01
1.380063539028167725e+03 3.510107119968261191e+00 1.990080339976196200e+01
1.380094528675079346e+03 3.620110477004303107e+00 2.072582857753227259e+01
1.380117491722106934e+03 3.602109927671132361e+00 2.059082445753348978e+01
1.380142252922058105e+03 3.606110049745170354e+00 2.062082537308877761e+01
1.380158418416976929e+03 3.656111575670644598e+00 2.099583681752983466e+01
1.380175723791122437e+03 3.594109683523056376e+00 2.053082262642292122e+01
1.380198902368545532e+03 3.640111087374492627e+00 2.087583315530869399e+01
1.380264917850494385e+03 3.560108645893734547e+00 2.027581484420300839e+01
1.380296299695968628e+03 3.654111514633625379e+00 2.098083635975219252e+01
1.380350883722305298e+03 3.586109439374980834e+00 2.047082079531235621e+01
1.380366180419921875e+03 3.580109256263924067e+00 2.042581942197942979e+01
1.380390336036682129e+03 3.580109256263924067e+00 2.042581942197942979e+01
1.380419806480407715e+03 3.658111636707662928e+00 2.101083727530747325e+01
1.380448006629943848e+03 3.152096194341868607e+00 1.721572145756401540e+01
1.380476901769638062e+03 3.658111636707662928e+00 2.101083727530747325e+01
1.380513846874237061e+03 3.654111514633625379e+00 2.098083635975219252e+01
1.380540042877197266e+03 3.632110843226417085e+00 2.081583132419812898e+01
1.380586744785308838e+03 3.622110538041321881e+00 2.074082903530991118e+01
1.380605212450027466e+03 3.622110538041321881e+00 2.074082903530991118e+01
1.380617679834365845e+03 3.626110660115359874e+00 2.077082995086519901e+01
1.380630398511886597e+03 3.584109378337962060e+00 2.045582033753471762e+01
1.380656458377838135e+03 3.624110599078341099e+00 2.075582949308756042e+01
1.380700296163558960e+03 3.620110477004303107e+00 2.072582857753227259e+01
1.380716475963592529e+03 3.602109927671132361e+00 2.059082445753348978e+01
1.380734386920928955e+03 3.634110904263435859e+00 2.083083178197577112e+01
1.380748457431793213e+03 3.622110538041321881e+00 2.074082903530991118e+01
1.380761640787124634e+03 3.554108462782677780e+00 2.023081347087008552e+01
1.380781585216522217e+03 3.618110415967283888e+00 2.071082811975463045e+01
1.380800491571426392e+03 3.630110782189397867e+00 2.080083086642048329e+01
1.380813491582870483e+03 3.632110843226417085e+00 2.081583132419812898e+01
1.380883933544158936e+03 3.630110782189397867e+00 2.080083086642048329e+01
1.380915858268737793e+03 3.640111087374492627e+00 2.087583315530869399e+01
1.380971055984497070e+03 3.574109073152867300e+00 2.038081804864650692e+01
1.380984694957733154e+03 3.542108096560564245e+00 2.014081072420423268e+01
1.381022219657897949e+03 3.548108279671621013e+00 2.018581209753715555e+01
1.381063010215759277e+03 3.618110415967283888e+00 2.071082811975463045e+01
1.381075842857360840e+03 3.590109561449018827e+00 2.050082171086764049e+01
1.381086837768554688e+03 3.638111026337473408e+00 2.086083269753105185e+01
1.381098605394363403e+03 3.550108340708640231e+00 2.020081255531480480e+01
1.381109832525253296e+03 3.628110721152379092e+00 2.078583040864284115e+01
1.381159558773040771e+03 3.594109683523056376e+00 2.053082262642292122e+01
1.381174351930618286e+03 3.580109256263924067e+00 2.042581942197942979e+01
1.381190842866897583e+03 3.622110538041321881e+00 2.074082903530991118e+01
1.381204618453979492e+03 3.608110110782189572e+00 2.063582583086641975e+01
1.381218787193298340e+03 3.610110171819208347e+00 2.065082628864406189e+01
1.381235906839370728e+03 3.590109561449018827e+00 2.050082171086764049e+01
1.381254370689392090e+03 3.528107669301431493e+00 2.003580751976073415e+01
1.381272011756896973e+03 3.590109561449018827e+00 2.050082171086764049e+01
1.381290239810943604e+03 3.626110660115359874e+00 2.077082995086519901e+01
1.381354088068008423e+03 3.592109622486038045e+00 2.051582216864528618e+01
1.381384637355804443e+03 3.630110782189397867e+00 2.080083086642048329e+01
1.381442594766616821e+03 3.630110782189397867e+00 2.080083086642048329e+01
1.381472701072692871e+03 3.638111026337473408e+00 2.086083269753105185e+01
1.381501728057861328e+03 3.618110415967283888e+00 2.071082811975463045e+01
1.381525431632995605e+03 3.620110477004303107e+00 2.072582857753227259e+01
1.381544192314147949e+03 3.626110660115359874e+00 2.077082995086519901e+01
1.381561393737792969e+03 3.628110721152379092e+00 2.078583040864284115e+01
1.381574413537979126e+03 3.636110965300454634e+00 2.084583223975341326e+01
1.381632606029510498e+03 3.620110477004303107e+00 2.072582857753227259e+01
1.381650094985961914e+03 3.628110721152379092e+00 2.078583040864284115e+01
1.381674113512039185e+03 3.628110721152379092e+00 2.078583040864284115e+01
1.381692324638366699e+03 3.630110782189397867e+00 2.080083086642048329e+01
1.381705742835998535e+03 3.628110721152379092e+00 2.078583040864284115e+01
1.381724251985549927e+03 3.584109378337962060e+00 2.045582033753471762e+01
1.381736681461334229e+03 3.624110599078341099e+00 2.075582949308756042e+01
1.381763064384460449e+03 3.590109561449018827e+00 2.050082171086764049e+01
1.381817757368087769e+03 3.618110415967283888e+00 2.071082811975463045e+01
1.381848384141921997e+03 3.634110904263435859e+00 2.083083178197577112e+01
1.381904310226440430e+03 3.594109683523056376e+00 2.053082262642292122e+01
1.381918791532516479e+03 3.568108890041810533e+00 2.033581667531357695e+01
1.381935864925384521e+03 3.632110843226417085e+00 2.081583132419812898e+01
1.381965362787246704e+03 3.400103762932218388e+00 1.907577822199163720e+01
1.381994132757186890e+03 3.574109073152867300e+00 2.038081804864650692e+01
1.382023390769958496e+03 3.564108767967772540e+00 2.030581575975829622e+01
1.382067832708358765e+03 3.612110232856227565e+00 2.066582674642170758e+01
1.382090306282043457e+03 3.546108218634602238e+00 2.017081163975951341e+01
1.382119650602340698e+03 3.582109317300943285e+00 2.044081987975707548e+01
1.382154787540435791e+03 3.492106570635090002e+00 1.976579927976317208e+01
1.382165727615356445e+03 3.588109500412000052e+00 2.048582125308999835e+01
1.382181258201599121e+03 3.422104434339427126e+00 1.924078325754570429e+01
1.382200277805328369e+03 3.554108462782677780e+00 2.023081347087008552e+01
1.382263721227645874e+03 3.636110965300454634e+00 2.084583223975341326e+01
1.382287646055221558e+03 3.724113650929288699e+00 2.150585238196966742e+01
1.382303706169128418e+03 3.702112979522079961e+00 2.134084734641559677e+01
1.382321099281311035e+03 3.720113528855250706e+00 2.147585146641437959e+01
1.382334894895553589e+03 3.726113711966307473e+00 2.152085283974730601e+01
1.382357165098190308e+03 3.682112369151890441e+00 2.119084276863917538e+01
1.382371973752975464e+03 3.652111453596606605e+00 2.096583590197455038e+01
1.382386486768722534e+03 3.738114078188421452e+00 2.161085558641315885e+01
1.382428531408309937e+03 3.672112063966796125e+00 2.111584047975097178e+01
1.382484402894973755e+03 3.706113101596117954e+00 2.137084826197088461e+01
1.382543924808502197e+03 3.624110599078341099e+00 2.075582949308756042e+01
1.382556996583938599e+03 3.626110660115359874e+00 2.077082995086519901e+01
1.382585851669311523e+03 3.690112613299966426e+00 2.125084459974974749e+01
1.382618591308593750e+03 3.688112552262947652e+00 2.123584414197210535e+01
1.382639620065689087e+03 3.718113467818231932e+00 2.146085100863673745e+01
1.382655087232589722e+03 3.714113345744193939e+00 2.143085009308145672e+01
1.382666519403457642e+03 3.642111148411511401e+00 2.089083361308633258e+01
1.382680894851684570e+03 3.706113101596117954e+00 2.137084826197088461e+01
1.382725656270980835e+03 3.740114139225440226e+00 2.162585604419080099e+01
1.382752176046371460e+03 3.722113589892269481e+00 2.149085192419201817e+01
1.382770859479904175e+03 3.742114200262459001e+00 2.164085650196843957e+01
1.382788957834243774e+03 3.570108951078829751e+00 2.035081713309122620e+01
1.382805485486984253e+03 3.712113284707175165e+00 2.141584963530381458e+01
1.382826292037963867e+03 3.714113345744193939e+00 2.143085009308145672e+01
1.382845018863677979e+03 3.706113101596117954e+00 2.137084826197088461e+01
1.382860122680664062e+03 3.696112796411023638e+00 2.129584597308267746e+01
1.382902903079986572e+03 3.690112613299966426e+00 2.125084459974974749e+01
1.382962965011596680e+03 3.702112979522079961e+00 2.134084734641559677e+01
1.383021555662155151e+03 3.678112247077852448e+00 2.116084185308389465e+01
1.383034966230392456e+03 3.626110660115359874e+00 2.077082995086519901e+01
1.383057114839553833e+03 3.652111453596606605e+00 2.096583590197455038e+01
1.383086228370666504e+03 3.702112979522079961e+00 2.134084734641559677e+01
1.383113410711288452e+03 3.710113223670155946e+00 2.140084917752616889e+01
1.383124438047409058e+03 3.714113345744193939e+00 2.143085009308145672e+01
1.383137049913406372e+03 3.662111758781700921e+00 2.104083819086275398e+01
1.383152796506881714e+03 3.676112186040834118e+00 2.114584139530625606e+01
1.383165708303451538e+03 3.716113406781213158e+00 2.144585055085909886e+01
1.383215619564056396e+03 3.708113162633137172e+00 2.138584871974852675e+01
1.383234387636184692e+03 3.734113956114383459e+00 2.158085467085787812e+01
1.383252947568893433e+03 3.740114139225440226e+00 2.162585604419080099e+01
1.383268113613128662e+03 3.730113834040345466e+00 2.155085375530259029e+01
1.383285967350006104e+03 3.744114261299478219e+00 2.165585695974608882e+01
1.383299473285675049e+03 3.736114017151402678e+00 2.159585512863552026e+01
1.383312609672546387e+03 3.724113650929288699e+00 2.150585238196966742e+01
1.383326455831527710e+03 3.740114139225440226e+00 2.162585604419080099e+01
1.383347941398620605e+03 3.718113467818231932e+00 2.146085100863673745e+01
1.383411726236343384e+03 3.714113345744193939e+00 2.143085009308145672e+01
1.383440931558609009e+03 3.732113895077364685e+00 2.156585421308023598e+01
1.383497543096542358e+03 3.690112613299966426e+00 2.125084459974974749e+01
1.383512198925018311e+03 3.590109561449018827e+00 2.050082171086764049e+01
1.383538470745086670e+03 3.760114749595630190e+00 2.177586062196722949e+01
1.383566874980926514e+03 3.668111941892758132e+00 2.108583956419568395e+01
1.383594997644424438e+03 3.738114078188421452e+00 2.161085558641315885e+01
1.383642864465713501e+03 3.740114139225440226e+00 2.162585604419080099e+01
1.383664106130599976e+03 3.728113773003326692e+00 2.153585329752494815e+01
1.383701491832733154e+03 3.708113162633137172e+00 2.138584871974852675e+01
1.383726400375366211e+03 3.696112796411023638e+00 2.129584597308267746e+01
1.383742430925369263e+03 3.622110538041321881e+00 2.074082903530991118e+01
1.383753735542297363e+03 3.714113345744193939e+00 2.143085009308145672e+01
1.383767450571060181e+03 3.678112247077852448e+00 2.116084185308389465e+01
1.383794255018234253e+03 3.730113834040345466e+00 2.155085375530259029e+01
1.383831370592117310e+03 3.702112979522079961e+00 2.134084734641559677e+01
1.383844472646713257e+03 3.718113467818231932e+00 2.146085100863673745e+01
1.383858483076095581e+03 3.700112918485061186e+00 2.132584688863795819e+01
1.383879040002822876e+03 3.716113406781213158e+00 2.144585055085909886e+01
1.383893747806549072e+03 3.690112613299966426e+00 2.125084459974974749e+01
1.383911528348922729e+03 3.644111209448530619e+00 2.090583407086398182e+01
1.383924819707870483e+03 3.744114261299478219e+00 2.165585695974608882e+01
1.383938118457794189e+03 3.730113834040345466e+00 2.155085375530259029e+01
1.383951390504837036e+03 3.656111575670644598e+00 2.099583681752983466e+01
1.383992456436157227e+03 3.728113773003326692e+00 2.153585329752494815e+01
1.384052528858184814e+03 3.736114017151402678e+00 2.159585512863552026e+01
1.384111055374145508e+03 3.674112125003814899e+00 2.113084093752861392e+01
1.384125171422958374e+03 3.644111209448530619e+00 2.090583407086398182e+01
1.384148620843887329e+03 3.746114322336496993e+00 2.167085741752372741e+01
1.384183551788330078e+03 3.720113528855250706e+00 2.147585146641437959e+01
1.384203398942947388e+03 3.734113956114383459e+00 2.158085467085787812e+01
1.384216278076171875e+03 3.728113773003326692e+00 2.153585329752494815e+01
1.384227842092514038e+03 3.760114749595630190e+00 2.177586062196722949e+01
1.384238663434982300e+03 3.734113956114383459e+00 2.158085467085787812e+01
1.384255305051803589e+03 3.722113589892269481e+00 2.149085192419201817e+01
1.384307827711105347e+03 3.726113711966307473e+00 2.152085283974730601e+01
1.384325391769409180e+03 3.676112186040834118e+00 2.114584139530625606e+01
1.384342896223068237e+03 3.742114200262459001e+00 2.164085650196843957e+01
1.384363925933837891e+03 3.690112613299966426e+00 2.125084459974974749e+01
1.384380725145339966e+03 3.750114444410534986e+00 2.170085833307901169e+01
1.384394908666610718e+03 3.736114017151402678e+00 2.159585512863552026e+01
1.384408160209655762e+03 3.742114200262459001e+00 2.164085650196843957e+01
1.384438622236251831e+03 3.698112857448042412e+00 2.131084643086031605e+01
1.384509566068649292e+03 3.722113589892269481e+00 2.149085192419201817e+01
1.384524287700653076e+03 3.680112308114871666e+00 2.117584231086153679e+01
1.384579398155212402e+03 3.688112552262947652e+00 2.123584414197210535e+01
1.384593360662460327e+03 3.628110721152379092e+00 2.078583040864284115e+01
1.384619817495346069e+03 3.742114200262459001e+00 2.164085650196843957e+01
1.384668146610260010e+03 3.650111392559587387e+00 2.095083544419690469e+01
1.384681379318237305e+03 3.714113345744193939e+00 2.143085009308145672e+01
1.384692832469940186e+03 3.740114139225440226e+00 2.162585604419080099e+01
1.384706356287002563e+03 3.700112918485061186e+00 2.132584688863795819e+01
1.384724106550216675e+03 3.702112979522079961e+00 2.134084734641559677e+01
1.384776283740997314e+03 3.604109988708151580e+00 2.060582491531113902e+01
1.384793826818466187e+03 3.654111514633625379e+00 2.098083635975219252e+01
1.384808376789093018e+03 3.746114322336496993e+00 2.167085741752372741e+01
1.384829294443130493e+03 3.746114322336496993e+00 2.167085741752372741e+01
1.384845844745635986e+03 3.716113406781213158e+00 2.144585055085909886e+01
1.384860162734985352e+03 3.744114261299478219e+00 2.165585695974608882e+01
1.384874325037002563e+03 3.710113223670155946e+00 2.140084917752616889e+01
1.384886761426925659e+03 3.734113956114383459e+00 2.158085467085787812e+01
1.384957610607147217e+03 3.698112857448042412e+00 2.131084643086031605e+01
1.384988133907318115e+03 3.740114139225440226e+00 2.162585604419080099e+01
1.385044109106063843e+03 3.694112735374004419e+00 2.128084551530503532e+01
1.385058140039443970e+03 3.666111880855738914e+00 2.107083910641804181e+01
1.385076320886611938e+03 3.714113345744193939e+00 2.143085009308145672e+01
1.385104627609252930e+03 3.734113956114383459e+00 2.158085467085787812e+01
1.385133066415786743e+03 3.742114200262459001e+00 2.164085650196843957e+01
1.385160931825637817e+03 3.730113834040345466e+00 2.155085375530259029e+01
1.385203547239303589e+03 3.736114017151402678e+00 2.159585512863552026e+01
1.385224519968032837e+03 3.708113162633137172e+00 2.138584871974852675e+01
1.385254220962524414e+03 3.716113406781213158e+00 2.144585055085909886e+01
1.385284680843353271e+03 3.726113711966307473e+00 2.152085283974730601e+01
1.385299405574798584e+03 3.722113589892269481e+00 2.149085192419201817e+01
1.385313717365264893e+03 3.682112369151890441e+00 2.119084276863917538e+01
1.385326454639434814e+03 3.714113345744193939e+00 2.143085009308145672e+01
1.385388865947723389e+03 3.738114078188421452e+00 2.161085558641315885e+01
1.385404567956924438e+03 3.708113162633137172e+00 2.138584871974852675e+01
1.385418173551559448e+03 3.636110965300454634e+00 2.084583223975341326e+01
1.385433213710784912e+03 3.736114017151402678e+00 2.159585512863552026e+01
1.385449877262115479e+03 3.740114139225440226e+00 2.162585604419080099e+01
1.385464173555374146e+03 3.726113711966307473e+00 2.152085283974730601e+01
1.385477900028228760e+03 3.736114017151402678e+00 2.159585512863552026e+01
1.385490894317626953e+03 3.728113773003326692e+00 2.153585329752494815e+01
1.385504384756088257e+03 3.740114139225440226e+00 2.162585604419080099e+01
1.385544255018234253e+03 3.694112735374004419e+00 2.128084551530503532e+01
1.385601842403411865e+03 3.728113773003326692e+00 2.153585329752494815e+01
1.385660656690597534e+03 3.682112369151890441e+00 2.119084276863917538e+01
1.385674151897430420e+03 3.638111026337473408e+00 2.086083269753105185e+01
1.385696285486221313e+03 3.730113834040345466e+00 2.155085375530259029e+01
1.385731507062911987e+03 3.758114688558610972e+00 2.176086016418958025e+01
1.385754825592041016e+03 3.728113773003326692e+00 2.153585329752494815e+01
1.385774221658706665e+03 3.612110232856227565e+00 2.066582674642170758e+01
1.385793709993362427e+03 3.726113711966307473e+00 2.152085283974730601e+01
1.385836117744445801e+03 3.724113650929288699e+00 2.150585238196966742e+01
1.385861032724380493e+03 3.726113711966307473e+00 2.152085283974730601e+01
1.385876785278320312e+03 3.694112735374004419e+00 2.128084551530503532e+01
1.385895066261291504e+03 3.738114078188421452e+00 2.161085558641315885e+01
1.385908381462097168e+03 3.742114200262459001e+00 2.164085650196843957e+01
1.385928288936614990e+03 3.718113467818231932e+00 2.146085100863673745e+01
1.385946368932723999e+03 3.752114505447554205e+00 2.171585879085665738e+01
1.385959669589996338e+03 3.672112063966796125e+00 2.111584047975097178e+01
1.385972670793533325e+03 3.730113834040345466e+00 2.155085375530259029e+01
1.386043250560760498e+03 3.706113101596117954e+00 2.137084826197088461e+01
1.386073980808258057e+03 3.710113223670155946e+00 2.140084917752616889e+01
1.386129362344741821e+03 3.698112857448042412e+00 2.131084643086031605e+01
1.386143395423889160e+03 3.600109866634113587e+00 2.057582399975585119e+01
1.386166173458099365e+03 3.714113345744193939e+00 2.143085009308145672e+01
1.386209094762802124e+03 3.702112979522079961e+00 2.134084734641559677e+01
1.386222288131713867e+03 3.710113223670155946e+00 2.140084917752616889e+01
1.386234084129333496e+03 3.718113467818231932e+00 2.146085100863673745e+01
1.386244835853576660e+03 3.738114078188421452e+00 2.161085558641315885e+01
1.386256166696548462e+03 3.700112918485061186e+00 2.132584688863795819e+01
1.386269752025604248e+03 3.714113345744193939e+00 2.143085009308145672e+01
1.386328373432159424e+03 3.720113528855250706e+00 2.147585146641437959e+01
1.386341771602630615e+03 3.730113834040345466e+00 2.155085375530259029e+01
1.386357438325881958e+03 3.698112857448042412e+00 2.131084643086031605e+01
1.386370891571044922e+03 3.706113101596117954e+00 2.137084826197088461e+01
1.386386173725128174e+03 3.718113467818231932e+00 2.146085100863673745e+01
1.386403283119201660e+03 3.734113956114383459e+00 2.158085467085787812e+01
1.386416577100753784e+03 3.736114017151402678e+00 2.159585512863552026e+01
1.386431484937667847e+03 3.738114078188421452e+00 2.161085558641315885e+01
1.386444104433059692e+03 3.738114078188421452e+00 2.161085558641315885e+01
1.386486189126968384e+03 3.708113162633137172e+00 2.138584871974852675e+01
1.386546345949172974e+03 3.670112002929776907e+00 2.110084002197332609e+01
1.386604240894317627e+03 3.698112857448042412e+00 2.131084643086031605e+01
1.386624273300170898e+03 3.646111270485549394e+00 2.092083452864162041e+01
1.386645694732666016e+03 3.714113345744193939e+00 2.143085009308145672e+01
1.386674952030181885e+03 3.738114078188421452e+00 2.161085558641315885e+01
1.386704730749130249e+03 3.732113895077364685e+00 2.156585421308023598e+01
1.386756122112274170e+03 3.716113406781213158e+00 2.144585055085909886e+01
1.386774892091751099e+03 3.716113406781213158e+00 2.144585055085909886e+01
1.386799721002578735e+03 3.736114017151402678e+00 2.159585512863552026e+01
1.386830903053283691e+03 3.728113773003326692e+00 2.153585329752494815e+01
1.386844114780426025e+03 3.734113956114383459e+00 2.158085467085787812e+01
1.386859319686889648e+03 3.678112247077852448e+00 2.116084185308389465e+01
1.386874676227569580e+03 3.740114139225440226e+00 2.162585604419080099e+01
1.386886327505111694e+03 3.736114017151402678e+00 2.159585512863552026e+01
1.386943069458007812e+03 3.736114017151402678e+00 2.159585512863552026e+01
1.386955640316009521e+03 3.670112002929776907e+00 2.110084002197332609e+01
1.386973299503326416e+03 3.728113773003326692e+00 2.153585329752494815e+01
1.386988402605056763e+03 3.728113773003326692e+00 2.153585329752494815e+01
1.387004327535629272e+03 3.710113223670155946e+00 2.140084917752616889e+01
1.387018523693084717e+03 3.734113956114383459e+00 2.158085467085787812e+01
1.387032917737960815e+03 3.736114017151402678e+00 2.159585512863552026e+01
1.387049940109252930e+03 3.654111514633625379e+00 2.098083635975219252e+01
1.387064904451370239e+03 3.732113895077364685e+00 2.156585421308023598e+01
1.387101776123046875e+03 3.730113834040345466e+00 2.155085375530259029e+01
1.387158123254776001e+03 3.724113650929288699e+00 2.150585238196966742e+01
1.387216968774795532e+03 3.690112613299966426e+00 2.125084459974974749e+01
1.387230483531951904e+03 3.536107913449507034e+00 2.009580935087130626e+01
1.387253605604171753e+03 3.654111514633625379e+00 2.098083635975219252e+01
1.387289504051208496e+03 3.634110904263435859e+00 2.083083178197577112e+01
1.387315772056579590e+03 3.324101443525498301e+00 1.850576082644123943e+01
1.387329337596893311e+03 3.630110782189397867e+00 2.080083086642048329e+01
1.387346874237060547e+03 3.314101138340403541e+00 1.843075853755302873e+01
1.387360256910324097e+03 3.520107425153355507e+00 1.997580568865016559e+01
1.387400129556655884e+03 3.614110293893246340e+00 2.068082720419934972e+01
1.387422634363174438e+03 3.626110660115359874e+00 2.077082995086519901e+01
1.387438790798187256e+03 3.636110965300454634e+00 2.084583223975341326e+01
1.387454786539077759e+03 3.602109927671132361e+00 2.059082445753348978e+01
1.387469794511795044e+03 3.654111514633625379e+00 2.098083635975219252e+01
1.387482976675033569e+03 3.632110843226417085e+00 2.081583132419812898e+01
1.387496058940887451e+03 3.654111514633625379e+00 2.098083635975219252e+01
1.387509944200515747e+03 3.652111453596606605e+00 2.096583590197455038e+01
1.387529273748397827e+03 3.650111392559587387e+00 2.095083544419690469e+01
1.387573702573776245e+03 3.638111026337473408e+00 2.086083269753105185e+01
1.387635709047317505e+03 3.624110599078341099e+00 2.075582949308756042e+01
1.387693350315093994e+03 3.574109073152867300e+00 2.038081804864650692e+01
1.387713854074478149e+03 3.560108645893734547e+00 2.027581484420300839e+01
1.387739828586578369e+03 3.644111209448530619e+00 2.090583407086398182e+01
1.387771353721618652e+03 3.620110477004303107e+00 2.072582857753227259e+01
1.387784884452819824e+03 3.374102969450972100e+00 1.888077227088229293e+01
1.387799946069717407e+03 3.620110477004303107e+00 2.072582857753227259e+01
1.387813537836074829e+03 3.626110660115359874e+00 2.077082995086519901e+01
1.387827641248703003e+03 3.610110171819208347e+00 2.065082628864406189e+01
1.387881299734115601e+03 3.562108706930753765e+00 2.029081530198065408e+01
1.387895551443099976e+03 3.632110843226417085e+00 2.081583132419812898e+01
1.387908786773681641e+03 3.624110599078341099e+00 2.075582949308756042e+01
1.387932000637054443e+03 3.604109988708151580e+00 2.060582491531113902e+01
1.387945980072021484e+03 3.612110232856227565e+00 2.066582674642170758e+01
1.387962687492370605e+03 3.630110782189397867e+00 2.080083086642048329e+01
1.387973664522171021e+03 3.604109988708151580e+00 2.060582491531113902e+01
1.387987237453460693e+03 3.636110965300454634e+00 2.084583223975341326e+01
1.388008826255798340e+03 3.566108829004791758e+00 2.032081621753593481e+01
1.388073041439056396e+03 3.628110721152379092e+00 2.078583040864284115e+01
1.388102686643600464e+03 3.662111758781700921e+00 2.104083819086275398e+01
1.388158528566360474e+03 3.594109683523056376e+00 2.053082262642292122e+01
1.388178306579589844e+03 3.554108462782677780e+00 2.023081347087008552e+01
1.388199783325195312e+03 3.576109134189886074e+00 2.039581850642414906e+01
1.388230447769165039e+03 3.636110965300454634e+00 2.084583223975341326e+01
1.388264577388763428e+03 3.510107119968261191e+00 1.990080339976196200e+01
1.388310259819030762e+03 3.536107913449507034e+00 2.009580935087130626e+01
1.388329375505447388e+03 3.596109744560075594e+00 2.054582308420057046e+01
1.388354612827301025e+03 3.630110782189397867e+00 2.080083086642048329e+01
1.388392878293991089e+03 3.626110660115359874e+00 2.077082995086519901e+01
1.388408658981323242e+03 3.632110843226417085e+00 2.081583132419812898e+01
1.388426113843917847e+03 3.574109073152867300e+00 2.038081804864650692e+01
1.388438973426818848e+03 3.636110965300454634e+00 2.084583223975341326e+01
1.388483973741531372e+03 3.482106265449995686e+00 1.969079699087496849e+01
1.388512871265411377e+03 3.628110721152379092e+00 2.078583040864284115e+01
1.388528459548950195e+03 3.556108523819696554e+00 2.024581392864772766e+01
1.388546642541885376e+03 3.532107791375469041e+00 2.006580843531601488e+01
1.388568461894989014e+03 3.636110965300454634e+00 2.084583223975341326e+01
1.388581609010696411e+03 3.596109744560075594e+00 2.054582308420057046e+01
1.388598575592041016e+03 3.586109439374980834e+00 2.047082079531235621e+01
1.388614949941635132e+03 3.634110904263435859e+00 2.083083178197577112e+01
1.388629976034164429e+03 3.614110293893246340e+00 2.068082720419934972e+01
1.388701699972152710e+03 3.618110415967283888e+00 2.071082811975463045e+01
1.388732212781906128e+03 3.632110843226417085e+00 2.081583132419812898e+01
1.388801553010940552e+03 3.498106753746147213e+00 1.981080065309610205e+01
1.388814679145812988e+03 3.558108584856715773e+00 2.026081438642536625e+01
1.388840737342834473e+03 3.630110782189397867e+00 2.080083086642048329e+01
