1.446698095083236694e+03 3.532107791375469041e+00 2.006580843531601488e+01
1.446718708992004395e+03 3.686112491225928434e+00 2.122084368419446321e+01
1.446730287075042725e+03 3.656111575670644598e+00 2.099583681752983466e+01
1.446743864059448242e+03 3.622110538041321881e+00 2.074082903530991118e+01
1.446758927583694458e+03 3.624110599078341099e+00 2.075582949308756042e+01
1.446774344444274902e+03 3.696112796411023638e+00 2.129584597308267746e+01
1.446787331104278564e+03 3.600109866634113587e+00 2.057582399975585119e+01
1.446803689718246460e+03 3.710113223670155946e+00 2.140084917752616889e+01
1.446817798137664795e+03 3.680112308114871666e+00 2.117584231086153679e+01
1.446831427335739136e+03 3.732113895077364685e+00 2.156585421308023598e+01
1.446846388101577759e+03 3.716113406781213158e+00 2.144585055085909886e+01
1.446867082118988037e+03 3.694112735374004419e+00 2.128084551530503532e+01
1.446934504747390747e+03 3.692112674336985645e+00 2.126584505752739318e+01
1.446948173522949219e+03 3.688112552262947652e+00 2.123584414197210535e+01
1.446962429761886597e+03 3.702112979522079961e+00 2.134084734641559677e+01
1.446975899457931519e+03 3.654111514633625379e+00 2.098083635975219252e+01
1.446987359046936035e+03 3.638111026337473408e+00 2.086083269753105185e+01
1.446999938488006592e+03 3.630110782189397867e+00 2.080083086642048329e+01
1.447011812210083008e+03 3.664111819818720139e+00 2.105583864864040322e+01
1.447023140668869019e+03 3.704113040559099179e+00 2.135584780419324602e+01
1.447041082620620728e+03 3.696112796411023638e+00 2.129584597308267746e+01
1.447055320739746094e+03 3.692112674336985645e+00 2.126584505752739318e+01
1.447068709373474121e+03 3.704113040559099179e+00 2.135584780419324602e+01
1.447084844112396240e+03 3.654111514633625379e+00 2.098083635975219252e+01
1.447096426963806152e+03 3.698112857448042412e+00 2.131084643086031605e+01
1.447109538078308105e+03 3.712113284707175165e+00 2.141584963530381458e+01
1.447123641252517700e+03 3.618110415967283888e+00 2.071082811975463045e+01
1.447136426925659180e+03 3.702112979522079961e+00 2.134084734641559677e+01
1.447181076765060425e+03 3.710113223670155946e+00 2.140084917752616889e+01
1.447254565715789795e+03 3.684112430188909659e+00 2.120584322641682462e+01
1.447314336299896240e+03 3.666111880855738914e+00 2.107083910641804181e+01
1.447326509237289429e+03 3.676112186040834118e+00 2.114584139530625606e+01
1.447346257686614990e+03 3.652111453596606605e+00 2.096583590197455038e+01
1.447372635364532471e+03 3.722113589892269481e+00 2.149085192419201817e+01
1.447400888204574585e+03 3.702112979522079961e+00 2.134084734641559677e+01
1.447420819997787476e+03 3.704113040559099179e+00 2.135584780419324602e+01
1.447435213804244995e+03 3.708113162633137172e+00 2.138584871974852675e+01
1.447448886394500732e+03 3.716113406781213158e+00 2.144585055085909886e+01
1.447467766046524048e+03 3.704113040559099179e+00 2.135584780419324602e+01
1.447480552673339844e+03 3.702112979522079961e+00 2.134084734641559677e+01
1.447538354635238647e+03 3.678112247077852448e+00 2.116084185308389465e+01
1.447557704210281372e+03 3.698112857448042412e+00 2.131084643086031605e+01
1.447572754383087158e+03 3.622110538041321881e+00 2.074082903530991118e+01
1.447586278438568115e+03 3.718113467818231932e+00 2.146085100863673745e+01
1.447600651502609253e+03 3.714113345744193939e+00 2.143085009308145672e+01
1.447614352703094482e+03 3.706113101596117954e+00 2.137084826197088461e+01
1.447627852678298950e+03 3.726113711966307473e+00 2.152085283974730601e+01
1.447680982351303101e+03 3.628110721152379092e+00 2.078583040864284115e+01
1.447781828641891479e+03 3.558108584856715773e+00 2.026081438642536625e+01
1.447798359632492065e+03 3.674112125003814899e+00 2.113084093752861392e+01
1.447877404451370239e+03 3.596109744560075594e+00 2.054582308420057046e+01
1.447890781402587891e+03 3.598109805597094368e+00 2.056082354197820905e+01
1.447905024051666260e+03 3.622110538041321881e+00 2.074082903530991118e+01
1.447926607131958008e+03 3.638111026337473408e+00 2.086083269753105185e+01
1.447964591979980469e+03 3.564108767967772540e+00 2.030581575975829622e+01
1.447998246431350708e+03 3.610110171819208347e+00 2.065082628864406189e+01
1.448028043270111084e+03 3.578109195226905292e+00 2.041081896420178765e+01
1.448065062761306763e+03 3.566108829004791758e+00 2.032081621753593481e+01
1.448085531234741211e+03 3.694112735374004419e+00 2.128084551530503532e+01
1.448144670009613037e+03 3.624110599078341099e+00 2.075582949308756042e+01
1.448156813859939575e+03 3.698112857448042412e+00 2.131084643086031605e+01
1.448175094842910767e+03 3.682112369151890441e+00 2.119084276863917538e+01
1.448188919544219971e+03 3.710113223670155946e+00 2.140084917752616889e+01
1.448202366352081299e+03 3.700112918485061186e+00 2.132584688863795819e+01
1.448217700481414795e+03 3.694112735374004419e+00 2.128084551530503532e+01
1.448276262521743774e+03 3.698112857448042412e+00 2.131084643086031605e+01
1.448292732000350952e+03 3.634110904263435859e+00 2.083083178197577112e+01
1.448312239408493042e+03 3.700112918485061186e+00 2.132584688863795819e+01
1.448326493740081787e+03 3.716113406781213158e+00 2.144585055085909886e+01
1.448340501785278320e+03 3.710113223670155946e+00 2.140084917752616889e+01
1.448355792522430420e+03 3.684112430188909659e+00 2.120584322641682462e+01
1.448372566223144531e+03 3.716113406781213158e+00 2.144585055085909886e+01
1.448387485742568970e+03 3.700112918485061186e+00 2.132584688863795819e+01
1.448480060815811157e+03 3.692112674336985645e+00 2.126584505752739318e+01
1.448510404109954834e+03 3.714113345744193939e+00 2.143085009308145672e+01
1.448575852632522583e+03 3.576109134189886074e+00 2.039581850642414906e+01
1.448592116594314575e+03 3.600109866634113587e+00 2.057582399975585119e+01
1.448605046033859253e+03 3.578109195226905292e+00 2.041081896420178765e+01
1.448644594192504883e+03 3.614110293893246340e+00 2.068082720419934972e+01
1.448680712699890137e+03 3.704113040559099179e+00 2.135584780419324602e+01
1.448696360111236572e+03 3.648111331522568612e+00 2.093583498641926255e+01
1.448709129810333252e+03 3.702112979522079961e+00 2.134084734641559677e+01
1.448726952791213989e+03 3.582109317300943285e+00 2.044081987975707548e+01
1.448744247674942017e+03 3.626110660115359874e+00 2.077082995086519901e+01
1.448759937047958374e+03 3.612110232856227565e+00 2.066582674642170758e+01
1.448778546094894409e+03 3.674112125003814899e+00 2.113084093752861392e+01
1.448844715118408203e+03 3.600109866634113587e+00 2.057582399975585119e+01
1.448873610973358154e+03 3.612110232856227565e+00 2.066582674642170758e+01
1.448891359090805054e+03 3.718113467818231932e+00 2.146085100863673745e+01
1.448911437749862671e+03 3.638111026337473408e+00 2.086083269753105185e+01
1.448932116270065308e+03 3.626110660115359874e+00 2.077082995086519901e+01
1.448951467752456665e+03 3.644111209448530619e+00 2.090583407086398182e+01
1.448973198175430298e+03 3.624110599078341099e+00 2.075582949308756042e+01
1.448993434190750122e+03 3.600109866634113587e+00 2.057582399975585119e+01
1.449013362646102905e+03 3.582109317300943285e+00 2.044081987975707548e+01
1.449071406364440918e+03 3.706113101596117954e+00 2.137084826197088461e+01
1.449154175043106079e+03 3.558108584856715773e+00 2.026081438642536625e+01
1.449229375123977661e+03 3.614110293893246340e+00 2.068082720419934972e+01
1.449244017839431763e+03 3.560108645893734547e+00 2.027581484420300839e+01
1.449269669532775879e+03 3.624110599078341099e+00 2.075582949308756042e+01
1.449300702333450317e+03 3.490106509598071227e+00 1.975079882198553349e+01
1.449332605361938477e+03 3.560108645893734547e+00 2.027581484420300839e+01
1.449365377902984619e+03 3.620110477004303107e+00 2.072582857753227259e+01
1.449413050889968872e+03 3.612110232856227565e+00 2.066582674642170758e+01
1.449427457094192505e+03 3.634110904263435859e+00 2.083083178197577112e+01
1.449455303430557251e+03 3.646111270485549394e+00 2.092083452864162041e+01
1.449507481813430786e+03 3.620110477004303107e+00 2.072582857753227259e+01
1.449538678169250488e+03 3.512107181005279521e+00 1.991580385753959348e+01
1.449560383558273315e+03 3.468105838190862933e+00 1.958579378643146995e+01
1.449576745510101318e+03 3.598109805597094368e+00 2.056082354197820905e+01
1.449591337203979492e+03 3.540108035523545027e+00 2.012581026642658699e+01
1.449605443239212036e+03 3.622110538041321881e+00 2.074082903530991118e+01
1.449699364423751831e+03 3.536107913449507034e+00 2.009580935087130626e+01
1.449719432830810547e+03 3.560108645893734547e+00 2.027581484420300839e+01
1.449735366821289062e+03 3.538107974486526253e+00 2.011080980864894485e+01
1.449751682996749878e+03 3.454105410931730180e+00 1.948079058198797853e+01
1.449771930456161499e+03 3.518107364116336733e+00 1.996080523087252345e+01
1.449800043582916260e+03 3.480106204412976467e+00 1.967579653309732279e+01
1.449824128150939941e+03 3.452105349894710962e+00 1.946579012421032928e+01
1.449869575500488281e+03 3.612110232856227565e+00 2.066582674642170758e+01
1.449942709922790527e+03 3.626110660115359874e+00 2.077082995086519901e+01
1.449954919576644897e+03 3.466105777153844159e+00 1.957079332865382781e+01
1.450015616416931152e+03 3.588109500412000052e+00 2.048582125308999835e+01
1.450035612583160400e+03 3.570108951078829751e+00 2.035081713309122620e+01
1.450056921243667603e+03 3.598109805597094368e+00 2.056082354197820905e+01
1.450088812112808228e+03 3.570108951078829751e+00 2.035081713309122620e+01
1.450117212533950806e+03 3.564108767967772540e+00 2.030581575975829622e+01
1.450129021167755127e+03 3.636110965300454634e+00 2.084583223975341326e+01
1.450142346143722534e+03 3.554108462782677780e+00 2.023081347087008552e+01
1.450156637191772461e+03 3.398103701895199613e+00 1.906077776421399506e+01
1.450171132087707520e+03 3.534107852412488260e+00 2.008080889309366412e+01
1.450252637863159180e+03 3.558108584856715773e+00 2.026081438642536625e+01
1.450277640342712402e+03 3.430104678487502667e+00 1.930078508865626929e+01
1.450294963359832764e+03 3.458105533005768173e+00 1.951079149754325925e+01
1.450312635898590088e+03 3.510107119968261191e+00 1.990080339976196200e+01
1.450338737249374390e+03 3.518107364116336733e+00 1.996080523087252345e+01
1.450364025592803955e+03 3.380103152562028868e+00 1.892577364421521580e+01
1.450386617183685303e+03 3.406103946043275599e+00 1.912077959532456362e+01
1.450407189607620239e+03 3.458105533005768173e+00 1.951079149754325925e+01
1.450532406330108643e+03 3.426104556413465119e+00 1.927078417310098502e+01
1.450549690723419189e+03 3.566108829004791758e+00 2.032081621753593481e+01
1.450613439559936523e+03 3.434104800561540660e+00 1.933078600421155713e+01
1.450631159067153931e+03 3.456105471968748954e+00 1.949579103976562067e+01
1.450642342567443848e+03 3.592109622486038045e+00 2.051582216864528618e+01
1.450663683652877808e+03 3.588109500412000052e+00 2.048582125308999835e+01
1.450695245027542114e+03 3.588109500412000052e+00 2.048582125308999835e+01
1.450731856107711792e+03 3.444105105746635420e+00 1.940578829309976783e+01
1.450767247915267944e+03 3.478106143375957693e+00 1.966079607531968065e+01
1.450810802698135376e+03 3.570108951078829751e+00 2.035081713309122620e+01
1.450826447725296021e+03 3.510107119968261191e+00 1.990080339976196200e+01
1.450838435888290405e+03 3.444105105746635420e+00 1.940578829309976783e+01
1.450850592374801636e+03 3.464105716116824940e+00 1.955579287087618923e+01
1.450878826141357422e+03 3.398103701895199613e+00 1.906077776421399506e+01
1.450903842687606812e+03 3.608110110782189572e+00 2.063582583086641975e+01
1.450923828125000000e+03 3.612110232856227565e+00 2.066582674642170758e+01
1.450958322763442993e+03 3.596109744560075594e+00 2.054582308420057046e+01
1.450972855091094971e+03 3.502106875820185206e+00 1.984080156865138989e+01
1.450991441011428833e+03 3.456105471968748954e+00 1.949579103976562067e+01
1.451008828401565552e+03 3.596109744560075594e+00 2.054582308420057046e+01
1.451030833959579468e+03 3.554108462782677780e+00 2.023081347087008552e+01
1.451079128026962280e+03 3.602109927671132361e+00 2.059082445753348978e+01
1.451094319820404053e+03 3.570108951078829751e+00 2.035081713309122620e+01
1.451111322641372681e+03 3.580109256263924067e+00 2.042581942197942979e+01
1.451131087541580200e+03 3.606110049745170354e+00 2.062082537308877761e+01
1.451146522283554077e+03 3.604109988708151580e+00 2.060582491531113902e+01
1.451163529872894287e+03 3.528107669301431493e+00 2.003580751976073415e+01
1.451179529428482056e+03 3.596109744560075594e+00 2.054582308420057046e+01
1.451193649053573608e+03 3.602109927671132361e+00 2.059082445753348978e+01
1.451210372686386108e+03 3.572109012115848525e+00 2.036581759086886478e+01
1.451313336849212646e+03 3.562108706930753765e+00 2.029081530198065408e+01
1.451328785657882690e+03 3.566108829004791758e+00 2.032081621753593481e+01
1.451388555765151978e+03 3.546108218634602238e+00 2.017081163975951341e+01
1.451412322282791138e+03 3.436104861598559435e+00 1.934578646198919927e+01
1.451449732780456543e+03 3.616110354930265114e+00 2.069582766197699186e+01
1.451481585502624512e+03 3.546108218634602238e+00 2.017081163975951341e+01
1.451495650768280029e+03 3.586109439374980834e+00 2.047082079531235621e+01
1.451511764287948608e+03 3.482106265449995686e+00 1.969079699087496849e+01
1.451527600288391113e+03 3.620110477004303107e+00 2.072582857753227259e+01
1.451540860176086426e+03 3.628110721152379092e+00 2.078583040864284115e+01
1.451595809936523438e+03 3.618110415967283888e+00 2.071082811975463045e+01
1.451630116462707520e+03 3.426104556413465119e+00 1.927078417310098502e+01
1.451657990932464600e+03 3.408104007080293929e+00 1.913578005310220576e+01
1.451680046558380127e+03 3.392103518784142402e+00 1.901577639088106508e+01
1.451711632728576660e+03 3.488106448561052453e+00 1.973579836420789135e+01
1.451751655340194702e+03 3.450105288857692187e+00 1.945078966643269069e+01
1.451786520242691040e+03 3.514107242042298740e+00 1.993080431531724273e+01
1.451888526916503906e+03 3.498106753746147213e+00 1.981080065309610205e+01
1.451928175926208496e+03 3.540108035523545027e+00 2.012581026642658699e+01
1.451991698741912842e+03 3.556108523819696554e+00 2.024581392864772766e+01
1.452005575418472290e+03 3.604109988708151580e+00 2.060582491531113902e+01
1.452016336679458618e+03 3.618110415967283888e+00 2.071082811975463045e+01
1.452034829616546631e+03 3.684112430188909659e+00 2.120584322641682462e+01
1.452063549757003784e+03 3.680112308114871666e+00 2.117584231086153679e+01
1.452092397928237915e+03 3.730113834040345466e+00 2.155085375530259029e+01
1.452121270179748535e+03 3.716113406781213158e+00 2.144585055085909886e+01
1.452165790081024170e+03 3.712113284707175165e+00 2.141584963530381458e+01
1.452186974048614502e+03 3.626110660115359874e+00 2.077082995086519901e+01
1.452225085973739624e+03 3.686112491225928434e+00 2.122084368419446321e+01
1.452243796825408936e+03 3.682112369151890441e+00 2.119084276863917538e+01
1.452257646560668945e+03 3.698112857448042412e+00 2.131084643086031605e+01
1.452274587869644165e+03 3.596109744560075594e+00 2.054582308420057046e+01
1.452291645050048828e+03 3.710113223670155946e+00 2.140084917752616889e+01
1.452307058095932007e+03 3.654111514633625379e+00 2.098083635975219252e+01
1.452323021173477173e+03 3.644111209448530619e+00 2.090583407086398182e+01
1.452376827716827393e+03 3.704113040559099179e+00 2.135584780419324602e+01
1.452403423547744751e+03 3.650111392559587387e+00 2.095083544419690469e+01
1.452423210382461548e+03 3.666111880855738914e+00 2.107083910641804181e+01
1.452434595346450806e+03 3.688112552262947652e+00 2.123584414197210535e+01
1.452449017763137817e+03 3.704113040559099179e+00 2.135584780419324602e+01
1.452463047504425049e+03 3.636110965300454634e+00 2.084583223975341326e+01
1.452489779949188232e+03 3.710113223670155946e+00 2.140084917752616889e+01
1.452572643041610718e+03 3.678112247077852448e+00 2.116084185308389465e+01
1.452605487108230591e+03 3.700112918485061186e+00 2.132584688863795819e+01
1.452660922765731812e+03 3.660111697744682147e+00 2.102583773308511539e+01
1.452676118135452271e+03 3.602109927671132361e+00 2.059082445753348978e+01
1.452723215341567993e+03 3.704113040559099179e+00 2.135584780419324602e+01
1.452759472370147705e+03 3.686112491225928434e+00 2.122084368419446321e+01
1.452773865699768066e+03 3.702112979522079961e+00 2.134084734641559677e+01
1.452789531707763672e+03 3.654111514633625379e+00 2.098083635975219252e+01
1.452805723428726196e+03 3.708113162633137172e+00 2.138584871974852675e+01
1.452827983617782593e+03 3.604109988708151580e+00 2.060582491531113902e+01
1.452874154329299927e+03 3.612110232856227565e+00 2.066582674642170758e+01
1.452893834590911865e+03 3.696112796411023638e+00 2.129584597308267746e+01
1.452909157276153564e+03 3.696112796411023638e+00 2.129584597308267746e+01
1.452924005746841431e+03 3.692112674336985645e+00 2.126584505752739318e+01
1.452937966823577881e+03 3.694112735374004419e+00 2.128084551530503532e+01
1.452965306520462036e+03 3.610110171819208347e+00 2.065082628864406189e+01
1.452980519056320190e+03 3.652111453596606605e+00 2.096583590197455038e+01
1.452995644569396973e+03 3.704113040559099179e+00 2.135584780419324602e+01
1.453075084447860718e+03 3.616110354930265114e+00 2.069582766197699186e+01
1.453106306791305542e+03 3.730113834040345466e+00 2.155085375530259029e+01
1.453297376632690430e+03 3.586109439374980834e+00 2.047082079531235621e+01
1.453312114477157593e+03 3.548108279671621013e+00 2.018581209753715555e+01
1.453326772689819336e+03 3.612110232856227565e+00 2.066582674642170758e+01
1.453347186803817749e+03 3.660111697744682147e+00 2.102583773308511539e+01
1.453363688707351685e+03 3.580109256263924067e+00 2.042581942197942979e+01
1.453398471593856812e+03 3.654111514633625379e+00 2.098083635975219252e+01
1.453431817770004272e+03 3.564108767967772540e+00 2.030581575975829622e+01
1.453477809429168701e+03 3.718113467818231932e+00 2.146085100863673745e+01
1.453531892538070679e+03 3.698112857448042412e+00 2.131084643086031605e+01
1.453552016019821167e+03 3.716113406781213158e+00 2.144585055085909886e+01
1.453579334020614624e+03 3.692112674336985645e+00 2.126584505752739318e+01
1.453603183984756470e+03 3.618110415967283888e+00 2.071082811975463045e+01
1.453630934953689575e+03 3.706113101596117954e+00 2.137084826197088461e+01
1.453649303674697876e+03 3.660111697744682147e+00 2.102583773308511539e+01
1.453663643121719360e+03 3.722113589892269481e+00 2.149085192419201817e+01
1.453676583528518677e+03 3.570108951078829751e+00 2.035081713309122620e+01
1.453686772108078003e+03 3.704113040559099179e+00 2.135584780419324602e+01
1.453752641201019287e+03 3.682112369151890441e+00 2.119084276863917538e+01
1.453770372867584229e+03 3.710113223670155946e+00 2.140084917752616889e+01
1.453786795616149902e+03 3.632110843226417085e+00 2.081583132419812898e+01
1.453802166700363159e+03 3.714113345744193939e+00 2.143085009308145672e+01
1.453820182323455811e+03 3.714113345744193939e+00 2.143085009308145672e+01
1.453830564498901367e+03 3.696112796411023638e+00 2.129584597308267746e+01
1.453848249197006226e+03 3.564108767967772540e+00 2.030581575975829622e+01
1.453862326383590698e+03 3.704113040559099179e+00 2.135584780419324602e+01
1.453946095705032349e+03 3.668111941892758132e+00 2.108583956419568395e+01
1.454039112806320190e+03 3.628110721152379092e+00 2.078583040864284115e+01
1.454052507877349854e+03 3.608110110782189572e+00 2.063582583086641975e+01
1.454080862045288086e+03 3.694112735374004419e+00 2.128084551530503532e+01
1.454113492965698242e+03 3.682112369151890441e+00 2.119084276863917538e+01
1.454134653568267822e+03 3.692112674336985645e+00 2.126584505752739318e+01
1.454148623466491699e+03 3.708113162633137172e+00 2.138584871974852675e+01
1.454161985397338867e+03 3.622110538041321881e+00 2.074082903530991118e+01
1.454174524784088135e+03 3.694112735374004419e+00 2.128084551530503532e+01
1.454191429615020752e+03 3.546108218634602238e+00 2.017081163975951341e+01
1.454252403497695923e+03 3.698112857448042412e+00 2.131084643086031605e+01
1.454270619392395020e+03 3.706113101596117954e+00 2.137084826197088461e+01
1.454286071538925171e+03 3.690112613299966426e+00 2.125084459974974749e+01
1.454303543806076050e+03 3.698112857448042412e+00 2.131084643086031605e+01
1.454317240953445435e+03 3.690112613299966426e+00 2.125084459974974749e+01
1.454331749916076660e+03 3.698112857448042412e+00 2.131084643086031605e+01
1.454344737768173218e+03 3.698112857448042412e+00 2.131084643086031605e+01
1.454357959985733032e+03 3.704113040559099179e+00 2.135584780419324602e+01
1.454373171806335449e+03 3.706113101596117954e+00 2.137084826197088461e+01
1.454473421335220337e+03 3.688112552262947652e+00 2.123584414197210535e+01
1.454548252820968628e+03 3.508107058931241973e+00 1.988580294198431275e+01
1.454561956882476807e+03 3.636110965300454634e+00 2.084583223975341326e+01
1.454588420629501343e+03 3.734113956114383459e+00 2.158085467085787812e+01
1.454626089334487915e+03 3.628110721152379092e+00 2.078583040864284115e+01
1.454656603813171387e+03 3.712113284707175165e+00 2.141584963530381458e+01
1.454687086105346680e+03 3.584109378337962060e+00 2.045582033753471762e+01
1.454724749326705933e+03 3.720113528855250706e+00 2.147585146641437959e+01
1.454737004280090332e+03 3.634110904263435859e+00 2.083083178197577112e+01
1.454749412775039673e+03 3.728113773003326692e+00 2.153585329752494815e+01
1.454760653495788574e+03 3.714113345744193939e+00 2.143085009308145672e+01
1.454771858215332031e+03 3.728113773003326692e+00 2.153585329752494815e+01
1.454787029504776001e+03 3.604109988708151580e+00 2.060582491531113902e+01
1.454798826932907104e+03 3.698112857448042412e+00 2.131084643086031605e+01
1.454808610677719116e+03 3.766114932706686513e+00 2.182086199530014881e+01
1.454818386316299438e+03 3.760114749595630190e+00 2.177586062196722949e+01
1.454828591108322144e+03 3.774115176854762499e+00 2.188086382641072092e+01
1.454838237285614014e+03 3.772115115817743725e+00 2.186586336863307878e+01
1.454866615056991577e+03 3.646111270485549394e+00 2.092083452864162041e+01
1.454892958164215088e+03 3.646111270485549394e+00 2.092083452864162041e+01
1.454916163921356201e+03 3.644111209448530619e+00 2.090583407086398182e+01
1.454930068969726562e+03 3.626110660115359874e+00 2.077082995086519901e+01
1.454940577745437622e+03 3.762114810632648521e+00 2.179086107974486097e+01
1.454950428009033203e+03 3.664111819818720139e+00 2.105583864864040322e+01
1.454960261106491089e+03 3.768114993743705732e+00 2.183586245307779095e+01
1.454970302343368530e+03 3.768114993743705732e+00 2.183586245307779095e+01
1.454981374502182007e+03 3.676112186040834118e+00 2.114584139530625606e+01
1.454992741107940674e+03 3.748114383373516212e+00 2.168585787530136955e+01
1.455006604671478271e+03 3.770115054780724506e+00 2.185086291085543309e+01
1.455017447233200073e+03 3.618110415967283888e+00 2.071082811975463045e+01
1.455027490854263306e+03 3.708113162633137172e+00 2.138584871974852675e+01
1.455046386718750000e+03 3.636110965300454634e+00 2.084583223975341326e+01
1.455057034015655518e+03 3.690112613299966426e+00 2.125084459974974749e+01
1.455084743261337280e+03 3.596109744560075594e+00 2.054582308420057046e+01
1.455118648052215576e+03 3.612110232856227565e+00 2.066582674642170758e+01
1.455134876728057861e+03 3.700112918485061186e+00 2.132584688863795819e+01
1.455154503345489502e+03 3.622110538041321881e+00 2.074082903530991118e+01
1.455170145750045776e+03 3.654111514633625379e+00 2.098083635975219252e+01
1.455194640159606934e+03 3.628110721152379092e+00 2.078583040864284115e+01
1.455260761260986328e+03 3.596109744560075594e+00 2.054582308420057046e+01
1.455281880378723145e+03 3.690112613299966426e+00 2.125084459974974749e+01
1.455299054861068726e+03 3.580109256263924067e+00 2.042581942197942979e+01
1.455312382221221924e+03 3.698112857448042412e+00 2.131084643086031605e+01
1.455326576709747314e+03 3.702112979522079961e+00 2.134084734641559677e+01
1.455340998888015747e+03 3.708113162633137172e+00 2.138584871974852675e+01
1.455355524301528931e+03 3.616110354930265114e+00 2.069582766197699186e+01
1.455368979692459106e+03 3.702112979522079961e+00 2.134084734641559677e+01
1.455452050924301147e+03 3.700112918485061186e+00 2.132584688863795819e+01
1.455484395503997803e+03 3.630110782189397867e+00 2.080083086642048329e+01
1.455541066884994507e+03 3.638111026337473408e+00 2.086083269753105185e+01
1.455554191350936890e+03 3.630110782189397867e+00 2.080083086642048329e+01
1.455569824218750000e+03 3.652111453596606605e+00 2.096583590197455038e+01
1.455580903530120850e+03 3.548108279671621013e+00 2.018581209753715555e+01
1.455592505931854248e+03 3.660111697744682147e+00 2.102583773308511539e+01
1.455611793518066406e+03 3.514107242042298740e+00 1.993080431531724273e+01
1.455631836414337158e+03 3.602109927671132361e+00 2.059082445753348978e+01
1.455648123979568481e+03 3.566108829004791758e+00 2.032081621753593481e+01
1.455663347005844116e+03 3.494106631672109220e+00 1.978079973754082133e+01
1.455683575630187988e+03 3.626110660115359874e+00 2.077082995086519901e+01
1.455694450855255127e+03 3.666111880855738914e+00 2.107083910641804181e+01
1.455711960077285767e+03 3.586109439374980834e+00 2.047082079531235621e+01
1.455770301103591919e+03 3.622110538041321881e+00 2.074082903530991118e+01
1.455782969236373901e+03 3.528107669301431493e+00 2.003580751976073415e+01
1.455795618534088135e+03 3.582109317300943285e+00 2.044081987975707548e+01
1.455807924747467041e+03 3.662111758781700921e+00 2.104083819086275398e+01
1.455818509578704834e+03 3.672112063966796125e+00 2.111584047975097178e+01
1.455830128431320190e+03 3.666111880855738914e+00 2.107083910641804181e+01
1.455845925092697144e+03 3.562108706930753765e+00 2.029081530198065408e+01
1.455860907077789307e+03 3.722113589892269481e+00 2.149085192419201817e+01
1.455875384330749512e+03 3.640111087374492627e+00 2.087583315530869399e+01
1.455929895162582397e+03 3.692112674336985645e+00 2.126584505752739318e+01
1.455955518722534180e+03 3.582109317300943285e+00 2.044081987975707548e+01
1.455967314720153809e+03 3.708113162633137172e+00 2.138584871974852675e+01
1.455984012365341187e+03 3.706113101596117954e+00 2.137084826197088461e+01
1.456001876831054688e+03 3.672112063966796125e+00 2.111584047975097178e+01
1.456016706466674805e+03 3.700112918485061186e+00 2.132584688863795819e+01
1.456029761314392090e+03 3.708113162633137172e+00 2.138584871974852675e+01
1.456045613288879395e+03 3.698112857448042412e+00 2.131084643086031605e+01
1.456063129901885986e+03 3.688112552262947652e+00 2.123584414197210535e+01
1.456078433513641357e+03 3.702112979522079961e+00 2.134084734641559677e+01
1.456120754957199097e+03 3.686112491225928434e+00 2.122084368419446321e+01
1.456169633865356445e+03 3.490106509598071227e+00 1.975079882198553349e+01
1.456211269378662109e+03 3.710113223670155946e+00 2.140084917752616889e+01
1.456274174213409424e+03 3.630110782189397867e+00 2.080083086642048329e+01
1.456289398670196533e+03 3.632110843226417085e+00 2.081583132419812898e+01
1.456302147388458252e+03 3.602109927671132361e+00 2.059082445753348978e+01
1.456319744825363159e+03 3.682112369151890441e+00 2.119084276863917538e+01
1.456353259563446045e+03 3.702112979522079961e+00 2.134084734641559677e+01
1.456381748437881470e+03 3.536107913449507034e+00 2.009580935087130626e+01
1.456410753011703491e+03 3.700112918485061186e+00 2.132584688863795819e+01
1.456456326246261597e+03 3.706113101596117954e+00 2.137084826197088461e+01
1.456478835821151733e+03 3.694112735374004419e+00 2.128084551530503532e+01
1.456524941921234131e+03 3.712113284707175165e+00 2.141584963530381458e+01
1.456548596620559692e+03 3.586109439374980834e+00 2.047082079531235621e+01
1.456562733650207520e+03 3.714113345744193939e+00 2.143085009308145672e+01
1.456574819326400757e+03 3.584109378337962060e+00 2.045582033753471762e+01
1.456588594198226929e+03 3.708113162633137172e+00 2.138584871974852675e+01
1.456600207567214966e+03 3.716113406781213158e+00 2.144585055085909886e+01
1.456627155780792236e+03 3.680112308114871666e+00 2.117584231086153679e+01
1.456679161071777344e+03 3.712113284707175165e+00 2.141584963530381458e+01
1.456695054054260254e+03 3.714113345744193939e+00 2.143085009308145672e+01
1.456713824510574341e+03 3.620110477004303107e+00 2.072582857753227259e+01
1.456727604866027832e+03 3.690112613299966426e+00 2.125084459974974749e+01
1.456744404315948486e+03 3.718113467818231932e+00 2.146085100863673745e+01
1.456759154081344604e+03 3.714113345744193939e+00 2.143085009308145672e+01
1.456776147365570068e+03 3.706113101596117954e+00 2.137084826197088461e+01
1.456789632081985474e+03 3.702112979522079961e+00 2.134084734641559677e+01
1.456867847204208374e+03 3.708113162633137172e+00 2.138584871974852675e+01
1.456899850606918335e+03 3.658111636707662928e+00 2.101083727530747325e+01
1.456957181692123413e+03 3.564108767967772540e+00 2.030581575975829622e+01
1.456970411062240601e+03 3.550108340708640231e+00 2.020081255531480480e+01
1.456994181394577026e+03 3.624110599078341099e+00 2.075582949308756042e+01
1.457030167579650879e+03 3.624110599078341099e+00 2.075582949308756042e+01
1.457052042961120605e+03 3.646111270485549394e+00 2.092083452864162041e+01
1.457067623853683472e+03 3.570108951078829751e+00 2.035081713309122620e+01
1.457080849885940552e+03 3.642111148411511401e+00 2.089083361308633258e+01
1.457096090316772461e+03 3.640111087374492627e+00 2.087583315530869399e+01
1.457109788656234741e+03 3.512107181005279521e+00 1.991580385753959348e+01
1.457178895473480225e+03 3.550108340708640231e+00 2.020081255531480480e+01
1.457203182697296143e+03 3.558108584856715773e+00 2.026081438642536625e+01
1.457218645095825195e+03 3.560108645893734547e+00 2.027581484420300839e+01
1.457236960649490356e+03 3.462105655079806166e+00 1.954079241309854709e+01
1.457252750873565674e+03 3.642111148411511401e+00 2.089083361308633258e+01
1.457268716335296631e+03 3.614110293893246340e+00 2.068082720419934972e+01
1.457284197807312012e+03 3.622110538041321881e+00 2.074082903530991118e+01
1.457301605224609375e+03 3.458105533005768173e+00 1.951079149754325925e+01
1.457321938753128052e+03 3.538107974486526253e+00 2.011080980864894485e+01
1.457396596908569336e+03 3.576109134189886074e+00 2.039581850642414906e+01
1.457429554224014282e+03 3.638111026337473408e+00 2.086083269753105185e+01
1.457485738039016724e+03 3.542108096560564245e+00 2.014081072420423268e+01
1.457502143859863281e+03 3.554108462782677780e+00 2.023081347087008552e+01
1.457520391464233398e+03 3.622110538041321881e+00 2.074082903530991118e+01
1.457548946380615234e+03 3.592109622486038045e+00 2.051582216864528618e+01
1.457578933477401733e+03 3.602109927671132361e+00 2.059082445753348978e+01
1.457607419490814209e+03 3.628110721152379092e+00 2.078583040864284115e+01
1.457652160167694092e+03 3.606110049745170354e+00 2.062082537308877761e+01
1.457671748876571655e+03 3.578109195226905292e+00 2.041081896420178765e+01
1.457716433525085449e+03 3.498106753746147213e+00 1.981080065309610205e+01
1.457768133878707886e+03 3.448105227820673413e+00 1.943578920865504855e+01
1.457794109821319580e+03 3.430104678487502667e+00 1.930078508865626929e+01
1.457810328245162964e+03 3.422104434339427126e+00 1.924078325754570429e+01
1.457834131479263306e+03 3.376103030487990875e+00 1.889577272865993507e+01
1.457856825113296509e+03 3.374102969450972100e+00 1.888077227088229293e+01
1.457937008142471313e+03 3.508107058931241973e+00 1.988580294198431275e+01
1.457953221082687378e+03 3.552108401745659005e+00 2.021581301309244338e+01
1.457973185062408447e+03 3.410104068117313147e+00 1.915078051087984790e+01
1.457988617897033691e+03 3.516107303079317514e+00 1.994580477309488487e+01
1.458008704900741577e+03 3.422104434339427126e+00 1.924078325754570429e+01
1.458038511753082275e+03 3.444105105746635420e+00 1.940578829309976783e+01
1.458059769630432129e+03 3.492106570635090002e+00 1.976579927976317208e+01
1.458076742649078369e+03 3.376103030487990875e+00 1.889577272865993507e+01
1.458101146221160889e+03 3.490106509598071227e+00 1.975079882198553349e+01
1.458166880607604980e+03 3.464105716116824940e+00 1.955579287087618923e+01
1.458223057508468628e+03 3.520107425153355507e+00 1.997580568865016559e+01
1.458256731510162354e+03 3.422104434339427126e+00 1.924078325754570429e+01
1.458317271947860718e+03 3.478106143375957693e+00 1.966079607531968065e+01
1.458334370613098145e+03 3.516107303079317514e+00 1.994580477309488487e+01
1.458345151662826538e+03 3.534107852412488260e+00 2.008080889309366412e+01
1.458355519533157349e+03 3.530107730338450711e+00 2.005080797753838340e+01
1.458365891456604004e+03 3.548108279671621013e+00 2.018581209753715555e+01
1.458376843214035034e+03 3.456105471968748954e+00 1.949579103976562067e+01
1.458388182163238525e+03 3.402103823969237606e+00 1.909077867976928289e+01
1.458401254177093506e+03 3.374102969450972100e+00 1.888077227088229293e+01
1.458416559696197510e+03 3.504106936857203980e+00 1.985580202642903203e+01
1.458427761316299438e+03 3.410104068117313147e+00 1.915078051087984790e+01
1.458438142776489258e+03 3.560108645893734547e+00 2.027581484420300839e+01
1.458448003292083740e+03 3.556108523819696554e+00 2.024581392864772766e+01
1.458460340261459351e+03 3.526107608264412718e+00 2.002080706198309201e+01
1.458470383882522583e+03 3.566108829004791758e+00 2.032081621753593481e+01
1.458483250856399536e+03 3.502106875820185206e+00 1.984080156865138989e+01
1.458494938373565674e+03 3.500106814783165987e+00 1.982580111087374419e+01
1.458514667987823486e+03 3.618110415967283888e+00 2.071082811975463045e+01
1.458526553630828857e+03 3.528107669301431493e+00 2.003580751976073415e+01
1.458570365905761719e+03 3.544108157597583020e+00 2.015581118198187482e+01
1.458601617813110352e+03 3.510107119968261191e+00 1.990080339976196200e+01
1.458616346836090088e+03 3.602109927671132361e+00 2.059082445753348978e+01
1.458629641771316528e+03 3.490106509598071227e+00 1.975079882198553349e+01
1.458646965265274048e+03 3.594109683523056376e+00 2.053082262642292122e+01
1.458663649797439575e+03 3.612110232856227565e+00 2.066582674642170758e+01
1.458686975717544556e+03 3.604109988708151580e+00 2.060582491531113902e+01
1.458736035585403442e+03 3.548108279671621013e+00 2.018581209753715555e+01
1.458753863334655762e+03 3.550108340708640231e+00 2.020081255531480480e+01
1.458771511316299438e+03 3.596109744560075594e+00 2.054582308420057046e+01
1.458787406682968140e+03 3.586109439374980834e+00 2.047082079531235621e+01
1.458802607536315918e+03 3.602109927671132361e+00 2.059082445753348978e+01
1.458817956447601318e+03 3.602109927671132361e+00 2.059082445753348978e+01
1.458833522319793701e+03 3.598109805597094368e+00 2.056082354197820905e+01
1.458847333192825317e+03 3.568108890041810533e+00 2.033581667531357695e+01
1.458888772010803223e+03 3.528107669301431493e+00 2.003580751976073415e+01
1.458960343360900879e+03 3.604109988708151580e+00 2.060582491531113902e+01
1.459022769689559937e+03 3.478106143375957693e+00 1.966079607531968065e+01
1.459036103725433350e+03 3.486106387524033678e+00 1.972079790643024921e+01
1.459050123214721680e+03 3.450105288857692187e+00 1.945078966643269069e+01
1.459076463699340820e+03 3.488106448561052453e+00 1.973579836420789135e+01
1.459110884428024292e+03 3.580109256263924067e+00 2.042581942197942979e+01
1.459141246795654297e+03 3.630110782189397867e+00 2.080083086642048329e+01
1.459194100141525269e+03 3.584109378337962060e+00 2.045582033753471762e+01
1.459207586526870728e+03 3.578109195226905292e+00 2.041081896420178765e+01
1.459238104820251465e+03 3.582109317300943285e+00 2.044081987975707548e+01
1.459281759262084961e+03 3.724113650929288699e+00 2.150585238196966742e+01
1.459296241760253906e+03 3.624110599078341099e+00 2.075582949308756042e+01
1.459308477878570557e+03 3.692112674336985645e+00 2.126584505752739318e+01
1.459324483871459961e+03 3.576109134189886074e+00 2.039581850642414906e+01
1.459341572999954224e+03 3.696112796411023638e+00 2.129584597308267746e+01
1.459368499994277954e+03 3.704113040559099179e+00 2.135584780419324602e+01
1.459380503416061401e+03 3.716113406781213158e+00 2.144585055085909886e+01
1.459391553640365601e+03 3.728113773003326692e+00 2.153585329752494815e+01
1.459412994623184204e+03 3.678112247077852448e+00 2.116084185308389465e+01
1.459427059412002563e+03 3.578109195226905292e+00 2.041081896420178765e+01
1.459446978092193604e+03 3.708113162633137172e+00 2.138584871974852675e+01
1.459462385416030884e+03 3.708113162633137172e+00 2.138584871974852675e+01
1.459476431369781494e+03 3.590109561449018827e+00 2.050082171086764049e+01
1.459491340398788452e+03 3.598109805597094368e+00 2.056082354197820905e+01
1.459504338026046753e+03 3.694112735374004419e+00 2.128084551530503532e+01
1.459521055459976196e+03 3.712113284707175165e+00 2.141584963530381458e+01
1.459535418510437012e+03 3.696112796411023638e+00 2.129584597308267746e+01
1.459615617513656616e+03 3.592109622486038045e+00 2.051582216864528618e+01
1.459648061752319336e+03 3.702112979522079961e+00 2.134084734641559677e+01
1.459704813957214355e+03 3.648111331522568612e+00 2.093583498641926255e+01
1.459718560934066772e+03 3.656111575670644598e+00 2.099583681752983466e+01
1.459743591308593750e+03 3.706113101596117954e+00 2.137084826197088461e+01
1.459785139560699463e+03 3.710113223670155946e+00 2.140084917752616889e+01
1.459809132099151611e+03 3.708113162633137172e+00 2.138584871974852675e+01
1.459822206974029541e+03 3.696112796411023638e+00 2.129584597308267746e+01
1.459835392475128174e+03 3.656111575670644598e+00 2.099583681752983466e+01
1.459848578691482544e+03 3.706113101596117954e+00 2.137084826197088461e+01
1.459862516403198242e+03 3.712113284707175165e+00 2.141584963530381458e+01
1.459923736572265625e+03 3.732113895077364685e+00 2.156585421308023598e+01
1.459939430236816406e+03 3.672112063966796125e+00 2.111584047975097178e+01
1.459949849843978882e+03 3.710113223670155946e+00 2.140084917752616889e+01
1.459963406562805176e+03 3.734113956114383459e+00 2.158085467085787812e+01
1.459978187799453735e+03 3.634110904263435859e+00 2.083083178197577112e+01
1.459991744995117188e+03 3.710113223670155946e+00 2.140084917752616889e+01
1.460006520986557007e+03 3.696112796411023638e+00 2.129584597308267746e+01
1.460020898580551147e+03 3.704113040559099179e+00 2.135584780419324602e+01
1.460034616470336914e+03 3.704113040559099179e+00 2.135584780419324602e+01
1.460132477045059204e+03 3.698112857448042412e+00 2.131084643086031605e+01
1.460146872282028198e+03 3.674112125003814899e+00 2.113084093752861392e+01
1.460209853410720825e+03 3.636110965300454634e+00 2.084583223975341326e+01
1.460227947235107422e+03 3.622110538041321881e+00 2.074082903530991118e+01
1.460253851652145386e+03 3.704113040559099179e+00 2.135584780419324602e+01
1.460283567428588867e+03 3.570108951078829751e+00 2.035081713309122620e+01
1.460311576843261719e+03 3.716113406781213158e+00 2.144585055085909886e+01
1.460341614961624146e+03 3.714113345744193939e+00 2.143085009308145672e+01
1.460378397226333618e+03 3.694112735374004419e+00 2.128084551530503532e+01
1.460404932022094727e+03 3.702112979522079961e+00 2.134084734641559677e+01
1.460435005426406860e+03 3.612110232856227565e+00 2.066582674642170758e+01
1.460458136081695557e+03 3.700112918485061186e+00 2.132584688863795819e+01
1.460469629764556885e+03 3.684112430188909659e+00 2.120584322641682462e+01
1.460485298871994019e+03 3.690112613299966426e+00 2.125084459974974749e+01
1.460499650001525879e+03 3.576109134189886074e+00 2.039581850642414906e+01
1.460510691165924072e+03 3.710113223670155946e+00 2.140084917752616889e+01
1.460522161006927490e+03 3.700112918485061186e+00 2.132584688863795819e+01
1.460582340955734253e+03 3.702112979522079961e+00 2.134084734641559677e+01
1.460592653751373291e+03 3.706113101596117954e+00 2.137084826197088461e+01
1.460605586528778076e+03 3.696112796411023638e+00 2.129584597308267746e+01
1.460619884252548218e+03 3.686112491225928434e+00 2.122084368419446321e+01
1.460633449792861938e+03 3.706113101596117954e+00 2.137084826197088461e+01
1.460646396875381470e+03 3.724113650929288699e+00 2.150585238196966742e+01
1.460659775495529175e+03 3.712113284707175165e+00 2.141584963530381458e+01
1.460675522565841675e+03 3.732113895077364685e+00 2.156585421308023598e+01
1.460689275264739990e+03 3.730113834040345466e+00 2.155085375530259029e+01
1.460729626893997192e+03 3.714113345744193939e+00 2.143085009308145672e+01
1.460795124053955078e+03 3.730113834040345466e+00 2.155085375530259029e+01
1.460854574680328369e+03 3.688112552262947652e+00 2.123584414197210535e+01
1.460867912054061890e+03 3.612110232856227565e+00 2.066582674642170758e+01
1.460890695810317993e+03 3.734113956114383459e+00 2.158085467085787812e+01
1.460916403293609619e+03 3.710113223670155946e+00 2.140084917752616889e+01
1.460959479331970215e+03 3.722113589892269481e+00 2.149085192419201817e+01
1.460973487138748169e+03 3.728113773003326692e+00 2.153585329752494815e+01
1.460991045951843262e+03 3.688112552262947652e+00 2.123584414197210535e+01
1.461006692886352539e+03 3.732113895077364685e+00 2.156585421308023598e+01
1.461023493766784668e+03 3.684112430188909659e+00 2.120584322641682462e+01
1.461068738460540771e+03 3.694112735374004419e+00 2.128084551530503532e+01
1.461086302280426025e+03 3.702112979522079961e+00 2.134084734641559677e+01
1.461101741075515747e+03 3.724113650929288699e+00 2.150585238196966742e+01
1.461116506338119507e+03 3.722113589892269481e+00 2.149085192419201817e+01
1.461133958101272583e+03 3.684112430188909659e+00 2.120584322641682462e+01
1.461147851943969727e+03 3.696112796411023638e+00 2.129584597308267746e+01
1.461160083293914795e+03 3.684112430188909659e+00 2.120584322641682462e+01
1.461171439170837402e+03 3.714113345744193939e+00 2.143085009308145672e+01
1.461185350179672241e+03 3.720113528855250706e+00 2.147585146641437959e+01
1.461214271545410156e+03 3.730113834040345466e+00 2.155085375530259029e+01
1.461267556190490723e+03 3.644111209448530619e+00 2.090583407086398182e+01
1.461297105789184570e+03 3.706113101596117954e+00 2.137084826197088461e+01
1.461353093862533569e+03 3.692112674336985645e+00 2.126584505752739318e+01
1.461367331504821777e+03 3.594109683523056376e+00 2.053082262642292122e+01
1.461388949871063232e+03 3.740114139225440226e+00 2.162585604419080099e+01
1.461418889760971069e+03 3.720113528855250706e+00 2.147585146641437959e+01
1.461447085142135620e+03 3.712113284707175165e+00 2.141584963530381458e+01
1.461474949121475220e+03 3.716113406781213158e+00 2.144585055085909886e+01
1.461517130613327026e+03 3.730113834040345466e+00 2.155085375530259029e+01
1.461544461727142334e+03 3.722113589892269481e+00 2.149085192419201817e+01
1.461587694406509399e+03 3.690112613299966426e+00 2.125084459974974749e+01
1.461602188348770142e+03 3.740114139225440226e+00 2.162585604419080099e+01
1.461613510370254517e+03 3.722113589892269481e+00 2.149085192419201817e+01
1.461624746084213257e+03 3.726113711966307473e+00 2.152085283974730601e+01
1.461636016607284546e+03 3.690112613299966426e+00 2.125084459974974749e+01
1.461653142452239990e+03 3.716113406781213158e+00 2.144585055085909886e+01
1.461676417827606201e+03 3.686112491225928434e+00 2.122084368419446321e+01
1.461711255788803101e+03 3.696112796411023638e+00 2.129584597308267746e+01
1.461729055643081665e+03 3.722113589892269481e+00 2.149085192419201817e+01
1.461743737936019897e+03 3.740114139225440226e+00 2.162585604419080099e+01
1.461759209632873535e+03 3.694112735374004419e+00 2.128084551530503532e+01
1.461770385026931763e+03 3.720113528855250706e+00 2.147585146641437959e+01
1.461783810853958130e+03 3.734113956114383459e+00 2.158085467085787812e+01
1.461798265695571899e+03 3.738114078188421452e+00 2.161085558641315885e+01
1.461812310218811035e+03 3.700112918485061186e+00 2.132584688863795819e+01
1.461825875282287598e+03 3.728113773003326692e+00 2.153585329752494815e+01
1.461904330253601074e+03 3.708113162633137172e+00 2.138584871974852675e+01
1.461935954093933105e+03 3.756114627521592197e+00 2.174585970641194166e+01
1.461991809129714966e+03 3.670112002929776907e+00 2.110084002197332609e+01
1.462005009412765503e+03 3.634110904263435859e+00 2.083083178197577112e+01
1.462032810926437378e+03 3.744114261299478219e+00 2.165585695974608882e+01
1.462064805746078491e+03 3.710113223670155946e+00 2.140084917752616889e+01
1.462088846445083618e+03 3.704113040559099179e+00 2.135584780419324602e+01
1.462100637435913086e+03 3.704113040559099179e+00 2.135584780419324602e+01
1.462111532211303711e+03 3.716113406781213158e+00 2.144585055085909886e+01
1.462129776000976562e+03 3.706113101596117954e+00 2.137084826197088461e+01
1.462142859697341919e+03 3.702112979522079961e+00 2.134084734641559677e+01
1.462196643114089966e+03 3.692112674336985645e+00 2.126584505752739318e+01
1.462215619564056396e+03 3.720113528855250706e+00 2.147585146641437959e+01
1.462233504056930542e+03 3.722113589892269481e+00 2.149085192419201817e+01
1.462247812747955322e+03 3.710113223670155946e+00 2.140084917752616889e+01
1.462260358095169067e+03 3.692112674336985645e+00 2.126584505752739318e+01
1.462272493839263916e+03 3.716113406781213158e+00 2.144585055085909886e+01
1.462286361932754517e+03 3.698112857448042412e+00 2.131084643086031605e+01
1.462300812244415283e+03 3.700112918485061186e+00 2.132584688863795819e+01
1.462314236640930176e+03 3.722113589892269481e+00 2.149085192419201817e+01
1.462354219675064087e+03 3.704113040559099179e+00 2.135584780419324602e+01
1.462424123764038086e+03 3.678112247077852448e+00 2.116084185308389465e+01
1.462485319852828979e+03 3.682112369151890441e+00 2.119084276863917538e+01
1.462499494314193726e+03 3.598109805597094368e+00 2.056082354197820905e+01
1.462512474536895752e+03 3.716113406781213158e+00 2.144585055085909886e+01
1.462530756235122681e+03 3.738114078188421452e+00 2.161085558641315885e+01
1.462566450834274292e+03 3.716113406781213158e+00 2.144585055085909886e+01
1.462595825433731079e+03 3.718113467818231932e+00 2.146085100863673745e+01
1.462626910448074341e+03 3.736114017151402678e+00 2.159585512863552026e+01
1.462664832115173340e+03 3.720113528855250706e+00 2.147585146641437959e+01
1.462685844898223877e+03 3.686112491225928434e+00 2.122084368419446321e+01
1.462723026752471924e+03 3.668111941892758132e+00 2.108583956419568395e+01
1.462745669364929199e+03 3.696112796411023638e+00 2.129584597308267746e+01
1.462758354425430298e+03 3.666111880855738914e+00 2.107083910641804181e+01
1.462771210193634033e+03 3.670112002929776907e+00 2.110084002197332609e+01
1.462783877134323120e+03 3.704113040559099179e+00 2.135584780419324602e+01
1.462800095558166504e+03 3.722113589892269481e+00 2.149085192419201817e+01
1.462811075448989868e+03 3.728113773003326692e+00 2.153585329752494815e+01
1.462834400892257690e+03 3.686112491225928434e+00 2.122084368419446321e+01
1.462882181167602539e+03 3.704113040559099179e+00 2.135584780419324602e+01
1.462897686481475830e+03 3.722113589892269481e+00 2.149085192419201817e+01
1.462913216829299927e+03 3.716113406781213158e+00 2.144585055085909886e+01
1.462927932262420654e+03 3.656111575670644598e+00 2.099583681752983466e+01
1.462941357851028442e+03 3.718113467818231932e+00 2.146085100863673745e+01
1.462955906152725220e+03 3.716113406781213158e+00 2.144585055085909886e+01
1.462970368385314941e+03 3.690112613299966426e+00 2.125084459974974749e+01
1.462990744829177856e+03 3.658111636707662928e+00 2.101083727530747325e+01
1.463065973520278931e+03 3.720113528855250706e+00 2.147585146641437959e+01
1.463098292589187622e+03 3.688112552262947652e+00 2.123584414197210535e+01
1.463154330492019653e+03 3.622110538041321881e+00 2.074082903530991118e+01
1.463168074131011963e+03 3.626110660115359874e+00 2.077082995086519901e+01
1.463198284387588501e+03 3.704113040559099179e+00 2.135584780419324602e+01
1.463239330053329468e+03 3.696112796411023638e+00 2.129584597308267746e+01
1.463255477428436279e+03 3.670112002929776907e+00 2.110084002197332609e+01
1.463270946979522705e+03 3.690112613299966426e+00 2.125084459974974749e+01
1.463287353515625000e+03 3.696112796411023638e+00 2.129584597308267746e+01
1.463305642843246460e+03 3.726113711966307473e+00 2.152085283974730601e+01
1.463347258090972900e+03 3.632110843226417085e+00 2.081583132419812898e+01
1.463368212938308716e+03 3.698112857448042412e+00 2.131084643086031605e+01
1.463384489059448242e+03 3.596109744560075594e+00 2.054582308420057046e+01
1.463398103475570679e+03 3.730113834040345466e+00 2.155085375530259029e+01
1.463412277460098267e+03 3.714113345744193939e+00 2.143085009308145672e+01
1.463425852537155151e+03 3.628110721152379092e+00 2.078583040864284115e+01
1.463437984943389893e+03 3.710113223670155946e+00 2.140084917752616889e+01
1.463453303575515747e+03 3.666111880855738914e+00 2.107083910641804181e+01
1.463465837240219116e+03 3.606110049745170354e+00 2.062082537308877761e+01
1.463485598564147949e+03 3.690112613299966426e+00 2.125084459974974749e+01
1.463517407655715942e+03 3.702112979522079961e+00 2.134084734641559677e+01
1.463588817119598389e+03 3.626110660115359874e+00 2.077082995086519901e+01
1.463648224115371704e+03 3.664111819818720139e+00 2.105583864864040322e+01
1.463662787914276123e+03 3.638111026337473408e+00 2.086083269753105185e+01
1.463681435346603394e+03 3.708113162633137172e+00 2.138584871974852675e+01
1.463711156606674194e+03 3.624110599078341099e+00 2.075582949308756042e+01
1.463739872694015503e+03 3.712113284707175165e+00 2.141584963530381458e+01
1.463769439220428467e+03 3.696112796411023638e+00 2.129584597308267746e+01
1.463813465118408203e+03 3.708113162633137172e+00 2.138584871974852675e+01
1.463835186481475830e+03 3.692112674336985645e+00 2.126584505752739318e+01
1.463889454603195190e+03 3.686112491225928434e+00 2.122084368419446321e+01
1.463902802467346191e+03 3.702112979522079961e+00 2.134084734641559677e+01
1.463916993141174316e+03 3.666111880855738914e+00 2.107083910641804181e+01
1.463928092479705811e+03 3.702112979522079961e+00 2.134084734641559677e+01
1.463939806222915649e+03 3.698112857448042412e+00 2.131084643086031605e+01
1.463953491687774658e+03 3.702112979522079961e+00 2.134084734641559677e+01
1.464011733531951904e+03 3.698112857448042412e+00 2.131084643086031605e+01
1.464031495332717896e+03 3.680112308114871666e+00 2.117584231086153679e+01
1.464045639991760254e+03 3.692112674336985645e+00 2.126584505752739318e+01
1.464059847116470337e+03 3.718113467818231932e+00 2.146085100863673745e+01
1.464076706171035767e+03 3.560108645893734547e+00 2.027581484420300839e+01
1.464091340780258179e+03 3.698112857448042412e+00 2.131084643086031605e+01
1.464108858108520508e+03 3.606110049745170354e+00 2.062082537308877761e+01
1.464124328374862671e+03 3.658111636707662928e+00 2.101083727530747325e+01
1.464170877456665039e+03 3.702112979522079961e+00 2.134084734641559677e+01
1.464239481449127197e+03 3.606110049745170354e+00 2.062082537308877761e+01
1.464300084352493286e+03 3.592109622486038045e+00 2.051582216864528618e+01
1.464313357114791870e+03 3.556108523819696554e+00 2.024581392864772766e+01
1.464340495109558105e+03 2.952090090639972964e+00 1.571567567979979785e+01
1.464356465101242065e+03 3.452105349894710962e+00 1.946579012421032928e+01
1.464395448923110962e+03 3.002091616565447207e+00 1.609068712424085490e+01
1.464408890962600708e+03 3.536107913449507034e+00 2.009580935087130626e+01
1.464425230979919434e+03 3.428104617450483449e+00 1.928578463087862715e+01
1.464457848310470581e+03 3.524107547227393500e+00 2.000580660420545343e+01
1.464476075172424316e+03 3.404103885006256380e+00 1.910577913754692503e+01
1.464491053581237793e+03 3.552108401745659005e+00 2.021581301309244338e+01
1.464504858255386353e+03 3.548108279671621013e+00 2.018581209753715555e+01
1.464517951726913452e+03 2.984091067232276462e+00 1.595568300424207386e+01
1.464541245698928833e+03 3.462105655079806166e+00 1.954079241309854709e+01
1.464567672014236450e+03 3.624110599078341099e+00 2.075582949308756042e+01
1.464600502252578735e+03 3.130095522934659868e+00 1.705071642200994830e+01
1.464629987478256226e+03 3.584109378337962060e+00 2.045582033753471762e+01
1.464651381492614746e+03 3.544108157597583020e+00 2.015581118198187482e+01
1.464667315244674683e+03 3.256099368266854199e+00 1.799574526200140667e+01
1.464690746545791626e+03 3.472105960264900482e+00 1.961579470198675068e+01
1.464708608150482178e+03 3.620110477004303107e+00 2.072582857753227259e+01
1.464724306344985962e+03 3.618110415967283888e+00 2.071082811975463045e+01
1.464738883972167969e+03 3.598109805597094368e+00 2.056082354197820905e+01
1.464784202814102173e+03 3.600109866634113587e+00 2.057582399975585119e+01
1.464855977058410645e+03 3.552108401745659005e+00 2.021581301309244338e+01
1.464923559188842773e+03 3.478106143375957693e+00 1.966079607531968065e+01
1.464937011957168579e+03 3.518107364116336733e+00 1.996080523087252345e+01
1.464962208032608032e+03 3.600109866634113587e+00 2.057582399975585119e+01
1.464997247219085693e+03 3.582109317300943285e+00 2.044081987975707548e+01
1.465026583909988403e+03 3.638111026337473408e+00 2.086083269753105185e+01
1.465057673692703247e+03 3.598109805597094368e+00 2.056082354197820905e+01
1.465094206809997559e+03 3.586109439374980834e+00 2.047082079531235621e+01
1.465120501279830933e+03 3.452105349894710962e+00 1.946579012421032928e+01
1.465178619861602783e+03 3.586109439374980834e+00 2.047082079531235621e+01
1.465194761276245117e+03 3.516107303079317514e+00 1.994580477309488487e+01
1.465211367845535278e+03 3.612110232856227565e+00 2.066582674642170758e+01
1.465223260641098022e+03 3.588109500412000052e+00 2.048582125308999835e+01
1.465266277551651001e+03 3.524107547227393500e+00 2.000580660420545343e+01
1.465300604343414307e+03 3.602109927671132361e+00 2.059082445753348978e+01
1.465316923618316650e+03 3.542108096560564245e+00 2.014081072420423268e+01
1.465334388732910156e+03 3.510107119968261191e+00 1.990080339976196200e+01
1.465358156442642212e+03 3.534107852412488260e+00 2.008080889309366412e+01
1.465376251697540283e+03 3.586109439374980834e+00 2.047082079531235621e+01
1.465390369176864624e+03 3.596109744560075594e+00 2.054582308420057046e+01
1.465410812139511108e+03 3.568108890041810533e+00 2.033581667531357695e+01
1.465485591650009155e+03 3.600109866634113587e+00 2.057582399975585119e+01
1.465516812801361084e+03 3.606110049745170354e+00 2.062082537308877761e+01
1.465571718692779541e+03 3.522107486190374726e+00 1.999080614642781129e+01
1.465585775613784790e+03 3.516107303079317514e+00 1.994580477309488487e+01
1.465609363079071045e+03 3.596109744560075594e+00 2.054582308420057046e+01
1.465654370307922363e+03 3.602109927671132361e+00 2.059082445753348978e+01
1.465667404890060425e+03 3.624110599078341099e+00 2.075582949308756042e+01
1.465680631399154663e+03 3.502106875820185206e+00 1.984080156865138989e+01
1.465691627740859985e+03 3.590109561449018827e+00 2.050082171086764049e+01
1.465704764842987061e+03 3.594109683523056376e+00 2.053082262642292122e+01
1.465720439910888672e+03 3.596109744560075594e+00 2.054582308420057046e+01
1.465766610145568848e+03 3.598109805597094368e+00 2.056082354197820905e+01
1.465793515920639038e+03 3.592109622486038045e+00 2.051582216864528618e+01
1.465807754516601562e+03 3.598109805597094368e+00 2.056082354197820905e+01
1.465824305772781372e+03 3.434104800561540660e+00 1.933078600421155713e+01
1.465845913648605347e+03 3.450105288857692187e+00 1.945078966643269069e+01
1.465869681358337402e+03 3.510107119968261191e+00 1.990080339976196200e+01
1.465888182640075684e+03 3.498106753746147213e+00 1.981080065309610205e+01
1.465905569314956665e+03 3.584109378337962060e+00 2.045582033753471762e+01
1.465925390720367432e+03 3.558108584856715773e+00 2.026081438642536625e+01
1.466002370119094849e+03 3.568108890041810533e+00 2.033581667531357695e+01
1.466033575773239136e+03 3.588109500412000052e+00 2.048582125308999835e+01
1.466095494508743286e+03 3.594109683523056376e+00 2.053082262642292122e+01
1.466118314743041992e+03 3.466105777153844159e+00 1.957079332865382781e+01
1.466162418127059937e+03 3.604109988708151580e+00 2.060582491531113902e+01
1.466198104143142700e+03 3.448105227820673413e+00 1.943578920865504855e+01
1.466227100133895874e+03 3.450105288857692187e+00 1.945078966643269069e+01
1.466280796289443970e+03 3.452105349894710962e+00 1.946579012421032928e+01
1.466291419029235840e+03 3.566108829004791758e+00 2.032081621753593481e+01
1.466304833889007568e+03 3.546108218634602238e+00 2.017081163975951341e+01
1.466318302154541016e+03 3.536107913449507034e+00 2.009580935087130626e+01
1.466332740306854248e+03 3.530107730338450711e+00 2.005080797753838340e+01
1.466352518558502197e+03 3.544108157597583020e+00 2.015581118198187482e+01
1.466366152763366699e+03 3.528107669301431493e+00 2.003580751976073415e+01
1.466378622055053711e+03 3.516107303079317514e+00 1.994580477309488487e+01
1.466392879009246826e+03 3.536107913449507034e+00 2.009580935087130626e+01
1.466416319131851196e+03 3.554108462782677780e+00 2.023081347087008552e+01
1.466460150241851807e+03 3.496106692709127994e+00 1.979580019531846347e+01
1.466541528463363647e+03 3.518107364116336733e+00 1.996080523087252345e+01
1.466561822175979614e+03 3.552108401745659005e+00 2.021581301309244338e+01
1.466600519895553589e+03 3.562108706930753765e+00 2.029081530198065408e+01
1.466642347097396851e+03 3.568108890041810533e+00 2.033581667531357695e+01
1.466696738004684448e+03 3.572109012115848525e+00 2.036581759086886478e+01
1.466741063594818115e+03 3.552108401745659005e+00 2.021581301309244338e+01
1.466764371871948242e+03 3.566108829004791758e+00 2.032081621753593481e+01
1.466807218551635742e+03 3.590109561449018827e+00 2.050082171086764049e+01
1.466833212137222290e+03 3.576109134189886074e+00 2.039581850642414906e+01
1.466864238977432251e+03 3.522107486190374726e+00 1.999080614642781129e+01
1.466899406433105469e+03 3.586109439374980834e+00 2.047082079531235621e+01
1.466926361560821533e+03 3.574109073152867300e+00 2.038081804864650692e+01
1.466976574182510376e+03 3.512107181005279521e+00 1.991580385753959348e+01
1.467062146902084351e+03 3.530107730338450711e+00 2.005080797753838340e+01
1.467108399868011475e+03 3.570108951078829751e+00 2.035081713309122620e+01
1.467267719507217407e+03 3.632110843226417085e+00 2.081583132419812898e+01
1.467278866767883301e+03 3.602109927671132361e+00 2.059082445753348978e+01
1.467294508934020996e+03 3.668111941892758132e+00 2.108583956419568395e+01
1.467309359312057495e+03 3.654111514633625379e+00 2.098083635975219252e+01
1.467320671081542969e+03 3.612110232856227565e+00 2.066582674642170758e+01
1.467331721305847168e+03 3.696112796411023638e+00 2.129584597308267746e+01
1.467351006031036377e+03 3.702112979522079961e+00 2.134084734641559677e+01
1.467379881143569946e+03 3.708113162633137172e+00 2.138584871974852675e+01
1.467403780937194824e+03 3.688112552262947652e+00 2.123584414197210535e+01
1.467425415277481079e+03 3.702112979522079961e+00 2.134084734641559677e+01
1.467438206434249878e+03 3.736114017151402678e+00 2.159585512863552026e+01
1.467449759244918823e+03 3.716113406781213158e+00 2.144585055085909886e+01
1.467460898399353027e+03 3.742114200262459001e+00 2.164085650196843957e+01
1.467471872568130493e+03 3.706113101596117954e+00 2.137084826197088461e+01
1.467498188257217407e+03 3.660111697744682147e+00 2.102583773308511539e+01
1.467546218156814575e+03 3.706113101596117954e+00 2.137084826197088461e+01
1.467562837123870850e+03 3.720113528855250706e+00 2.147585146641437959e+01
1.467576790809631348e+03 3.726113711966307473e+00 2.152085283974730601e+01
1.467592075824737549e+03 3.672112063966796125e+00 2.111584047975097178e+01
1.467606828927993774e+03 3.728113773003326692e+00 2.153585329752494815e+01
1.467620148658752441e+03 3.730113834040345466e+00 2.155085375530259029e+01
1.467634242534637451e+03 3.686112491225928434e+00 2.122084368419446321e+01
1.467647276163101196e+03 3.706113101596117954e+00 2.137084826197088461e+01
1.467744514703750610e+03 3.730113834040345466e+00 2.155085375530259029e+01
1.467758519411087036e+03 3.694112735374004419e+00 2.128084551530503532e+01
1.467834594964981079e+03 3.700112918485061186e+00 2.132584688863795819e+01
1.467845740556716919e+03 3.708113162633137172e+00 2.138584871974852675e+01
1.467858377933502197e+03 3.630110782189397867e+00 2.080083086642048329e+01
1.467871848344802856e+03 3.540108035523545027e+00 2.012581026642658699e+01
1.467884048938751221e+03 3.594109683523056376e+00 2.053082262642292122e+01
1.467896250486373901e+03 3.648111331522568612e+00 2.093583498641926255e+01
1.467932875394821167e+03 3.570108951078829751e+00 2.035081713309122620e+01
1.467960632801055908e+03 3.716113406781213158e+00 2.144585055085909886e+01
1.467995063304901123e+03 3.706113101596117954e+00 2.137084826197088461e+01
1.468027453899383545e+03 3.578109195226905292e+00 2.041081896420178765e+01
1.468063766956329346e+03 3.708113162633137172e+00 2.138584871974852675e+01
1.468081739664077759e+03 3.680112308114871666e+00 2.117584231086153679e+01
1.468099532127380371e+03 3.608110110782189572e+00 2.063582583086641975e+01
1.468133476257324219e+03 3.706113101596117954e+00 2.137084826197088461e+01
1.468150741577148438e+03 3.734113956114383459e+00 2.158085467085787812e+01
1.468163936376571655e+03 3.752114505447554205e+00 2.171585879085665738e+01
1.468176637411117554e+03 3.728113773003326692e+00 2.153585329752494815e+01
1.468188827037811279e+03 3.744114261299478219e+00 2.165585695974608882e+01
1.468201079368591309e+03 3.714113345744193939e+00 2.143085009308145672e+01
1.468215351343154907e+03 3.666111880855738914e+00 2.107083910641804181e+01
1.468283779859542847e+03 3.674112125003814899e+00 2.113084093752861392e+01
1.468307723760604858e+03 3.640111087374492627e+00 2.087583315530869399e+01
1.468325585126876831e+03 3.612110232856227565e+00 2.066582674642170758e+01
1.468340159893035889e+03 3.708113162633137172e+00 2.138584871974852675e+01
1.468357218980789185e+03 3.740114139225440226e+00 2.162585604419080099e+01
1.468371913909912109e+03 3.730113834040345466e+00 2.155085375530259029e+01
1.468385121345520020e+03 3.728113773003326692e+00 2.153585329752494815e+01
1.468398960113525391e+03 3.736114017151402678e+00 2.159585512863552026e+01
1.468418828725814819e+03 3.690112613299966426e+00 2.125084459974974749e+01
1.468511805534362793e+03 3.738114078188421452e+00 2.161085558641315885e+01
1.468526225805282593e+03 3.690112613299966426e+00 2.125084459974974749e+01
1.468585543394088745e+03 3.654111514633625379e+00 2.098083635975219252e+01
1.468599137067794800e+03 3.638111026337473408e+00 2.086083269753105185e+01
1.468624193429946899e+03 3.730113834040345466e+00 2.155085375530259029e+01
1.468654521703720093e+03 3.714113345744193939e+00 2.143085009308145672e+01
1.468674206733703613e+03 3.712113284707175165e+00 2.141584963530381458e+01
1.468687707185745239e+03 3.702112979522079961e+00 2.134084734641559677e+01
1.468708009719848633e+03 3.574109073152867300e+00 2.038081804864650692e+01
1.468722289323806763e+03 3.676112186040834118e+00 2.114584139530625606e+01
1.468738871812820435e+03 3.704113040559099179e+00 2.135584780419324602e+01
1.468808735370635986e+03 3.704113040559099179e+00 2.135584780419324602e+01
1.468826587438583374e+03 3.696112796411023638e+00 2.129584597308267746e+01
1.468841938734054565e+03 3.706113101596117954e+00 2.137084826197088461e+01
1.468856707096099854e+03 3.694112735374004419e+00 2.128084551530503532e+01
1.468873110055923462e+03 3.706113101596117954e+00 2.137084826197088461e+01
1.468887121200561523e+03 3.688112552262947652e+00 2.123584414197210535e+01
1.468899254560470581e+03 3.694112735374004419e+00 2.128084551530503532e+01
1.468912772655487061e+03 3.718113467818231932e+00 2.146085100863673745e+01
1.469018613100051880e+03 3.708113162633137172e+00 2.138584871974852675e+01
1.469078604698181152e+03 3.676112186040834118e+00 2.114584139530625606e+01
1.469092456579208374e+03 3.624110599078341099e+00 2.075582949308756042e+01
1.469114384412765503e+03 3.700112918485061186e+00 2.132584688863795819e+01
1.469149566411972046e+03 3.698112857448042412e+00 2.131084643086031605e+01
1.469178565979003906e+03 3.700112918485061186e+00 2.132584688863795819e+01
1.469209039926528931e+03 3.726113711966307473e+00 2.152085283974730601e+01
1.469247762680053711e+03 3.698112857448042412e+00 2.131084643086031605e+01
1.469273931741714478e+03 3.704113040559099179e+00 2.135584780419324602e+01
1.469304877519607544e+03 3.592109622486038045e+00 2.051582216864528618e+01
1.469335126399993896e+03 3.694112735374004419e+00 2.128084551530503532e+01
1.469347613811492920e+03 3.686112491225928434e+00 2.122084368419446321e+01
1.469364062309265137e+03 3.662111758781700921e+00 2.104083819086275398e+01
1.469379858255386353e+03 3.720113528855250706e+00 2.147585146641437959e+01
1.469399672985076904e+03 3.684112430188909659e+00 2.120584322641682462e+01
1.469448476791381836e+03 3.704113040559099179e+00 2.135584780419324602e+01
1.469474767684936523e+03 3.666111880855738914e+00 2.107083910641804181e+01
1.469487120866775513e+03 3.662111758781700921e+00 2.104083819086275398e+01
1.469506973505020142e+03 3.696112796411023638e+00 2.129584597308267746e+01
1.469526311159133911e+03 3.668111941892758132e+00 2.108583956419568395e+01
1.469542269945144653e+03 3.688112552262947652e+00 2.123584414197210535e+01
1.469556194305419922e+03 3.704113040559099179e+00 2.135584780419324602e+01
1.469569701194763184e+03 3.706113101596117954e+00 2.137084826197088461e+01
1.469597922325134277e+03 3.554108462782677780e+00 2.023081347087008552e+01
1.469658479213714600e+03 3.700112918485061186e+00 2.132584688863795819e+01
1.469689247369766235e+03 3.698112857448042412e+00 2.131084643086031605e+01
1.469746958732604980e+03 3.536107913449507034e+00 2.009580935087130626e+01
1.469760107994079590e+03 3.620110477004303107e+00 2.072582857753227259e+01
1.469782321691513062e+03 3.714113345744193939e+00 2.143085009308145672e+01
1.469823458433151245e+03 3.574109073152867300e+00 2.038081804864650692e+01
1.469849313497543335e+03 3.698112857448042412e+00 2.131084643086031605e+01
1.469864626407623291e+03 3.708113162633137172e+00 2.138584871974852675e+01
1.469875728607177734e+03 3.708113162633137172e+00 2.138584871974852675e+01
1.469888269662857056e+03 3.704113040559099179e+00 2.135584780419324602e+01
1.469901479959487915e+03 3.582109317300943285e+00 2.044081987975707548e+01
1.469957269430160522e+03 3.668111941892758132e+00 2.108583956419568395e+01
1.469979550838470459e+03 3.696112796411023638e+00 2.129584597308267746e+01
1.469999408245086670e+03 3.694112735374004419e+00 2.128084551530503532e+01
1.470019256830215454e+03 3.712113284707175165e+00 2.141584963530381458e+01
1.470034899711608887e+03 3.626110660115359874e+00 2.077082995086519901e+01
1.470047910213470459e+03 3.704113040559099179e+00 2.135584780419324602e+01
1.470063391923904419e+03 3.704113040559099179e+00 2.135584780419324602e+01
1.470076913833618164e+03 3.684112430188909659e+00 2.120584322641682462e+01
1.470093205928802490e+03 3.616110354930265114e+00 2.069582766197699186e+01
1.470152040481567383e+03 3.642111148411511401e+00 2.089083361308633258e+01
1.470236890316009521e+03 3.632110843226417085e+00 2.081583132419812898e+01
1.470325485706329346e+03 3.602109927671132361e+00 2.059082445753348978e+01
1.470338607788085938e+03 3.694112735374004419e+00 2.128084551530503532e+01
1.470354468822479248e+03 3.620110477004303107e+00 2.072582857753227259e+01
1.470374513626098633e+03 3.714113345744193939e+00 2.143085009308145672e+01
1.470403378009796143e+03 3.718113467818231932e+00 2.146085100863673745e+01
1.470432383060455322e+03 3.714113345744193939e+00 2.143085009308145672e+01
1.470465871572494507e+03 3.508107058931241973e+00 1.988580294198431275e+01
1.470512233257293701e+03 3.684112430188909659e+00 2.120584322641682462e+01
1.470533473253250122e+03 3.694112735374004419e+00 2.128084551530503532e+01
1.470587012767791748e+03 3.682112369151890441e+00 2.119084276863917538e+01
1.470601643085479736e+03 3.622110538041321881e+00 2.074082903530991118e+01
1.470615039825439453e+03 3.710113223670155946e+00 2.140084917752616889e+01
1.470626685619354248e+03 3.706113101596117954e+00 2.137084826197088461e+01
1.470642460107803345e+03 3.664111819818720139e+00 2.105583864864040322e+01
1.470658878803253174e+03 3.714113345744193939e+00 2.143085009308145672e+01
1.470713721513748169e+03 3.684112430188909659e+00 2.120584322641682462e+01
1.470733176231384277e+03 3.690112613299966426e+00 2.125084459974974749e+01
1.470748812913894653e+03 3.706113101596117954e+00 2.137084826197088461e+01
1.470763175964355469e+03 3.706113101596117954e+00 2.137084826197088461e+01
1.470777046442031860e+03 3.704113040559099179e+00 2.135584780419324602e+01
1.470791352033615112e+03 3.714113345744193939e+00 2.143085009308145672e+01
1.470806860923767090e+03 3.710113223670155946e+00 2.140084917752616889e+01
1.470825114727020264e+03 3.708113162633137172e+00 2.138584871974852675e+01
1.470840175151824951e+03 3.696112796411023638e+00 2.129584597308267746e+01
1.470923246860504150e+03 3.704113040559099179e+00 2.135584780419324602e+01
1.470955431222915649e+03 3.708113162633137172e+00 2.138584871974852675e+01
1.471010962486267090e+03 3.632110843226417085e+00 2.081583132419812898e+01
1.471025099992752075e+03 3.630110782189397867e+00 2.080083086642048329e+01
1.471044500827789307e+03 3.710113223670155946e+00 2.140084917752616889e+01
1.471071208000183105e+03 3.708113162633137172e+00 2.138584871974852675e+01
1.471095520973205566e+03 3.692112674336985645e+00 2.126584505752739318e+01
1.471114593267440796e+03 3.730113834040345466e+00 2.155085375530259029e+01
1.471129335403442383e+03 3.682112369151890441e+00 2.119084276863917538e+01
1.471141947984695435e+03 3.728113773003326692e+00 2.153585329752494815e+01
1.471155733346939087e+03 3.656111575670644598e+00 2.099583681752983466e+01
1.471172233104705811e+03 3.722113589892269481e+00 2.149085192419201817e+01
1.471235254049301147e+03 3.704113040559099179e+00 2.135584780419324602e+01
1.471246828556060791e+03 3.732113895077364685e+00 2.156585421308023598e+01
1.471260508775711060e+03 3.724113650929288699e+00 2.150585238196966742e+01
1.471274432182312012e+03 3.730113834040345466e+00 2.155085375530259029e+01
1.471289002656936646e+03 3.702112979522079961e+00 2.134084734641559677e+01
1.471304924011230469e+03 3.682112369151890441e+00 2.119084276863917538e+01
1.471316560506820679e+03 3.716113406781213158e+00 2.144585055085909886e+01
1.471331920146942139e+03 3.728113773003326692e+00 2.153585329752494815e+01
1.471381597518920898e+03 3.654111514633625379e+00 2.098083635975219252e+01
1.471450481653213501e+03 3.736114017151402678e+00 2.159585512863552026e+01
1.471512740850448608e+03 3.696112796411023638e+00 2.129584597308267746e+01
1.471526637077331543e+03 3.558108584856715773e+00 2.026081438642536625e+01
1.471550456523895264e+03 3.108094851527451574e+00 1.688571138645588476e+01
1.471581395626068115e+03 3.644111209448530619e+00 2.090583407086398182e+01
1.471611343145370483e+03 3.628110721152379092e+00 2.078583040864284115e+01
1.471640493154525757e+03 3.368102786339914889e+00 1.883577089754936296e+01
1.471688838958740234e+03 3.640111087374492627e+00 2.087583315530869399e+01
1.471709235668182373e+03 3.606110049745170354e+00 2.062082537308877761e+01
1.471746529817581177e+03 3.626110660115359874e+00 2.077082995086519901e+01
1.471774900913238525e+03 3.644111209448530619e+00 2.090583407086398182e+01
1.471788978576660156e+03 3.642111148411511401e+00 2.089083361308633258e+01
1.471802375316619873e+03 3.590109561449018827e+00 2.050082171086764049e+01
1.471815708875656128e+03 3.236098757896664679e+00 1.784574068422498527e+01
1.471831582784652710e+03 3.640111087374492627e+00 2.087583315530869399e+01
1.471856999397277832e+03 3.636110965300454634e+00 2.084583223975341326e+01
1.471893421173095703e+03 3.626110660115359874e+00 2.077082995086519901e+01
1.471907600402832031e+03 3.626110660115359874e+00 2.077082995086519901e+01
1.471922276020050049e+03 3.454105410931730180e+00 1.948079058198797853e+01
1.471935288667678833e+03 3.628110721152379092e+00 2.078583040864284115e+01
1.471949952840805054e+03 3.642111148411511401e+00 2.089083361308633258e+01
1.471963320732116699e+03 3.088094241157262054e+00 1.673570680867946336e+01
1.471977791786193848e+03 3.644111209448530619e+00 2.090583407086398182e+01
1.471991652011871338e+03 3.648111331522568612e+00 2.093583498641926255e+01
1.472005906343460083e+03 3.496106692709127994e+00 1.979580019531846347e+01
1.472085376262664795e+03 3.636110965300454634e+00 2.084583223975341326e+01
1.472115907907485962e+03 3.628110721152379092e+00 2.078583040864284115e+01
1.472176613330841064e+03 3.554108462782677780e+00 2.023081347087008552e+01
1.472190248489379883e+03 3.482106265449995686e+00 1.969079699087496849e+01
1.472220109939575195e+03 3.618110415967283888e+00 2.071082811975463045e+01
1.472253452301025391e+03 3.614110293893246340e+00 2.068082720419934972e+01
1.472275714159011841e+03 3.612110232856227565e+00 2.066582674642170758e+01
1.472288902759552002e+03 3.628110721152379092e+00 2.078583040864284115e+01
1.472301227807998657e+03 3.612110232856227565e+00 2.066582674642170758e+01
1.472312193393707275e+03 3.624110599078341099e+00 2.075582949308756042e+01
1.472327537536621094e+03 3.562108706930753765e+00 2.029081530198065408e+01
1.472384212970733643e+03 3.604109988708151580e+00 2.060582491531113902e+01
1.472403612375259399e+03 3.634110904263435859e+00 2.083083178197577112e+01
1.472427555561065674e+03 3.620110477004303107e+00 2.072582857753227259e+01
1.472443197727203369e+03 3.622110538041321881e+00 2.074082903530991118e+01
1.472460605144500732e+03 3.614110293893246340e+00 2.068082720419934972e+01
1.472472662448883057e+03 3.586109439374980834e+00 2.047082079531235621e+01
1.472485456228256226e+03 3.602109927671132361e+00 2.059082445753348978e+01
1.472500501155853271e+03 3.610110171819208347e+00 2.065082628864406189e+01
1.472539775609970093e+03 3.618110415967283888e+00 2.071082811975463045e+01
1.472608897924423218e+03 3.604109988708151580e+00 2.060582491531113902e+01
1.472671114444732666e+03 3.548108279671621013e+00 2.018581209753715555e+01
1.472685068607330322e+03 3.532107791375469041e+00 2.006580843531601488e+01
1.472706932306289673e+03 3.556108523819696554e+00 2.024581392864772766e+01
1.472742681503295898e+03 3.618110415967283888e+00 2.071082811975463045e+01
1.472772426366806030e+03 3.598109805597094368e+00 2.056082354197820905e+01
1.472803939104080200e+03 3.496106692709127994e+00 1.979580019531846347e+01
1.472848160743713379e+03 3.510107119968261191e+00 1.990080339976196200e+01
1.472860986709594727e+03 3.494106631672109220e+00 1.978079973754082133e+01
1.472875952959060669e+03 3.426104556413465119e+00 1.927078417310098502e+01
1.472912825345993042e+03 3.506106997894223198e+00 1.987080248420667061e+01
1.472930143356323242e+03 3.444105105746635420e+00 1.940578829309976783e+01
1.472972584247589111e+03 3.454105410931730180e+00 1.948079058198797853e+01
1.472991149902343750e+03 3.520107425153355507e+00 1.997580568865016559e+01
1.473011044502258301e+03 3.474106021301919700e+00 1.963079515976439993e+01
1.473025073528289795e+03 3.572109012115848525e+00 2.036581759086886478e+01
