2.898648459730827298e+00 2.788581848144531250e-01 3.970620386663248347e-02
2.918889077425458112e+00 5.512189865112304688e-01 2.583100316519782239e-02
2.914648948026978825e+00 8.216049671173095703e-01 2.173005338394900371e-02
2.907688735618151998e+00 1.093291282653808594e+00 2.866723144194539136e-02
2.845766845912045095e+00 1.364319801330566406e+00 4.327045038273660826e-02
2.830806389355144059e+00 1.636968374252319336e+00 8.229541273012641600e-02
2.839926667683950523e+00 1.905707359313964844e+00 5.017537302118547232e-02
2.835766540726950780e+00 2.177588224411010742e+00 3.279943994671550428e-02
2.850887002166814010e+00 2.448578834533691406e+00 2.218535644152769618e-02
2.851287014374218387e+00 2.717513799667358398e+00 1.661856962076954658e-02
2.841366711630604058e+00 2.987894773483276367e+00 2.944850640977682982e-02
2.852807060762352354e+00 3.255112886428833008e+00 1.513590376129956248e-02
2.836966577349162577e+00 3.525334596633911133e+00 3.066859968329330860e-02
2.889208171636096889e+00 3.799116611480712891e+00 4.065619860595524881e-02
2.914328938261055768e+00 4.068601131439208984e+00 3.056009491226722996e-02
2.912888894314401789e+00 4.336563587188720703e+00 1.105655738822211229e-02
2.883127986083559691e+00 4.612089395523071289e+00 3.771637870639767826e-02
2.902328572038941346e+00 4.883678674697875977e+00 2.821898301188087779e-02
2.922889199499496549e+00 5.156813144683837891e+00 9.033547514500979425e-03
2.919689101840265977e+00 5.423841714859008789e+00 1.901636325175868475e-02
2.921449155552843013e+00 5.693321943283081055e+00 1.142271262204363862e-02
2.923609221472822650e+00 5.960741519927978516e+00 1.881571704773384382e-02
2.924169238563188777e+00 6.234250307083129883e+00 1.200676471162305699e-02
2.922249179967650434e+00 6.502231359481811523e+00 1.010250608469989014e-02
2.912888894314401789e+00 6.774267196655273438e+00 2.197520134163634051e-02
2.918889077425459000e+00 7.043667793273925781e+00 1.844398987933968531e-02
2.921689162877285195e+00 7.313839912414550781e+00 1.930861867011423802e-02
2.917849045686208509e+00 7.583822488784790039e+00 1.890936867415868652e-02
2.921289150669881707e+00 7.855464696884155273e+00 1.155197580087894901e-02
2.926169299600207552e+00 8.124245643615722656e+00 8.754329075255862236e-03
2.919369092074343364e+00 8.393933296203613281e+00 1.968515306221045244e-02
2.885368054445020647e+00 8.664466619491577148e+00 8.369318441322647073e-02
2.793125239417706851e+00 8.936444044113159180e+00 1.246371795720805503e-01
2.861687331766716635e+00 9.204961776733398438e+00 1.281288492065413807e-02
2.848166919156468690e+00 9.476078033447265625e+00 2.587111228936159191e-02
2.847126887417219532e+00 9.745472192764282227e+00 2.128064943388159255e-02
2.848806938688314361e+00 1.001599955558776855e+01 2.439667861501189361e-02
2.847046884975737768e+00 1.028810429573059082e+01 2.291005096153633097e-02
2.847366894741660825e+00 1.055778455734252930e+01 2.319988040319456712e-02
2.842486745811334536e+00 1.082935333251953125e+01 2.889517190403912208e-02
2.852247043671987559e+00 1.110382723808288574e+01 1.633617728373477906e-02
2.887448117923520297e+00 1.138566684722900391e+01 3.748487908711691657e-02
2.921609160435804320e+00 1.165351152420043945e+01 1.563919844579947718e-02
2.912328877224035661e+00 1.192179107666015625e+01 2.972669397191964741e-02
2.917049021271401532e+00 1.218807840347290039e+01 2.736574697612083329e-02
2.925449277626880562e+00 1.245713305473327637e+01 1.135245638551738226e-02
2.923369214148381356e+00 1.272404479980468750e+01 1.356365837961880615e-02
2.911848862575151742e+00 1.299311733245849609e+01 2.612860632168631514e-02
2.915608977324747109e+00 1.326059627532958984e+01 2.398259170173147603e-02
2.917849045686208953e+00 1.352902054786682129e+01 2.078000854457683066e-02
2.925209270302439268e+00 1.379565978050231934e+01 1.688677010866703951e-02
2.917609038361766327e+00 1.406514573097229004e+01 2.032030516342938839e-02
2.918889077425459000e+00 1.433196735382080078e+01 2.146690770203084700e-02
2.916569006622515836e+00 1.460083460807800293e+01 2.620785228610411632e-02
2.927929353312784588e+00 1.486752486228942871e+01 9.698460748376311336e-03
2.918729072542497693e+00 1.513689637184143066e+01 1.619649378381528629e-02
2.914008928495132267e+00 1.540381026268005371e+01 2.619075155012261236e-02
2.920089114047669909e+00 1.567308235168457031e+01 1.878780306355554847e-02
2.926249302041688871e+00 1.593968009948730469e+01 1.548124762457345725e-02
2.905928681905575850e+00 1.621079874038696289e+01 3.229424180399767530e-02
2.817925996276741785e+00 1.648252606391906738e+01 9.850688631822150654e-02
2.833686477248451130e+00 1.675312829017639160e+01 8.759628029899006740e-02
2.846886880092776018e+00 1.702100753784179688e+01 2.193146955433199208e-02
2.844006792199468947e+00 1.728975605964660645e+01 2.374927419971701453e-02
2.854407109591966751e+00 1.756152772903442383e+01 9.494372112696639401e-03
2.849766967986083088e+00 1.783090305328369141e+01 1.638273424122542454e-02
2.856407170628986414e+00 1.810001993179321289e+01 9.238117169217498204e-03
2.837446591998046941e+00 1.836850380897521973e+01 2.960479510271439227e-02
2.859607268288217430e+00 1.863831424713134766e+01 1.101712340638954721e-02
2.890248203375347380e+00 1.891793608665466309e+01 3.407352727640988038e-02
2.918969079866939875e+00 1.918647241592407227e+01 1.744603612949416349e-02
2.916889016388438893e+00 1.945401811599731445e+01 2.317310455976514041e-02
2.902488576921903096e+00 1.973121619224548340e+01 4.564347877033612944e-02
2.918249057893612441e+00 1.999783873558044434e+01 2.109790434260898698e-02
2.919929109164708603e+00 2.026853108406066895e+01 1.728793340628149294e-02
2.918009050569170260e+00 2.053663516044616699e+01 2.358702092766032377e-02
2.917609038361766327e+00 2.080538678169250488e+01 1.886667234075067867e-02
2.918489065218054623e+00 2.107239675521850586e+01 2.250046443636170845e-02
2.925529280068361881e+00 2.134120750427246094e+01 8.285565160901996531e-03
2.907608733176671567e+00 2.160979247093200684e+01 3.148317164008888197e-02
2.924329243446150084e+00 2.187793850898742676e+01 1.161165919595273481e-02
2.920729133579516024e+00 2.214624404907226562e+01 1.462885715069388824e-02
2.919449094515823795e+00 2.241533136367797852e+01 2.071368115850598032e-02
2.908328755149998557e+00 2.268256473541259766e+01 2.287650194644931870e-02
2.918489065218054623e+00 2.295208072662353516e+01 1.168966809732136305e-02
2.917369031037324145e+00 2.321985673904418945e+01 2.294327195569977051e-02
2.924329243446150084e+00 2.348883390426635742e+01 1.926979666570064267e-02
2.906808708761864146e+00 2.375645828247070312e+01 3.099968149328136482e-02
2.810165759453107981e+00 2.402880287170410156e+01 1.017156087533384462e-01
2.836886574907682146e+00 2.429964280128479004e+01 6.700891026956004581e-02
2.847126887417218644e+00 2.456883168220520020e+01 2.212844970901346048e-02
2.849366955778680044e+00 2.483935689926147461e+01 1.654987363007635187e-02
2.843846787316507640e+00 2.510704565048217773e+01 2.164742481934648841e-02
2.851687026581621875e+00 2.537596225738525391e+01 1.651231786839088556e-02
2.853447080294198468e+00 2.564339399337768555e+01 1.054880048712404303e-02
2.842326740928372786e+00 2.591318726539611816e+01 2.465399557459081389e-02
2.849046946012756987e+00 2.618204975128173828e+01 1.972770015564634730e-02
2.900008501235999514e+00 2.646256446838378906e+01 3.403857100022113225e-02
2.916328999298074098e+00 2.673167347908020020e+01 1.441509911904218302e-02
2.906488698995940645e+00 2.700213074684143066e+01 3.115989827527067615e-02
