5.556969585253456190e-01 2.791652679443359375e-01 9.045584225388937291e-03
5.596970805993835008e-01 5.506732463836669922e-01 5.236341615489485159e-03
5.613771318704794400e-01 8.205525875091552734e-01 5.388151070275709609e-03
5.610571221045563828e-01 1.090108156204223633e+00 4.903046731845965220e-03
5.602570976897488508e-01 1.360113859176635742e+00 4.810801655094701541e-03
5.596970805993836118e-01 1.634331226348876953e+00 5.475347456669742152e-03
5.611371245460372581e-01 1.903676271438598633e+00 5.771276540381568149e-03
5.612971294289986757e-01 2.174350738525390625e+00 5.539266444392870747e-03
5.600970928067874333e-01 2.448564529418945312e+00 5.230226535024868305e-03
5.609771196630757295e-01 2.718359470367431641e+00 4.770722075963842665e-03
5.621771562852871940e-01 2.988671541213989258e+00 3.437313067900634768e-03
5.621771562852869719e-01 3.257249355316162109e+00 6.090703092923257025e-03
5.608971172215949652e-01 3.527891874313354492e+00 5.030620697484153303e-03
5.624971660512101401e-01 3.796124935150146484e+00 2.954679819691345601e-03
5.607371123386334366e-01 4.067244052886962891e+00 4.340823660625364906e-03
5.392964580217902704e-01 4.337247371673583984e+00 1.876121219470264570e-02
5.454566460158085661e-01 4.607595443725585938e+00 7.808336651559983840e-03
5.452966411328471485e-01 4.874938249588012695e+00 3.660931303124263618e-03
5.444966167180396166e-01 5.147687911987304688e+00 3.889797357160573645e-03
5.450566338084048557e-01 5.415936946868896484e+00 4.312717844725692806e-03
5.424165532395397449e-01 5.684824466705322266e+00 6.499429070543201632e-03
5.452966411328471485e-01 5.951818704605102539e+00 3.660931303124267087e-03
5.432965800958281521e-01 6.222144603729248047e+00 6.855980519322259908e-03
5.436965923032319736e-01 6.501723051071166992e+00 6.392190067900013588e-03
5.608171147801142009e-01 6.770279169082641602e+00 4.195363425011709550e-03
5.622571587267678472e-01 7.039186000823974609e+00 3.010473907928968608e-03
5.365763750114445063e-01 7.309567689895629883e+00 2.344440118339868179e-02
5.396964702291939808e-01 7.578035116195678711e+00 2.233401093315697666e-02
5.409765092928862096e-01 7.849210262298583984e+00 9.331865573777537587e-03
5.425765581225013845e-01 8.118064641952514648e+00 7.621676027934945127e-03
5.419365385906553811e-01 8.386374473571777344e+00 5.972920344640897904e-03
5.435365874202704450e-01 8.656094074249267578e+00 9.720872772108044360e-03
5.416965312662129772e-01 8.935034036636352539e+00 9.080893846031534364e-03
5.433765825373089164e-01 9.202157735824584961e+00 4.107484599440064214e-03
5.425765581225013845e-01 9.486277341842651367e+00 8.090141822867673652e-03
5.452166386913663843e-01 9.756183624267578125e+00 4.490125891896430167e-03
5.436965923032319736e-01 1.002492141723632812e+01 4.105926077433886753e-03
5.599370879238257936e-01 1.029525589942932129e+01 6.183521140950185534e-03
5.626571709341716687e-01 1.056227636337280273e+01 3.565273596340661627e-03
5.614571343119603153e-01 1.083139181137084961e+01 4.716752895229760385e-03
5.620971538438063186e-01 1.109815454483032227e+01 3.273263499351183881e-03
5.612171269875179114e-01 1.137151217460632324e+01 4.381914185449823675e-03
5.617771440778832615e-01 1.164065289497375488e+01 4.245409291264636009e-03
5.605771074556719080e-01 1.191083335876464844e+01 5.138872618827169253e-03
5.610571221045563828e-01 1.217947316169738770e+01 7.592227481431022655e-03
5.622571587267678472e-01 1.245006060600280762e+01 2.902225712454651295e-03
5.608971172215949652e-01 1.271862483024597168e+01 6.250438743332541874e-03
5.627371733756523220e-01 1.298622608184814453e+01 2.764428770578335279e-03
5.620971538438063186e-01 1.325523185729980469e+01 3.979267074536528732e-03
5.616971416364024972e-01 1.352605557441711426e+01 5.266810519303982870e-03
5.620171514023255543e-01 1.379152965545654297e+01 3.200097659230338992e-03
5.596970805993835008e-01 1.406048631668090820e+01 5.676228192758686793e-03
5.616171391949217329e-01 1.432758545875549316e+01 3.836782307954015973e-03
5.364163701284829777e-01 1.459745359420776367e+01 3.259547279482892523e-02
5.318562309640797459e-01 1.486723113059997559e+01 2.899423579575768212e-02
5.439365996276742665e-01 1.513810205459594727e+01 1.151701765576007043e-02
5.448166264839625628e-01 1.540748167037963867e+01 3.149699270798295841e-03
5.444966167180395056e-01 1.567744231224060059e+01 6.676250477403557551e-03
5.444966167180395056e-01 1.594971346855163574e+01 5.100116427364479767e-03
5.441766069521165594e-01 1.622153592109680176e+01 5.540421782072435693e-03
5.441766069521165594e-01 1.649003052711486816e+01 5.120156254768517753e-03
5.446566216010011452e-01 1.675983023643493652e+01 5.677355658892125137e-03
5.536168950468459693e-01 1.703064990043640137e+01 1.049222183608279277e-02
5.623371611682486115e-01 1.729892921447753906e+01 3.563477940927684516e-03
5.598570854823451404e-01 1.756915330886840820e+01 6.448018115371746684e-03
5.622571587267678472e-01 1.783560585975646973e+01 2.285326839774098201e-03
5.605771074556719080e-01 1.810350418090820312e+01 5.169915988164194322e-03
5.608971172215948542e-01 1.837025046348571777e+01 6.501398296181642826e-03
5.627371733756523220e-01 1.863847374916076660e+01 3.143597167674318585e-03
5.620171514023255543e-01 1.890937995910644531e+01 2.592375392381717023e-03
5.612971294289986757e-01 1.917974591255187988e+01 4.992306196877667121e-03
5.613771318704794400e-01 1.944869923591613770e+01 4.954987235714726490e-03
5.600970928067873222e-01 1.972014403343200684e+01 6.535763700639388510e-03
5.600970928067873222e-01 1.998841643333435059e+01 4.749207999816032130e-03
5.604971050141911437e-01 2.026184201240539551e+01 6.204188047302650749e-03
5.613771318704795510e-01 2.053055214881896973e+01 4.028820009673935061e-03
5.621771562852871940e-01 2.080262660980224609e+01 3.483552878729486314e-03
5.616971416364024972e-01 2.107053756713867188e+01 5.143852147726911406e-03
5.633771929074985474e-01 2.134435057640075684e+01 3.783024382353943060e-03
5.618571465193640257e-01 2.161433625221252441e+01 4.451472726004625929e-03
5.523368559831537405e-01 2.188568520545959473e+01 1.832806870625013074e-02
5.316162236396374530e-01 2.215575408935546875e+01 2.735919746054449320e-02
5.308962016663106853e-01 2.242482972145080566e+01 3.189118490612321416e-02
5.455366484572894414e-01 2.269149923324584961e+01 3.061073651707758164e-03
5.447366240424817985e-01 2.296119832992553711e+01 2.458041652796137243e-03
5.436965923032319736e-01 2.322957158088684082e+01 6.110636547085272936e-03
5.436965923032319736e-01 2.349916529655456543e+01 6.851311186546517502e-03
5.405764970854823881e-01 2.376628041267395020e+01 1.012781617343191769e-02
5.405764970854823881e-01 2.404584145545959473e+01 7.642641232384418497e-03
5.449766313669239803e-01 2.432249355316162109e+01 5.310378627983012093e-03
5.615371367534410796e-01 2.459077525138854980e+01 4.090308196272493015e-03
5.593770708334604436e-01 2.486060714721679688e+01 5.592164936866756211e-03
5.628971782586138506e-01 2.512703323364257812e+01 2.775980967879657004e-03
5.564169804986724976e-01 2.539591097831726074e+01 7.375860659238227084e-03
5.624971660512101401e-01 2.566272425651550293e+01 2.954679819691348203e-03
5.607371123386334366e-01 2.593249225616455078e+01 6.496474112868049454e-03
5.630571831415753792e-01 2.619853854179382324e+01 2.271280444630966681e-03
5.596170781579027365e-01 2.646696615219116211e+01 6.499429070543204234e-03
5.604971050141911437e-01 2.673299384117126465e+01 7.532135331929924217e-03
5.632971904660176721e-01 2.700216722488403320e+01 2.764428770578339616e-03
