1.418923302102725215e+00 2.802066802978515625e-01 2.070873667406271379e-02
1.428843604846339321e+00 5.528450012207031250e-01 8.447742637423058185e-03
1.428683599963377793e+00 8.248701095581054688e-01 1.053362103860792411e-02
1.431803695181126823e+00 1.095920085906982422e+00 4.641520753367505206e-03
1.426123521835993779e+00 1.367287635803222656e+00 1.403444411596176285e-02
1.427803573107089274e+00 1.639755725860595703e+00 9.403605538412327519e-03
1.429323619495223685e+00 1.909148693084716797e+00 1.293567984172106118e-02
1.427403560899685786e+00 2.182263135910034180e+00 1.352632865626984815e-02
1.428443592638935833e+00 2.455495595932006836e+00 1.096938211961745110e-02
1.429723631702627618e+00 2.725451946258544922e+00 1.025592608325177034e-02
1.433083734244819496e+00 2.999194145202636719e+00 6.908061423679527288e-03
1.433483746452222984e+00 3.271909475326538086e+00 5.783462760293524817e-03
1.430203646351511981e+00 3.541550874710083008e+00 1.149532362367161782e-02
1.394122545243690503e+00 3.811244964599609375e+00 5.821649641451735052e-02
1.383322215643787878e+00 4.082106113433837891e+00 3.229404361354869246e-02
1.346121080355235700e+00 4.351965427398681641e+00 7.737208138381108935e-02
1.395242579424421203e+00 4.626756906509399414e+00 5.306761614080776797e-03
1.391162454908902335e+00 4.895168066024780273e+00 1.337596800351764301e-02
1.396202608722190153e+00 5.168252944946289062e+00 4.522792112694485993e-03
1.384202242500076396e+00 5.435554027557373047e+00 2.245718551146915279e-02
1.395882598956267096e+00 5.704712629318237305e+00 6.297366149692845347e-03
1.395882598956267096e+00 5.972312927246093750e+00 6.949629327610807976e-03
1.393562528153324820e+00 6.241087913513183594e+00 1.222860282208468145e-02
1.424683477889339800e+00 6.515744686126708984e+00 1.813533770226347097e-02
1.428763602404858446e+00 6.785372972488403320e+00 6.971697536615210390e-03
1.434283770867030405e+00 7.053133487701416016e+00 4.675867238928570722e-03
1.427563565782647315e+00 7.321745157241821289e+00 1.349743380272690717e-02
1.429083612170781503e+00 7.589346170425415039e+00 1.158130330801490290e-02
1.429563626819665867e+00 7.863969802856445312e+00 1.294062675376918617e-02
1.426363529160435739e+00 8.130484342575073242e+00 1.308082732271964761e-02
1.429643629261146964e+00 8.399456262588500977e+00 1.004022672181222389e-02
1.428843604846339321e+00 8.667096376419067383e+00 1.415387675240283374e-02
1.429483624378185214e+00 8.936179399490356445e+00 9.952509512140323214e-03
1.426283526718955086e+00 9.203502178192138672e+00 1.180300397072589318e-02
1.424523473006378271e+00 9.473170042037963867e+00 1.349743380272690196e-02
1.430283648792993079e+00 9.742198944091796875e+00 9.884754096801695936e-03
1.425403499862666568e+00 1.001230430603027344e+01 1.203657935595817130e-02
1.431083673207800500e+00 1.028187799453735352e+01 1.108719543830598113e-02
1.432203707388530978e+00 1.054999423027038574e+01 9.845827373923017253e-03
1.430523656117435483e+00 1.081866049766540527e+01 8.261583735319422833e-03
1.428123582873012332e+00 1.108575606346130371e+01 1.093256122165248492e-02
1.420283343607898097e+00 1.135729837417602539e+01 1.984254093576562697e-02
1.357561429486984217e+00 1.163587927818298340e+01 6.774104868455568806e-02
1.400762747886593385e+00 1.190445113182067871e+01 5.363147914155654353e-03
1.394282550126651810e+00 1.217327237129211426e+01 8.950267553895411773e-03
1.391482464674825614e+00 1.244609522819519043e+01 1.207374412857435166e-02
1.395002572099978799e+00 1.271393680572509766e+01 5.249769719544900709e-03
1.393162515945921331e+00 1.298554039001464844e+01 7.675232600845857157e-03
1.389322398754845089e+00 1.325635242462158203e+01 1.213138831471616795e-02
1.382522191228980457e+00 1.353446531295776367e+01 2.266541317868022917e-02
1.411563077486495565e+00 1.381442117691040039e+01 2.103988161621392003e-02
1.430763663441877220e+00 1.408400130271911621e+01 9.154600760158683112e-03
1.428283587755973860e+00 1.435142159461975098e+01 1.255197259657558385e-02
1.432523717154454257e+00 1.461991024017333984e+01 6.934878174172659157e-03
1.433083734244819496e+00 1.488808298110961914e+01 4.565048951897916762e-03
1.427643568224128190e+00 1.515711879730224609e+01 1.459907560114589824e-02
1.427003548692281854e+00 1.542392992973327637e+01 1.210815213258642324e-02
1.424123460798974561e+00 1.569326353073120117e+01 1.140532943083782946e-02
1.419963333841975039e+00 1.596052765846252441e+01 5.754617379658885125e-03
1.430123643910031328e+00 1.622941970825195312e+01 8.588253708908056075e-03
1.426123521835993335e+00 1.649697756767272949e+01 1.110680553763814318e-02
1.428043580431531678e+00 1.676747727394104004e+01 1.263684084492272368e-02
1.428283587755973860e+00 1.703842639923095703e+01 1.228135195693691624e-02
1.429163614612262156e+00 1.731025862693786621e+01 1.271359372071264628e-02
1.430843665883358318e+00 1.758452463150024414e+01 9.432148744377439470e-03
1.432283709830011853e+00 1.785584211349487305e+01 1.282935874361443643e-02
1.428763602404858446e+00 1.812539815902709961e+01 7.017450078649341977e-03
1.429803634144108493e+00 1.839749002456665039e+01 9.981406751911406361e-03
1.420843360698263780e+00 1.866988801956176758e+01 4.343771588748248508e-02
1.367721739555040283e+00 1.893946743011474609e+01 6.645184059005621036e-02
1.371081842097232162e+00 1.921075320243835449e+01 5.737106666644774255e-02
1.390602437818537096e+00 1.948063206672668457e+01 1.848316128140628858e-02
1.390602437818537096e+00 1.975273084640502930e+01 1.373527992396200888e-02
1.393402523270363513e+00 2.002143716812133789e+01 9.826306184855007966e-03
1.390762442701498847e+00 2.029363012313842773e+01 1.284880057602662447e-02
1.391082452467421682e+00 2.056242418289184570e+01 1.200196616428765573e-02
1.395002572099979021e+00 2.083253979682922363e+01 5.827561475534398516e-03
1.399402706381420725e+00 2.111048150062561035e+01 1.953698278596049942e-02
1.430363651234473510e+00 2.138082623481750488e+01 1.219453468553523441e-02
1.433083734244819052e+00 2.164718604087829590e+01 4.458656001172544778e-03
1.433243739127781247e+00 2.191585159301757812e+01 5.246110918041395517e-03
1.431403682973723557e+00 2.218287277221679688e+01 9.410409392524644520e-03
1.429163614612262156e+00 2.245171475410461426e+01 9.848427275572221168e-03
1.429003609729300850e+00 2.271874952316284180e+01 1.226570758055098645e-02
1.433643751335184735e+00 2.298734283447265625e+01 4.270961640218048049e-03
1.429083612170781503e+00 2.325480556488037109e+01 1.083907609719311771e-02
1.427083551133762507e+00 2.352542114257812500e+01 1.404173900001796406e-02
1.429963639027069799e+00 2.379726624488830566e+01 1.009553468605079753e-02
1.430443653675954385e+00 2.406774878501892090e+01 7.960142421121174303e-03
1.432843726920376870e+00 2.433983659744262695e+01 5.657026888252415092e-03
1.432603719595934910e+00 2.460895133018493652e+01 5.499840559349049481e-03
1.428523595080416264e+00 2.487894964218139648e+01 1.456923317407410150e-02
1.430043641468550675e+00 2.514630150794982910e+01 1.394890230604599671e-02
1.432283709830011853e+00 2.541489076614379883e+01 1.141710803281361167e-02
1.432763724478896661e+00 2.568209767341613770e+01 9.648175035211431147e-03
1.429163614612262156e+00 2.595062518119812012e+01 1.455604794722687931e-02
1.379802108218634471e+00 2.621970033645629883e+01 5.827100172726783905e-02
1.377322032532730889e+00 2.649050951004028320e+01 4.922874683133281193e-02
1.378922081362346397e+00 2.675910830497741699e+01 2.818357820334820019e-02
1.390602437818537096e+00 2.702804279327392578e+01 1.881775790863772502e-02
