-5.920180669576098273e-03 2.790048122406005859e-01 2.621835149366832148e-03
-5.840178228095340915e-03 5.514261722564697266e-01 1.869388480496667233e-03
-5.200158696249275112e-03 8.224084377288818359e-01 1.876223561728496830e-03
-5.600170903653067106e-03 1.093214273452758789e+00 2.039670051227251545e-03
-4.880148930326242210e-03 1.363058805465698242e+00 1.608029172535242789e-03
-4.720144047364727494e-03 1.634959459304809570e+00 1.588003121311654239e-03
-5.760175786614581822e-03 1.903801679611206055e+00 1.817306130437900151e-03
-4.800146488845485719e-03 2.174878358840942383e+00 1.876223561728496830e-03
-5.520168462172308013e-03 2.445619106292724609e+00 2.211311477644418468e-03
-5.520168462172307146e-03 2.713999986648559570e+00 1.723305329388064196e-03
-4.320131839960936367e-03 2.983477354049682617e+00 1.666664195034752880e-03
-5.120156254768517753e-03 3.252121686935424805e+00 1.394890230604603964e-03
-1.008030762657551906e-02 3.523579120635986328e+00 6.823228087666758160e-03
-7.280222174748985503e-03 3.792427539825439453e+00 1.483824242001541543e-03
-1.072032715842158312e-02 4.062766790390014648e+00 5.902857499537852992e-03
-7.360224616229744596e-03 4.331022977828979492e+00 1.571798583837158859e-03
-8.080246589556567757e-03 4.600928306579589844e+00 2.076984182246593286e-03
-7.840239265114292214e-03 4.868839740753173828e+00 1.592028484224236118e-03
-8.080246589556566023e-03 5.141939878463745117e+00 1.916722261835119819e-03
-8.320253913998841566e-03 5.409723281860351562e+00 2.444987701492975282e-03
-7.360224616229743728e-03 5.679329395294189453e+00 1.466468975467395295e-03
-5.600170903653067106e-03 5.959504127502441406e+00 2.993417261264284899e-03
-4.240129398480178141e-03 6.228831052780151367e+00 2.672608455695754930e-03
-4.400134281441694592e-03 6.495664834976196289e+00 2.400073244422742860e-03
-4.000122074037904332e-03 6.764662981033325195e+00 1.385682933742288844e-03
-3.920119632557146107e-03 7.032488346099853516e+00 1.055304682004912578e-03
-4.560139164403211043e-03 7.300491571426391602e+00 2.080063478499709958e-03
-4.560139164403211043e-03 7.568260908126831055e+00 2.624275201220550770e-03
-4.480136722922451950e-03 7.836552619934082031e+00 1.526349302751205811e-03
-4.000122074037904332e-03 8.103670120239257812e+00 1.496708630632142449e-03
-4.080124515518662558e-03 8.372401714324951172e+00 1.440043946653645672e-03
-4.640141605883969268e-03 8.639836549758911133e+00 2.575034894137529558e-03
-4.880148930326243945e-03 8.909344673156738281e+00 1.966172919226791011e-03
-4.240129398480178141e-03 9.175923585891723633e+00 1.727015355919879654e-03
-4.400134281441694592e-03 9.445565700531005859e+00 1.496708630632142449e-03
-4.640141605883969268e-03 9.713413953781127930e+00 2.313163759323895018e-03
-4.800146488845484852e-03 9.982470989227294922e+00 1.385682933742289060e-03
-4.560139164403211043e-03 1.025135135650634766e+01 1.834831185192794785e-03
-4.640141605883969268e-03 1.051762509346008301e+01 1.571798583837159076e-03
-6.480197759941404984e-03 1.078976202011108398e+01 3.008347115782239890e-03
-1.432043702505569720e-02 1.105813050270080566e+01 8.211072708977815507e-03
-8.560261238441115375e-03 1.132913708686828613e+01 1.834831185192794568e-03
-8.960273445844905635e-03 1.159774351119995117e+01 1.886429748875493966e-03
-8.480258796960356282e-03 1.187124800682067871e+01 1.813780799998006938e-03
-8.800268562883389184e-03 1.213899302482604980e+01 2.400073244422742426e-03
-8.800268562883389184e-03 1.241121125221252441e+01 2.190957092724910536e-03
-8.560261238441115375e-03 1.268149185180664062e+01 1.920058595538193941e-03
-8.560261238441115375e-03 1.295500278472900391e+01 1.651231786839080836e-03
-7.440227057710501954e-03 1.323623657226562500e+01 2.080063478499709958e-03
-7.440227057710501954e-03 1.350974488258361816e+01 1.651231786839080836e-03
-8.320253913998841566e-03 1.377741098403930664e+01 2.092335345906905404e-03
-8.320253913998841566e-03 1.404945731163024902e+01 1.462097970288799703e-03
-8.160249031037325115e-03 1.431924581527709961e+01 2.257146639395448719e-03
-5.920180669576098273e-03 1.458944249153137207e+01 1.741776439364744024e-03
-5.280161137730034204e-03 1.485900974273681641e+01 2.324205176526485464e-03
-5.120156254768517753e-03 1.512866234779357910e+01 1.505236953964481919e-03
-5.520168462172308013e-03 1.539635896682739258e+01 1.982382368447021571e-03
-5.520168462172308013e-03 1.566680288314819336e+01 2.211311477644418468e-03
-5.920180669576098273e-03 1.593554997444152832e+01 1.197366904505714090e-03
-6.000183111056857366e-03 1.620800352096557617e+01 2.190957092724910536e-03
-4.960151371807001303e-03 1.647519302368164062e+01 1.708384656087219566e-03
-5.360163579210791562e-03 1.674473857879638672e+01 1.571798583837159076e-03
-5.360163579210791562e-03 1.701348519325256348e+01 2.017584805868895704e-03
-5.440166020691548920e-03 1.728340458869934082e+01 1.444481688904214554e-03
-5.920180669576098273e-03 1.755588388442993164e+01 1.998460347657276745e-03
-5.520168462172307146e-03 1.782518506050109863e+01 1.526349302751205811e-03
-7.600231940672017537e-03 1.809848308563232422e+01 4.866358533715312712e-03
-1.072032715842158312e-02 1.837078666687011719e+01 5.765728835032891270e-03
-1.032031495101779286e-02 1.864550828933715820e+01 5.504493555578383705e-03
-9.200280770287181178e-03 1.891728258132934570e+01 2.190957092724910536e-03
-9.520290536210212345e-03 1.919031858444213867e+01 1.526349302751205811e-03
-9.360285653248695895e-03 1.945882248878479004e+01 2.512127618948084042e-03
-9.600292977690969703e-03 1.973046636581420898e+01 1.600048829615161690e-03
-9.680295419171728796e-03 2.000053882598876953e+01 2.092335345906905838e-03
-9.280283211767938537e-03 2.027306962013244629e+01 1.778143126293203584e-03
-7.840239265114292214e-03 2.055160331726074219e+01 2.394733809011427746e-03
-6.560200201422162342e-03 2.082447242736816406e+01 3.021085410369906202e-03
-5.520168462172308013e-03 2.110161066055297852e+01 1.813780799998007155e-03
-5.920180669576099140e-03 2.137247276306152344e+01 2.076984182246593286e-03
-5.520168462172308881e-03 2.163946127891540527e+01 1.627808872734510647e-03
-5.360163579210791562e-03 2.190773677825927734e+01 1.352964051209154224e-03
-5.280161137730034204e-03 2.217651677131652832e+01 1.588003121311654239e-03
-5.520168462172308013e-03 2.244751429557800293e+01 1.417646874882806229e-03
-6.160187994018372082e-03 2.271404123306274414e+01 2.326957344662397304e-03
-6.080185552537615591e-03 2.298434066772460938e+01 1.741776439364744024e-03
-5.840178228095339180e-03 2.325344848632812500e+01 1.781738970463836620e-03
-5.760175786614582689e-03 2.352157092094421387e+01 1.530536825853875613e-03
-5.440166020691548920e-03 2.378941869735717773e+01 2.155616757852012004e-03
-5.680173345133824464e-03 2.405899429321289062e+01 1.760053712576677707e-03
-5.680173345133825331e-03 2.432547783851623535e+01 1.848731620138264900e-03
-5.280161137730034204e-03 2.459449005126953125e+01 1.778143126293203584e-03
-5.600170903653067106e-03 2.486367225646972656e+01 1.788908975169240141e-03
-8.560261238441115375e-03 2.513314032554626465e+01 2.080063478499709958e-03
-1.048031983397930758e-02 2.540169310569763184e+01 2.137727512808364205e-03
-1.640050050355540759e-02 2.567066621780395508e+01 6.400195318460647625e-03
-1.448044190801721191e-02 2.594138979911804199e+01 3.930717874882073276e-03
-1.312040040284432815e-02 2.620822429656982422e+01 2.534954083500063921e-03
-1.120034180730613074e-02 2.648058819770812988e+01 2.039670051227251545e-03
-1.056032227546006494e-02 2.675347065925598145e+01 2.080063478499709958e-03
-1.128034424878688810e-02 2.702386331558227539e+01 1.588003121311654239e-03
