8.078646540726951430e-01 2.784998416900634766e-01 1.287418021033091484e-02
8.180249641407513206e-01 5.498676300048828125e-01 6.928414668711450723e-03
8.185849812311167817e-01 8.197212219238281250e-01 3.600998672934944966e-03
8.183449739066744888e-01 1.090053558349609375e+00 4.722177569702491057e-03
8.140248420667134388e-01 1.359488010406494141e+00 9.992301738286383725e-03
8.171449372844631354e-01 1.630986690521240234e+00 3.536433700239790916e-03
8.132248176519060179e-01 1.899623155593872070e+00 8.390726850023389610e-03
8.122647883541368463e-01 2.170669555664062500e+00 9.352418859612065052e-03
8.149048689230018461e-01 2.440234422683715820e+00 4.998712341174656876e-03
8.167449250770592029e-01 2.712512493133544922e+00 5.303142133190856186e-03
8.122647883541368463e-01 2.981440067291259766e+00 8.659502108782411375e-03
8.169049299600207314e-01 3.249440431594848633e+00 5.487024474532411697e-03
8.170649348429824821e-01 3.519362449645996094e+00 7.000099339431229729e-03
8.179449616992705563e-01 3.786909341812133789e+00 6.387181691304130715e-03
7.969843220313121979e-01 4.058063983917236328e+00 2.488526063843220226e-02
7.846639460432751623e-01 4.328236341476440430e+00 2.295610080070967576e-02
7.776237311929685703e-01 4.597246885299682617e+00 3.580947172608712342e-02
7.885040632343516265e-01 4.865756034851074219e+00 8.065579365070676618e-03
7.919441682180241582e-01 5.137834072113037109e+00 4.849230374188155668e-03
7.935442170476395551e-01 5.405603885650634766e+00 4.281438870428313018e-03
7.880240485854670407e-01 5.674802303314208984e+00 8.836558484113708756e-03
7.909841389202552087e-01 5.942817926406860352e+00 6.931185480527371663e-03
7.908241340372937911e-01 6.212437868118286133e+00 7.526184769822416749e-03
8.045045515305031536e-01 6.490064859390258789e+00 1.306369075345128854e-02
8.145848591570787889e-01 6.758893728256225586e+00 7.746616207587854464e-03
8.093847004608296647e-01 7.026641130447387695e+00 8.404445914802900069e-03
8.155448884548478494e-01 7.294555425643920898e+00 3.454030711839770583e-03
8.108247444074830890e-01 7.560862064361572266e+00 1.016692229155640240e-02
8.181849690237129602e-01 7.830093622207641602e+00 3.618728955771202942e-03
8.168249275185399672e-01 8.096636295318603516e+00 8.099629873614091341e-03
8.191449983214821318e-01 8.364169597625732422e+00 2.717728978740518737e-03
8.189049909970397279e-01 8.633953332901000977e+00 3.713009755544445772e-03
8.183449739066744888e-01 8.902966976165771484e+00 6.291265034600207126e-03
8.169049299600207314e-01 9.170897722244262695e+00 7.716815051650221559e-03
8.165849201940977853e-01 9.441802024841308594e+00 7.725933156293729627e-03
8.175449494918667348e-01 9.713654279708862305e+00 7.658536403998594637e-03
8.163449128696556034e-01 9.981913805007934570e+00 9.238117169217460040e-03
8.163449128696556034e-01 1.025081801414489746e+01 7.993841390629103510e-03
8.185849812311167817e-01 1.052312755584716797e+01 5.107640576664309283e-03
8.173849446089053172e-01 1.079332876205444336e+01 7.498922068428401713e-03
8.182649714651937245e-01 1.106203389167785645e+01 6.307521560498658732e-03
8.033045149082919112e-01 1.133357548713684082e+01 2.896088381603442730e-02
7.849839558091983305e-01 1.160444355010986328e+01 2.695334376864918363e-02
7.878640437025055121e-01 1.187514877319335938e+01 2.662362977012382170e-02
7.966643122653889186e-01 1.214344334602355957e+01 5.733446288389081394e-03
7.949042585528123261e-01 1.241575789451599121e+01 4.998712341174654274e-03
7.940242316965239189e-01 1.268794536590576172e+01 6.171087774869890921e-03
7.940242316965239189e-01 1.295860910415649414e+01 6.145104131990326846e-03
7.919441682180241582e-01 1.322703289985656738e+01 8.680910057666428939e-03
7.918641657765435049e-01 1.349738383293151855e+01 9.259569809232447157e-03
8.068246223334452072e-01 1.377551865577697754e+01 1.164853130781306687e-02
8.161049055452131995e-01 1.404744029045104980e+01 7.210878835674235966e-03
8.190649958800012564e-01 1.431575131416320801e+01 2.720083010345781833e-03
8.181849690237129602e-01 1.458587431907653809e+01 5.025528974825728412e-03
8.112247566148869105e-01 1.486270332336425781e+01 1.129990235911349471e-02
8.179449616992706673e-01 1.513133144378662109e+01 6.584546014334145131e-03
8.149048689230018461e-01 1.539848232269287109e+01 8.411297056127496619e-03
8.195450105288857312e-01 1.566712880134582520e+01 3.214067593815002084e-03
8.145848591570790109e-01 1.593471908569335938e+01 1.040831456199431751e-02
8.182649714651937245e-01 1.620381355285644531e+01 3.766067665964978155e-03
8.165849201940978963e-01 1.647130680084228516e+01 6.312593139319543772e-03
8.185849812311167817e-01 1.674059247970581055e+01 5.200774063235196615e-03
8.136248298593098394e-01 1.700838804244995117e+01 9.533391166260110280e-03
8.189049909970396168e-01 1.727639079093933105e+01 3.102609792883195394e-03
8.169849324015016068e-01 1.754572772979736328e+01 7.528735586628359545e-03
8.197050154118471488e-01 1.781324005126953125e+01 3.518288718018194004e-03
8.175449494918667348e-01 1.808151245117187500e+01 7.741657314809798768e-03
8.183449739066744888e-01 1.834751272201538086e+01 5.143852147726910538e-03
8.164249153111362567e-01 1.861750936508178711e+01 7.419121210007706413e-03
7.909841389202552087e-01 1.889192652702331543e+01 2.468512895543054433e-02
7.837839191869868660e-01 1.916389918327331543e+01 3.043943087193770256e-02
7.947442536698506865e-01 1.943469715118408203e+01 6.245316691547644558e-03
7.949842609942930904e-01 1.970347571372985840e+01 5.063592096070328348e-03
7.957042829676198581e-01 1.996976399421691895e+01 4.888666347841894022e-03
7.917841633350627406e-01 2.023902297019958496e+01 9.688556609139952966e-03
7.922641779839472154e-01 2.050627470016479492e+01 8.968127386386560984e-03
7.945042463454083936e-01 2.077443575859069824e+01 5.492853674598154913e-03
7.961042951750236796e-01 2.104923176765441895e+01 8.323330362214166958e-03
8.184249763481552531e-01 2.132096624374389648e+01 3.919303196094580527e-03
8.177849568163091387e-01 2.158962512016296387e+01 4.091872666858020931e-03
8.190649958800011454e-01 2.185835051536560059e+01 3.304401070807982520e-03
8.191449983214819097e-01 2.212531232833862305e+01 4.160126956999434661e-03
8.161049055452133105e-01 2.239489364624023438e+01 6.560200201422179689e-03
8.180249641407513206e-01 2.266116499900817871e+01 4.118377739309213130e-03
8.165849201940976743e-01 2.293076467514038086e+01 6.870901060406763364e-03
8.188249885555589636e-01 2.319679307937622070e+01 3.666172438668498321e-03
8.131448152104252536e-01 2.346557855606079102e+01 8.599425183572461870e-03
8.193850056459243136e-01 2.373248863220214844e+01 3.380990637104387426e-03
8.128248054445021964e-01 2.400190687179565430e+01 1.092553364782479670e-02
8.192250007629628961e-01 2.426908922195434570e+01 3.149699270798296709e-03
8.123447907956176106e-01 2.453750014305114746e+01 9.906744678145023089e-03
8.181049665822321959e-01 2.480737161636352539e+01 3.509181043620469755e-03
8.133848225348674355e-01 2.507534408569335938e+01 7.832888656343085440e-03
8.165049177526170210e-01 2.534357357025146484e+01 4.842626489367123262e-03
8.145048567155980246e-01 2.561045217514038086e+01 9.231186327841773426e-03
8.166649226355784386e-01 2.588566470146179199e+01 8.903664330079949854e-03
7.885040632343518485e-01 2.615403127670288086e+01 4.117709420015544519e-02
7.834639094210639199e-01 2.642438626289367676e+01 3.090476814465251132e-02
7.781837482833339203e-01 2.669192004203796387e+01 3.746011274528326246e-02
7.909041364787744444e-01 2.696170902252197266e+01 9.087939307442085418e-03
