6.976212897122105461e-02 2.798712253570556641e-01 3.010473907928957332e-03
7.168218756675924508e-02 5.520372390747070312e-01 2.922006351397053378e-03
7.216220221564378923e-02 8.220226764678955078e-01 1.689548527484609729e-03
7.256221442304758296e-02 1.092575550079345703e+00 1.834831185192790448e-03
7.144218024231695219e-02 1.362074851989746094e+00 2.801228110699564323e-03
7.216220221564378923e-02 1.632393836975097656e+00 1.869388480496662897e-03
7.208219977416302493e-02 1.899936437606811523e+00 2.911033701484044400e-03
7.160218512527848078e-02 2.170873403549194336e+00 1.697108066475715247e-03
7.256221442304758296e-02 2.440999031066894531e+00 1.920058595538189604e-03
6.832208502456739441e-02 2.711104393005371094e+00 6.589404382894731640e-03
6.576200689718314507e-02 2.982267141342163086e+00 6.153430835175660932e-03
6.584200933866389549e-02 3.249625444412231445e+00 6.497459248079242612e-03
6.632202398754845352e-02 3.520145416259765625e+00 3.029547851065067868e-03
6.704204596087526280e-02 3.787273168563842773e+00 2.049062288396979840e-03
6.672203619495224725e-02 4.057205915451049805e+00 3.194091840375617216e-03
6.656203131199073253e-02 4.324406623840332031e+00 1.834831185192794135e-03
6.656203131199074641e-02 4.593653678894042969e+00 2.624275201220551638e-03
6.600201422162542408e-02 4.862930536270141602e+00 2.529899334535294381e-03
7.080216071047090720e-02 5.144690752029418945e+00 3.532812159402209072e-03
7.240220954008606824e-02 5.415218353271484375e+00 1.496708630632138763e-03
7.168218756675923120e-02 5.685573577880859375e+00 2.694075535137850034e-03
7.216220221564378923e-02 5.954845428466796875e+00 1.592028484224233299e-03
7.216220221564378923e-02 6.227016210556030273e+00 1.953108502658704865e-03
7.232220709860531782e-02 6.495452642440795898e+00 1.760053712576674237e-03
7.200219733268227451e-02 6.766287326812744141e+00 1.959651598047278988e-03
7.192219489120152409e-02 7.036108732223510742e+00 1.831339590810566456e-03
7.176219000823999550e-02 7.306170463562011719e+00 1.727015355919875317e-03
7.256221442304758296e-02 7.573582410812377930e+00 1.651231786839077150e-03
7.248221198156681866e-02 7.843275547027587891e+00 1.299885814108635296e-03
7.272221930600909767e-02 8.110089540481567383e+00 1.778143126293200114e-03
7.224220465712453965e-02 8.379039764404296875e+00 2.486519125408872925e-03
7.224220465712453965e-02 8.645696878433227539e+00 1.727015355919876184e-03
7.112217047639393663e-02 8.915235519409179688e+00 1.883033832982478235e-03
7.192219489120149634e-02 9.181568384170532227e+00 2.076984182246588949e-03
7.200219733268227451e-02 9.450963973999023438e+00 1.959651598047279421e-03
7.152218268379771648e-02 9.718604564666748047e+00 1.723305329388061594e-03
6.872209723197120201e-02 9.989153861999511719e+00 6.422158305642455649e-03
6.176188482314523553e-02 1.026056265830993652e+01 7.532985028512464813e-03
6.720205084383679139e-02 1.052828812599182129e+01 1.876223561728495312e-03
6.608201666310618838e-02 1.079733180999755859e+01 2.855538071718153031e-03
6.616201910458693880e-02 1.106403899192810059e+01 1.781738970463836403e-03
6.672203619495224725e-02 1.133360028266906738e+01 2.764428770578336580e-03
6.624202154606768922e-02 1.160243868827819824e+01 2.140719435214152172e-03
6.672203619495224725e-02 1.187157964706420898e+01 1.949828721162957931e-03
6.720205084383680527e-02 1.214020729064941406e+01 1.876223561728495312e-03
6.872209723197120201e-02 1.241611599922180176e+01 3.341000042081170799e-03
7.216220221564378923e-02 1.268471288681030273e+01 2.880087893307287008e-03
7.184219244972074592e-02 1.295623707771301270e+01 2.394733809011422975e-03
7.200219733268227451e-02 1.322552609443664551e+01 2.332451938722378618e-03
7.216220221564378923e-02 1.349514770507812500e+01 2.257146639395444816e-03
7.208219977416302493e-02 1.376241707801818848e+01 2.152645541060263772e-03
7.120217291787468705e-02 1.404268312454223633e+01 4.000122074037900863e-03
7.232220709860530394e-02 1.431251454353332520e+01 2.444987701492970945e-03
7.056215338602861431e-02 1.458434724807739258e+01 1.745447205163158178e-03
7.000213629566331974e-02 1.485425305366516113e+01 2.653380807040391434e-03
7.040214850306711347e-02 1.512718248367309570e+01 1.600048829615158220e-03
6.992213385418255545e-02 1.539633607864379883e+01 2.560078127384255841e-03
7.000213629566333362e-02 1.567765665054321289e+01 1.697108066475716331e-03
6.952212164677877559e-02 1.594696235656738281e+01 2.351581917656738081e-03
6.944211920529802518e-02 1.621549630165100098e+01 2.434494143617688643e-03
7.016214117862483446e-02 1.648165678977966309e+01 1.953108502658705082e-03
6.992213385418255545e-02 1.675092434883117676e+01 2.560078127384254974e-03
7.016214117862483446e-02 1.701892495155334473e+01 1.592028484224234383e-03
6.952212164677877559e-02 1.728948497772216797e+01 2.787485289729594619e-03
6.208189458906827191e-02 1.756362056732177734e+01 8.207174369153580340e-03
5.800177007354961889e-02 1.783466315269470215e+01 1.262417232961293365e-02
6.424196050904874833e-02 1.810558199882507324e+01 1.631736040981803621e-03
6.408195562608723361e-02 1.837426900863647461e+01 2.431863679161126897e-03
6.368194341868343988e-02 1.864642143249511719e+01 2.310395160175786940e-03
6.336193365276041045e-02 1.891590619087219238e+01 3.520107425153358449e-03
6.440196539201024917e-02 1.918643426895141602e+01 1.876223561728499432e-03
6.400195318460646932e-02 1.945546007156372070e+01 2.465840852678458182e-03
6.552199957274087994e-02 1.973294591903686523e+01 3.214067593814999482e-03
6.896210455641346715e-02 2.000102090835571289e+01 1.886429748875490930e-03
7.032214606158634917e-02 2.026983785629272461e+01 1.462097970288797535e-03
7.008213873714408404e-02 2.053768968582153320e+01 1.916722261835115916e-03
6.968212652974027643e-02 2.080651950836181641e+01 3.029547851065063097e-03
6.912210943937498187e-02 2.107432723045349121e+01 2.717728978740512665e-03
7.000213629566333362e-02 2.134322285652160645e+01 1.600048829615158871e-03
7.016214117862483446e-02 2.160972356796264648e+01 2.033384458311273540e-03
6.968212652974029031e-02 2.187829184532165527e+01 2.634012804996247858e-03
7.016214117862483446e-02 2.214852666854858398e+01 2.033384458311273107e-03
6.920211188085573228e-02 2.241807174682617188e+01 1.876223561728493578e-03
7.024214362010559876e-02 2.268517899513244629e+01 2.140719435214147402e-03
6.936211676381726088e-02 2.295788645744323730e+01 2.242923771621614659e-03
6.872209723197120201e-02 2.322789430618286133e+01 2.522298217702422570e-03
6.984213141270180503e-02 2.349639892578125000e+01 1.953108502658706383e-03
6.944211920529802518e-02 2.376434183120727539e+01 2.913231537736346403e-03
7.032214606158634917e-02 2.403445863723754883e+01 1.933346356823614776e-03
6.888210211493270285e-02 2.430177283287048340e+01 3.050601251352033812e-03
7.040214850306711347e-02 2.456959462165832520e+01 1.959651598047280723e-03
6.632202398754845352e-02 2.484443473815917969e+01 3.184056968448472670e-03
6.152187749870297040e-02 2.511801218986511230e+01 8.750672754219630464e-03
6.304192388683738102e-02 2.538842296600341797e+01 6.624279451200700344e-03
6.472197515793329248e-02 2.566216039657592773e+01 1.949828721162961617e-03
6.352193853572192517e-02 2.593572425842285156e+01 1.813780799998009540e-03
6.336193365276039657e-02 2.620291185379028320e+01 2.447604061472704890e-03
6.424196050904874833e-02 2.647239041328430176e+01 2.285326839774088226e-03
6.344193609424114699e-02 2.674206519126892090e+01 1.834831185192797171e-03
6.464197271645252818e-02 2.701136517524719238e+01 1.670500021040590170e-03
