3.236098757896664346e-01 2.805740833282470703e-01 6.974451153023025242e-03
3.264099612414929630e-01 5.529077053070068359e-01 4.345244802827828365e-03
3.276099978637043164e-01 8.237059116363525391e-01 4.699079454312662246e-03
3.276900003051851362e-01 1.094489336013793945e+00 3.184056968448476573e-03
3.269699783318583131e-01 1.365155696868896484e+00 3.583180658245061802e-03
3.339301907406841963e-01 1.649315834045410156e+00 7.578727177384354113e-03
3.388903421124912496e-01 1.917713642120361328e+00 5.125153968261664771e-03
3.387303372295297765e-01 2.187775373458862305e+00 3.527372876485114928e-03
3.385703323465681924e-01 2.457417726516723633e+00 5.441342399994028405e-03
3.397703689687795459e-01 2.725346565246582031e+00 3.723338036289849245e-03
3.412904153569140120e-01 2.993860006332397461e+00 2.107574697646619807e-03
3.400903787347026030e-01 3.261297464370727539e+00 4.715395751511482214e-03
3.404903909421064245e-01 3.530973911285400391e+00 4.392126751090726609e-03
3.399303738517411300e-01 3.798118352890014648e+00 3.123170718957317057e-03
3.397703689687796014e-01 4.067434310913085938e+00 4.012902049326832164e-03
3.405703933835871333e-01 4.334764480590820312e+00 2.857778588400027974e-03
3.395303616443373085e-01 4.604504346847534180e+00 4.206028974808214728e-03
3.392103518784142513e-01 4.871868848800659180e+00 3.298585165324621326e-03
3.416904275643177780e-01 5.144324779510498047e+00 1.760053712576691151e-03
3.391303494369334870e-01 5.414367914199829102e+00 4.003320892681082148e-03
3.392903543198950711e-01 5.689404010772705078e+00 4.762665686186079439e-03
3.386503347880489567e-01 5.956806421279907227e+00 4.922588645616424348e-03
3.407303982665487174e-01 6.225940227508544922e+00 3.527372876485118398e-03
3.387303372295297765e-01 6.494142770767211914e+00 6.879279643499783270e-03
3.260099490340891970e-01 6.767430067062377930e+00 1.330303729513267023e-02
3.292900491348003111e-01 7.034987926483154297e+00 4.556628934366905963e-03
3.280900125125889022e-01 7.303079843521118164e+00 5.043327514133262232e-03
3.275299954222235521e-01 7.570630073547363281e+00 5.776818918054076740e-03
3.293700515762810754e-01 7.838811874389648438e+00 2.170411830312689826e-03
3.274499929807428433e-01 8.106362104415893555e+00 5.811063674736854923e-03
3.281700149540696110e-01 8.375666856765747070e+00 3.618728955771192968e-03
3.294500540177617842e-01 8.644249200820922852e+00 2.080063478499717330e-03
3.298500662251655502e-01 8.930257081985473633e+00 6.810083009650027934e-03
3.414504202398754851e-01 9.202318429946899414e+00 2.001660446340552350e-03
3.369702835169530730e-01 9.487313985824584961e+00 5.772385441638864037e-03
3.395303616443372530e-01 9.756018400192260742e+00 4.129242142650156426e-03
3.393703567613758354e-01 1.002456903457641602e+01 4.620790320351573881e-03
3.388903421124912496e-01 1.029638028144836426e+01 4.735712070286686622e-03
3.404103885006257157e-01 1.056361436843872070e+01 4.560840886214619951e-03
3.390503469954528337e-01 1.083316326141357422e+01 4.422622955288841272e-03
3.401703811761834229e-01 1.109948921203613281e+01 3.706108244456045309e-03
3.400903787347026030e-01 1.137102603912353516e+01 3.273263499351178243e-03
3.385703323465682479e-01 1.164057230949401855e+01 5.755729490477981374e-03
3.401703811761834229e-01 1.191208410263061523e+01 2.460644132776317831e-03
3.404103885006257157e-01 1.218167066574096680e+01 3.752447123457004936e-03
3.392903543198950711e-01 1.245352864265441895e+01 4.035169611737790540e-03
3.398503714102603102e-01 1.272419071197509766e+01 4.153968364493194378e-03
3.400903787347026030e-01 1.299540114402770996e+01 3.554486056949639379e-03
3.410504080324717746e-01 1.326530098915100098e+01 2.599771628217287505e-03
3.401703811761833673e-01 1.354245042800903320e+01 4.342297874850451801e-03
3.399303738517411300e-01 1.381247830390930176e+01 2.855538071718161704e-03
3.173696853541673746e-01 1.408877086639404297e+01 2.238439147863236986e-02
3.220898294015320795e-01 1.436152505874633789e+01 1.850876842930459024e-02
3.292900491348003111e-01 1.463066434860229492e+01 2.646134418980465846e-03
3.291300442518387270e-01 1.490084838867187500e+01 2.045936333429006129e-03
3.293700515762810754e-01 1.517080712318420410e+01 2.242923771621627236e-03
3.290500418103580182e-01 1.543860054016113281e+01 3.446610658776135330e-03
3.291300442518387270e-01 1.570771765708923340e+01 2.597308556486460640e-03
3.281700149540696110e-01 1.597496199607849121e+01 2.708292391294362094e-03
3.293700515762810754e-01 1.625497579574584961e+01 5.145096276937927496e-03
3.400103762932218388e-01 1.652743291854858398e+01 2.653380807040399674e-03
3.401703811761834229e-01 1.680010724067687988e+01 4.036755451693588292e-03
3.394503592028565997e-01 1.706752109527587891e+01 4.364351332468235055e-03
3.405703933835871888e-01 1.733626604080200195e+01 3.176006242623316284e-03
3.418504324472793621e-01 1.760591816902160645e+01 1.869388480496681111e-03
3.415304226813563049e-01 1.787323594093322754e+01 2.418668445156199349e-03
3.384103274636066638e-01 1.814236116409301758e+01 4.195363425011693070e-03
3.399303738517411300e-01 1.840919971466064453e+01 4.882115807116117236e-03
3.406503958250678421e-01 1.867745542526245117e+01 2.447604061472710528e-03
3.408104007080294817e-01 1.894559931755065918e+01 3.346742240604103254e-03
3.403303860591448959e-01 1.921667051315307617e+01 2.572548138468965483e-03
3.398503714102604212e-01 1.948583436012268066e+01 4.593004197574777209e-03
3.404103885006256047e-01 1.975864291191101074e+01 2.653380807040400108e-03
3.402503836176641316e-01 2.002692723274230957e+01 3.165914046014739903e-03
3.405703933835871888e-01 2.029838514328002930e+01 3.418642027750610352e-03
3.396903665272987816e-01 2.056787395477294922e+01 4.370213459129921110e-03
3.400903787347026030e-01 2.083877086639404297e+01 2.741178325965612506e-03
3.388903421124913051e-01 2.110747909545898438e+01 4.868988287235392898e-03
3.306500906399731377e-01 2.138173174858093262e+01 1.232556985698633409e-02
3.245699050874354952e-01 2.165758466720581055e+01 1.291884617153537217e-02
3.265699661244544916e-01 2.192766952514648438e+01 6.609770535223854875e-03
3.284900247199927237e-01 2.219769477844238281e+01 3.008347115782241191e-03
3.270499807733390218e-01 2.246938228607177734e+01 5.546194860414803592e-03
3.284100222785119039e-01 2.273820281028747559e+01 3.752447123456996696e-03
3.284100222785119039e-01 2.300987458229064941e+01 3.752447123456997997e-03
3.283300198370311951e-01 2.328382706642150879e+01 2.444987701492975715e-03
3.289700393688771984e-01 2.355795097351074219e+01 2.599771628217282301e-03
3.393703567613757799e-01 2.383391809463500977e+01 5.733446288389087465e-03
3.392903543198950711e-01 2.410755634307861328e+01 4.521376749770532680e-03
3.409704055909908993e-01 2.437793278694152832e+01 2.720083010345781399e-03
3.388903421124913051e-01 2.465468907356262207e+01 6.930261999678476344e-03
3.380903176976836066e-01 2.492524361610412598e+01 4.362884570090238938e-03
3.416904275643178335e-01 2.519347691535949707e+01 2.866723144194546335e-03
3.408104007080294817e-01 2.546213960647583008e+01 2.592375392381718758e-03
3.395303616443373085e-01 2.572955632209777832e+01 4.464394299559010411e-03
3.404103885006257157e-01 2.599930286407470703e+01 4.079340102454513499e-03
3.401703811761834229e-01 2.626542925834655762e+01 3.342915204200100961e-03
3.409704055909908993e-01 2.653467845916748047e+01 2.408060199092051067e-03
3.394503592028565442e-01 2.680256390571594238e+01 4.916083305592263211e-03
3.404903909421064245e-01 2.707349801063537598e+01 3.545471368185129212e-03
