2.007501264076662295e+00 2.815084457397460938e-01 5.211076798896230322e-02
1.971660170293283221e+00 5.563697814941406250e-01 6.540169009007434919e-02
1.987260646382030593e+00 8.283400535583496094e-01 3.813356466504039949e-02
1.992140795312357104e+00 1.099050045013427734e+00 1.837863476397153320e-02
1.992060792870876229e+00 1.373046398162841797e+00 2.861695271612208977e-02
1.993180827051606929e+00 1.645333766937255859e+00 1.834900949310816487e-02
1.988380680562761516e+00 1.914260864257812500e+00 2.081355424411786281e-02
1.995500897854548761e+00 2.185034990310668945e+00 1.278187668342215672e-02
1.991820785546434047e+00 2.457312107086181641e+00 2.248851411360865138e-02
1.999901032135990686e+00 2.735658168792724609e+00 1.946477650773443049e-02
2.048222506790368325e+00 3.006365060806274414e+00 1.273673039812366937e-02
2.048462514114810951e+00 3.275697231292724609e+00 1.378737110886622645e-02
2.048462514114810507e+00 3.545613765716552734e+00 1.600048829615153406e-02
2.050302570268867974e+00 3.816736936569213867e+00 8.566614215154370188e-03
2.043822372508926843e+00 4.088610649108886719e+00 1.749402980962503837e-02
2.037022164983062655e+00 4.359233856201171875e+00 1.212135997312194756e-02
2.031982011169774616e+00 4.630848884582519531e+00 1.361781621578394066e-02
2.042142321237831126e+00 4.902248859405517578e+00 1.251571654336641401e-02
2.051022592242194964e+00 5.178376913070678711e+00 1.486108608155160306e-02
2.049582548295541429e+00 5.446352005004882812e+00 1.092963361502797236e-02
2.048382511673329631e+00 5.717386007308959961e+00 2.022084458745181806e-02
2.048142504348887449e+00 5.987287521362304688e+00 1.022154473914809250e-02
2.051902619098483260e+00 6.257979154586791992e+00 9.328435623437828644e-03
2.046382450636310857e+00 6.526023864746093750e+00 1.493155074512199539e-02
2.049502545854060553e+00 6.796136140823364258e+00 1.324904199448711205e-02
2.048142504348887893e+00 7.063209533691406250e+00 1.366473551209240918e-02
2.049102533646656621e+00 7.331530809402465820e+00 1.619056512818119534e-02
2.053822677694021603e+00 7.599562406539916992e+00 8.242969553797671947e-03
1.995100885647145272e+00 7.870517015457153320e+00 5.617607149682937728e-02
1.982300495010223651e+00 8.138456821441650391e+00 7.153023616744356994e-02
1.987420651264992344e+00 8.406751155853271484e+00 2.431021329402859379e-02
1.997820968657490814e+00 8.674578428268432617e+00 1.844676581191060510e-02
1.994540868556779811e+00 8.944651126861572266e+00 1.583240029615972169e-02
2.003101129795220814e+00 9.210902929306030273e+00 6.954232646210371099e-03
1.999181010162664140e+00 9.481658697128295898e+00 1.343564727476307015e-02
1.994940880764183744e+00 9.750964403152465820e+00 1.567802928461504985e-02
1.992860817285683872e+00 1.002208781242370605e+01 1.831339590810577428e-02
2.014381474044007803e+00 1.030583381652832031e+01 3.186407960765478414e-02
2.049102533646657065e+00 1.057811427116394043e+01 7.180636950790466981e-03
2.040942284615619329e+00 1.086143422126770020e+01 2.365205580389297818e-02
2.047102472609637847e+00 1.112987256050109863e+01 1.725272637115289609e-02
2.051902619098483260e+00 1.140152263641357422e+01 9.681948221078678918e-03
2.047502484817041335e+00 1.166933107376098633e+01 1.446164460380669307e-02
2.043102350535599854e+00 1.193782258033752441e+01 1.771941204942262260e-02
2.051022592242194964e+00 1.220477128028869629e+01 9.158794667728491906e-03
2.046062440870387800e+00 1.247463059425354004e+01 1.674327059323342179e-02
2.046622457960753039e+00 1.274087262153625488e+01 1.436171956478459084e-02
2.051902619098483260e+00 1.301291203498840332e+01 1.148139563297072459e-02
2.045902435987426049e+00 1.328305459022521973e+01 1.608944374246689540e-02
2.054222689901425092e+00 1.355208182334899902e+01 6.856914004317908422e-03
2.041502301705985012e+00 1.382014346122741699e+01 1.676733608475827406e-02
2.045262416455579935e+00 1.409699773788452148e+01 2.874526799311638223e-02
2.045102411572619072e+00 1.436462235450744629e+01 2.001756370261564486e-02
2.047822494582964836e+00 1.463423323631286621e+01 1.864520362341965179e-02
2.050142565385906224e+00 1.490282225608825684e+01 1.211290861426060975e-02
2.044782401806696015e+00 1.517632675170898438e+01 2.086883276334039125e-02
1.996780936918240990e+00 1.544774293899536133e+01 4.580403530686900232e-02
1.964939965208899464e+00 1.571897816658020020e+01 1.017700237784900236e-01
1.990860756248664876e+00 1.599002885818481445e+01 2.287426359591968397e-02
1.996540929593798586e+00 1.626104545593261719e+01 1.921957714319701485e-02
1.993420834376049111e+00 1.652950835227966309e+01 1.713733716302773269e-02
2.000381046784875494e+00 1.680234098434448242e+01 1.031814411382707582e-02
1.996860939359721865e+00 1.707519292831420898e+01 1.204030099546029957e-02
1.990220736716818539e+00 1.734390234947204590e+01 1.904931883004863657e-02
1.997340954008606451e+00 1.761541485786437988e+01 1.592912698946242697e-02
2.044782401806696015e+00 1.789671063423156738e+01 2.224931041365261347e-02
2.046222445753349550e+00 1.816672849655151367e+01 1.479417988345398116e-02
2.045982438428906924e+00 1.843582034111022949e+01 2.128335611127479474e-02
2.051582609332560203e+00 1.870609760284423828e+01 1.107506597182110822e-02
2.039502240668965793e+00 1.897375750541687012e+01 1.833540070213969531e-02
2.053022653279213738e+00 1.924277925491333008e+01 1.395027877454316050e-02
2.050782584917752338e+00 1.951210093498229980e+01 1.038307179926552769e-02
2.039662245551927544e+00 1.978391909599304199e+01 2.110609364009822381e-02
2.052782645954771557e+00 2.005125045776367188e+01 8.502118084378101209e-03
2.047902497024445267e+00 2.032200193405151367e+01 1.836504792581035439e-02
2.052062623981444567e+00 2.059326791763305664e+01 6.013502068868234463e-03
2.050062562944425348e+00 2.086286830902099609e+01 1.504173557891113656e-02
2.048782523880733564e+00 2.113438653945922852e+01 1.333763313066689028e-02
2.051822616657002385e+00 2.140448284149169922e+01 1.256471390829602859e-02
2.042702338328196365e+00 2.167240452766418457e+01 1.845890560852591136e-02
2.049022531205175746e+00 2.194197487831115723e+01 1.111602184918146843e-02
2.048942528763695314e+00 2.220980763435363770e+01 1.098512472304690943e-02
2.049902558061464042e+00 2.247977662086486816e+01 1.320549292741335715e-02
2.026461842707601768e+00 2.274914073944091797e+01 3.246758905251024424e-02
1.971740172734763874e+00 2.302237963676452637e+01 7.684125182049432456e-02
1.999741027253029158e+00 2.329187440872192383e+01 1.746070467887959540e-02
1.993420834376049111e+00 2.356333374977111816e+01 2.288629215602445283e-02
1.999181010162663696e+00 2.383325195312500000e+01 1.315888173259923549e-02
2.000621054109317232e+00 2.410610389709472656e+01 1.527941913456691558e-02
1.993260829493087805e+00 2.438280916213989258e+01 2.745261368612050140e-02
2.002221102938932518e+00 2.465353608131408691e+01 6.398194944816474466e-03
1.995820907620471818e+00 2.492792510986328125e+01 1.276684566021056566e-02
1.999821029694509589e+00 2.521477961540222168e+01 3.520707392335254565e-02
2.046302448194829982e+00 2.548526525497436523e+01 1.835981954154299739e-02
2.038542211371196622e+00 2.575846958160400391e+01 2.843903942114001798e-02
2.045102411572619072e+00 2.603562045097351074e+01 2.152734737231973977e-02
2.038222201605273565e+00 2.630330514907836914e+01 1.992783575374559857e-02
2.049742553178502735e+00 2.657339334487915039e+01 1.027151592304010284e-02
2.048462514114810507e+00 2.684173965454101562e+01 1.076322770530123256e-02
2.049742553178502735e+00 2.711093091964721680e+01 1.346657597444206149e-02
