-1.000030518509476170e-02 2.855772972106933594e-01 3.046402211163042485e-03
-6.240190435499131175e-03 5.589928627014160156e-01 2.486519125408877696e-03
-6.000183111056855631e-03 8.304188251495361328e-01 1.876223561728497047e-03
-6.240190435499130307e-03 1.101530551910400391e+00 2.140719435214152172e-03
-5.840178228095340915e-03 1.371871948242187500e+00 2.033384458311278311e-03
-6.080185552537614724e-03 1.645086526870727539e+00 1.741776439364744024e-03
-6.080185552537614724e-03 1.915697336196899414e+00 1.741776439364744024e-03
-6.400195318460647625e-03 2.187949895858764648e+00 2.262810755300959445e-03
-6.240190435499131175e-03 2.463440656661987305e+00 1.903318445208599568e-03
-6.160187994018372082e-03 2.734514474868774414e+00 2.460644132776311759e-03
-5.680173345133824464e-03 3.005481004714965820e+00 1.760053712576677924e-03
-5.840178228095340915e-03 3.275993347167968750e+00 1.869388480496667233e-03
-5.600170903653067106e-03 3.547319412231445312e+00 1.788908975169240141e-03
-5.760175786614581822e-03 3.815986633300781250e+00 2.354302082727685336e-03
-6.000183111056857366e-03 4.088967084884643555e+00 2.262810755300959445e-03
-5.840178228095339180e-03 4.358653783798217773e+00 1.953108502658709202e-03
-6.080185552537614724e-03 4.636055231094360352e+00 1.831339590810571660e-03
-6.000183111056857366e-03 4.908230304718017578e+00 1.876223561728496830e-03
-6.320192876979888533e-03 5.185374021530151367e+00 1.933346356823618679e-03
-1.160035401470992447e-02 5.455984592437744141e+00 5.306761614080788940e-03
-1.160035401470992100e-02 5.725225925445556641e+00 7.088234374414029842e-03
-1.072032715842158312e-02 5.994495630264282227e+00 2.458041652796128570e-03
-1.008030762657551906e-02 6.265243530273437500e+00 1.831339590810571660e-03
-9.360285653248695895e-03 6.533209800720214844e+00 2.170411830312680718e-03
-9.680295419171727062e-03 6.804969549179077148e+00 1.348225108273289194e-03
-9.600292977690971438e-03 7.074066638946533203e+00 2.039670051227251545e-03
-1.000030518509475996e-02 7.359109640121459961e+00 2.713014787890850790e-03
-8.400256355479598924e-03 7.632861375808715820e+00 2.332451938722382954e-03
-5.440166020691548920e-03 7.904538154602050781e+00 1.745447205163160997e-03
-5.600170903653067106e-03 8.175542593002319336e+00 1.788908975169240141e-03
-5.840178228095340915e-03 8.444557666778564453e+00 2.110609364009824723e-03
-5.840178228095340915e-03 8.712512731552124023e+00 2.460644132776311759e-03
-6.080185552537615591e-03 8.982211112976074219e+00 1.647351095723683127e-03
-6.320192876979888533e-03 9.249272108078002930e+00 2.014410004836965796e-03
-6.880209967345194376e-03 9.520114660263061523e+00 1.704634081516758414e-03
-7.840239265114292214e-03 9.793221712112426758e+00 1.488131433186334202e-03
-8.800268562883389184e-03 1.006238555908203125e+01 1.697108066475719150e-03
-9.120278328806420351e-03 1.033351302146911621e+01 2.045936333429001792e-03
-8.080246589556566023e-03 1.060349059104919434e+01 1.998460347657276745e-03
-7.120217291787469920e-03 1.087414288520812988e+01 1.796050356758570592e-03
-6.960212408825954336e-03 1.114322423934936523e+01 1.886429748875493966e-03
-6.880209967345195243e-03 1.141508007049560547e+01 1.608029172535242789e-03
-7.360224616229744596e-03 1.168586421012878418e+01 2.017584805868895704e-03
-7.520229499191260179e-03 1.195958399772644043e+01 1.417646874882805795e-03
-7.760236823633533988e-03 1.222846531867980957e+01 1.727015355919879437e-03
-7.840239265114292214e-03 1.249980854988098145e+01 1.592028484224236118e-03
-1.536046876430554979e-02 1.276922321319580078e+01 8.903664330079944650e-03
-1.240037842951750152e-02 1.304310417175292969e+01 2.039670051227251545e-03
-1.040031739249855196e-02 1.331132650375366211e+01 2.332451938722383388e-03
-9.840300302133243512e-03 1.358116316795349121e+01 1.592028484224236552e-03
-1.048031983397930758e-02 1.384794902801513672e+01 2.670212571345338595e-03
-1.088033204138309784e-02 1.411959886550903320e+01 2.405400827547342097e-03
-1.104033692434461603e-02 1.438913035392761230e+01 2.537477682017994386e-03
-1.048031983397930758e-02 1.465810894966125488e+01 1.899952715881507610e-03
-9.760297860652486154e-03 1.493783164024353027e+01 1.631736040981801236e-03
-6.480197759941404984e-03 1.520977067947387695e+01 1.526349302751205811e-03
-7.440227057710501954e-03 1.547860884666442871e+01 1.745447205163160780e-03
-7.440227057710501087e-03 1.575162959098815918e+01 2.684555803831477436e-03
-6.880209967345195243e-03 1.602216196060180664e+01 1.608029172535242572e-03
-6.800207525864437885e-03 1.629386854171752930e+01 2.116665644360838771e-03
-6.400195318460648493e-03 1.656325507164001465e+01 1.600048829615161690e-03
-6.560200201422162342e-03 1.683556556701660156e+01 2.001660446340539339e-03
-6.640202642902920567e-03 1.710616946220397949e+01 1.763686438242555296e-03
-6.720205084383678792e-03 1.737720108032226562e+01 2.182175666234113624e-03
-6.400195318460647625e-03 1.764933395385742188e+01 1.959651598047283758e-03
-6.400195318460648493e-03 1.792012476921081543e+01 1.496708630632142449e-03
-6.560200201422162342e-03 1.818986821174621582e+01 2.228610136133398617e-03
-6.480197759941404984e-03 1.845829653739929199e+01 1.299885814108639416e-03
-6.320192876979888533e-03 1.872886800765991211e+01 1.933346356823618679e-03
-6.320192876979887665e-03 1.899599862098693848e+01 1.760053712576678140e-03
-6.720205084383678792e-03 1.926670384407043457e+01 2.107574697646608097e-03
-6.640202642902921434e-03 1.954016518592834473e+01 2.017584805868895704e-03
-6.480197759941404984e-03 1.981090736389160156e+01 1.723305329388064196e-03
-8.400256355479598924e-03 2.008145952224731445e+01 2.190957092724910103e-03
-1.136034669026764719e-02 2.035791444778442383e+01 5.476516278853338707e-03
-1.032031495101779286e-02 2.062898015975952148e+01 2.572548138468960278e-03
-1.048031983397930758e-02 2.089959526062011719e+01 1.899952715881507827e-03
-9.920302743614002605e-03 2.116990375518798828e+01 1.647351095723683344e-03
-1.024031250953703551e-02 2.144752097129821777e+01 1.903318445208599568e-03
-9.760297860652486154e-03 2.171517014503479004e+01 2.140719435214152172e-03
-1.072032715842158486e-02 2.198624014854431152e+01 1.685756045648261056e-03
-1.176035889767143919e-02 2.226011323928833008e+01 1.985608379317378974e-03
-9.760297860652486154e-03 2.254888582229614258e+01 3.265432714211336310e-03
-7.040214850306710827e-03 2.281742763519287109e+01 2.049062288396981141e-03
-6.160187994018372082e-03 2.309049320220947266e+01 1.592028484224236552e-03
-6.160187994018373817e-03 2.336102914810180664e+01 1.488131433186334635e-03
-6.320192876979887665e-03 2.362974190711975098e+01 1.567721278437827267e-03
-6.640202642902920567e-03 2.389756083488464355e+01 2.575034894137529558e-03
-7.040214850306710827e-03 2.416709089279174805e+01 1.886429748875493966e-03
-6.640202642902921434e-03 2.443583083152770996e+01 1.852190428812549791e-03
-6.400195318460647625e-03 2.470692300796508789e+01 2.039670051227251545e-03
-6.160187994018372082e-03 2.497831296920776367e+01 1.781738970463836620e-03
-6.880209967345195243e-03 2.525440096855163574e+01 1.704634081516758631e-03
-6.560200201422164076e-03 2.552527475357055664e+01 2.228610136133399051e-03
-6.720205084383678792e-03 2.579698514938354492e+01 1.778143126293203584e-03
-6.640202642902920567e-03 2.606894803047180176e+01 2.170411830312680718e-03
-6.880209967345195243e-03 2.633896422386169434e+01 1.505236953964481702e-03
-6.400195318460646758e-03 2.661110401153564453e+01 2.262810755300959445e-03
-6.560200201422164076e-03 2.688105559349060059e+01 1.329100378991543820e-03
-6.720205084383677925e-03 2.715850472450256348e+01 2.254309244635350519e-03
