1.492889373302459717e+02 3.062093447676015767e+00 1.654070085757011910e+01
1.493007886409759521e+02 3.066093569750053760e+00 1.657070177312539982e+01
1.493311891555786133e+02 3.180097048860133668e+00 1.742572786645100180e+01
1.493699221611022949e+02 3.046092959379864240e+00 1.642069719534897843e+01
1.494230051040649414e+02 3.238098818933683454e+00 1.786074114200262386e+01
1.494672043323516846e+02 3.230098574785607468e+00 1.780073931089205530e+01
1.495261263847351074e+02 3.164096560563982141e+00 1.730572420422986823e+01
1.495432269573211670e+02 3.138095767082735410e+00 1.711071825312051686e+01
1.495567059516906738e+02 3.096094485305337596e+00 1.679570863979003548e+01
1.495686955451965332e+02 3.186097231971190435e+00 1.747072923978392822e+01
1.495811564922332764e+02 3.186097231971190435e+00 1.747072923978392822e+01
1.495954599380493164e+02 3.216098147526475159e+00 1.769573610644856387e+01
1.496107084751129150e+02 3.164096560563982141e+00 1.730572420422986823e+01
1.496239111423492432e+02 3.092094363231300047e+00 1.676570772423475120e+01
1.496365556716918945e+02 3.090094302194280829e+00 1.675070726645710550e+01
1.496591699123382568e+02 3.202097720267341963e+00 1.759073290200506179e+01
1.496768071651458740e+02 3.070093691824091753e+00 1.660070268868069121e+01
1.497015604972839355e+02 3.156096316415906600e+00 1.724572237311929968e+01
1.497164192199707031e+02 3.248099124118778214e+00 1.793574343089083456e+01
1.497294754981994629e+02 3.248099124118778214e+00 1.793574343089083456e+01
1.497593774795532227e+02 3.210097964415417948e+00 1.765073473311563390e+01
1.497889235019683838e+02 3.092094363231300047e+00 1.676570772423475120e+01
1.498043570518493652e+02 3.094094424268318377e+00 1.678070818201238623e+01
1.498167784214019775e+02 3.138095767082735410e+00 1.711071825312051686e+01
1.498310015201568604e+02 3.222098330637531483e+00 1.774073747978148319e+01
1.498561182022094727e+02 3.136095706045716636e+00 1.709571779534287828e+01
1.498720433712005615e+02 3.160096438489944148e+00 1.727572328867458040e+01
1.498928875923156738e+02 3.144095950193792621e+00 1.715571962645344684e+01
1.499243979454040527e+02 3.216098147526475159e+00 1.769573610644856387e+01
1.499413545131683350e+02 3.284100222785119261e+00 1.820575167088839663e+01
1.499574687480926514e+02 3.160096438489944148e+00 1.727572328867458040e+01
1.499942042827606201e+02 3.246099063081758995e+00 1.792074297311319242e+01
1.500164802074432373e+02 3.212098025452437167e+00 1.766573519089327959e+01
1.500466537475585938e+02 3.204097781304361181e+00 1.760573335978271103e+01
1.500641813278198242e+02 3.208097903378399174e+00 1.763573427533799176e+01
1.501189374923706055e+02 3.242098941007721002e+00 1.789074205755790459e+01
1.501462414264678955e+02 3.260099490340892192e+00 1.802574617755669451e+01
1.501787521839141846e+02 3.234098696859645461e+00 1.783074022644734313e+01
1.501965186595916748e+02 3.246099063081758995e+00 1.792074297311319242e+01
1.502139115333557129e+02 3.318101260414441533e+00 1.846075945310830946e+01
1.502284209728240967e+02 3.248099124118778214e+00 1.793574343089083456e+01
1.502400481700897217e+02 3.206097842341379955e+00 1.762073381756034962e+01
1.502536463737487793e+02 3.180097048860133668e+00 1.742572786645100180e+01
1.502672221660614014e+02 3.236098757896664679e+00 1.784574068422498527e+01
1.502833216190338135e+02 3.288100344859157254e+00 1.823575258644367736e+01
1.503033487796783447e+02 3.250099185155796988e+00 1.795074388866847670e+01
1.503213109970092773e+02 3.230098574785607468e+00 1.780073931089205530e+01
1.503427031040191650e+02 3.236098757896664679e+00 1.784574068422498527e+01
1.503607420921325684e+02 3.228098513748588694e+00 1.778573885311441316e+01
1.503763520717620850e+02 3.204097781304361181e+00 1.760573335978271103e+01
1.503993225097656250e+02 3.298100650044252014e+00 1.831075487533188806e+01
1.504162538051605225e+02 3.308100955229346773e+00 1.838575716422009876e+01
1.504653985500335693e+02 3.266099673451948515e+00 1.807074755088961382e+01
1.504772119522094727e+02 3.324101443525498301e+00 1.850576082644123943e+01
1.504899187088012695e+02 3.208097903378399174e+00 1.763573427533799176e+01
1.505068001747131348e+02 3.184097170934171661e+00 1.745572878200628963e+01
1.505238199234008789e+02 3.284100222785119261e+00 1.820575167088839663e+01
1.505504498481750488e+02 3.316101199377422759e+00 1.844575899533067087e+01
1.505876178741455078e+02 3.316101199377422759e+00 1.844575899533067087e+01
1.506101489067077637e+02 3.304100833155308781e+00 1.835575624866481803e+01
1.506702919006347656e+02 3.268099734488967734e+00 1.808574800866725596e+01
1.506810982227325439e+02 3.242098941007721002e+00 1.789074205755790459e+01
1.506917951107025146e+02 3.232098635822626687e+00 1.781573976866970099e+01
1.507180023193359375e+02 3.316101199377422759e+00 1.844575899533067087e+01
1.507405366897583008e+02 3.228098513748588694e+00 1.778573885311441316e+01
1.507646229267120361e+02 3.286100283822138035e+00 1.822075212866603522e+01
1.507784314155578613e+02 3.340101931821649828e+00 1.862576448866237300e+01
1.507947471141815186e+02 3.330101626636555068e+00 1.855076219977416230e+01
1.508089969158172607e+02 3.216098147526475159e+00 1.769573610644856387e+01
1.508241581916809082e+02 3.342101992858669046e+00 1.864076494644001869e+01
1.508495652675628662e+02 3.246099063081758995e+00 1.792074297311319242e+01
1.509093172550201416e+02 3.160096438489944148e+00 1.727572328867458040e+01
1.509242346286773682e+02 3.330101626636555068e+00 1.855076219977416230e+01
1.509372737407684326e+02 3.252099246192816207e+00 1.796574434644612239e+01
1.509495472908020020e+02 3.332101687673573842e+00 1.856576265755180088e+01
1.509658639430999756e+02 3.330101626636555068e+00 1.855076219977416230e+01
1.509780139923095703e+02 3.322101382488479526e+00 1.849076036866359729e+01
1.509928338527679443e+02 3.324101443525498301e+00 1.850576082644123943e+01
1.510103261470794678e+02 3.342101992858669046e+00 1.864076494644001869e+01
1.510406723022460938e+02 3.340101931821649828e+00 1.862576448866237300e+01
1.510707223415374756e+02 3.324101443525498301e+00 1.850576082644123943e+01
1.510820620059967041e+02 3.312101077303384766e+00 1.841575807977538659e+01
1.511383922100067139e+02 3.282100161748100042e+00 1.819075121311074739e+01
1.511491382122039795e+02 3.290100405896176028e+00 1.825075304422131950e+01
1.511612143516540527e+02 3.238098818933683454e+00 1.786074114200262386e+01
1.512001903057098389e+02 3.204097781304361181e+00 1.760573335978271103e+01
1.512315878868103027e+02 3.336101809747611835e+00 1.859576357310709227e+01
1.512640397548675537e+02 3.240098879970702228e+00 1.787574159978026600e+01
1.513142521381378174e+02 3.246099063081758995e+00 1.792074297311319242e+01
1.513325507640838623e+02 3.282100161748100042e+00 1.819075121311074739e+01
1.513434848785400391e+02 3.208097903378399174e+00 1.763573427533799176e+01
1.513551194667816162e+02 3.292100466933195246e+00 1.826575350199896519e+01
1.513839094638824463e+02 3.230098574785607468e+00 1.780073931089205530e+01
1.514202349185943604e+02 3.236098757896664679e+00 1.784574068422498527e+01
1.514402735233306885e+02 3.346102114932706595e+00 1.867076586199529942e+01
1.514573228359222412e+02 3.350102237006744588e+00 1.870076677755058370e+01
1.514726185798645020e+02 3.340101931821649828e+00 1.862576448866237300e+01
1.514872350692749023e+02 3.348102175969725369e+00 1.868576631977294156e+01
1.515039618015289307e+02 3.318101260414441533e+00 1.846075945310830946e+01
1.515799484252929688e+02 3.340101931821649828e+00 1.862576448866237300e+01
1.515983798503875732e+02 3.208097903378399174e+00 1.763573427533799176e+01
1.516234483718872070e+02 3.316101199377422759e+00 1.844575899533067087e+01
1.516458847522735596e+02 3.284100222785119261e+00 1.820575167088839663e+01
1.516633358001708984e+02 3.268099734488967734e+00 1.808574800866725596e+01
1.517145900726318359e+02 3.326101504562517075e+00 1.852076128421887802e+01
1.517355999946594238e+02 3.254099307229834981e+00 1.798074480422376453e+01
1.518080272674560547e+02 3.244099002044740221e+00 1.790574251533555383e+01
1.518281714916229248e+02 3.222098330637531483e+00 1.774073747978148319e+01
1.518543128967285156e+02 3.270099795525986508e+00 1.810074846644489810e+01
1.518679313659667969e+02 3.326101504562517075e+00 1.852076128421887802e+01
1.518990342617034912e+02 3.364102664265877340e+00 1.880576998199408223e+01
1.519117662906646729e+02 3.236098757896664679e+00 1.784574068422498527e+01
1.519358344078063965e+02 3.220098269600512708e+00 1.772573702200384460e+01
1.519479925632476807e+02 3.260099490340892192e+00 1.802574617755669451e+01
1.519670586585998535e+02 3.224098391674550701e+00 1.775573793755913243e+01
1.519902493953704834e+02 3.308100955229346773e+00 1.838575716422009876e+01
1.520065972805023193e+02 3.322101382488479526e+00 1.849076036866359729e+01
1.520743713378906250e+02 3.256099368266854199e+00 1.799574526200140667e+01
1.520953204631805420e+02 3.248099124118778214e+00 1.793574343089083456e+01
1.521118495464324951e+02 3.268099734488967734e+00 1.808574800866725596e+01
1.521271235942840576e+02 3.216098147526475159e+00 1.769573610644856387e+01
1.521434245109558105e+02 3.264099612414929741e+00 1.805574709311197523e+01
1.521652927398681641e+02 3.264099612414929741e+00 1.805574709311197523e+01
1.522180347442626953e+02 3.268099734488967734e+00 1.808574800866725596e+01
1.522321782112121582e+02 3.262099551377910522e+00 1.804074663533432599e+01
1.522965090274810791e+02 3.214098086489455941e+00 1.768073564867092173e+01
1.523106694221496582e+02 3.186097231971190435e+00 1.747072923978392822e+01
1.523327693939208984e+02 3.206097842341379955e+00 1.762073381756034962e+01
1.523674049377441406e+02 3.342101992858669046e+00 1.864076494644001869e+01
1.523883078098297119e+02 3.302100772118290006e+00 1.834075579088717589e+01
1.524185535907745361e+02 3.238098818933683454e+00 1.786074114200262386e+01
1.524729297161102295e+02 3.326101504562517075e+00 1.852076128421887802e+01
1.525005207061767578e+02 3.334101748710593061e+00 1.858076311532945013e+01
1.525311741828918457e+02 3.320101321451460752e+00 1.847575991088595870e+01
1.525573260784149170e+02 3.342101992858669046e+00 1.864076494644001869e+01
1.525715179443359375e+02 3.226098452711569475e+00 1.777073839533677102e+01
1.525861597061157227e+02 3.348102175969725369e+00 1.868576631977294156e+01
1.526045382022857666e+02 3.346102114932706595e+00 1.867076586199529942e+01
1.526215624809265137e+02 3.258099429303872974e+00 1.801074571977904526e+01
1.526489560604095459e+02 3.354102359080782580e+00 1.873076769310587153e+01
1.526885528564453125e+02 3.328101565599536293e+00 1.853576174199652016e+01
1.527070736885070801e+02 3.332101687673573842e+00 1.856576265755180088e+01
1.527211844921112061e+02 3.306100894192327555e+00 1.837075670644245662e+01
1.527359247207641602e+02 3.312101077303384766e+00 1.841575807977538659e+01
1.527530386447906494e+02 3.340101931821649828e+00 1.862576448866237300e+01
1.527998964786529541e+02 3.332101687673573842e+00 1.856576265755180088e+01
1.528186280727386475e+02 3.346102114932706595e+00 1.867076586199529942e+01
1.528773806095123291e+02 3.284100222785119261e+00 1.820575167088839663e+01
1.528954136371612549e+02 3.278100039674062494e+00 1.816075029755546666e+01
1.529321353435516357e+02 3.342101992858669046e+00 1.864076494644001869e+01
1.529581174850463867e+02 3.340101931821649828e+00 1.862576448866237300e+01
1.529786839485168457e+02 3.298100650044252014e+00 1.831075487533188806e+01
1.529909350872039795e+02 3.264099612414929741e+00 1.805574709311197523e+01
1.530043988227844238e+02 3.326101504562517075e+00 1.852076128421887802e+01
1.530194272994995117e+02 3.350102237006744588e+00 1.870076677755058370e+01
1.530384669303894043e+02 3.328101565599536293e+00 1.853576174199652016e+01
1.530559864044189453e+02 3.330101626636555068e+00 1.855076219977416230e+01
1.530990710258483887e+02 3.328101565599536293e+00 1.853576174199652016e+01
1.531152024269104004e+02 3.350102237006744588e+00 1.870076677755058370e+01
1.531315190792083740e+02 3.284100222785119261e+00 1.820575167088839663e+01
1.531494214534759521e+02 3.344102053895687376e+00 1.865576540421765372e+01
1.531850681304931641e+02 3.332101687673573842e+00 1.856576265755180088e+01
1.532125687599182129e+02 3.342101992858669046e+00 1.864076494644001869e+01
1.532679741382598877e+02 3.314101138340403541e+00 1.843075853755302873e+01
1.532868566513061523e+02 3.250099185155796988e+00 1.795074388866847670e+01
1.533228440284729004e+02 3.350102237006744588e+00 1.870076677755058370e+01
1.533439755439758301e+02 3.372102908413952882e+00 1.886577181310464368e+01
1.533567688465118408e+02 3.356102420117801355e+00 1.874576815088351367e+01
1.533705558776855469e+02 3.302100772118290006e+00 1.834075579088717589e+01
1.533845553398132324e+02 3.346102114932706595e+00 1.867076586199529942e+01
1.533993022441864014e+02 3.316101199377422759e+00 1.844575899533067087e+01
1.534145195484161377e+02 3.352102298043763362e+00 1.871576723532822228e+01
1.534670381546020508e+02 3.332101687673573842e+00 1.856576265755180088e+01
1.534872901439666748e+02 3.316101199377422759e+00 1.844575899533067087e+01
1.535041475296020508e+02 3.346102114932706595e+00 1.867076586199529942e+01
1.535187561511993408e+02 3.274099917600024501e+00 1.813074938200018593e+01
1.535384595394134521e+02 3.282100161748100042e+00 1.819075121311074739e+01
1.535846748352050781e+02 3.324101443525498301e+00 1.850576082644123943e+01
1.536025364398956299e+02 3.360102542191839348e+00 1.877576906643879440e+01
1.536574203968048096e+02 3.302100772118290006e+00 1.834075579088717589e+01
1.536770596504211426e+02 3.230098574785607468e+00 1.780073931089205530e+01
1.537126588821411133e+02 3.352102298043763362e+00 1.871576723532822228e+01
1.537407033443450928e+02 3.254099307229834981e+00 1.798074480422376453e+01
1.537698812484741211e+02 3.348102175969725369e+00 1.868576631977294156e+01
1.538057897090911865e+02 3.340101931821649828e+00 1.862576448866237300e+01
1.538295850753784180e+02 3.356102420117801355e+00 1.874576815088351367e+01
1.538714683055877686e+02 3.312101077303384766e+00 1.841575807977538659e+01
1.538874444961547852e+02 3.276099978637043719e+00 1.814574983977782807e+01
1.539024281501770020e+02 3.344102053895687376e+00 1.865576540421765372e+01
1.539181618690490723e+02 3.314101138340403541e+00 1.843075853755302873e+01
1.539353492259979248e+02 3.310101016266365548e+00 1.840075762199774090e+01
1.539502382278442383e+02 3.344102053895687376e+00 1.865576540421765372e+01
1.540107529163360596e+02 3.350102237006744588e+00 1.870076677755058370e+01
1.540272793769836426e+02 3.348102175969725369e+00 1.868576631977294156e+01
1.540443572998046875e+02 3.318101260414441533e+00 1.846075945310830946e+01
1.540590085983276367e+02 3.348102175969725369e+00 1.868576631977294156e+01
1.540996081829071045e+02 3.298100650044252014e+00 1.831075487533188806e+01
1.541271014213562012e+02 3.324101443525498301e+00 1.850576082644123943e+01
1.541851835250854492e+02 3.206097842341379955e+00 1.762073381756034962e+01
1.541993656158447266e+02 3.288100344859157254e+00 1.823575258644367736e+01
1.542195549011230469e+02 3.306100894192327555e+00 1.837075670644245662e+01
1.542611711025238037e+02 3.326101504562517075e+00 1.852076128421887802e+01
1.542776675224304199e+02 3.352102298043763362e+00 1.871576723532822228e+01
1.542932431697845459e+02 3.336101809747611835e+00 1.859576357310709227e+01
1.543080999851226807e+02 3.326101504562517075e+00 1.852076128421887802e+01
1.543272783756256104e+02 3.312101077303384766e+00 1.841575807977538659e+01
1.543420965671539307e+02 3.354102359080782580e+00 1.873076769310587153e+01
1.543998196125030518e+02 3.356102420117801355e+00 1.874576815088351367e+01
1.544151973724365234e+02 3.346102114932706595e+00 1.867076586199529942e+01
1.544300312995910645e+02 3.316101199377422759e+00 1.844575899533067087e+01
1.544459431171417236e+02 3.308100955229346773e+00 1.838575716422009876e+01
1.544673893451690674e+02 3.348102175969725369e+00 1.868576631977294156e+01
1.545049040317535400e+02 3.342101992858669046e+00 1.864076494644001869e+01
1.545223448276519775e+02 3.264099612414929741e+00 1.805574709311197523e+01
1.545779845714569092e+02 3.306100894192327555e+00 1.837075670644245662e+01
1.545968966484069824e+02 3.272099856563005726e+00 1.811574892422254379e+01
1.546273777484893799e+02 3.342101992858669046e+00 1.864076494644001869e+01
1.546536438465118408e+02 3.354102359080782580e+00 1.873076769310587153e+01
1.546681342124938965e+02 3.336101809747611835e+00 1.859576357310709227e+01
1.546834528446197510e+02 3.352102298043763362e+00 1.871576723532822228e+01
1.546951677799224854e+02 3.332101687673573842e+00 1.856576265755180088e+01
1.547093644142150879e+02 3.312101077303384766e+00 1.841575807977538659e+01
1.547243106365203857e+02 3.344102053895687376e+00 1.865576540421765372e+01
1.547430448532104492e+02 3.318101260414441533e+00 1.846075945310830946e+01
1.547943532466888428e+02 3.352102298043763362e+00 1.871576723532822228e+01
1.548075826168060303e+02 3.342101992858669046e+00 1.864076494644001869e+01
1.548243687152862549e+02 3.356102420117801355e+00 1.874576815088351367e+01
1.548408300876617432e+02 3.350102237006744588e+00 1.870076677755058370e+01
1.548590881824493408e+02 3.354102359080782580e+00 1.873076769310587153e+01
1.549048163890838623e+02 3.276099978637043719e+00 1.814574983977782807e+01
1.549185233116149902e+02 3.240098879970702228e+00 1.787574159978026600e+01
1.549720587730407715e+02 3.268099734488967734e+00 1.808574800866725596e+01
1.549846055507659912e+02 3.242098941007721002e+00 1.789074205755790459e+01
1.550076215267181396e+02 3.270099795525986508e+00 1.810074846644489810e+01
1.550367333889007568e+02 3.264099612414929741e+00 1.805574709311197523e+01
1.550647735595703125e+02 3.264099612414929741e+00 1.805574709311197523e+01
1.550942234992980957e+02 3.246099063081758995e+00 1.792074297311319242e+01
1.551299982070922852e+02 3.252099246192816207e+00 1.796574434644612239e+01
1.551537160873413086e+02 3.280100100711081712e+00 1.817575075533311590e+01
1.551937294006347656e+02 3.234098696859645461e+00 1.783074022644734313e+01
1.552087380886077881e+02 3.270099795525986508e+00 1.810074846644489810e+01
1.552214689254760742e+02 3.280100100711081712e+00 1.817575075533311590e+01
1.552369096279144287e+02 3.258099429303872974e+00 1.801074571977904526e+01
1.552498707771301270e+02 3.252099246192816207e+00 1.796574434644612239e+01
1.552655344009399414e+02 3.244099002044740221e+00 1.790574251533555383e+01
1.552788460254669189e+02 3.248099124118778214e+00 1.793574343089083456e+01
1.553441159725189209e+02 3.248099124118778214e+00 1.793574343089083456e+01
1.553598082065582275e+02 2.822086123233741528e+00 1.474064592425306230e+01
1.553775529861450195e+02 3.270099795525986508e+00 1.810074846644489810e+01
1.553901386260986328e+02 3.268099734488967734e+00 1.808574800866725596e+01
1.554052121639251709e+02 3.260099490340892192e+00 1.802574617755669451e+01
1.554436314105987549e+02 3.248099124118778214e+00 1.793574343089083456e+01
1.554626991748809814e+02 3.160096438489944148e+00 1.727572328867458040e+01
1.555305662155151367e+02 3.128095461897641094e+00 1.703571596423230616e+01
1.555441305637359619e+02 3.162096499526962923e+00 1.729072374645221899e+01
1.555648124217987061e+02 3.232098635822626687e+00 1.781573976866970099e+01
1.556052894592285156e+02 3.244099002044740221e+00 1.790574251533555383e+01
1.556232929229736328e+02 3.256099368266854199e+00 1.799574526200140667e+01
1.556382977962493896e+02 3.190097354045228428e+00 1.750073015533921250e+01
1.556521158218383789e+02 3.250099185155796988e+00 1.795074388866847670e+01
1.556689944267272949e+02 3.246099063081758995e+00 1.792074297311319242e+01
1.556835684776306152e+02 3.244099002044740221e+00 1.790574251533555383e+01
1.557481601238250732e+02 3.188097293008209654e+00 1.748572969756157036e+01
1.557673783302307129e+02 3.190097354045228428e+00 1.750073015533921250e+01
1.557848699092864990e+02 3.254099307229834981e+00 1.798074480422376453e+01
1.558009274005889893e+02 3.254099307229834981e+00 1.798074480422376453e+01
1.558247447013854980e+02 3.160096438489944148e+00 1.727572328867458040e+01
1.558528497219085693e+02 3.228098513748588694e+00 1.778573885311441316e+01
1.558708007335662842e+02 3.232098635822626687e+00 1.781573976866970099e+01
1.559256815910339355e+02 3.208097903378399174e+00 1.763573427533799176e+01
1.559398949146270752e+02 3.190097354045228428e+00 1.750073015533921250e+01
1.559591269493103027e+02 3.248099124118778214e+00 1.793574343089083456e+01
1.560050799846649170e+02 3.254099307229834981e+00 1.798074480422376453e+01
1.560212640762329102e+02 3.214098086489455941e+00 1.768073564867092173e+01
1.560397331714630127e+02 3.214098086489455941e+00 1.768073564867092173e+01
1.560583381652832031e+02 3.192097415082247647e+00 1.751573061311685819e+01
1.560748906135559082e+02 3.196097537156285640e+00 1.754573152867214247e+01
1.561146652698516846e+02 3.248099124118778214e+00 1.793574343089083456e+01
1.561447532176971436e+02 3.232098635822626687e+00 1.781573976866970099e+01
1.561611487865447998e+02 3.252099246192816207e+00 1.796574434644612239e+01
1.561813809871673584e+02 3.182097109897152443e+00 1.744072832422864039e+01
1.562036578655242920e+02 3.176096926786096120e+00 1.739572695089572107e+01
1.562415330410003662e+02 3.236098757896664679e+00 1.784574068422498527e+01
1.562601337432861328e+02 3.244099002044740221e+00 1.790574251533555383e+01
1.563157215118408203e+02 3.214098086489455941e+00 1.768073564867092173e+01
1.563351118564605713e+02 3.122095278786583883e+00 1.699071459089937974e+01
1.563657155036926270e+02 3.248099124118778214e+00 1.793574343089083456e+01
1.563938791751861572e+02 3.250099185155796988e+00 1.795074388866847670e+01
1.564221541881561279e+02 3.252099246192816207e+00 1.796574434644612239e+01
1.564646518230438232e+02 3.248099124118778214e+00 1.793574343089083456e+01
1.564883420467376709e+02 3.130095522934659868e+00 1.705071642200994830e+01
1.565194847583770752e+02 3.252099246192816207e+00 1.796574434644612239e+01
1.565432903766632080e+02 3.224098391674550701e+00 1.775573793755913243e+01
1.565584566593170166e+02 3.234098696859645461e+00 1.783074022644734313e+01
1.565794703960418701e+02 3.250099185155796988e+00 1.795074388866847670e+01
1.565935699939727783e+02 3.208097903378399174e+00 1.763573427533799176e+01
1.566060280799865723e+02 3.254099307229834981e+00 1.798074480422376453e+01
1.566689114570617676e+02 3.240098879970702228e+00 1.787574159978026600e+01
1.566858334541320801e+02 3.248099124118778214e+00 1.793574343089083456e+01
1.567007381916046143e+02 3.224098391674550701e+00 1.775573793755913243e+01
1.567184567451477051e+02 3.240098879970702228e+00 1.787574159978026600e+01
1.567433941364288330e+02 3.162096499526962923e+00 1.729072374645221899e+01
1.567850956916809082e+02 3.218098208563493934e+00 1.771073656422620246e+01
1.568442382812500000e+02 3.220098269600512708e+00 1.772573702200384460e+01
1.568578433990478516e+02 3.174096865749076901e+00 1.738072649311807893e+01
1.568790159225463867e+02 3.220098269600512708e+00 1.772573702200384460e+01
1.569192373752593994e+02 3.240098879970702228e+00 1.787574159978026600e+01
1.569346127510070801e+02 3.240098879970702228e+00 1.787574159978026600e+01
1.569459652900695801e+02 3.230098574785607468e+00 1.780073931089205530e+01
1.569594495296478271e+02 3.224098391674550701e+00 1.775573793755913243e+01
1.569740290641784668e+02 3.246099063081758995e+00 1.792074297311319242e+01
1.569870512485504150e+02 3.228098513748588694e+00 1.778573885311441316e+01
1.569997963905334473e+02 3.246099063081758995e+00 1.792074297311319242e+01
1.570475230216979980e+02 3.170096743675038908e+00 1.735072557756279110e+01
1.570666496753692627e+02 3.200097659230323188e+00 1.757573244422742320e+01
1.570816316604614258e+02 3.254099307229834981e+00 1.798074480422376453e+01
1.570960421562194824e+02 3.226098452711569475e+00 1.777073839533677102e+01
1.571132023334503174e+02 3.224098391674550701e+00 1.775573793755913243e+01
1.571574594974517822e+02 3.242098941007721002e+00 1.789074205755790459e+01
1.571846482753753662e+02 3.242098941007721002e+00 1.789074205755790459e+01
1.572447633743286133e+02 3.210097964415417948e+00 1.765073473311563390e+01
1.572591335773468018e+02 3.198097598193304414e+00 1.756073198644978106e+01
1.572819001674652100e+02 3.258099429303872974e+00 1.801074571977904526e+01
1.573170118331909180e+02 3.328101565599536293e+00 1.853576174199652016e+01
1.573407304286956787e+02 3.338101870784631053e+00 1.861076403088473086e+01
1.573550209999084473e+02 3.312101077303384766e+00 1.841575807977538659e+01
1.573728363513946533e+02 3.314101138340403541e+00 1.843075853755302873e+01
1.573843774795532227e+02 3.348102175969725369e+00 1.868576631977294156e+01
1.574018778800964355e+02 3.310101016266365548e+00 1.840075762199774090e+01
1.574196541309356689e+02 3.316101199377422759e+00 1.844575899533067087e+01
1.574603610038757324e+02 3.340101931821649828e+00 1.862576448866237300e+01
1.574832315444946289e+02 3.350102237006744588e+00 1.870076677755058370e+01
1.574992659091949463e+02 3.306100894192327555e+00 1.837075670644245662e+01
1.575135190486907959e+02 3.340101931821649828e+00 1.862576448866237300e+01
1.575290582180023193e+02 3.254099307229834981e+00 1.798074480422376453e+01
1.575677986145019531e+02 3.320101321451460752e+00 1.847575991088595870e+01
1.575949451923370361e+02 3.316101199377422759e+00 1.844575899533067087e+01
1.576527554988861084e+02 3.268099734488967734e+00 1.808574800866725596e+01
1.576664676666259766e+02 3.266099673451948515e+00 1.807074755088961382e+01
1.576835138797760010e+02 3.330101626636555068e+00 1.855076219977416230e+01
1.577371520996093750e+02 3.348102175969725369e+00 1.868576631977294156e+01
1.577679283618927002e+02 3.344102053895687376e+00 1.865576540421765372e+01
1.578191444873809814e+02 3.346102114932706595e+00 1.867076586199529942e+01
1.578349645137786865e+02 3.350102237006744588e+00 1.870076677755058370e+01
1.578655045032501221e+02 3.338101870784631053e+00 1.861076403088473086e+01
1.578901083469390869e+02 3.338101870784631053e+00 1.861076403088473086e+01
1.579051477909088135e+02 3.336101809747611835e+00 1.859576357310709227e+01
1.579189946651458740e+02 3.310101016266365548e+00 1.840075762199774090e+01
1.579344737529754639e+02 3.348102175969725369e+00 1.868576631977294156e+01
1.579512858390808105e+02 3.300100711081271232e+00 1.832575533310953730e+01
1.579642362594604492e+02 3.352102298043763362e+00 1.871576723532822228e+01
1.579821701049804688e+02 3.338101870784631053e+00 1.861076403088473086e+01
1.580300457477569580e+02 3.328101565599536293e+00 1.853576174199652016e+01
1.580490429401397705e+02 3.356102420117801355e+00 1.874576815088351367e+01
1.580634007453918457e+02 3.358102481154820573e+00 1.876076860866115226e+01
1.580788340568542480e+02 3.354102359080782580e+00 1.873076769310587153e+01
1.581084971427917480e+02 3.312101077303384766e+00 1.841575807977538659e+01
1.581380081176757812e+02 3.316101199377422759e+00 1.844575899533067087e+01
1.581560714244842529e+02 3.304100833155308781e+00 1.835575624866481803e+01
1.582108170986175537e+02 3.296100589007233239e+00 1.829575441755424947e+01
1.582240822315216064e+02 3.292100466933195246e+00 1.826575350199896519e+01
1.582432601451873779e+02 3.318101260414441533e+00 1.846075945310830946e+01
1.582842564582824707e+02 3.314101138340403541e+00 1.843075853755302873e+01
1.583007857799530029e+02 3.342101992858669046e+00 1.864076494644001869e+01
1.583205902576446533e+02 3.340101931821649828e+00 1.862576448866237300e+01
1.583334813117980957e+02 3.324101443525498301e+00 1.850576082644123943e+01
1.583497879505157471e+02 3.344102053895687376e+00 1.865576540421765372e+01
1.583631265163421631e+02 3.326101504562517075e+00 1.852076128421887802e+01
1.583870394229888916e+02 3.352102298043763362e+00 1.871576723532822228e+01
1.584245903491973877e+02 3.358102481154820573e+00 1.876076860866115226e+01
1.584399323463439941e+02 3.336101809747611835e+00 1.859576357310709227e+01
1.584549350738525391e+02 3.352102298043763362e+00 1.871576723532822228e+01
1.584698586463928223e+02 3.340101931821649828e+00 1.862576448866237300e+01
1.584842004776000977e+02 3.352102298043763362e+00 1.871576723532822228e+01
1.585232667922973633e+02 3.364102664265877340e+00 1.880576998199408223e+01
1.585505056381225586e+02 3.358102481154820573e+00 1.876076860866115226e+01
1.586068215370178223e+02 3.302100772118290006e+00 1.834075579088717589e+01
1.586256473064422607e+02 3.280100100711081712e+00 1.817575075533311590e+01
1.586652128696441650e+02 3.322101382488479526e+00 1.849076036866359729e+01
1.586903157234191895e+02 3.342101992858669046e+00 1.864076494644001869e+01
1.587037301063537598e+02 3.350102237006744588e+00 1.870076677755058370e+01
1.587187924385070801e+02 3.334101748710593061e+00 1.858076311532945013e+01
1.587327256202697754e+02 3.336101809747611835e+00 1.859576357310709227e+01
1.587478017807006836e+02 3.352102298043763362e+00 1.871576723532822228e+01
1.587607789039611816e+02 3.352102298043763362e+00 1.871576723532822228e+01
1.588223707675933838e+02 3.346102114932706595e+00 1.867076586199529942e+01
1.588395569324493408e+02 3.332101687673573842e+00 1.856576265755180088e+01
1.588569040298461914e+02 3.334101748710593061e+00 1.858076311532945013e+01
1.588685925006866455e+02 3.286100283822138035e+00 1.822075212866603522e+01
1.589088470935821533e+02 3.318101260414441533e+00 1.846075945310830946e+01
1.589354827404022217e+02 3.326101504562517075e+00 1.852076128421887802e+01
1.589943516254425049e+02 3.318101260414441533e+00 1.846075945310830946e+01
1.590080485343933105e+02 3.250099185155796988e+00 1.795074388866847670e+01
1.590317101478576660e+02 3.344102053895687376e+00 1.865576540421765372e+01
1.590615158081054688e+02 3.344102053895687376e+00 1.865576540421765372e+01
1.590916295051574707e+02 3.264099612414929741e+00 1.805574709311197523e+01
1.591445260047912598e+02 3.352102298043763362e+00 1.871576723532822228e+01
1.591654891967773438e+02 3.334101748710593061e+00 1.858076311532945013e+01
1.592099199295043945e+02 3.262099551377910522e+00 1.804074663533432599e+01
1.592249469757080078e+02 3.330101626636555068e+00 1.855076219977416230e+01
1.592363190650939941e+02 3.348102175969725369e+00 1.868576631977294156e+01
1.592511911392211914e+02 3.316101199377422759e+00 1.844575899533067087e+01
1.592673490047454834e+02 3.358102481154820573e+00 1.876076860866115226e+01
1.592845044136047363e+02 3.350102237006744588e+00 1.870076677755058370e+01
1.593004043102264404e+02 3.326101504562517075e+00 1.852076128421887802e+01
1.593367893695831299e+02 3.324101443525498301e+00 1.850576082644123943e+01
1.593570256233215332e+02 3.316101199377422759e+00 1.844575899533067087e+01
1.593752834796905518e+02 3.352102298043763362e+00 1.871576723532822228e+01
1.593887147903442383e+02 3.344102053895687376e+00 1.865576540421765372e+01
1.594104950428009033e+02 3.334101748710593061e+00 1.858076311532945013e+01
1.594559576511383057e+02 3.300100711081271232e+00 1.832575533310953730e+01
1.594754111766815186e+02 3.268099734488967734e+00 1.808574800866725596e+01
1.595303471088409424e+02 3.298100650044252014e+00 1.831075487533188806e+01
1.595433063507080078e+02 3.282100161748100042e+00 1.819075121311074739e+01
1.595660521984100342e+02 3.332101687673573842e+00 1.856576265755180088e+01
1.595950429439544678e+02 3.332101687673573842e+00 1.856576265755180088e+01
1.596254217624664307e+02 3.348102175969725369e+00 1.868576631977294156e+01
1.596433997154235840e+02 3.352102298043763362e+00 1.871576723532822228e+01
1.596598055362701416e+02 3.340101931821649828e+00 1.862576448866237300e+01
1.596769595146179199e+02 3.336101809747611835e+00 1.859576357310709227e+01
1.596942512989044189e+02 3.334101748710593061e+00 1.858076311532945013e+01
1.597321927547454834e+02 3.324101443525498301e+00 1.850576082644123943e+01
1.597527561187744141e+02 3.320101321451460752e+00 1.847575991088595870e+01
1.597698705196380615e+02 3.352102298043763362e+00 1.871576723532822228e+01
1.597859461307525635e+02 3.328101565599536293e+00 1.853576174199652016e+01
1.598021109104156494e+02 3.346102114932706595e+00 1.867076586199529942e+01
1.598296468257904053e+02 3.336101809747611835e+00 1.859576357310709227e+01
1.598616120815277100e+02 3.344102053895687376e+00 1.865576540421765372e+01
1.599230558872222900e+02 3.272099856563005726e+00 1.811574892422254379e+01
1.599371004104614258e+02 3.270099795525986508e+00 1.810074846644489810e+01
1.599586224555969238e+02 3.324101443525498301e+00 1.850576082644123943e+01
1.599914317131042480e+02 3.354102359080782580e+00 1.873076769310587153e+01
1.600200898647308350e+02 3.332101687673573842e+00 1.856576265755180088e+01
1.600349922180175781e+02 3.258099429303872974e+00 1.801074571977904526e+01
1.600497252941131592e+02 3.336101809747611835e+00 1.859576357310709227e+01
1.600638067722320557e+02 3.354102359080782580e+00 1.873076769310587153e+01
1.600807795524597168e+02 3.354102359080782580e+00 1.873076769310587153e+01
1.601060755252838135e+02 3.344102053895687376e+00 1.865576540421765372e+01
1.601481318473815918e+02 3.370102847376934108e+00 1.885077135532700510e+01
1.601633491516113281e+02 3.354102359080782580e+00 1.873076769310587153e+01
1.601774799823760986e+02 3.306100894192327555e+00 1.837075670644245662e+01
1.601923699378967285e+02 3.344102053895687376e+00 1.865576540421765372e+01
1.602086648941040039e+02 3.334101748710593061e+00 1.858076311532945013e+01
1.602427682876586914e+02 3.340101931821649828e+00 1.862576448866237300e+01
1.602707729339599609e+02 3.330101626636555068e+00 1.855076219977416230e+01
1.603282983303070068e+02 3.300100711081271232e+00 1.832575533310953730e+01
1.603426830768585205e+02 3.270099795525986508e+00 1.810074846644489810e+01
1.603653995990753174e+02 3.316101199377422759e+00 1.844575899533067087e+01
1.603942496776580811e+02 3.352102298043763362e+00 1.871576723532822228e+01
1.604301016330718994e+02 3.354102359080782580e+00 1.873076769310587153e+01
1.604770617485046387e+02 3.338101870784631053e+00 1.861076403088473086e+01
1.604981851577758789e+02 3.298100650044252014e+00 1.831075487533188806e+01
1.605327138900756836e+02 3.340101931821649828e+00 1.862576448866237300e+01
1.605612821578979492e+02 3.332101687673573842e+00 1.856576265755180088e+01
1.605749490261077881e+02 3.352102298043763362e+00 1.871576723532822228e+01
1.605878195762634277e+02 3.346102114932706595e+00 1.867076586199529942e+01
1.606002511978149414e+02 3.348102175969725369e+00 1.868576631977294156e+01
1.606153085231781006e+02 3.338101870784631053e+00 1.861076403088473086e+01
1.606296443939208984e+02 3.350102237006744588e+00 1.870076677755058370e+01
1.606809101104736328e+02 3.326101504562517075e+00 1.852076128421887802e+01
1.606999433040618896e+02 3.310101016266365548e+00 1.840075762199774090e+01
1.607171781063079834e+02 3.338101870784631053e+00 1.861076403088473086e+01
1.607345478534698486e+02 3.326101504562517075e+00 1.852076128421887802e+01
1.607522387504577637e+02 3.334101748710593061e+00 1.858076311532945013e+01
1.607939567565917969e+02 3.354102359080782580e+00 1.873076769310587153e+01
1.608067162036895752e+02 3.298100650044252014e+00 1.831075487533188806e+01
1.608613638877868652e+02 3.298100650044252014e+00 1.831075487533188806e+01
1.608749651908874512e+02 3.276099978637043719e+00 1.814574983977782807e+01
1.608956503868103027e+02 3.318101260414441533e+00 1.846075945310830946e+01
1.609244062900543213e+02 3.340101931821649828e+00 1.862576448866237300e+01
1.609500575065612793e+02 3.338101870784631053e+00 1.861076403088473086e+01
1.609689052104949951e+02 3.312101077303384766e+00 1.841575807977538659e+01
1.609834361076354980e+02 3.346102114932706595e+00 1.867076586199529942e+01
1.609989259243011475e+02 3.294100527970214021e+00 1.828075395977660733e+01
1.610147669315338135e+02 3.306100894192327555e+00 1.837075670644245662e+01
1.610633304119110107e+02 3.328101565599536293e+00 1.853576174199652016e+01
1.610833487510681152e+02 3.344102053895687376e+00 1.865576540421765372e+01
1.611001353263854980e+02 3.324101443525498301e+00 1.850576082644123943e+01
1.611134543418884277e+02 3.344102053895687376e+00 1.865576540421765372e+01
1.611300354003906250e+02 3.328101565599536293e+00 1.853576174199652016e+01
1.611442658901214600e+02 3.348102175969725369e+00 1.868576631977294156e+01
1.611827137470245361e+02 3.344102053895687376e+00 1.865576540421765372e+01
1.612011973857879639e+02 3.340101931821649828e+00 1.862576448866237300e+01
1.612559902667999268e+02 3.310101016266365548e+00 1.840075762199774090e+01
1.612748584747314453e+02 3.270099795525986508e+00 1.810074846644489810e+01
1.613061511516571045e+02 3.340101931821649828e+00 1.862576448866237300e+01
1.613337841033935547e+02 3.348102175969725369e+00 1.868576631977294156e+01
1.613480582237243652e+02 3.206097842341379955e+00 1.762073381756034962e+01
1.613634703159332275e+02 3.352102298043763362e+00 1.871576723532822228e+01
1.613800866603851318e+02 3.300100711081271232e+00 1.832575533310953730e+01
1.613925230503082275e+02 3.356102420117801355e+00 1.874576815088351367e+01
1.614102590084075928e+02 3.314101138340403541e+00 1.843075853755302873e+01
1.614576740264892578e+02 3.340101931821649828e+00 1.862576448866237300e+01
1.614779920578002930e+02 3.324101443525498301e+00 1.850576082644123943e+01
1.614951627254486084e+02 3.258099429303872974e+00 1.801074571977904526e+01
1.615143663883209229e+02 3.360102542191839348e+00 1.877576906643879440e+01
1.615308783054351807e+02 3.356102420117801355e+00 1.874576815088351367e+01
1.615738532543182373e+02 3.324101443525498301e+00 1.850576082644123943e+01
1.615923173427581787e+02 3.350102237006744588e+00 1.870076677755058370e+01
1.616478104591369629e+02 3.308100955229346773e+00 1.838575716422009876e+01
1.616627690792083740e+02 3.240098879970702228e+00 1.787574159978026600e+01
1.616799573898315430e+02 3.356102420117801355e+00 1.874576815088351367e+01
1.617085149288177490e+02 3.350102237006744588e+00 1.870076677755058370e+01
1.617366237640380859e+02 3.334101748710593061e+00 1.858076311532945013e+01
1.617663090229034424e+02 3.344102053895687376e+00 1.865576540421765372e+01
1.618073298931121826e+02 3.356102420117801355e+00 1.874576815088351367e+01
1.618416168689727783e+02 3.354102359080782580e+00 1.873076769310587153e+01
1.618742942810058594e+02 3.356102420117801355e+00 1.874576815088351367e+01
1.618917102813720703e+02 3.350102237006744588e+00 1.870076677755058370e+01
1.619105122089385986e+02 3.352102298043763362e+00 1.871576723532822228e+01
1.619249355792999268e+02 3.328101565599536293e+00 1.853576174199652016e+01
1.619394960403442383e+02 3.342101992858669046e+00 1.864076494644001869e+01
1.620038063526153564e+02 3.336101809747611835e+00 1.859576357310709227e+01
1.620169920921325684e+02 3.330101626636555068e+00 1.855076219977416230e+01
1.620297625064849854e+02 3.324101443525498301e+00 1.850576082644123943e+01
1.620453269481658936e+02 3.342101992858669046e+00 1.864076494644001869e+01
1.620640993118286133e+02 3.334101748710593061e+00 1.858076311532945013e+01
1.621136951446533203e+02 3.354102359080782580e+00 1.873076769310587153e+01
1.621266951560974121e+02 3.320101321451460752e+00 1.847575991088595870e+01
1.621832916736602783e+02 3.286100283822138035e+00 1.822075212866603522e+01
1.621971671581268311e+02 3.272099856563005726e+00 1.811574892422254379e+01
1.622178604602813721e+02 3.316101199377422759e+00 1.844575899533067087e+01
1.622468800544738770e+02 3.344102053895687376e+00 1.865576540421765372e+01
1.622755765914916992e+02 3.174096865749076901e+00 1.738072649311807893e+01
1.622930226325988770e+02 3.238098818933683454e+00 1.786074114200262386e+01
1.623067967891693115e+02 3.242098941007721002e+00 1.789074205755790459e+01
1.623220911026000977e+02 3.202097720267341963e+00 1.759073290200506179e+01
1.623421773910522461e+02 3.286100283822138035e+00 1.822075212866603522e+01
1.624002923965454102e+02 3.274099917600024501e+00 1.813074938200018593e+01
1.624151046276092529e+02 3.268099734488967734e+00 1.808574800866725596e+01
1.624295184612274170e+02 2.936089602343821436e+00 1.559567201757866073e+01
1.624434723854064941e+02 3.292100466933195246e+00 1.826575350199896519e+01
1.624587132930755615e+02 3.272099856563005726e+00 1.811574892422254379e+01
1.624899761676788330e+02 2.790085146641438030e+00 1.450063859981078451e+01
1.625178110599517822e+02 3.250099185155796988e+00 1.795074388866847670e+01
1.625358266830444336e+02 2.836086550492873837e+00 1.484564912869655373e+01
1.625945160388946533e+02 3.232098635822626687e+00 1.781573976866970099e+01
1.626087117195129395e+02 3.188097293008209654e+00 1.748572969756157036e+01
1.626297531127929688e+02 3.244099002044740221e+00 1.790574251533555383e+01
1.626734216213226318e+02 3.240098879970702228e+00 1.787574159978026600e+01
1.626894469261169434e+02 3.272099856563005726e+00 1.811574892422254379e+01
1.627016351222991943e+02 3.244099002044740221e+00 1.790574251533555383e+01
1.627154800891876221e+02 3.262099551377910522e+00 1.804074663533432599e+01
1.627311532497406006e+02 3.244099002044740221e+00 1.790574251533555383e+01
1.627524192333221436e+02 3.262099551377910522e+00 1.804074663533432599e+01
1.628004157543182373e+02 3.300100711081271232e+00 1.832575533310953730e+01
1.628234980106353760e+02 3.258099429303872974e+00 1.801074571977904526e+01
1.628375782966613770e+02 3.252099246192816207e+00 1.796574434644612239e+01
1.628525712490081787e+02 3.244099002044740221e+00 1.790574251533555383e+01
1.628697474002838135e+02 3.196097537156285640e+00 1.754573152867214247e+01
1.629247512817382812e+02 3.240098879970702228e+00 1.787574159978026600e+01
1.629365544319152832e+02 3.212098025452437167e+00 1.766573519089327959e+01
1.629921553134918213e+02 3.196097537156285640e+00 1.754573152867214247e+01
1.630063607692718506e+02 3.140095828119754628e+00 1.712571871089815900e+01
1.630235223770141602e+02 3.262099551377910522e+00 1.804074663533432599e+01
1.630518872737884521e+02 3.240098879970702228e+00 1.787574159978026600e+01
1.630800487995147705e+02 3.256099368266854199e+00 1.799574526200140667e+01
1.631095287799835205e+02 3.248099124118778214e+00 1.793574343089083456e+01
1.631451935768127441e+02 3.222098330637531483e+00 1.774073747978148319e+01
1.631667461395263672e+02 3.236098757896664679e+00 1.784574068422498527e+01
1.632080361843109131e+02 3.234098696859645461e+00 1.783074022644734313e+01
1.632242093086242676e+02 3.240098879970702228e+00 1.787574159978026600e+01
1.632381179332733154e+02 3.256099368266854199e+00 1.799574526200140667e+01
1.632562434673309326e+02 3.234098696859645461e+00 1.783074022644734313e+01
1.632750985622406006e+02 3.240098879970702228e+00 1.787574159978026600e+01
1.632898652553558350e+02 3.256099368266854199e+00 1.799574526200140667e+01
1.633253626823425293e+02 3.278100039674062494e+00 1.816075029755546666e+01
1.633617389202117920e+02 3.246099063081758995e+00 1.792074297311319242e+01
1.633828012943267822e+02 3.250099185155796988e+00 1.795074388866847670e+01
1.634000070095062256e+02 3.214098086489455941e+00 1.768073564867092173e+01
1.634232671260833740e+02 3.258099429303872974e+00 1.801074571977904526e+01
1.634522736072540283e+02 3.150096133304849388e+00 1.720072099978636970e+01
1.634704430103302002e+02 3.256099368266854199e+00 1.799574526200140667e+01
1.635257947444915771e+02 3.202097720267341963e+00 1.759073290200506179e+01
1.635402662754058838e+02 3.164096560563982141e+00 1.730572420422986823e+01
1.635595633983612061e+02 3.222098330637531483e+00 1.774073747978148319e+01
1.635995888710021973e+02 3.248099124118778214e+00 1.793574343089083456e+01
1.636153657436370850e+02 3.178096987823114450e+00 1.741072740867335966e+01
1.636272437572479248e+02 3.238098818933683454e+00 1.786074114200262386e+01
1.636423699855804443e+02 3.252099246192816207e+00 1.796574434644612239e+01
1.636625502109527588e+02 3.258099429303872974e+00 1.801074571977904526e+01
1.636773195266723633e+02 3.094094424268318377e+00 1.678070818201238623e+01
1.637039482593536377e+02 3.228098513748588694e+00 1.778573885311441316e+01
1.637500565052032471e+02 3.212098025452437167e+00 1.766573519089327959e+01
1.637704086303710938e+02 3.260099490340892192e+00 1.802574617755669451e+01
1.637905297279357910e+02 3.256099368266854199e+00 1.799574526200140667e+01
1.638214154243469238e+02 3.266099673451948515e+00 1.807074755088961382e+01
1.638446936607360840e+02 3.220098269600512708e+00 1.772573702200384460e+01
1.638624815940856934e+02 3.262099551377910522e+00 1.804074663533432599e+01
1.639168548583984375e+02 3.230098574785607468e+00 1.780073931089205530e+01
1.639307751655578613e+02 3.172096804712058127e+00 1.736572603534043679e+01
1.639505355358123779e+02 3.230098574785607468e+00 1.780073931089205530e+01
1.639818217754364014e+02 3.228098513748588694e+00 1.778573885311441316e+01
1.640030374526977539e+02 3.226098452711569475e+00 1.777073839533677102e+01
1.640156733989715576e+02 3.254099307229834981e+00 1.798074480422376453e+01
1.640316336154937744e+02 3.250099185155796988e+00 1.795074388866847670e+01
1.640465254783630371e+02 3.260099490340892192e+00 1.802574617755669451e+01
1.640588233470916748e+02 3.248099124118778214e+00 1.793574343089083456e+01
1.640740885734558105e+02 3.244099002044740221e+00 1.790574251533555383e+01
1.641293566226959229e+02 3.266099673451948515e+00 1.807074755088961382e+01
1.641470885276794434e+02 3.252099246192816207e+00 1.796574434644612239e+01
1.641629774570465088e+02 3.210097964415417948e+00 1.765073473311563390e+01
1.641768436431884766e+02 3.250099185155796988e+00 1.795074388866847670e+01
1.641893496513366699e+02 3.258099429303872974e+00 1.801074571977904526e+01
1.642384324073791504e+02 3.264099612414929741e+00 1.805574709311197523e+01
1.642576441764831543e+02 3.254099307229834981e+00 1.798074480422376453e+01
1.643150274753570557e+02 3.206097842341379955e+00 1.762073381756034962e+01
1.643291876316070557e+02 3.154096255378887381e+00 1.723072191534165754e+01
1.643521556854248047e+02 3.250099185155796988e+00 1.795074388866847670e+01
1.643811435699462891e+02 3.254099307229834981e+00 1.798074480422376453e+01
1.644109618663787842e+02 3.244099002044740221e+00 1.790574251533555383e+01
1.644371097087860107e+02 3.260099490340892192e+00 1.802574617755669451e+01
1.644686498641967773e+02 3.256099368266854199e+00 1.799574526200140667e+01
1.644929647445678711e+02 3.254099307229834981e+00 1.798074480422376453e+01
1.645356612205505371e+02 3.204097781304361181e+00 1.760573335978271103e+01
1.645519461631774902e+02 3.256099368266854199e+00 1.799574526200140667e+01
1.645677332878112793e+02 3.256099368266854199e+00 1.799574526200140667e+01
1.645822012424468994e+02 3.196097537156285640e+00 1.754573152867214247e+01
1.645990753173828125e+02 3.256099368266854199e+00 1.799574526200140667e+01
1.646176233291625977e+02 3.242098941007721002e+00 1.789074205755790459e+01
1.646723272800445557e+02 3.244099002044740221e+00 1.790574251533555383e+01
1.646917450428009033e+02 3.258099429303872974e+00 1.801074571977904526e+01
1.647133357524871826e+02 3.248099124118778214e+00 1.793574343089083456e+01
1.647406249046325684e+02 3.238098818933683454e+00 1.786074114200262386e+01
1.647898118495941162e+02 3.226098452711569475e+00 1.777073839533677102e+01
1.648095753192901611e+02 3.254099307229834981e+00 1.798074480422376453e+01
1.648642504215240479e+02 3.202097720267341963e+00 1.759073290200506179e+01
1.648783564567565918e+02 2.744083742790002223e+00 1.415562807092501707e+01
1.648984568119049072e+02 3.244099002044740221e+00 1.790574251533555383e+01
1.649387137889862061e+02 3.262099551377910522e+00 1.804074663533432599e+01
1.649527125358581543e+02 3.258099429303872974e+00 1.801074571977904526e+01
1.649681520462036133e+02 3.268099734488967734e+00 1.808574800866725596e+01
1.649824230670928955e+02 3.260099490340892192e+00 1.802574617755669451e+01
1.649977719783782959e+02 3.230098574785607468e+00 1.780073931089205530e+01
1.650132517814636230e+02 3.212098025452437167e+00 1.766573519089327959e+01
1.650313258171081543e+02 2.802085512863552008e+00 1.459064134647664090e+01
1.650698525905609131e+02 2.814085879085665542e+00 1.468064409314249197e+01
1.650905489921569824e+02 3.216098147526475159e+00 1.769573610644856387e+01
1.651076719760894775e+02 3.268099734488967734e+00 1.808574800866725596e+01
1.651207935810089111e+02 3.270099795525986508e+00 1.810074846644489810e+01
1.651392929553985596e+02 3.270099795525986508e+00 1.810074846644489810e+01
1.651766717433929443e+02 3.244099002044740221e+00 1.790574251533555383e+01
1.652043366432189941e+02 2.798085390789514015e+00 1.456064043092135485e+01
1.652654294967651367e+02 3.270099795525986508e+00 1.810074846644489810e+01
1.652927083969116211e+02 3.244099002044740221e+00 1.790574251533555383e+01
1.653225808143615723e+02 3.228098513748588694e+00 1.778573885311441316e+01
1.653508288860321045e+02 3.252099246192816207e+00 1.796574434644612239e+01
1.653694493770599365e+02 3.230098574785607468e+00 1.780073931089205530e+01
1.653875403404235840e+02 3.260099490340892192e+00 1.802574617755669451e+01
1.654027156829833984e+02 3.180097048860133668e+00 1.742572786645100180e+01
1.654231975078582764e+02 3.200097659230323188e+00 1.757573244422742320e+01
1.654688506126403809e+02 3.234098696859645461e+00 1.783074022644734313e+01
1.654870302677154541e+02 3.242098941007721002e+00 1.789074205755790459e+01
1.654990289211273193e+02 3.252099246192816207e+00 1.796574434644612239e+01
1.655132014751434326e+02 3.246099063081758995e+00 1.792074297311319242e+01
1.655314834117889404e+02 3.200097659230323188e+00 1.757573244422742320e+01
1.655773334503173828e+02 3.186097231971190435e+00 1.747072923978392822e+01
1.655959844589233398e+02 3.228098513748588694e+00 1.778573885311441316e+01
1.656523096561431885e+02 3.202097720267341963e+00 1.759073290200506179e+01
1.656660559177398682e+02 3.190097354045228428e+00 1.750073015533921250e+01
1.657027044296264648e+02 3.256099368266854199e+00 1.799574526200140667e+01
1.657308380603790283e+02 3.260099490340892192e+00 1.802574617755669451e+01
1.657589211463928223e+02 3.240098879970702228e+00 1.787574159978026600e+01
1.658010122776031494e+02 3.234098696859645461e+00 1.783074022644734313e+01
1.658208270072937012e+02 3.182097109897152443e+00 1.744072832422864039e+01
1.658948822021484375e+02 3.234098696859645461e+00 1.783074022644734313e+01
1.659096567630767822e+02 3.158096377452924930e+00 1.726072283089693826e+01
1.659316971302032471e+02 3.206097842341379955e+00 1.762073381756034962e+01
1.659535853862762451e+02 3.168096682638020134e+00 1.733572511978514896e+01
1.660014452934265137e+02 3.242098941007721002e+00 1.789074205755790459e+01
1.660211591720581055e+02 3.248099124118778214e+00 1.793574343089083456e+01
1.660394244194030762e+02 3.232098635822626687e+00 1.781573976866970099e+01
1.660571246147155762e+02 3.224098391674550701e+00 1.775573793755913243e+01
1.660750198364257812e+02 3.210097964415417948e+00 1.765073473311563390e+01
1.661287028789520264e+02 3.234098696859645461e+00 1.783074022644734313e+01
1.661406681537628174e+02 3.224098391674550701e+00 1.775573793755913243e+01
1.661960899829864502e+02 3.182097109897152443e+00 1.744072832422864039e+01
1.662093684673309326e+02 3.200097659230323188e+00 1.757573244422742320e+01
1.662312157154083252e+02 3.188097293008209654e+00 1.748572969756157036e+01
1.662721240520477295e+02 3.238098818933683454e+00 1.786074114200262386e+01
1.662898418903350830e+02 3.262099551377910522e+00 1.804074663533432599e+01
1.663047947883605957e+02 3.236098757896664679e+00 1.784574068422498527e+01
1.663210983276367188e+02 3.222098330637531483e+00 1.774073747978148319e+01
1.663358602523803711e+02 3.260099490340892192e+00 1.802574617755669451e+01
1.663504967689514160e+02 3.218098208563493934e+00 1.771073656422620246e+01
1.663766851425170898e+02 3.260099490340892192e+00 1.802574617755669451e+01
1.664032459259033203e+02 3.224098391674550701e+00 1.775573793755913243e+01
1.664235484600067139e+02 3.232098635822626687e+00 1.781573976866970099e+01
1.664422860145568848e+02 3.258099429303872974e+00 1.801074571977904526e+01
1.664548881053924561e+02 3.248099124118778214e+00 1.793574343089083456e+01
1.664736850261688232e+02 3.246099063081758995e+00 1.792074297311319242e+01
1.665206577777862549e+02 3.238098818933683454e+00 1.786074114200262386e+01
1.665397310256958008e+02 3.232098635822626687e+00 1.781573976866970099e+01
1.665958485603332520e+02 3.218098208563493934e+00 1.771073656422620246e+01
1.666101055145263672e+02 3.170096743675038908e+00 1.735072557756279110e+01
1.666300954818725586e+02 3.216098147526475159e+00 1.769573610644856387e+01
1.666699712276458740e+02 3.242098941007721002e+00 1.789074205755790459e+01
1.666871592998504639e+02 3.282100161748100042e+00 1.819075121311074739e+01
1.667025048732757568e+02 3.206097842341379955e+00 1.762073381756034962e+01
1.667160611152648926e+02 3.232098635822626687e+00 1.781573976866970099e+01
1.667311086654663086e+02 3.238098818933683454e+00 1.786074114200262386e+01
1.667443716526031494e+02 3.258099429303872974e+00 1.801074571977904526e+01
1.667595114707946777e+02 3.242098941007721002e+00 1.789074205755790459e+01
1.668122065067291260e+02 3.242098941007721002e+00 1.789074205755790459e+01
1.668274812698364258e+02 3.240098879970702228e+00 1.787574159978026600e+01
1.668410301208496094e+02 3.254099307229834981e+00 1.798074480422376453e+01
1.668590440750122070e+02 3.258099429303872974e+00 1.801074571977904526e+01
1.668809320926666260e+02 3.258099429303872974e+00 1.801074571977904526e+01
1.669189112186431885e+02 3.238098818933683454e+00 1.786074114200262386e+01
1.669367272853851318e+02 3.256099368266854199e+00 1.799574526200140667e+01
1.669920740127563477e+02 3.138095767082735410e+00 1.711071825312051686e+01
1.670126976966857910e+02 3.164096560563982141e+00 1.730572420422986823e+01
1.670448117256164551e+02 3.260099490340892192e+00 1.802574617755669451e+01
1.670833857059478760e+02 3.238098818933683454e+00 1.786074114200262386e+01
1.671102690696716309e+02 3.202097720267341963e+00 1.759073290200506179e+01
1.671545681953430176e+02 3.248099124118778214e+00 1.793574343089083456e+01
1.671801974773406982e+02 3.248099124118778214e+00 1.793574343089083456e+01
1.672201330661773682e+02 3.250099185155796988e+00 1.795074388866847670e+01
1.672388520240783691e+02 3.246099063081758995e+00 1.792074297311319242e+01
1.672528438568115234e+02 3.260099490340892192e+00 1.802574617755669451e+01
1.672660222053527832e+02 3.226098452711569475e+00 1.777073839533677102e+01
1.672816016674041748e+02 3.256099368266854199e+00 1.799574526200140667e+01
1.672981030941009521e+02 3.232098635822626687e+00 1.781573976866970099e+01
1.673618307113647461e+02 3.184097170934171661e+00 1.745572878200628963e+01
1.673730733394622803e+02 3.246099063081758995e+00 1.792074297311319242e+01
1.673854305744171143e+02 3.242098941007721002e+00 1.789074205755790459e+01
1.674000048637390137e+02 3.250099185155796988e+00 1.795074388866847670e+01
1.674180309772491455e+02 3.254099307229834981e+00 1.798074480422376453e+01
1.674762241840362549e+02 3.226098452711569475e+00 1.777073839533677102e+01
1.675350227355957031e+02 3.122095278786583883e+00 1.699071459089937974e+01
1.675486292839050293e+02 3.172096804712058127e+00 1.736572603534043679e+01
1.675705280303955078e+02 3.224098391674550701e+00 1.775573793755913243e+01
1.676205029487609863e+02 3.230098574785607468e+00 1.780073931089205530e+01
1.676344008445739746e+02 3.252099246192816207e+00 1.796574434644612239e+01
1.676470098495483398e+02 3.254099307229834981e+00 1.798074480422376453e+01
1.676625468730926514e+02 3.202097720267341963e+00 1.759073290200506179e+01
1.676747238636016846e+02 3.248099124118778214e+00 1.793574343089083456e+01
1.676876006126403809e+02 3.258099429303872974e+00 1.801074571977904526e+01
1.677173304557800293e+02 3.248099124118778214e+00 1.793574343089083456e+01
1.677526547908782959e+02 3.230098574785607468e+00 1.780073931089205530e+01
1.677686605453491211e+02 3.180097048860133668e+00 1.742572786645100180e+01
1.677852609157562256e+02 3.308100955229346773e+00 1.838575716422009876e+01
1.678033204078674316e+02 3.326101504562517075e+00 1.852076128421887802e+01
1.678221111297607422e+02 3.310101016266365548e+00 1.840075762199774090e+01
1.678586483001708984e+02 3.316101199377422759e+00 1.844575899533067087e+01
1.678780379295349121e+02 3.346102114932706595e+00 1.867076586199529942e+01
1.679336161613464355e+02 3.308100955229346773e+00 1.838575716422009876e+01
1.679471867084503174e+02 3.284100222785119261e+00 1.820575167088839663e+01
1.679743585586547852e+02 3.330101626636555068e+00 1.855076219977416230e+01
1.679945251941680908e+02 3.334101748710593061e+00 1.858076311532945013e+01
1.680217201709747314e+02 3.346102114932706595e+00 1.867076586199529942e+01
1.680360887050628662e+02 3.300100711081271232e+00 1.832575533310953730e+01
1.680540232658386230e+02 3.336101809747611835e+00 1.859576357310709227e+01
1.680689888000488281e+02 3.372102908413952882e+00 1.886577181310464368e+01
1.680861840248107910e+02 3.234098696859645461e+00 1.783074022644734313e+01
1.681180865764617920e+02 3.250099185155796988e+00 1.795074388866847670e+01
1.681478843688964844e+02 3.344102053895687376e+00 1.865576540421765372e+01
1.681677441596984863e+02 3.314101138340403541e+00 1.843075853755302873e+01
1.681845951080322266e+02 3.358102481154820573e+00 1.876076860866115226e+01
1.681970262527465820e+02 3.350102237006744588e+00 1.870076677755058370e+01
1.682397112846374512e+02 3.308100955229346773e+00 1.838575716422009876e+01
1.682671897411346436e+02 3.312101077303384766e+00 1.841575807977538659e+01
1.683257324695587158e+02 3.320101321451460752e+00 1.847575991088595870e+01
1.683391294479370117e+02 3.260099490340892192e+00 1.802574617755669451e+01
1.683514370918273926e+02 3.320101321451460752e+00 1.847575991088595870e+01
1.683856716156005859e+02 3.352102298043763362e+00 1.871576723532822228e+01
1.684137668609619141e+02 3.354102359080782580e+00 1.873076769310587153e+01
1.684431285858154297e+02 3.340101931821649828e+00 1.862576448866237300e+01
1.684791774749755859e+02 3.268099734488967734e+00 1.808574800866725596e+01
1.685024743080139160e+02 3.346102114932706595e+00 1.867076586199529942e+01
1.685426635742187500e+02 3.330101626636555068e+00 1.855076219977416230e+01
1.685573208332061768e+02 3.326101504562517075e+00 1.852076128421887802e+01
1.685723631381988525e+02 3.308100955229346773e+00 1.838575716422009876e+01
1.685886998176574707e+02 3.348102175969725369e+00 1.868576631977294156e+01
1.686046428680419922e+02 3.344102053895687376e+00 1.865576540421765372e+01
1.686182413101196289e+02 3.338101870784631053e+00 1.861076403088473086e+01
1.686475672721862793e+02 3.332101687673573842e+00 1.856576265755180088e+01
1.686908755302429199e+02 3.308100955229346773e+00 1.838575716422009876e+01
1.687067766189575195e+02 3.358102481154820573e+00 1.876076860866115226e+01
1.687304613590240479e+02 3.316101199377422759e+00 1.844575899533067087e+01
1.687485656738281250e+02 3.352102298043763362e+00 1.871576723532822228e+01
1.687876415252685547e+02 3.352102298043763362e+00 1.871576723532822228e+01
1.688057460784912109e+02 3.324101443525498301e+00 1.850576082644123943e+01
1.688597984313964844e+02 3.270099795525986508e+00 1.810074846644489810e+01
1.688739778995513916e+02 3.254099307229834981e+00 1.798074480422376453e+01
1.688945677280426025e+02 3.310101016266365548e+00 1.840075762199774090e+01
1.689351947307586670e+02 3.348102175969725369e+00 1.868576631977294156e+01
1.689505674839019775e+02 3.334101748710593061e+00 1.858076311532945013e+01
1.689632580280303955e+02 3.264099612414929741e+00 1.805574709311197523e+01
1.689794294834136963e+02 3.354102359080782580e+00 1.873076769310587153e+01
1.689972813129425049e+02 3.344102053895687376e+00 1.865576540421765372e+01
1.690091533660888672e+02 3.340101931821649828e+00 1.862576448866237300e+01
1.690250263214111328e+02 3.350102237006744588e+00 1.870076677755058370e+01
1.690798439979553223e+02 3.332101687673573842e+00 1.856576265755180088e+01
1.690955858230590820e+02 3.270099795525986508e+00 1.810074846644489810e+01
1.691116888523101807e+02 3.340101931821649828e+00 1.862576448866237300e+01
1.691267364025115967e+02 3.354102359080782580e+00 1.873076769310587153e+01
1.691425700187683105e+02 3.342101992858669046e+00 1.864076494644001869e+01
1.691813561916351318e+02 3.308100955229346773e+00 1.838575716422009876e+01
1.691996495723724365e+02 3.342101992858669046e+00 1.864076494644001869e+01
1.692540457248687744e+02 3.310101016266365548e+00 1.840075762199774090e+01
1.692728910446166992e+02 3.280100100711081712e+00 1.817575075533311590e+01
1.693027842044830322e+02 3.330101626636555068e+00 1.855076219977416230e+01
1.693374047279357910e+02 3.352102298043763362e+00 1.871576723532822228e+01
1.693518300056457520e+02 3.352102298043763362e+00 1.871576723532822228e+01
1.693639891147613525e+02 3.350102237006744588e+00 1.870076677755058370e+01
1.693777692317962646e+02 3.326101504562517075e+00 1.852076128421887802e+01
1.693933687210083008e+02 3.320101321451460752e+00 1.847575991088595870e+01
1.694057030677795410e+02 3.314101138340403541e+00 1.843075853755302873e+01
1.694650828838348389e+02 3.348102175969725369e+00 1.868576631977294156e+01
1.694798004627227783e+02 3.348102175969725369e+00 1.868576631977294156e+01
1.694962136745452881e+02 3.332101687673573842e+00 1.856576265755180088e+01
1.695155472755432129e+02 3.332101687673573842e+00 1.856576265755180088e+01
1.695298511981964111e+02 3.338101870784631053e+00 1.861076403088473086e+01
1.695728080272674561e+02 3.358102481154820573e+00 1.876076860866115226e+01
1.695923247337341309e+02 3.278100039674062494e+00 1.816075029755546666e+01
1.696473188400268555e+02 3.314101138340403541e+00 1.843075853755302873e+01
1.696611280441284180e+02 3.260099490340892192e+00 1.802574617755669451e+01
1.696840586662292480e+02 3.336101809747611835e+00 1.859576357310709227e+01
1.697130420207977295e+02 3.342101992858669046e+00 1.864076494644001869e+01
1.697431514263153076e+02 3.318101260414441533e+00 1.846075945310830946e+01
1.697942955493927002e+02 3.354102359080782580e+00 1.873076769310587153e+01
1.698176045417785645e+02 3.322101382488479526e+00 1.849076036866359729e+01
1.698466150760650635e+02 3.254099307229834981e+00 1.798074480422376453e+01
1.698760380744934082e+02 3.350102237006744588e+00 1.870076677755058370e+01
1.698934035301208496e+02 3.312101077303384766e+00 1.841575807977538659e+01
1.699095773696899414e+02 3.342101992858669046e+00 1.864076494644001869e+01
1.699250514507293701e+02 3.350102237006744588e+00 1.870076677755058370e+01
1.699390265941619873e+02 3.342101992858669046e+00 1.864076494644001869e+01
1.699962065219879150e+02 3.358102481154820573e+00 1.876076860866115226e+01
1.700128035545349121e+02 3.336101809747611835e+00 1.859576357310709227e+01
1.700274438858032227e+02 3.276099978637043719e+00 1.814574983977782807e+01
1.700423369407653809e+02 3.312101077303384766e+00 1.841575807977538659e+01
1.700572309494018555e+02 3.346102114932706595e+00 1.867076586199529942e+01
1.701040558815002441e+02 3.310101016266365548e+00 1.840075762199774090e+01
1.701231918334960938e+02 3.352102298043763362e+00 1.871576723532822228e+01
1.701778674125671387e+02 3.276099978637043719e+00 1.814574983977782807e+01
1.701912178993225098e+02 3.252099246192816207e+00 1.796574434644612239e+01
1.702137932777404785e+02 3.336101809747611835e+00 1.859576357310709227e+01
1.702393898963928223e+02 3.328101565599536293e+00 1.853576174199652016e+01
1.702680191993713379e+02 3.270099795525986508e+00 1.810074846644489810e+01
1.702816441059112549e+02 3.330101626636555068e+00 1.855076219977416230e+01
1.702962112426757812e+02 3.346102114932706595e+00 1.867076586199529942e+01
1.703123474121093750e+02 3.344102053895687376e+00 1.865576540421765372e+01
1.703273494243621826e+02 3.348102175969725369e+00 1.868576631977294156e+01
1.703434593677520752e+02 3.348102175969725369e+00 1.868576631977294156e+01
1.704010429382324219e+02 3.308100955229346773e+00 1.838575716422009876e+01
1.704176728725433350e+02 3.354102359080782580e+00 1.873076769310587153e+01
1.704394428730010986e+02 3.306100894192327555e+00 1.837075670644245662e+01
1.704616043567657471e+02 3.292100466933195246e+00 1.826575350199896519e+01
1.704978935718536377e+02 3.346102114932706595e+00 1.867076586199529942e+01
1.705170695781707764e+02 3.312101077303384766e+00 1.841575807977538659e+01
1.705717377662658691e+02 3.306100894192327555e+00 1.837075670644245662e+01
1.705906951427459717e+02 3.268099734488967734e+00 1.808574800866725596e+01
1.706272051334381104e+02 3.352102298043763362e+00 1.871576723532822228e+01
1.706582858562469482e+02 3.352102298043763362e+00 1.871576723532822228e+01
1.706732566356658936e+02 3.344102053895687376e+00 1.865576540421765372e+01
1.706914594173431396e+02 3.320101321451460752e+00 1.847575991088595870e+01
1.707038979530334473e+02 3.354102359080782580e+00 1.873076769310587153e+01
1.707168014049530029e+02 3.348102175969725369e+00 1.868576631977294156e+01
1.707426388263702393e+02 3.294100527970214021e+00 1.828075395977660733e+01
1.707914123535156250e+02 3.336101809747611835e+00 1.859576357310709227e+01
1.708118035793304443e+02 3.362102603228858566e+00 1.879076952421644009e+01
1.708285953998565674e+02 3.360102542191839348e+00 1.877576906643879440e+01
1.708729646205902100e+02 3.324101443525498301e+00 1.850576082644123943e+01
1.709000768661499023e+02 3.330101626636555068e+00 1.855076219977416230e+01
1.709569618701934814e+02 3.310101016266365548e+00 1.840075762199774090e+01
1.709711017608642578e+02 3.258099429303872974e+00 1.801074571977904526e+01
1.709887919425964355e+02 3.328101565599536293e+00 1.853576174199652016e+01
1.710169639587402344e+02 3.358102481154820573e+00 1.876076860866115226e+01
1.710450479984283447e+02 3.352102298043763362e+00 1.871576723532822228e+01
1.710745012760162354e+02 3.352102298043763362e+00 1.871576723532822228e+01
1.711103255748748779e+02 3.344102053895687376e+00 1.865576540421765372e+01
1.711300001144409180e+02 3.322101382488479526e+00 1.849076036866359729e+01
1.711594064235687256e+02 3.330101626636555068e+00 1.855076219977416230e+01
1.711889033317565918e+02 3.318101260414441533e+00 1.846075945310830946e+01
1.712031304836273193e+02 3.296100589007233239e+00 1.829575441755424947e+01
1.712169609069824219e+02 3.272099856563005726e+00 1.811574892422254379e+01
1.712317533493041992e+02 3.330101626636555068e+00 1.855076219977416230e+01
1.712460741996765137e+02 3.358102481154820573e+00 1.876076860866115226e+01
1.712627663612365723e+02 3.334101748710593061e+00 1.858076311532945013e+01
1.713163979053497314e+02 3.268099734488967734e+00 1.808574800866725596e+01
1.713349525928497314e+02 3.304100833155308781e+00 1.835575624866481803e+01
1.713497219085693359e+02 3.340101931821649828e+00 1.862576448866237300e+01
1.713692429065704346e+02 3.290100405896176028e+00 1.825075304422131950e+01
1.714076588153839111e+02 3.334101748710593061e+00 1.858076311532945013e+01
1.714338335990905762e+02 3.346102114932706595e+00 1.867076586199529942e+01
1.715047829151153564e+02 3.300100711081271232e+00 1.832575533310953730e+01
1.715177962779998779e+02 3.284100222785119261e+00 1.820575167088839663e+01
1.715490210056304932e+02 3.366102725302896115e+00 1.882077043977172082e+01
1.715700559616088867e+02 3.332101687673573842e+00 1.856576265755180088e+01
1.715958802700042725e+02 3.352102298043763362e+00 1.871576723532822228e+01
1.716094148159027100e+02 3.360102542191839348e+00 1.877576906643879440e+01
1.716240866184234619e+02 3.358102481154820573e+00 1.876076860866115226e+01
1.716366584300994873e+02 3.348102175969725369e+00 1.868576631977294156e+01
1.716507546901702881e+02 3.312101077303384766e+00 1.841575807977538659e+01
1.716690051555633545e+02 3.334101748710593061e+00 1.858076311532945013e+01
1.717343273162841797e+02 3.332101687673573842e+00 1.856576265755180088e+01
1.717507431507110596e+02 3.354102359080782580e+00 1.873076769310587153e+01
1.717630245685577393e+02 3.350102237006744588e+00 1.870076677755058370e+01
1.717798085212707520e+02 3.338101870784631053e+00 1.861076403088473086e+01
1.718270230293273926e+02 3.324101443525498301e+00 1.850576082644123943e+01
1.718460068702697754e+02 3.354102359080782580e+00 1.873076769310587153e+01
1.719005930423736572e+02 3.322101382488479526e+00 1.849076036866359729e+01
1.719147582054138184e+02 3.244099002044740221e+00 1.790574251533555383e+01
1.719339039325714111e+02 3.334101748710593061e+00 1.858076311532945013e+01
1.719649007320404053e+02 3.338101870784631053e+00 1.861076403088473086e+01
1.719863946437835693e+02 3.280100100711081712e+00 1.817575075533311590e+01
1.720000169277191162e+02 3.340101931821649828e+00 1.862576448866237300e+01
1.720131275653839111e+02 3.344102053895687376e+00 1.865576540421765372e+01
1.720329658985137939e+02 3.346102114932706595e+00 1.867076586199529942e+01
1.720483191013336182e+02 3.328101565599536293e+00 1.853576174199652016e+01
1.720749073028564453e+02 3.308100955229346773e+00 1.838575716422009876e+01
1.721145339012145996e+02 3.234098696859645461e+00 1.783074022644734313e+01
1.721295785903930664e+02 3.274099917600024501e+00 1.813074938200018593e+01
1.721455321311950684e+02 3.204097781304361181e+00 1.760573335978271103e+01
1.721635231971740723e+02 3.224098391674550701e+00 1.775573793755913243e+01
1.721820151805877686e+02 3.266099673451948515e+00 1.807074755088961382e+01
1.722216434478759766e+02 3.194097476119266421e+00 1.753073107089450033e+01
1.722396941184997559e+02 3.274099917600024501e+00 1.813074938200018593e+01
1.722949633598327637e+02 3.186097231971190435e+00 1.747072923978392822e+01
1.723134326934814453e+02 3.198097598193304414e+00 1.756073198644978106e+01
1.723440418243408203e+02 3.166096621601000916e+00 1.732072466200750682e+01
1.723723685741424561e+02 3.224098391674550701e+00 1.775573793755913243e+01
1.724006564617156982e+02 3.252099246192816207e+00 1.796574434644612239e+01
1.724431912899017334e+02 2.810085757011627550e+00 1.465064317758720591e+01
1.724671878814697266e+02 3.262099551377910522e+00 1.804074663533432599e+01
1.724987308979034424e+02 3.252099246192816207e+00 1.796574434644612239e+01
1.725223093032836914e+02 3.260099490340892192e+00 1.802574617755669451e+01
1.725345759391784668e+02 3.288100344859157254e+00 1.823575258644367736e+01
1.725465033054351807e+02 3.258099429303872974e+00 1.801074571977904526e+01
1.725589866638183594e+02 3.224098391674550701e+00 1.775573793755913243e+01
1.725738141536712646e+02 3.274099917600024501e+00 1.813074938200018593e+01
1.725883960723876953e+02 3.260099490340892192e+00 1.802574617755669451e+01
1.726356673240661621e+02 3.250099185155796988e+00 1.795074388866847670e+01
1.726578373908996582e+02 3.236098757896664679e+00 1.784574068422498527e+01
1.726721892356872559e+02 3.250099185155796988e+00 1.795074388866847670e+01
1.726853158473968506e+02 3.262099551377910522e+00 1.804074663533432599e+01
1.727064673900604248e+02 3.204097781304361181e+00 1.760573335978271103e+01
1.727554538249969482e+02 3.276099978637043719e+00 1.814574983977782807e+01
1.727747244834899902e+02 3.256099368266854199e+00 1.799574526200140667e+01
1.728293211460113525e+02 3.128095461897641094e+00 1.703571596423230616e+01
1.728426787853240967e+02 3.190097354045228428e+00 1.750073015533921250e+01
1.728634662628173828e+02 3.230098574785607468e+00 1.780073931089205530e+01
1.729044194221496582e+02 3.242098941007721002e+00 1.789074205755790459e+01
1.729231028556823730e+02 3.256099368266854199e+00 1.799574526200140667e+01
1.729382038116455078e+02 3.180097048860133668e+00 1.742572786645100180e+01
1.729516077041625977e+02 3.248099124118778214e+00 1.793574343089083456e+01
1.729704873561859131e+02 3.260099490340892192e+00 1.802574617755669451e+01
1.729899911880493164e+02 3.248099124118778214e+00 1.793574343089083456e+01
1.730491917133331299e+02 3.154096255378887381e+00 1.723072191534165754e+01
1.730651729106903076e+02 3.256099368266854199e+00 1.799574526200140667e+01
1.730808837413787842e+02 3.240098879970702228e+00 1.787574159978026600e+01
1.730977897644042969e+02 3.212098025452437167e+00 1.766573519089327959e+01
1.731349482536315918e+02 3.232098635822626687e+00 1.781573976866970099e+01
1.731621856689453125e+02 3.250099185155796988e+00 1.795074388866847670e+01
1.732212526798248291e+02 3.196097537156285640e+00 1.754573152867214247e+01
1.732352621555328369e+02 3.130095522934659868e+00 1.705071642200994830e+01
1.732535870075225830e+02 3.236098757896664679e+00 1.784574068422498527e+01
1.733017649650573730e+02 3.260099490340892192e+00 1.802574617755669451e+01
1.733175768852233887e+02 3.236098757896664679e+00 1.784574068422498527e+01
1.733318197727203369e+02 3.242098941007721002e+00 1.789074205755790459e+01
1.733487994670867920e+02 3.228098513748588694e+00 1.778573885311441316e+01
1.733642756938934326e+02 3.256099368266854199e+00 1.799574526200140667e+01
1.733846397399902344e+02 3.230098574785607468e+00 1.780073931089205530e+01
1.734207937717437744e+02 3.244099002044740221e+00 1.790574251533555383e+01
1.734462964534759521e+02 3.218098208563493934e+00 1.771073656422620246e+01
1.734641995429992676e+02 3.236098757896664679e+00 1.784574068422498527e+01
1.734824817180633545e+02 3.260099490340892192e+00 1.802574617755669451e+01
1.734999270439147949e+02 3.258099429303872974e+00 1.801074571977904526e+01
1.735459840297698975e+02 3.192097415082247647e+00 1.751573061311685819e+01
1.735578885078430176e+02 3.202097720267341963e+00 1.759073290200506179e+01
1.736123161315917969e+02 3.220098269600512708e+00 1.772573702200384460e+01
1.736311061382293701e+02 3.154096255378887381e+00 1.723072191534165754e+01
1.736615676879882812e+02 3.260099490340892192e+00 1.802574617755669451e+01
1.736896488666534424e+02 3.254099307229834981e+00 1.798074480422376453e+01
1.737175538539886475e+02 3.220098269600512708e+00 1.772573702200384460e+01
1.737594432830810547e+02 3.258099429303872974e+00 1.801074571977904526e+01
1.737803809642791748e+02 3.244099002044740221e+00 1.790574251533555383e+01
1.738238680362701416e+02 3.258099429303872974e+00 1.801074571977904526e+01
1.738463532924652100e+02 3.212098025452437167e+00 1.766573519089327959e+01
1.738580045700073242e+02 3.254099307229834981e+00 1.798074480422376453e+01
1.738719298839569092e+02 3.244099002044740221e+00 1.790574251533555383e+01
1.738872601985931396e+02 3.244099002044740221e+00 1.790574251533555383e+01
1.739014871120452881e+02 3.258099429303872974e+00 1.801074571977904526e+01
1.739525303840637207e+02 3.256099368266854199e+00 1.799574526200140667e+01
1.739778788089752197e+02 3.240098879970702228e+00 1.787574159978026600e+01
1.739913926124572754e+02 3.256099368266854199e+00 1.799574526200140667e+01
1.740067873001098633e+02 3.262099551377910522e+00 1.804074663533432599e+01
1.740236487388610840e+02 3.230098574785607468e+00 1.780073931089205530e+01
1.740705194473266602e+02 3.240098879970702228e+00 1.787574159978026600e+01
1.740900123119354248e+02 3.248099124118778214e+00 1.793574343089083456e+01
1.741449120044708252e+02 3.154096255378887381e+00 1.723072191534165754e+01
1.741585035324096680e+02 3.182097109897152443e+00 1.744072832422864039e+01
1.741806795597076416e+02 3.236098757896664679e+00 1.784574068422498527e+01
1.742121317386627197e+02 3.240098879970702228e+00 1.787574159978026600e+01
1.742368066310882568e+02 3.250099185155796988e+00 1.795074388866847670e+01
1.742546060085296631e+02 3.258099429303872974e+00 1.801074571977904526e+01
1.742702958583831787e+02 3.256099368266854199e+00 1.799574526200140667e+01
