1.939019174169133608e+00 2.851233482360839844e-01 1.075013736879115896e-02
1.948059450056459196e+00 5.589776039123535156e-01 2.653380807040412251e-03
1.948779472029785964e+00 8.354721069335937500e-01 1.132649239817558155e-02
1.969100092165898541e+00 1.106951713562011719e+00 7.158318761197660779e-03
1.969020089724417666e+00 1.379463434219360352e+00 6.954232646210347681e-03
1.959979813837092077e+00 1.666352033615112305e+00 1.417059829470106863e-02
1.969740111697744878e+00 1.934467077255249023e+00 4.921288265552661682e-03
1.969420101931821376e+00 2.205656051635742188e+00 6.443053135721722724e-03
1.967820053102206534e+00 2.477657079696655273e+00 6.958832919681761167e-03
1.968060060426648716e+00 2.746496438980102539e+00 8.256158934195427165e-03
1.971260158085879066e+00 3.015749931335449219e+00 2.771365867484638836e-03
1.969020089724417666e+00 3.283746957778930664e+00 6.327783487278195243e-03
1.969260097048860070e+00 3.556016445159912109e+00 7.020185748980768865e-03
1.967100031128879545e+00 3.823938846588134766e+00 9.017946745709951029e-03
1.970620138554032730e+00 4.096074104309082031e+00 4.543969653721085210e-03
1.969420101931821598e+00 4.364675283432006836e+00 7.081910835193057363e-03
1.971020150761436884e+00 4.635484695434570312e+00 5.095094154922965614e-03
1.965579984740745578e+00 4.906129598617553711e+00 9.470748358464129227e-03
1.970620138554033174e+00 5.180073022842407227e+00 3.176006242623378301e-03
1.970380131229590548e+00 5.447783231735229492e+00 3.563477940927721379e-03
1.969580106814782905e+00 5.717972993850708008e+00 4.742464835830436168e-03
1.949579496444593829e+00 5.990334272384643555e+00 1.412309364108228424e-02
1.945499371929075183e+00 6.262485027313232422e+00 2.009256181253232798e-02
1.937099115573595265e+00 6.531208992004394531e+00 3.090269707099800242e-02
1.946779410992767190e+00 6.802079916000366211e+00 7.152952033894812052e-03
1.941579252296517621e+00 7.072375774383544922e+00 1.041999169221611773e-02
1.947499432966094179e+00 7.342190980911254883e+00 5.586439364630526629e-03
1.945099359721671028e+00 7.612850427627563477e+00 8.082226605413581760e-03
1.945739379253517143e+00 7.882677078247070312e+00 7.081007011459502891e-03
1.946699408551286314e+00 8.149827241897583008e+00 5.592164936866790038e-03
1.957099725943784785e+00 8.432971239089965820e+00 1.424537769675558903e-02
1.970620138554033174e+00 8.702352285385131836e+00 4.020868906582329531e-03
1.970860145878474912e+00 8.971796512603759766e+00 5.542731734969170987e-03
1.967500043336283477e+00 9.239170789718627930e+00 8.755060156227192913e-03
1.968700079958494831e+00 9.509316444396972656e+00 6.662815433360798519e-03
1.968380070192571996e+00 9.777323484420776367e+00 6.058039282332743428e-03
1.967980057985168063e+00 1.004589986801147461e+01 6.632969567182725977e-03
1.969420101931821598e+00 1.031566810607910156e+01 5.844012702794144053e-03
1.971500165410321248e+00 1.058401298522949219e+01 2.499356170587352724e-03
1.967900055543687410e+00 1.085236334800720215e+01 7.330598873055248557e-03
1.967020028687398669e+00 1.111965155601501465e+01 8.802450177236522191e-03
1.968460072634052871e+00 1.138992381095886230e+01 8.217306205953818846e-03
1.969820114139225531e+00 1.165748739242553711e+01 6.332838839596333785e-03
1.969660109256264002e+00 1.192637515068054199e+01 5.059798669070623457e-03
1.969100092165898541e+00 1.219397544860839844e+01 7.841055574061809794e-03
1.967740050660725659e+00 1.246425771713256836e+01 7.687730952392532284e-03
1.968540075075533302e+00 1.273148918151855469e+01 6.911766471638963738e-03
1.967580045777764353e+00 1.300169420242309570e+01 1.028085847955100343e-02
1.968780082399975706e+00 1.327010202407836914e+01 7.691892556634054474e-03
1.937579130222480073e+00 1.354249858856201172e+01 2.785923493060167219e-02
1.951259547715689546e+00 1.380959463119506836e+01 5.028075480676914844e-03
1.945739379253517143e+00 1.407942795753479004e+01 6.921020414023510738e-03
1.944539342631305789e+00 1.434707760810852051e+01 7.925492651516702694e-03
1.945179362163152126e+00 1.461631393432617188e+01 8.524672155530899423e-03
1.947419430524613304e+00 1.488544225692749023e+01 7.193994630130362382e-03
1.946059389019440200e+00 1.515532732009887695e+01 7.735867922279161465e-03
1.945659376812036490e+00 1.542327213287353516e+01 9.086530652189499235e-03
1.945659376812036490e+00 1.569322323799133301e+01 7.155635900676976177e-03
1.960299823603015135e+00 1.597185206413269043e+01 1.328281477931879048e-02
1.972060182500686487e+00 1.624170875549316406e+01 2.939477397070954477e-03
1.964619955442975963e+00 1.651408743858337402e+01 1.153145767006581550e-02
1.967340038453321727e+00 1.679121279716491699e+01 1.206525941626252797e-02
1.970860145878475356e+00 1.705846285820007324e+01 3.487225576511549918e-03
1.969900116580706184e+00 1.732755279541015625e+01 5.822067402968126096e-03
1.969500104373302696e+00 1.759725737571716309e+01 6.512218393123627574e-03
1.968940087282937235e+00 1.786739993095397949e+01 7.696051910507852901e-03
1.968060060426648716e+00 1.813674497604370117e+01 7.652684129269427503e-03
1.968140062868129370e+00 1.840630793571472168e+01 9.854924028884959677e-03
1.971100153202917538e+00 1.867716908454895020e+01 5.429567137545615249e-03
1.966540014038514528e+00 1.894451141357421875e+01 7.403576532031183252e-03
1.969180094607379417e+00 1.921331024169921875e+01 6.301430277995713480e-03
1.972380192266609766e+00 1.948055601119995117e+01 3.233919960430309964e-03
1.969420101931821598e+00 1.975084924697875977e+01 6.317660646870270139e-03
1.967820053102206312e+00 2.001825881004333496e+01 7.361094156621048046e-03
1.968940087282937235e+00 2.028753542900085449e+01 6.224786337860035469e-03
1.969100092165898541e+00 2.055529832839965820e+01 6.743973302758604106e-03
1.962539891964476313e+00 2.082589340209960938e+01 1.318560622130246322e-02
1.925418759117404788e+00 2.109767103195190430e+01 4.170775193254073338e-02
1.934139025238807319e+00 2.137107181549072266e+01 3.423543684674026227e-02
1.946539403668324786e+00 2.163938832283020020e+01 8.300229206472787766e-03
1.948139452497939850e+00 2.190879559516906738e+01 3.856748352441257723e-03
1.947579435407574611e+00 2.218115043640136719e+01 6.306506755317875870e-03
1.947819442732017015e+00 2.245597028732299805e+01 3.723338036289869628e-03
1.945979386577959547e+00 2.272566866874694824e+01 5.726744420185716708e-03
1.947259425641651331e+00 2.299683666229248047e+01 5.769058098423643019e-03
1.947339428083132207e+00 2.327130293846130371e+01 8.017825367087300786e-03
1.970140123905148588e+00 2.354376029968261719e+01 6.286176248655049766e-03
1.971500165410321692e+00 2.381320977210998535e+01 4.980754373768213859e-03
1.970380131229590548e+00 2.408370828628540039e+01 6.240190435499151991e-03
1.969500104373302252e+00 2.435128617286682129e+01 7.233919677201605669e-03
1.972540197149571073e+00 2.462062072753906250e+01 3.500049669715632212e-03
1.965899994506668191e+00 2.489208388328552246e+01 1.083612323362539639e-02
1.969180094607379417e+00 2.516085553169250488e+01 7.527885410397707790e-03
1.969340099490340723e+00 2.543284773826599121e+01 7.587167682480883135e-03
1.971260158085879066e+00 2.570334601402282715e+01 5.542731734969170120e-03
1.966140001831110817e+00 2.597371602058410645e+01 9.320885289846795110e-03
1.970940148319956231e+00 2.624196529388427734e+01 4.998712341174703713e-03
1.970140123905148366e+00 2.651263093948364258e+01 5.892004654359410572e-03
1.966300006714072124e+00 2.678141641616821289e+01 9.352418859612070257e-03
1.970620138554033396e+00 2.705157756805419922e+01 4.437071288305583297e-03
