1.365721678518021287e+00 2.813432216644287109e-01 5.297104169109299009e-03
1.368361759086886398e+00 5.551183223724365234e-01 2.444987701492948827e-03
1.368201754203924647e+00 8.268263339996337891e-01 2.880087893307274865e-03
1.366361698049867401e+00 1.104791164398193359e+00 6.827916625351663528e-03
1.376922020325327400e+00 1.376394987106323242e+00 2.405400827547395440e-03
1.376442005676442815e+00 1.647561073303222656e+00 2.653380807040453017e-03
1.375321971495712114e+00 1.923067331314086914e+00 5.539266444392903707e-03
1.376522008117923690e+00 2.198097705841064453e+00 3.545471368185153932e-03
1.376682013000885219e+00 2.470550298690795898e+00 2.755152137806255418e-03
1.376922020325327178e+00 2.742505073547363281e+00 2.658200757983117130e-03
1.377482037415692862e+00 3.014958381652832031e+00 1.745447205163199811e-03
1.376922020325327400e+00 3.282508850097656250e+00 2.888963377808492859e-03
1.376602010559404565e+00 3.551748514175415039e+00 2.624275201220608884e-03
1.377242030091250236e+00 3.818646907806396484e+00 2.993417261264323930e-03
1.377482037415693084e+00 4.087978363037109375e+00 1.329100378991573310e-03
1.376842017883846747e+00 4.355611324310302734e+00 1.264949667267674946e-03
1.376282000793481508e+00 4.624059915542602539e+00 2.846558370012632847e-03
1.376842017883846525e+00 4.891433000564575195e+00 2.713014787890911071e-03
1.377322032532731333e+00 5.164498805999755859e+00 1.685756045648298352e-03
1.377962052064577225e+00 5.431863069534301758e+00 1.916722261835162536e-03
1.377482037415692639e+00 5.700552225112915039e+00 2.228610136133448057e-03
1.376522008117923690e+00 5.967607736587524414e+00 2.787485289729631482e-03
1.367801741996520715e+00 6.237800598144531250e+00 1.046656993687856627e-02
1.369721800592059058e+00 6.504966735839843750e+00 3.081911697962329971e-03
1.365961685842463469e+00 6.774500131607055664e+00 7.233034848175281042e-03
1.368521763969847926e+00 7.041719675064086914e+00 3.163891743639058590e-03
1.367641737113559630e+00 7.309977054595947266e+00 2.939477397070903737e-03
1.367161722464675044e+00 7.578711032867431641e+00 4.160126956999395630e-03
1.367721739555040283e+00 7.848356008529663086e+00 3.283025714583013167e-03
1.368921776177251637e+00 8.115366220474243164e+00 2.045936333428961459e-03
1.368601766411328580e+00 8.384878873825073242e+00 2.001660446340498573e-03
1.373241908017212465e+00 8.665870189666748047e+00 5.215521089234450430e-03
1.377002022766808498e+00 8.937842607498168945e+00 1.886429748875536033e-03
1.376922020325327400e+00 9.206979274749755859e+00 1.796050356758610491e-03
1.376522008117923468e+00 9.482314586639404297e+00 2.483943755349240796e-03
1.376602010559404565e+00 9.757480859756469727e+00 2.562576984130886162e-03
1.376602010559404343e+00 1.003083252906799316e+01 2.684555803831508228e-03
1.376362003234962383e+00 1.030189824104309082e+01 3.472511478914090417e-03
1.376282000793481508e+00 1.057166743278503418e+01 2.789780461209243490e-03
1.376522008117923690e+00 1.084299588203430176e+01 2.844309014963574377e-03
1.375801986144597144e+00 1.111587071418762207e+01 3.592100713517144654e-03
1.377642042298654168e+00 1.138670921325683594e+01 1.788908975169257922e-03
1.377642042298654390e+00 1.165705919265747070e+01 1.131405377650504659e-03
1.376682013000885219e+00 1.193058085441589355e+01 2.636441586337547310e-03
1.377002022766808054e+00 1.220000314712524414e+01 2.199703463201142274e-03
1.376602010559404565e+00 1.247146821022033691e+01 2.367856035143360658e-03
1.377082025208289151e+00 1.273993730545043945e+01 1.148251049393718371e-03
1.376442005676443037e+00 1.301246213912963867e+01 2.190957092724959109e-03
1.377082025208289151e+00 1.328325319290161133e+01 2.125717712650242262e-03
1.373321910458693340e+00 1.355535244941711426e+01 6.642611917915261684e-03
1.367001717581713294e+00 1.382600235939025879e+01 8.316406753339104785e-03
1.363241602832117705e+00 1.409843993186950684e+01 1.309696412262171400e-02
1.367561734672078755e+00 1.436830234527587891e+01 3.263472081963582957e-03
1.368121751762443994e+00 1.463850474357604980e+01 2.076984182246556856e-03
1.367961746879482465e+00 1.490824747085571289e+01 2.911033701484038762e-03
1.367401729789117448e+00 1.517986464500427246e+01 3.948588558720812942e-03
1.367321727347636129e+00 1.545157861709594727e+01 3.481715077030089148e-03
1.367481732230598102e+00 1.572428274154663086e+01 3.073593432595447209e-03
1.367561734672078755e+00 1.601110696792602539e+01 6.579684058406965602e-03
1.376442005676443037e+00 1.628128886222839355e+01 2.332451938722434562e-03
1.377322032532731333e+00 1.654808974266052246e+01 1.249678085293691541e-03
1.376282000793481508e+00 1.682169508934020996e+01 3.165914046014755515e-03
1.374201937314981858e+00 1.710525059700012207e+01 4.627710782998846473e-03
1.377402034974211986e+00 1.737849617004394531e+01 1.571798583837193987e-03
1.377082025208289151e+00 1.765027213096618652e+01 2.271280444630970150e-03
1.376922020325327845e+00 1.791997623443603516e+01 2.196791875607057801e-03
1.376762015442366094e+00 1.819178652763366699e+01 2.705928102418339674e-03
1.376201998352000633e+00 1.846207809448242188e+01 2.708292391294391151e-03
1.375721983703116047e+00 1.873196363449096680e+01 3.331407716680394922e-03
1.375801986144597144e+00 1.899922585487365723e+01 3.680112308114929977e-03
1.377242030091250236e+00 1.926917767524719238e+01 2.190957092724921812e-03
1.377242030091250680e+00 1.953749847412109375e+01 1.876223561728538464e-03
1.377562039857173515e+00 1.980660438537597656e+01 1.899952715881549894e-03
1.377082025208289151e+00 2.007364821434020996e+01 1.399471163233460824e-03
1.376282000793481508e+00 2.034264588356018066e+01 3.216058345070495119e-03
1.376762015442365872e+00 2.061067557334899902e+01 2.254309244635400392e-03
1.376682013000885219e+00 2.087980318069458008e+01 2.512127618948109629e-03
1.364681646778771462e+00 2.115064287185668945e+01 1.207639437865092036e-02
1.365401668752098230e+00 2.142197799682617188e+01 1.093607331508410913e-02
1.366681707815790681e+00 2.168914318084716797e+01 7.260414405168395986e-03
1.366121690725424775e+00 2.196108460426330566e+01 3.687062479194187867e-03
1.367881744438001590e+00 2.222943043708801270e+01 2.587432822790699909e-03
1.367881744438001590e+00 2.250765967369079590e+01 2.823984196313931560e-03
1.368521763969848148e+00 2.277664494514465332e+01 1.723305329388013672e-03
1.367881744438001590e+00 2.304990744590759277e+01 2.880087893307259252e-03
1.367721739555040283e+00 2.332107186317443848e+01 3.184056968448473537e-03
1.372041871395001333e+00 2.359982848167419434e+01 5.426029575781740610e-03
1.377482037415692639e+00 2.386897850036621094e+01 1.651231786839117482e-03
1.376362003234962383e+00 2.414127898216247559e+01 3.283025714583070413e-03
1.376762015442365872e+00 2.441067242622375488e+01 1.949828721163002383e-03
1.377562039857173737e+00 2.468141531944274902e+01 1.526349302751239638e-03
1.375801986144596700e+00 2.495188403129577637e+01 3.114962634544688694e-03
1.377242030091250680e+00 2.521903038024902344e+01 1.788908975169279823e-03
1.375961991027558229e+00 2.548873353004455566e+01 2.798942326466896495e-03
1.377482037415692862e+00 2.575653958320617676e+01 1.329100378991573310e-03
1.375001961729789279e+00 2.602682876586914062e+01 3.538243080609045858e-03
1.375001961729789279e+00 2.629455852508544922e+01 3.399868453491307341e-03
1.377402034974211986e+00 2.656368517875671387e+01 2.313163759323910197e-03
1.377722044740135265e+00 2.683145475387573242e+01 1.223802030736346807e-03
1.376762015442366094e+00 2.710032749176025391e+01 3.092278063251453074e-03
