2.398473195593127105e+00 2.798140048980712891e-01 1.819066233640229124e-02
2.405913422650837852e+00 5.524802207946777344e-01 1.195922778886008599e-02
2.403273342081972519e+00 8.228359222412109375e-01 1.250957837892496989e-02
2.405033395794549111e+00 1.094216823577880859e+00 1.055486615405451176e-02
2.405753417767876101e+00 1.364524364471435547e+00 1.229905819377547296e-02
2.408553503219702741e+00 1.636225700378417969e+00 5.193384847005310181e-03
2.407993486129337501e+00 1.913882732391357422e+00 6.939491277971613498e-03
2.409353527634510161e+00 2.186914682388305664e+00 3.955066969243824226e-03
2.408233493453780127e+00 2.458678483963012695e+00 7.816529221908683281e-03
2.402313312784203791e+00 2.727957725524902344e+00 1.265354386416461634e-02
2.407833481246375751e+00 2.997501611709594727e+00 7.229494449114344176e-03
2.406873451948607023e+00 3.265321969985961914e+00 6.905281333115366113e-03
2.408073488570818377e+00 3.535011529922485352e+00 1.137048332245464179e-02
2.409433530075991037e+00 3.803000688552856445e+00 3.609874699890253287e-03
2.408633505661183172e+00 4.074237823486328125e+00 5.671716086963923299e-03
2.376312519302957060e+00 4.345288991928100586e+00 3.809712567273029066e-02
2.362072084719382126e+00 4.616389989852905273e+00 4.599270711180780680e-02
2.364312153080843082e+00 4.887087106704711914e+00 3.504764429486476041e-02
2.376072511978515323e+00 5.161840677261352539e+00 8.236755478618490445e-03
2.374632468031861343e+00 5.431350469589233398e+00 9.440966057177500870e-03
2.376072511978514878e+00 5.702911615371704102e+00 8.908694852319265500e-03
2.375272487563707458e+00 5.970172166824340820e+00 1.179866502968401551e-02
2.375432492446668764e+00 6.240372896194458008e+00 1.128176264261730906e-02
2.377112543717764925e+00 6.508722066879272461e+00 7.313115903082879551e-03
2.392153002716147281e+00 6.787990331649780273e+00 1.907919855296016237e-02
2.407113459273049205e+00 7.056400775909423828e+00 1.015306316804238766e-02
2.410073549607837151e+00 7.324824333190917969e+00 8.060022644214685089e-03
2.407353466597490943e+00 7.592301130294799805e+00 1.193190217275810761e-02
2.401833298135318984e+00 7.877329349517822266e+00 1.577205068233854604e-02
2.409353527634510606e+00 8.146599054336547852e+00 9.361994951057528089e-03
2.407113459273049205e+00 8.414725780487060547e+00 1.049405171520655447e-02
2.412393620410779427e+00 8.682340860366821289e+00 5.591020291488492562e-03
2.403593351847895576e+00 8.951764345169067383e+00 1.359194156535959049e-02
2.410473561815241084e+00 9.218839406967163086e+00 6.171087774869893523e-03
2.408713508102664047e+00 9.487796306610107422e+00 9.628917844326553843e-03
2.406233432416760909e+00 9.755034208297729492e+00 1.259778101019800624e-02
2.409993547166356276e+00 1.002462577819824219e+01 1.049953943908976672e-02
2.410633566698202390e+00 1.029674696922302246e+01 8.791536691810148199e-03
2.410153552049317582e+00 1.056533455848693848e+01 1.059058287469890995e-02
2.409273525193029730e+00 1.083544278144836426e+01 4.766695583130032589e-03
2.413113642384105972e+00 1.110373592376708984e+01 4.275455025616736217e-03
2.409833542283394525e+00 1.137418556213378906e+01 6.842898358395029836e-03
2.403593351847895576e+00 1.164603519439697266e+01 1.486280870658146687e-02
2.342631491439558289e+00 1.191629338264465332e+01 6.755001776067405539e-02
2.382392704855495147e+00 1.218456435203552246e+01 7.412216488912016024e-03
2.372472402111880818e+00 1.245747113227844238e+01 1.469738698535466397e-02
2.373912446058534353e+00 1.272756075859069824e+01 1.197259991973295343e-02
2.373352428968169558e+00 1.299994277954101562e+01 1.074656450965457734e-02
2.375752502212592265e+00 1.326983404159545898e+01 1.006696505603337649e-02
2.369352306894131122e+00 1.353845071792602539e+01 1.529365475134990444e-02
2.376072511978514878e+00 1.380631899833679199e+01 8.040145862676307403e-03
2.372232394787438636e+00 1.407668495178222656e+01 1.202593975398866429e-02
2.402553320108645973e+00 1.435007858276367188e+01 1.812262799510195102e-02
2.409353527634510161e+00 1.461877346038818359e+01 3.704380857625034964e-03
2.403593351847896020e+00 1.488707065582275391e+01 1.296533300168783986e-02
2.407753478804894876e+00 1.515809893608093262e+01 9.544797557349483236e-03
2.409193522751548855e+00 1.542529940605163574e+01 8.910131622726434608e-03
2.409433530075991037e+00 1.569419860839843750e+01 4.260458644701701700e-03
2.404953393353068680e+00 1.596226501464843750e+01 1.247217279324681558e-02
2.406793449507126148e+00 1.623073148727416992e+01 1.117001410886949049e-02
2.411913605761894619e+00 1.649740958213806152e+01 4.378991934917762612e-03
2.405753417767876545e+00 1.677295660972595215e+01 1.075846942580021941e-02
2.409433530075991037e+00 1.704656744003295898e+01 4.857143183977894081e-03
2.404793388470107374e+00 1.731500816345214844e+01 1.217089318985519961e-02
2.409913544724875401e+00 1.758878493309020996e+01 6.347980740958914479e-03
2.407753478804894876e+00 1.785915827751159668e+01 1.133778839419947136e-02
2.406633444624164397e+00 1.813026213645935059e+01 1.340512468011986584e-02
2.405913422650837852e+00 1.840000081062316895e+01 9.926752456761089513e-03
2.410073549607837595e+00 1.867081761360168457e+01 7.568586146288772305e-03
2.405673415326395670e+00 1.893994164466857910e+01 1.111429437290667281e-02
2.396953149204992695e+00 1.921560168266296387e+01 2.017648250934427415e-02
2.364152148197882219e+00 1.948310160636901855e+01 3.985486855337281448e-02
2.373832443617053922e+00 1.975205469131469727e+01 2.191920901854333206e-02
2.376312519302957060e+00 2.001895236968994141e+01 8.806085000109906830e-03
2.376872536393322743e+00 2.028837704658508301e+01 1.085205915156341010e-02
2.373112421643726933e+00 2.055602502822875977e+01 1.049405171520663774e-02
2.377512555925168414e+00 2.082510542869567871e+01 7.451831266047715882e-03
2.376632529068880118e+00 2.109243822097778320e+01 1.026902313913678061e-02
2.377832565691091915e+00 2.136148214340209961e+01 5.833050373309160708e-03
2.380312641376995053e+00 2.163808989524841309e+01 1.633029933976489975e-02
2.410873574022644572e+00 2.190759301185607910e+01 6.196962470218264803e-03
2.407273464156010512e+00 2.217580103874206543e+01 1.182575729274761706e-02
2.407193461714529636e+00 2.244520783424377441e+01 1.104323518310989204e-02
2.408073488570818377e+00 2.271580171585083008e+01 9.295443705327208553e-03
2.398873207800531038e+00 2.299903631210327148e+01 2.139971846773256955e-02
2.409673537400433219e+00 2.326818776130676270e+01 8.597936492280480736e-03
2.411513593554490686e+00 2.353803515434265137e+01 5.107640576664220812e-03
2.407353466597491387e+00 2.380831694602966309e+01 1.074656450965445938e-02
2.409353527634510161e+00 2.407908415794372559e+01 8.779880688418954110e-03
2.409593534958952343e+00 2.434772062301635742e+01 9.073842914115023625e-03
2.410633566698202390e+00 2.461766862869262695e+01 8.246850973023880232e-03
2.409833542283394525e+00 2.489180088043212891e+01 4.777425356038212008e-03
2.409433530075991037e+00 2.516044688224792480e+01 9.495046213454549217e-03
2.405993425092318727e+00 2.543177819252014160e+01 1.069582078902196060e-02
2.405353405560472169e+00 2.570117402076721191e+01 1.223645122981269380e-02
2.408713508102664047e+00 2.597464632987976074e+01 6.990950074850127947e-03
2.409273525193029730e+00 2.624880385398864746e+01 7.200219733268246360e-03
2.409833542283394969e+00 2.652077364921569824e+01 7.511713779667608844e-03
2.371832382580034704e+00 2.679080605506896973e+01 3.869307144206066834e-02
2.362632101809747365e+00 2.706002449989318848e+01 4.359406372464506851e-02
