1.160515416119876742e+00 2.796540260314941406e-01 2.282524475948909809e-03
1.161155435651722634e+00 5.515222549438476562e-01 1.394890230604539563e-03
1.160915428327280452e+00 8.208992481231689453e-01 1.505236953964417300e-03
1.161715452742087873e+00 1.091146469116210938e+00 9.260952144062149392e-04
1.161315440534684162e+00 1.359982490539550781e+00 1.588003121311601547e-03
1.160515416119876519e+00 1.631625890731811523e+00 2.483943755349182249e-03
1.161875457625049401e+00 1.899806499481201172e+00 5.426029575781220410e-04
1.160995430768761105e+00 2.171003341674804688e+00 1.612004528842876172e-03
1.161715452742087873e+00 2.440843105316162109e+00 9.260952144062278412e-04
1.159715391705069099e+00 2.709702730178833008e+00 2.092335345906853796e-03
1.157555325785088574e+00 2.979075193405151367e+00 2.729478834560676668e-03
1.158515355082857745e+00 3.247243165969848633e+00 1.024531144198513122e-03
1.157475323343607920e+00 3.516771316528320312e+00 1.444481688904246429e-03
1.158035340433973159e+00 3.783730983734130859e+00 0.000000000000000000e+00
1.157475323343607698e+00 4.053618669509887695e+00 1.202700413773697720e-03
1.157635328226569227e+00 4.322562217712402344e+00 1.600048829615166026e-03
1.157635328226569227e+00 4.592249393463134766e+00 1.385682933742319635e-03
1.158115342875453813e+00 4.860976219177246094e+00 3.919303196094654361e-04
1.158115342875453813e+00 5.143141746520996094e+00 2.365151458549524539e-03
1.161475445417645691e+00 5.410939693450927734e+00 1.329100378991488743e-03
1.161395442976165038e+00 5.681760787963867188e+00 1.229020826398003570e-03
1.161715452742087873e+00 5.949844121932983398e+00 9.260952144062278412e-04
1.160995430768761105e+00 6.239520788192749023e+00 2.408060199092018107e-03
1.159955399029511280e+00 6.524887561798095703e+00 2.855538071718124842e-03
1.160035401470992156e+00 6.808680534362792969e+00 1.788908975169200243e-03
1.160115403912472809e+00 7.089615583419799805e+00 1.831339590810528292e-03
1.161235438093203287e+00 7.358863115310668945e+00 1.131405377650404045e-03
1.161795455183568526e+00 7.625404596328735352e+00 6.499429070542619199e-04
1.160515416119876519e+00 7.903540134429931641e+00 1.982382368446983841e-03
1.159075372173222984e+00 8.196471929550170898e+00 2.340669645701197888e-03
1.159315379497665166e+00 8.485994338989257812e+00 3.143597167674275217e-03
1.160595418561357395e+00 8.758559703826904297e+00 1.920058595538150139e-03
1.161075433210241981e+00 9.027633905410766602e+00 1.280039063692057881e-03
1.158835364848780580e+00 9.359057188034057617e+00 3.532812159402178714e-03
1.159875396588030405e+00 9.655654668807983398e+00 2.394733809011384378e-03
1.161315440534684162e+00 9.929978370666503906e+00 1.588003121311608919e-03
1.152915184179204688e+00 1.027066111564636230e+01 6.121101765485591033e-03
1.152915184179204466e+00 1.058321547508239746e+01 6.015630365543988417e-03
1.152995186620685564e+00 1.088786625862121582e+01 3.883210058009957302e-03
1.154915245216223685e+00 1.118557095527648926e+01 2.122704645632290249e-03
1.157475323343607698e+00 1.145179224014282227e+01 1.202700413773697720e-03
1.155795272072511981e+00 1.173481702804565430e+01 2.672608455695725006e-03
1.156355289162877220e+00 1.202026724815368652e+01 1.462097970288832446e-03
1.155555264748069577e+00 1.230596423149108887e+01 2.609600667540208120e-03
1.154755240333261934e+00 1.261572885513305664e+01 2.392059621902531841e-03
1.157315318460646170e+00 1.292771530151367188e+01 1.865961550977947693e-03
1.159315379497665166e+00 1.321984982490539551e+01 2.458041652796094309e-03
1.160435413678395866e+00 1.349531888961791992e+01 1.959651598047233018e-03
1.161795455183568526e+00 1.376322031021118164e+01 8.616526646939786467e-04
1.161155435651722634e+00 1.403377676010131836e+01 1.394890230604539563e-03
1.160915428327280452e+00 1.430168628692626953e+01 1.505236953964415782e-03
1.161875457625049401e+00 1.457016420364379883e+01 9.666731784117630439e-04
1.161955460066530277e+00 1.483608698844909668e+01 3.919303196094219596e-04
1.161715452742087873e+00 1.510406231880187988e+01 9.260952144062148308e-04
1.161315440534684384e+00 1.536962985992431641e+01 1.483824242001484947e-03
1.161795455183568748e+00 1.563691711425781250e+01 6.499429070542619199e-04
1.160915428327280452e+00 1.590224432945251465e+01 1.608029172535179472e-03
1.161315440534684162e+00 1.616971969604492188e+01 1.249678085293599384e-03
1.161875457625049401e+00 1.643505835533142090e+01 5.426029575781219326e-04
1.161315440534684162e+00 1.670279836654663086e+01 1.249678085293599384e-03
1.161875457625049401e+00 1.696891450881958008e+01 7.838606392188683138e-04
1.161795455183568748e+00 1.723611712455749512e+01 6.499429070542619199e-04
1.161715452742087873e+00 1.750196242332458496e+01 7.332344877336325955e-04
1.155555264748069577e+00 1.777116990089416504e+01 6.818536326066951259e-03
1.158275347758415341e+00 1.803979325294494629e+01 1.175790958828396363e-03
1.156755301370281153e+00 1.830575704574584961e+01 2.986995908296095990e-03
1.157955337992492506e+00 1.857359695434570312e+01 8.908694852319380426e-04
1.157875335551011631e+00 1.884008193016052246e+01 7.838606392189308722e-04
1.157315318460646170e+00 1.910831522941589355e+01 1.371756118633128945e-03
1.157955337992492284e+00 1.937382102012634277e+01 6.882070237750396958e-04
1.157955337992492284e+00 1.964132976531982422e+01 3.919303196094654361e-04
1.157555325785088574e+00 1.990679264068603516e+01 1.417646874882837454e-03
1.159715391705069099e+00 2.018245482444763184e+01 2.014410004836918525e-03
1.160675421002838270e+00 2.045031881332397461e+01 1.670500021040523817e-03
1.161315440534684384e+00 2.071901917457580566e+01 1.114305068066626667e-03
1.161795455183568748e+00 2.098618340492248535e+01 8.616526646939942592e-04
1.161235438093203509e+00 2.125499844551086426e+01 1.264949667267579536e-03
1.161155435651722634e+00 2.152280688285827637e+01 1.275029106841048167e-03
1.161475445417645691e+00 2.179201555252075195e+01 1.202700413773615104e-03
1.161635450300607220e+00 2.205839824676513672e+01 1.131405377650426163e-03
1.161635450300607220e+00 2.232716774940490723e+01 9.798257990235874522e-04
1.161155435651722634e+00 2.259715223312377930e+01 1.394890230604539563e-03
1.161315440534684162e+00 2.286631131172180176e+01 1.114305068066626450e-03
1.161955460066530277e+00 2.313251686096191406e+01 6.882070237749900394e-04
1.160355411236915213e+00 2.340048599243164062e+01 1.848731620138200716e-03
1.161635450300607220e+00 2.366721963882446289e+01 8.000244148075097211e-04
1.161795455183568748e+00 2.393538951873779297e+01 1.030759354417096598e-03
1.160515416119876519e+00 2.420181632041931152e+01 1.723305329388000661e-03
1.161795455183568748e+00 2.446938586235046387e+01 6.499429070542619199e-04
1.161715452742087873e+00 2.473494720458984375e+01 9.260952144062278412e-04
1.160995430768761105e+00 2.500259017944335938e+01 1.612004528842876172e-03
1.152995186620685564e+00 2.527100229263305664e+01 7.507452297631918639e-03
1.158115342875454035e+00 2.553722906112670898e+01 1.440043946653677331e-03
1.156915306253242681e+00 2.580648922920227051e+01 3.253651198780681784e-03
1.157875335551011631e+00 2.607187533378601074e+01 1.592028484224271680e-03
1.157875335551011631e+00 2.633921861648559570e+01 9.666731784118306981e-04
1.157555325785088574e+00 2.660661363601684570e+01 1.723305329388073954e-03
1.156995308694723334e+00 2.688479828834533691e+01 2.049062288396961626e-03
1.156675298928800277e+00 2.715075111389160156e+01 1.763686438242594327e-03
1.157475323343607920e+00 2.741848254203796387e+01 1.061352322816181337e-03
