1.710612203741569415e+00 2.779715061187744141e-01 8.864039459073987798e-03
1.720772513809625259e+00 5.573751926422119141e-01 9.379070795967598892e-03
1.730212801904355002e+00 8.313765525817871094e-01 7.897987541489884591e-03
1.734052919095431466e+00 1.101113796234130859e+00 5.059798669070570548e-03
1.732852882473219669e+00 1.370419740676879883e+00 5.484691059808740297e-03
1.735252955717643042e+00 1.645740270614624023e+00 3.577817950338479415e-03
1.733732909329508187e+00 1.917476415634155273e+00 5.416584782588695565e-03
1.729732787255470416e+00 2.193985462188720703e+00 7.103568105430014754e-03
1.733812911770989063e+00 2.464325904846191406e+00 5.346414182525660239e-03
1.734532933744316052e+00 2.731785774230957031e+00 2.418668445156153812e-03
1.734452931302835177e+00 2.999710559844970703e+00 4.525621510601918890e-03
1.733412899563585130e+00 3.268030166625976562e+00 3.948588558720794728e-03
1.732212862941373999e+00 3.538273811340332031e+00 5.822067402968090534e-03
1.735732970366527406e+00 3.804705858230590820e+00 2.378643590012510800e-03
1.734612936185796706e+00 4.075065135955810547e+00 3.323713924153896913e-03
1.733252894680623823e+00 4.343565702438354492e+00 3.346742240604074197e-03
1.732452870265816181e+00 4.612182617187500000e+00 5.028075480676892292e-03
1.733412899563585352e+00 4.882450103759765625e+00 5.358372180426546234e-03
1.735892975249488712e+00 5.154252052307128906e+00 1.592028484224197954e-03
1.729972794579912598e+00 5.422968149185180664e+00 7.031117786356727919e-03
1.709412167119357839e+00 5.692188262939453125e+00 2.405214561421790964e-02
1.715652357554856788e+00 5.966392040252685547e+00 1.694277192000360338e-02
1.716692389294107057e+00 6.239195346832275391e+00 6.342937456822138158e-03
1.715892364879299192e+00 6.508588552474975586e+00 6.643575383279335875e-03
1.717492413708914478e+00 6.781123876571655273e+00 3.858407525825120320e-03
1.715172342905972203e+00 7.050757169723510742e+00 6.883930005447395049e-03
1.712292255012665132e+00 7.319926738739013672e+00 7.906087212925653682e-03
1.717172403942991199e+00 7.587188005447387695e+00 3.536433700239831682e-03
1.714772330698568492e+00 7.864717006683349609e+00 6.761981274208769647e-03
1.730612814111758935e+00 8.132336616516113281e+00 7.009236661346457051e-03
1.735172953276162167e+00 8.400695085525512695e+00 2.833035450920783592e-03
1.731412838526566134e+00 8.667862892150878906e+00 6.968024355360969563e-03
1.734612936185796706e+00 8.937280416488647461e+00 3.899657442325893744e-03
1.735012948393200638e+00 9.203208446502685547e+00 3.671406092209026327e-03
1.733732909329508187e+00 9.472431182861328125e+00 5.017881703378240278e-03
1.735092950834681069e+00 9.740562438964843750e+00 2.999824868870187063e-03
1.734212923978392773e+00 1.000971627235412598e+01 4.115268355899275379e-03
1.734132921536912120e+00 1.027867293357849121e+01 4.326053887758111657e-03
1.734292926419873648e+00 1.054566192626953125e+01 3.636372790047012315e-03
1.734052919095431466e+00 1.081438660621643066e+01 5.455439165585262810e-03
1.734372928861354302e+00 1.108085799217224121e+01 4.066768916622534071e-03
1.733172892239142948e+00 1.134990096092224121e+01 5.062327936246320201e-03
1.730292804345835656e+00 1.161663842201232910e+01 7.468989546341661678e-03
1.734372928861354302e+00 1.189190697669982910e+01 2.922006351397035597e-03
1.732452870265816181e+00 1.216108083724975586e+01 5.396459712173681290e-03
1.733012887356181642e+00 1.243298435211181641e+01 4.349661451234970722e-03
1.733972916653950369e+00 1.270094537734985352e+01 4.612472059204257221e-03
1.721172526017029414e+00 1.297233247756958008e+01 2.009702095158464805e-02
1.718372440565202997e+00 1.324073696136474609e+01 7.476697925884999776e-03
1.712132250129703603e+00 1.351191854476928711e+01 2.047874987601067467e-02
1.719012460097048889e+00 1.377790975570678711e+01 2.271280444631005712e-03
1.716372379528184000e+00 1.404858970642089844e+01 4.985891821625727631e-03
1.716772391735587711e+00 1.431790232658386230e+01 5.272883172675105028e-03
1.715412350230414829e+00 1.458648943901062012e+01 7.216202482642046674e-03
1.715892364879299414e+00 1.485438489913940430e+01 6.347980740958976062e-03
1.716452381969664875e+00 1.512523937225341797e+01 6.375145534205603828e-03
1.721092523575548539e+00 1.540272474288940430e+01 7.045667450724164838e-03
1.729092767723624524e+00 1.568305826187133789e+01 9.331865573777532383e-03
1.734532933744315830e+00 1.595123720169067383e+01 2.547547077461433801e-03
1.734772941068758012e+00 1.622181701660156250e+01 2.986995908296084714e-03
1.734292926419873648e+00 1.648999190330505371e+01 4.012902049326798337e-03
1.733972916653950813e+00 1.676189756393432617e+01 4.136984962393084296e-03
1.734772941068758234e+00 1.703126835823059082e+01 3.660931303124242368e-03
1.734132921536911676e+00 1.730231142044067383e+01 5.698735133517235374e-03
1.733012887356181642e+00 1.757231497764587402e+01 6.277006037720701467e-03
1.735492963042085224e+00 1.783946156501770020e+01 2.001660446340491201e-03
1.735652967925046530e+00 1.810768866539001465e+01 3.622264597997795852e-03
1.735412960600604348e+00 1.837454366683959961e+01 2.512127618948047179e-03
1.731892853175450941e+00 1.864259123802185059e+01 6.194896471670935031e-03
1.733252894680623823e+00 1.890916752815246582e+01 5.741255246968450694e-03
1.735172953276162167e+00 1.917716121673583984e+01 2.045936333428958857e-03
1.732452870265816181e+00 1.944370007514953613e+01 5.396459712173693433e-03
1.734932945951719541e+00 1.971242785453796387e+01 2.597308556486425512e-03
1.735412960600604348e+00 1.997906374931335449e+01 1.852190428812503387e-03
1.734052919095431466e+00 2.024762892723083496e+01 4.308263323470153117e-03
1.718692450331125388e+00 2.051593899726867676e+01 1.329966901117054373e-02
1.698371830195013032e+00 2.078493428230285645e+01 3.834563005026619259e-02
1.718052430799279717e+00 2.105327534675598145e+01 6.040051875971622769e-03
1.716532384411145307e+00 2.132395982742309570e+01 6.126327670787831518e-03
1.717252406384472074e+00 2.159363436698913574e+01 3.532812159402225118e-03
1.718052430799279717e+00 2.186664986610412598e+01 2.884529049211825846e-03
1.712532262337107314e+00 2.213998699188232422e+01 9.126592125567359673e-03
1.716612386852626182e+00 2.240983390808105469e+01 7.144894384637758000e-03
1.711812240363780324e+00 2.268048477172851562e+01 8.046511774887027055e-03
1.731172831202124174e+00 2.295358848571777344e+01 7.819803846778770537e-03
1.734932945951719541e+00 2.322018408775329590e+01 3.755856889833796182e-03
1.733252894680623823e+00 2.348870229721069336e+01 6.273946322190263047e-03
1.732932884914700544e+00 2.375496292114257812e+01 6.574818507154850736e-03
1.733412899563585352e+00 2.402364206314086914e+01 6.085446594927613681e-03
1.735412960600604126e+00 2.429096055030822754e+01 2.017584805868851035e-03
1.734372928861354524e+00 2.455918955802917480e+01 2.014410004836918525e-03
1.733252894680623823e+00 2.482890510559082031e+01 5.396459712173677821e-03
1.733572904446546881e+00 2.509730148315429688e+01 5.315197484353847632e-03
1.733892914212469716e+00 2.536531496047973633e+01 4.487274112699935619e-03
1.734452931302835177e+00 2.563450169563293457e+01 4.490125891896417157e-03
1.730052797021393474e+00 2.590439891815185547e+01 7.568586146288826082e-03
1.735572965483565877e+00 2.617112398147583008e+01 1.813780799997953162e-03
1.732052858058412248e+00 2.643986320495605469e+01 6.597170330649241785e-03
1.732132860499893123e+00 2.670919823646545410e+01 7.255123199992045101e-03
1.733092889797662295e+00 2.697898411750793457e+01 5.800039070470864276e-03
