1.038111680654316693e+00 2.806875705718994141e-01 3.919303196094654361e-04
1.038351687978759097e+00 5.528457164764404297e-01 7.332344877337140191e-04
1.038511692861720626e+00 8.223278522491455078e-01 8.541923280436286483e-04
1.038191683095797568e+00 1.093390226364135742e+00 5.426029575781822142e-04
1.038351687978759097e+00 1.364500284194946289e+00 7.332344877337140191e-04
1.038111680654316693e+00 1.635219573974609375e+00 3.919303196094654361e-04
1.038271685537278222e+00 1.904250383377075195e+00 6.499429070543341277e-04
1.037791670888393636e+00 2.177680969238281250e+00 1.304800333770096471e-03
1.036911644032105562e+00 2.451787471771240234e+00 1.796050356758510961e-03
1.037791670888393636e+00 2.719845294952392578e+00 8.616526646939942592e-04
1.037951675771355164e+00 2.989290237426757812e+00 3.919303196094219054e-04
1.037871673329874289e+00 3.257429838180541992e+00 5.426029575781219326e-04
1.037871673329874289e+00 3.527390480041503906e+00 5.426029575781219326e-04
1.037871673329874289e+00 3.794427394866943359e+00 5.426029575781219326e-04
1.037951675771355164e+00 4.064965009689331055e+00 3.919303196094219054e-04
1.038031678212836040e+00 4.332432031631469727e+00 0.000000000000000000e+00
1.038111680654316693e+00 4.608461141586303711e+00 6.882070237750128076e-04
1.038271685537278222e+00 4.877640485763549805e+00 6.499429070543341277e-04
1.038351687978759097e+00 5.151142835617065430e+00 7.332344877337140191e-04
1.038271685537278222e+00 5.423490762710571289e+00 6.499429070543341277e-04
1.038191683095797568e+00 5.695984601974487305e+00 5.426029575781822142e-04
1.038351687978759097e+00 5.966974258422851562e+00 7.332344877337140191e-04
1.038431690420239972e+00 6.238965272903442383e+00 8.000244148075985173e-04
1.038351687978759097e+00 6.507955312728881836e+00 7.332344877337141275e-04
1.038111680654316693e+00 6.779882431030273438e+00 3.919303196094654361e-04
1.038111680654316693e+00 7.049317121505737305e+00 3.919303196094654361e-04
1.038351687978759097e+00 7.318929433822631836e+00 7.332344877337140191e-04
1.038431690420239972e+00 7.588653802871704102e+00 8.000244148075985173e-04
1.038271685537278222e+00 7.863088846206665039e+00 6.499429070543341277e-04
1.038191683095797568e+00 8.129666328430175781e+00 5.426029575781822142e-04
1.038111680654316693e+00 8.397704601287841797e+00 3.919303196094654361e-04
1.038271685537278222e+00 8.664856910705566406e+00 6.499429070543341277e-04
1.038191683095797568e+00 8.933828830718994141e+00 5.426029575781822142e-04
1.038351687978759097e+00 9.200668096542358398e+00 7.332344877337140191e-04
1.038511692861720626e+00 9.471658706665039062e+00 8.541923280436286483e-04
1.038031678212836040e+00 9.741503715515136719e+00 5.657026888252208877e-04
1.036351626941740101e+00 1.001110458374023438e+01 2.014410004836906815e-03
1.037871673329874289e+00 1.028317284584045410e+01 5.426029575781219326e-04
1.037951675771355164e+00 1.055167460441589355e+01 3.919303196094219054e-04
1.037951675771355164e+00 1.082079219818115234e+01 3.919303196094219054e-04
1.037871673329874289e+00 1.108848571777343750e+01 5.426029575781219326e-04
1.038031678212836040e+00 1.136038351058959961e+01 5.657026888252208877e-04
1.038031678212836040e+00 1.162967252731323242e+01 0.000000000000000000e+00
1.037951675771355164e+00 1.189977574348449707e+01 3.919303196094219054e-04
1.037871673329874511e+00 1.218294143676757812e+01 7.838606392188683138e-04
1.038031678212836040e+00 1.245444941520690918e+01 0.000000000000000000e+00
1.038031678212836040e+00 1.272242546081542969e+01 0.000000000000000000e+00
1.038031678212836040e+00 1.299299788475036621e+01 0.000000000000000000e+00
1.038111680654316693e+00 1.326291275024414062e+01 3.919303196094654361e-04
1.038191683095797568e+00 1.353279924392700195e+01 5.426029575781822142e-04
1.038191683095797568e+00 1.380081582069396973e+01 5.426029575781822142e-04
1.038191683095797568e+00 1.407112812995910645e+01 5.426029575781822142e-04
1.038191683095797568e+00 1.434012365341186523e+01 5.426029575781822142e-04
1.038271685537278222e+00 1.460905766487121582e+01 6.499429070543341277e-04
1.038111680654316693e+00 1.487870502471923828e+01 3.919303196094654361e-04
1.038191683095797568e+00 1.515162038803100586e+01 5.426029575781822142e-04
1.038271685537278222e+00 1.541964793205261230e+01 6.499429070543341277e-04
1.038191683095797568e+00 1.569459819793701172e+01 5.426029575781822142e-04
1.038271685537278222e+00 1.596440672874450684e+01 6.499429070543341277e-04
1.038351687978759097e+00 1.623729395866394043e+01 7.332344877337140191e-04
1.038191683095797568e+00 1.650356101989746094e+01 5.426029575781822142e-04
1.038271685537278222e+00 1.677214026451110840e+01 6.499429070543341277e-04
1.037951675771355387e+00 1.704165101051330566e+01 8.908694852318990113e-04
1.037951675771355164e+00 1.731308770179748535e+01 3.919303196094219054e-04
1.037231653798028397e+00 1.758267235755920410e+01 1.385682933742227261e-03
1.037711668446912983e+00 1.785032129287719727e+01 9.260952144062149392e-04
1.037791670888393636e+00 1.811876177787780762e+01 6.499429070542619199e-04
1.038031678212836040e+00 1.839363718032836914e+01 0.000000000000000000e+00
1.037871673329874289e+00 1.866807651519775391e+01 5.426029575781219326e-04
1.037951675771355164e+00 1.893512773513793945e+01 3.919303196094219054e-04
1.038031678212836040e+00 1.920380783081054688e+01 0.000000000000000000e+00
1.037871673329874289e+00 1.947811818122863770e+01 5.426029575781219326e-04
1.038111680654316693e+00 1.975574970245361328e+01 3.919303196094654361e-04
1.038271685537278222e+00 2.002437520027160645e+01 6.499429070543341277e-04
1.038271685537278222e+00 2.029737186431884766e+01 6.499429070543340193e-04
1.038111680654316693e+00 2.056647014617919922e+01 3.919303196094654361e-04
1.038351687978759097e+00 2.083657670021057129e+01 7.332344877337140191e-04
1.038111680654316693e+00 2.110967516899108887e+01 3.919303196094654361e-04
1.038271685537278222e+00 2.138036942481994629e+01 6.499429070543341277e-04
1.038351687978759097e+00 2.164835739135742188e+01 7.332344877337141275e-04
1.038271685537278222e+00 2.192005133628845215e+01 6.499429070543341277e-04
1.038271685537278222e+00 2.218979716300964355e+01 6.499429070543341277e-04
1.038111680654316693e+00 2.246262192726135254e+01 3.919303196094654361e-04
1.038271685537278222e+00 2.273079133033752441e+01 6.499429070543341277e-04
1.038271685537278222e+00 2.300200033187866211e+01 6.499429070543340193e-04
1.038111680654316693e+00 2.327009868621826172e+01 3.919303196094654361e-04
1.038111680654316693e+00 2.353932619094848633e+01 3.919303196094654361e-04
1.038111680654316693e+00 2.380845689773559570e+01 3.919303196094654361e-04
1.038271685537278222e+00 2.408041191101074219e+01 6.499429070543341277e-04
1.038351687978759097e+00 2.434946656227111816e+01 7.332344877337141275e-04
1.037711668446912983e+00 2.462132692337036133e+01 9.260952144062278412e-04
1.037791670888393636e+00 2.489398598670959473e+01 8.616526646939942592e-04
1.037311656239509050e+00 2.516812062263488770e+01 1.249678085293599384e-03
1.037791670888393636e+00 2.544237494468688965e+01 6.499429070542619199e-04
1.037871673329874289e+00 2.571241593360900879e+01 5.426029575781220410e-04
1.037951675771355164e+00 2.598411822319030762e+01 3.919303196094219054e-04
1.037871673329874289e+00 2.625285434722900391e+01 5.426029575781219326e-04
1.037951675771355164e+00 2.652384400367736816e+01 3.919303196094219054e-04
1.037791670888393636e+00 2.679241156578063965e+01 6.499429070542619199e-04
1.038031678212836040e+00 2.708509206771850586e+01 5.657026888252208877e-04
