1.005950699179051888e+00 2.807466983795166016e-01 3.919303196094219054e-04
1.005390682088686649e+00 5.545115470886230469e-01 9.329807754888703054e-04
1.005630689413128831e+00 8.246269226074218750e-01 8.000244148075097211e-04
1.005950699179051888e+00 1.096578359603881836e+00 3.919303196094219054e-04
1.005470684530167524e+00 1.366498708724975586e+00 8.980251783792056073e-04
1.005390682088686649e+00 1.639212131500244141e+00 9.329807754888703054e-04
1.005630689413129053e+00 1.907949447631835938e+00 8.000244148075097211e-04
1.005470684530167524e+00 2.179184675216674805e+00 8.980251783792056073e-04
1.005790694296090582e+00 2.450199127197265625e+00 6.499429070542619199e-04
1.005630689413128831e+00 2.719526290893554688e+00 8.000244148075097211e-04
1.005630689413129053e+00 2.989315271377563477e+00 8.000244148075098295e-04
1.005710691854609706e+00 3.257594823837280273e+00 7.332344877336325955e-04
1.005870696737571235e+00 3.532270669937133789e+00 5.426029575781219326e-04
1.005870696737571235e+00 3.808493852615356445e+00 5.426029575781220410e-04
1.005870696737571235e+00 4.081584930419921875e+00 5.426029575781220410e-04
1.005870696737571235e+00 4.351447820663452148e+00 5.426029575781219326e-04
1.005790694296090582e+00 4.623898029327392578e+00 6.499429070542619199e-04
1.005790694296090582e+00 4.897532224655151367e+00 6.499429070542619199e-04
1.005710691854609706e+00 5.173930644989013672e+00 7.332344877336325955e-04
1.005550686971648178e+00 5.450349092483520508e+00 8.541923280435338890e-04
1.005950699179051888e+00 5.726166009902954102e+00 3.919303196094219054e-04
1.005470684530167524e+00 6.003960371017456055e+00 8.980251783792056073e-04
1.005710691854609706e+00 6.274646043777465820e+00 7.332344877336325955e-04
1.005790694296090582e+00 6.542405366897583008e+00 6.499429070542619199e-04
1.005310679647205996e+00 6.812041044235229492e+00 9.600292977690117521e-04
1.005710691854609706e+00 7.080258607864379883e+00 7.332344877336325955e-04
1.005950699179051888e+00 7.349179983139038086e+00 3.919303196094219054e-04
1.005630689413128831e+00 7.617534399032592773e+00 8.000244148075097211e-04
1.005710691854609706e+00 7.887527465820312500e+00 7.332344877336325955e-04
1.005790694296090582e+00 8.155212163925170898e+00 6.499429070542619199e-04
1.005630689413128831e+00 8.424618959426879883e+00 8.000244148075097211e-04
1.005630689413129053e+00 8.692159891128540039e+00 8.000244148075098295e-04
1.006030701620532763e+00 8.963218212127685547e+00 0.000000000000000000e+00
1.005870696737571235e+00 9.232698917388916016e+00 5.426029575781219326e-04
1.005550686971648178e+00 9.503439426422119141e+00 8.541923280435339974e-04
1.005950699179051888e+00 9.772394418716430664e+00 3.919303196094219054e-04
1.005790694296090582e+00 1.004151344299316406e+01 6.499429070542619199e-04
1.006030701620532763e+00 1.031135010719299316e+01 0.000000000000000000e+00
1.005790694296090582e+00 1.057942891120910645e+01 6.499429070542619199e-04
1.005950699179051888e+00 1.085006141662597656e+01 3.919303196094219054e-04
1.005550686971648178e+00 1.111811852455139160e+01 8.541923280435339974e-04
1.005790694296090582e+00 1.138895726203918457e+01 6.499429070542619199e-04
1.005870696737571235e+00 1.165771913528442383e+01 5.426029575781220410e-04
1.005950699179051888e+00 1.192744469642639160e+01 3.919303196094219054e-04
1.005550686971648178e+00 1.219674897193908691e+01 8.541923280435339974e-04
1.005950699179051888e+00 1.246695899963378906e+01 3.919303196094219054e-04
1.005790694296090582e+00 1.273447871208190918e+01 6.499429070542619199e-04
1.005870696737571235e+00 1.300449419021606445e+01 5.426029575781219326e-04
1.005870696737571235e+00 1.327286005020141602e+01 5.426029575781219326e-04
1.005950699179051888e+00 1.354848361015319824e+01 3.919303196094219054e-04
1.005790694296090582e+00 1.382828235626220703e+01 6.499429070542619199e-04
1.005950699179051888e+00 1.409809637069702148e+01 3.919303196094219054e-04
1.005790694296090582e+00 1.436603784561157227e+01 6.499429070542619199e-04
1.005870696737571235e+00 1.463499903678894043e+01 5.426029575781220410e-04
1.005710691854609706e+00 1.490323662757873535e+01 7.332344877336325955e-04
1.005790694296090582e+00 1.517266058921813965e+01 6.499429070542619199e-04
1.005870696737571235e+00 1.543931174278259277e+01 5.426029575781220410e-04
1.005710691854609706e+00 1.571098375320434570e+01 7.332344877336325955e-04
1.006030701620532763e+00 1.598172593116760254e+01 0.000000000000000000e+00
1.005950699179051888e+00 1.625334024429321289e+01 3.919303196094219054e-04
1.005710691854609706e+00 1.652028775215148926e+01 7.332344877336325955e-04
1.005870696737571235e+00 1.679479551315307617e+01 5.426029575781219326e-04
1.005790694296090582e+00 1.706412744522094727e+01 6.499429070542619199e-04
1.005870696737571235e+00 1.733348774909973145e+01 5.426029575781220410e-04
1.005790694296090582e+00 1.760409665107727051e+01 6.499429070542619199e-04
1.005790694296090582e+00 1.787265944480895996e+01 6.499429070542619199e-04
1.006030701620532763e+00 1.814125299453735352e+01 0.000000000000000000e+00
1.005870696737571235e+00 1.841220045089721680e+01 5.426029575781219326e-04
1.005870696737571235e+00 1.868446159362792969e+01 5.426029575781220410e-04
1.005950699179051888e+00 1.895314812660217285e+01 3.919303196094219054e-04
1.005870696737571235e+00 1.922217297554016113e+01 5.426029575781220410e-04
1.005950699179051888e+00 1.949167847633361816e+01 3.919303196094219054e-04
1.005710691854609928e+00 1.976905441284179688e+01 7.332344877336325955e-04
1.005790694296090582e+00 2.003846669197082520e+01 6.499429070542619199e-04
1.006030701620532763e+00 2.031185793876647949e+01 0.000000000000000000e+00
1.005710691854609706e+00 2.058229160308837891e+01 7.332344877336325955e-04
1.005630689413128831e+00 2.086315917968750000e+01 8.000244148075097211e-04
1.005710691854609706e+00 2.114012098312377930e+01 7.332344877336325955e-04
1.005630689413129053e+00 2.141006469726562500e+01 8.000244148075098295e-04
1.005790694296090582e+00 2.167833638191223145e+01 6.499429070542619199e-04
1.005630689413129053e+00 2.194769906997680664e+01 8.000244148075097211e-04
1.005870696737571235e+00 2.221492552757263184e+01 5.426029575781219326e-04
1.005710691854609706e+00 2.248563742637634277e+01 7.332344877336325955e-04
1.005950699179051888e+00 2.275385689735412598e+01 3.919303196094219054e-04
1.005630689413128831e+00 2.302440834045410156e+01 8.000244148075097211e-04
1.005870696737571235e+00 2.329352068901062012e+01 5.426029575781219326e-04
1.005790694296090582e+00 2.356366133689880371e+01 6.499429070542619199e-04
1.005950699179051888e+00 2.383349061012268066e+01 3.919303196094219054e-04
1.005710691854609706e+00 2.410605144500732422e+01 7.332344877336325955e-04
1.005870696737571235e+00 2.437571167945861816e+01 5.426029575781220410e-04
1.005710691854609928e+00 2.464595460891723633e+01 7.332344877336325955e-04
1.005950699179051888e+00 2.491814804077148438e+01 3.919303196094219054e-04
1.005790694296090360e+00 2.518914818763732910e+01 6.499429070542619199e-04
1.005630689413128831e+00 2.546335387229919434e+01 8.000244148075097211e-04
1.005790694296090582e+00 2.573249459266662598e+01 6.499429070542619199e-04
1.005870696737571235e+00 2.600480818748474121e+01 5.426029575781220410e-04
1.005550686971648178e+00 2.627290654182434082e+01 8.541923280435339974e-04
1.005870696737571235e+00 2.654464745521545410e+01 5.426029575781220410e-04
1.005630689413128831e+00 2.681482172012329102e+01 8.000244148075097211e-04
1.005710691854609706e+00 2.708899927139282227e+01 7.332344877336325955e-04
