1.420043336283455915e+00 2.797491550445556641e-01 4.595790369622060161e-03
1.422283404644917093e+00 5.511257648468017578e-01 3.808317895970716321e-03
1.424363468123416743e+00 8.216867446899414062e-01 1.223802030736378032e-03
1.423723448591570628e+00 1.093054056167602539e+00 2.572548138468964615e-03
1.423323436384166918e+00 1.363122463226318359e+00 2.764428770578330075e-03
1.423483441267128446e+00 1.634760618209838867e+00 3.418642027750606448e-03
1.423883453474532157e+00 1.904644012451171875e+00 2.460644132776330841e-03
1.423563443708609100e+00 2.177557945251464844e+00 4.243901420753110748e-03
1.423803451033051504e+00 2.449888944625854492e+00 3.216058345070492517e-03
1.424043458357493463e+00 2.720916271209716797e+00 2.529899334535300453e-03
1.423323436384166918e+00 2.992254972457885742e+00 3.435450530203373008e-03
1.424683477889339578e+00 3.261502981185913086e+00 2.381332843093028877e-03
1.422843421735282554e+00 3.533030271530151367e+00 4.039925264079713592e-03
1.423163431501204945e+00 3.802310228347778320e+00 3.963150090222781856e-03
1.423323436384166918e+00 4.074656248092651367e+00 4.035169611737807888e-03
1.412603109225745168e+00 4.345937252044677734e+00 1.276935205944542892e-02
1.410683050630206825e+00 4.615804433822631836e+00 1.341944079044019196e-02
1.412763114108706697e+00 4.885044813156127930e+00 4.521376749770490179e-03
1.414283160496841329e+00 5.157675743103027344e+00 3.265432714211284702e-03
1.413563138523514340e+00 5.424879789352416992e+00 4.464394299558918471e-03
1.413003121433149323e+00 5.694152593612670898e+00 4.275455025616662491e-03
1.414123155613880023e+00 5.961225986480712891e+00 5.260730856052392088e-03
1.412683111667225822e+00 6.234136343002319336e+00 4.184670691813757899e-03
1.415403194677572030e+00 6.510278463363647461e+00 4.260458644701722516e-03
1.423963455916012810e+00 6.781714916229248047e+00 2.431863679161135137e-03
1.422603414410839928e+00 7.049754381179809570e+00 4.099686064591842247e-03
1.424683477889339800e+00 7.318176031112670898e+00 1.352964051209184148e-03
1.423163431501205389e+00 7.585515260696411133e+00 3.755856889833833912e-03
1.423003426618243639e+00 7.856165409088134766e+00 3.671406092209054950e-03
1.424123460798974561e+00 8.124733448028564453e+00 3.071510346329360108e-03
1.425083490096743954e+00 8.394727945327758789e+00 1.280039063692157844e-03
1.424203463240455436e+00 8.665165662765502930e+00 2.185106729564955351e-03
1.424123460798974561e+00 8.937277555465698242e+00 2.741178325965616409e-03
1.424603475447858925e+00 9.204279422760009766e+00 1.651231786839092979e-03
1.424443470564897618e+00 9.475735187530517578e+00 2.592375392381702278e-03
1.423483441267128446e+00 9.745132207870483398e+00 3.275218270202844353e-03
1.423963455916012810e+00 1.001570844650268555e+01 2.225736363002322506e-03
1.423483441267128446e+00 1.028715372085571289e+01 3.980875184149365066e-03
1.423803451033051504e+00 1.055618739128112793e+01 2.902225712454662137e-03
1.424443470564897396e+00 1.082592701911926270e+01 3.394216132951459550e-03
1.424123460798974783e+00 1.109410476684570312e+01 3.687062479194196541e-03
1.424363468123416743e+00 1.136570644378662109e+01 2.866723144194554575e-03
1.408522984710226744e+00 1.163653874397277832e+01 2.008268448117858304e-02
1.413163126316110629e+00 1.190866923332214355e+01 1.257438867069724658e-02
1.415803206884975518e+00 1.217733597755432129e+01 2.731822741248146700e-03
1.414123155613879801e+00 1.244805479049682617e+01 5.230226535024809324e-03
1.414523167821283511e+00 1.271741127967834473e+01 2.351581917656711627e-03
1.413003121433149323e+00 1.298819732666015625e+01 4.123037417668474862e-03
1.410923057954649451e+00 1.326495027542114258e+01 5.743484427889858183e-03
1.413883148289437175e+00 1.353467869758605957e+01 3.483552878729440343e-03
1.415083184911648750e+00 1.380099058151245117e+01 1.612004528842973317e-03
1.421003365581224864e+00 1.408202123641967773e+01 6.575791905414217660e-03
1.424843482772301106e+00 1.434975028038024902e+01 2.190957092724923547e-03
1.423403438825647793e+00 1.461854839324951172e+01 3.609874699890291017e-03
1.425243494979704817e+00 1.488613796234130859e+01 2.116665644360847011e-03
1.424843482772301106e+00 1.515715789794921875e+01 2.116665644360848746e-03
1.424283465681936089e+00 1.542881298065185547e+01 3.362006822617997440e-03
1.424523473006378271e+00 1.570204973220825195e+01 1.982382368447005525e-03
1.424283465681936089e+00 1.597515225410461426e+01 2.064621071325064335e-03
1.423243433942686265e+00 1.624627137184143066e+01 3.666172438668495286e-03
1.424763480330820675e+00 1.651455712318420410e+01 1.114305068066724245e-03
1.424763480330820453e+00 1.678609466552734375e+01 1.778143126293209655e-03
1.424523473006378493e+00 1.705487155914306641e+01 1.526349302751239638e-03
1.424203463240455214e+00 1.732643032073974609e+01 2.033384458311286985e-03
1.423883453474532157e+00 1.759797334671020508e+01 2.880087893307282671e-03
1.424523473006378271e+00 1.786690068244934082e+01 1.982382368447045424e-03
1.424523473006378271e+00 1.813736414909362793e+01 3.214067593815006854e-03
1.423483441267128446e+00 1.840676641464233398e+01 2.967648484003088290e-03
1.423643446150089753e+00 1.867867946624755859e+01 3.046402211163054194e-03
1.418443287453840407e+00 1.894859099388122559e+01 1.221184269384239379e-02
1.413643140964994993e+00 1.922132754325866699e+01 5.685241661227240229e-03
1.414443165379802858e+00 1.949221372604370117e+01 3.622264597997792816e-03
1.411963089693899276e+00 1.976802730560302734e+01 5.919099456770064195e-03
1.415083184911648750e+00 2.003557658195495605e+01 1.399471163233460824e-03
1.413163126316110629e+00 2.030590271949768066e+01 4.457220272266714835e-03
1.413403133640553033e+00 2.057372164726257324e+01 3.825087320523297592e-03
1.413083123874629976e+00 2.084267401695251465e+01 4.123037417668501750e-03
1.415403194677571808e+00 2.111004161834716797e+01 1.229020826398091390e-03
1.417483258156071679e+00 2.138687872886657715e+01 6.963430154060170491e-03
1.424683477889339800e+00 2.165322399139404297e+01 2.095392082884997651e-03
1.425003487655262635e+00 2.192167186737060547e+01 1.612004528842973100e-03
1.423643446150089975e+00 2.218934822082519531e+01 3.394216132951448708e-03
1.424683477889339800e+00 2.246041369438171387e+01 1.466468975467400066e-03
1.423563443708609100e+00 2.272865939140319824e+01 2.900019535235439944e-03
1.423723448591570628e+00 2.299999833106994629e+01 3.029547851065088251e-03
1.423403438825647571e+00 2.326970791816711426e+01 3.825087320523365246e-03
1.423803451033051504e+00 2.354011011123657227e+01 2.064621071325085586e-03
1.422283404644917093e+00 2.380868148803710938e+01 4.052579720330692394e-03
1.424683477889339800e+00 2.407822251319885254e+01 1.571798583837167749e-03
1.423963455916012810e+00 2.434527373313903809e+01 1.324276042277356628e-03
1.423963455916012810e+00 2.461394667625427246e+01 3.321787691639680514e-03
1.422363407086397968e+00 2.488313198089599609e+01 3.865037096909537239e-03
1.424523473006378493e+00 2.514938020706176758e+01 2.483943755349232990e-03
1.424043458357493908e+00 2.541790199279785156e+01 1.876223561728510058e-03
1.423883453474532157e+00 2.568893551826477051e+01 2.648552084554660346e-03
1.423563443708609100e+00 2.596047878265380859e+01 3.454030711839777956e-03
1.422843421735282110e+00 2.622753787040710449e+01 3.441035118875127464e-03
1.411483075045014468e+00 2.649932241439819336e+01 8.827862508429302688e-03
1.415403194677572030e+00 2.676890110969543457e+01 2.755152137806199473e-03
1.411483075045014690e+00 2.704059171676635742e+01 9.338721695173841583e-03
