3.220418279366435765e+00 2.808234691619873047e-01 7.332344877336325955e-04
3.220818291573840142e+00 5.536031723022460938e-01 9.600292977690116436e-04
3.220578284249397072e+00 8.239703178405761719e-01 8.541923280435338890e-04
3.220258274483474459e+00 1.094629526138305664e+00 5.426029575781219326e-04
3.220418279366435765e+00 1.364049673080444336e+00 7.332344877336325955e-04
3.220578284249397072e+00 1.635895013809204102e+00 8.541923280435338890e-04
3.220178272041993583e+00 1.904073953628540039e+00 3.919303196094219054e-04
3.220578284249397072e+00 2.174845933914184570e+00 8.541923280435338890e-04
3.220178272041993583e+00 2.445103883743286133e+00 3.919303196094219054e-04
3.220338276924955334e+00 2.722763061523437500e+00 6.499429070542619199e-04
3.220338276924955334e+00 2.992001771926879883e+00 6.499429070542619199e-04
3.220098269600512708e+00 3.262305021286010742e+00 0.000000000000000000e+00
3.220098269600512708e+00 3.534749507904052734e+00 0.000000000000000000e+00
3.220098269600512708e+00 3.805135488510131836e+00 0.000000000000000000e+00
3.220098269600512708e+00 4.076089859008789062e+00 0.000000000000000000e+00
3.220098269600512708e+00 4.344912052154541016e+00 0.000000000000000000e+00
3.220258274483474459e+00 4.615772247314453125e+00 5.426029575781219326e-04
3.220258274483474459e+00 4.885598421096801758e+00 5.426029575781219326e-04
3.220418279366436209e+00 5.160039424896240234e+00 7.332344877336325955e-04
3.220258274483474459e+00 5.428163766860961914e+00 5.426029575781219326e-04
3.220178272041993583e+00 5.696509361267089844e+00 3.919303196094219054e-04
3.220098269600512708e+00 5.964833498001098633e+00 0.000000000000000000e+00
3.220178272041993583e+00 6.235910415649414062e+00 3.919303196094219054e-04
3.220258274483474459e+00 6.505625009536743164e+00 5.426029575781219326e-04
3.220338276924955334e+00 6.777161836624145508e+00 6.499429070542619199e-04
3.220418279366435765e+00 7.046118736267089844e+00 7.332344877336325955e-04
3.220098269600512708e+00 7.313529253005981445e+00 0.000000000000000000e+00
3.220178272041993583e+00 7.581091403961181641e+00 3.919303196094219054e-04
3.220898294015320129e+00 7.854105234146118164e+00 9.798257990235547093e-04
3.220738289132358823e+00 8.122346639633178711e+00 9.329807754888703054e-04
3.220738289132358823e+00 8.392525196075439453e+00 9.329807754888703054e-04
3.220498281807916197e+00 8.660061836242675781e+00 8.000244148075096127e-04
3.220818291573840142e+00 8.930726528167724609e+00 9.600292977690116436e-04
3.220738289132358823e+00 9.198813676834106445e+00 9.329807754888703054e-04
3.220338276924955334e+00 9.468033790588378906e+00 6.499429070542619199e-04
3.220578284249397072e+00 9.735680818557739258e+00 8.541923280435338890e-04
3.220338276924955334e+00 1.000405740737915039e+01 6.499429070542619199e-04
3.220498281807916197e+00 1.028197526931762695e+01 8.000244148075097211e-04
3.220178272041993583e+00 1.055302667617797852e+01 3.919303196094219054e-04
3.220098269600512708e+00 1.083676910400390625e+01 0.000000000000000000e+00
3.220258274483474459e+00 1.110537934303283691e+01 5.426029575781219326e-04
3.220258274483474459e+00 1.137871956825256348e+01 5.426029575781219326e-04
3.220258274483474459e+00 1.164778375625610352e+01 5.426029575781219326e-04
3.220258274483474459e+00 1.192065072059631348e+01 5.426029575781219326e-04
3.220338276924955334e+00 1.218830251693725586e+01 6.499429070542619199e-04
3.220098269600512708e+00 1.245775675773620605e+01 0.000000000000000000e+00
3.220098269600512708e+00 1.272434449195861816e+01 0.000000000000000000e+00
3.220098269600512708e+00 1.299356389045715332e+01 0.000000000000000000e+00
3.220098269600512708e+00 1.326047778129577637e+01 0.000000000000000000e+00
3.220178272041993583e+00 1.352828836441040039e+01 3.919303196094219054e-04
3.220258274483474459e+00 1.379670166969299316e+01 5.426029575781219326e-04
3.220098269600512708e+00 1.406650280952453613e+01 0.000000000000000000e+00
3.220098269600512708e+00 1.433642244338989258e+01 0.000000000000000000e+00
3.220098269600512708e+00 1.460408759117126465e+01 0.000000000000000000e+00
3.220098269600512708e+00 1.487321090698242188e+01 0.000000000000000000e+00
3.220258274483474459e+00 1.514533734321594238e+01 5.426029575781219326e-04
3.220898294015321017e+00 1.541298604011535645e+01 9.798257990235547093e-04
3.220178272041993583e+00 1.568303036689758301e+01 3.919303196094219054e-04
3.220258274483474459e+00 1.595090007781982422e+01 5.426029575781219326e-04
3.220338276924955334e+00 1.621926712989807129e+01 6.499429070542619199e-04
3.220498281807916197e+00 1.648542499542236328e+01 8.000244148075097211e-04
3.220418279366435765e+00 1.675628542900085449e+01 7.332344877336325955e-04
3.220418279366436209e+00 1.702535867691040039e+01 7.332344877336325955e-04
3.220178272041993583e+00 1.729532074928283691e+01 3.919303196094219054e-04
3.220178272041993583e+00 1.756914234161376953e+01 3.919303196094219054e-04
3.220178272041993583e+00 1.784577798843383789e+01 3.919303196094219054e-04
3.220098269600512708e+00 1.811394047737121582e+01 0.000000000000000000e+00
3.220178272041993583e+00 1.838319158554077148e+01 3.919303196094219054e-04
3.220178272041993583e+00 1.865252327919006348e+01 3.919303196094219054e-04
3.220098269600512708e+00 1.891850686073303223e+01 0.000000000000000000e+00
3.220098269600512708e+00 1.918674445152282715e+01 0.000000000000000000e+00
3.220178272041993583e+00 1.945319390296936035e+01 3.919303196094219054e-04
3.220098269600512708e+00 1.972248101234436035e+01 0.000000000000000000e+00
3.220098269600512708e+00 1.998886871337890625e+01 0.000000000000000000e+00
3.220098269600512708e+00 2.025749564170837402e+01 0.000000000000000000e+00
3.220338276924955334e+00 2.052527213096618652e+01 6.499429070542619199e-04
3.220258274483474459e+00 2.079318404197692871e+01 5.426029575781220410e-04
3.220098269600512708e+00 2.105988812446594238e+01 0.000000000000000000e+00
3.220258274483474459e+00 2.132908964157104492e+01 5.426029575781219326e-04
3.220258274483474459e+00 2.159666061401367188e+01 5.426029575781220410e-04
3.220258274483474459e+00 2.186456251144409180e+01 5.426029575781219326e-04
3.220178272041993583e+00 2.213136720657348633e+01 3.919303196094219054e-04
3.220178272041993583e+00 2.239981389045715332e+01 3.919303196094219054e-04
3.220178272041993583e+00 2.266768312454223633e+01 3.919303196094219054e-04
3.219858262276070526e+00 2.293645977973937988e+01 1.631736040981740738e-03
3.220338276924955334e+00 2.320404767990112305e+01 6.499429070542619199e-04
3.220258274483474459e+00 2.347242164611816406e+01 5.426029575781219326e-04
3.220578284249397072e+00 2.373937749862670898e+01 8.541923280435338890e-04
3.220258274483474459e+00 2.400809526443481445e+01 5.426029575781219326e-04
3.220258274483474459e+00 2.427489805221557617e+01 5.426029575781219326e-04
3.220418279366435765e+00 2.454294800758361816e+01 7.332344877336325955e-04
3.220418279366435765e+00 2.481147599220275879e+01 7.332344877336325955e-04
3.220498281807916197e+00 2.508681392669677734e+01 8.000244148075096127e-04
3.220098269600512708e+00 2.535637927055358887e+01 0.000000000000000000e+00
3.220258274483474459e+00 2.562532782554626465e+01 5.426029575781219326e-04
3.220258274483474459e+00 2.590442371368408203e+01 5.426029575781219326e-04
3.220338276924954890e+00 2.617125678062438965e+01 6.499429070542619199e-04
3.220098269600512708e+00 2.644037055969238281e+01 0.000000000000000000e+00
3.220258274483474459e+00 2.670774817466735840e+01 5.426029575781219326e-04
3.220098269600512708e+00 2.697652626037597656e+01 0.000000000000000000e+00
