3.270019793084506077e+00 2.791862487792968750e-01 3.968588826089917976e-02
3.296420598773155852e+00 5.515325069427490234e-01 1.756121928388320458e-02
3.277780029908139436e+00 8.243963718414306641e-01 2.597111409834949522e-02
3.292420476699118304e+00 1.097026348114013672e+00 2.273871495257788825e-02
3.282900186162907907e+00 1.367544889450073242e+00 2.676198260477928581e-02
3.286420293588061536e+00 1.639625787734985352e+00 2.653187826873078248e-02
3.297940645161290263e+00 1.908804416656494141e+00 1.013413381871814192e-02
3.285780274056215422e+00 2.180300474166870117e+00 2.909208236395047567e-02
3.263859605090487559e+00 2.451671361923217773e+00 9.878490775376838617e-02
3.239618865321817864e+00 2.720514059066772461e+00 1.189698443626347087e-02
3.144335957518235247e+00 2.991169214248657227e+00 1.294215002179807950e-01
3.207217876522110434e+00 3.261254787445068359e+00 3.648707792194461758e-02
3.225218425855281179e+00 3.532435655593872070e+00 1.672491173837758680e-02
3.220658286690878835e+00 3.800609588623046875e+00 1.977954191675869097e-02
3.216978174382763456e+00 4.071382284164428711e+00 2.887899759912233161e-02
3.220258274483474459e+00 4.341035604476928711e+00 2.785142266303003086e-02
3.212018023010955847e+00 4.610746622085571289e+00 2.855246675414345459e-02
3.275939973754081969e+00 4.886195659637451172e+00 3.877403977470549740e-02
3.303300808740500916e+00 5.160915613174438477e+00 8.745551336676348972e-03
3.295780579241310182e+00 5.429292201995849609e+00 2.132991721640372512e-02
3.298980676900540754e+00 5.699284076690673828e+00 1.572897644190383859e-02
3.287540327768791570e+00 5.967611789703369141e+00 2.811787073291036401e-02
3.302820794091616552e+00 6.236855745315551758e+00 9.379070795967546850e-03
3.285540266731772352e+00 6.504980325698852539e+00 2.850782352742141368e-02
3.303860825830866599e+00 6.774034261703491211e+00 1.276684566021051362e-02
3.286820305795465025e+00 7.042337179183959961e+00 2.785693743227349653e-02
3.304580847804193144e+00 7.311479091644287109e+00 8.621724707182023759e-03
3.291700454725791314e+00 7.579344034194946289e+00 2.558827783901921477e-02
3.299780701315347731e+00 7.851674318313598633e+00 1.743319102421052660e-02
3.303620818506424417e+00 8.119820356369018555e+00 1.533962064703423347e-02
3.290420415662099529e+00 8.389087200164794922e+00 3.125567509086419477e-02
3.303780823389386168e+00 8.658116817474365234e+00 1.687349926239271880e-02
3.293300503555406156e+00 8.928295373916625977e+00 2.060742388449442186e-02
3.300900735496079097e+00 9.195308923721313477e+00 1.636631749675583961e-02
3.280740120242927382e+00 9.465698719024658203e+00 2.689748234888955994e-02
3.280820122684408702e+00 9.735043287277221680e+00 3.629713503147905668e-02
3.235298733481856814e+00 1.000531840324401855e+01 1.692387311666492325e-02
3.124415349589526159e+00 1.027567744255065918e+01 1.522010232129374363e-01
3.220258274483474015e+00 1.054385805130004883e+01 2.550008015191816690e-02
3.217378186590167388e+00 1.081381320953369141e+01 2.701714549090730028e-02
3.223138362376781529e+00 1.108120203018188477e+01 1.378876370228519950e-02
3.224258396557512452e+00 1.135857415199279785e+01 1.607949565160133806e-02
3.221218303781242742e+00 1.162870216369628906e+01 2.344139795861161293e-02
3.217538191473128695e+00 1.190364956855773926e+01 2.216746246185874111e-02
3.246659080172124234e+00 1.218415474891662598e+01 6.131945770567306941e-02
3.294660545060579704e+00 1.245370173454284668e+01 2.436149877884960166e-02
3.292980493789483543e+00 1.272014379501342773e+01 2.912726182250226226e-02
3.302020769676809131e+00 1.298924136161804199e+01 1.628280633032123600e-02
3.298660667134617697e+00 1.325815176963806152e+01 2.294076112515943885e-02
3.301300747703482585e+00 1.352635240554809570e+01 1.755502234275920989e-02
3.303060801416059622e+00 1.379279136657714844e+01 8.562877740856641648e-03
3.298740669576098572e+00 1.406407594680786133e+01 1.749768804136446129e-02
3.305620879543442747e+00 1.433661007881164551e+01 1.090031430255403860e-02
3.295380567033906249e+00 1.460654568672180176e+01 1.862425221318579974e-02
3.295380567033905805e+00 1.487603783607482910e+01 2.160717693393546593e-02
3.303540816064943986e+00 1.514727926254272461e+01 1.080062590117673166e-02
3.292340474257636984e+00 1.541468071937561035e+01 2.260207024925550701e-02
3.292900491348002667e+00 1.568361949920654297e+01 2.349539727156324184e-02
3.298580664693136377e+00 1.595186448097229004e+01 1.527690558987833055e-02
3.277620025025178130e+00 1.622085976600646973e+01 3.063310094841069017e-02
3.303220806299020040e+00 1.648722767829895020e+01 1.554478524558546362e-02
3.299940706198309037e+00 1.676136636734008789e+01 1.732491614954019890e-02
3.297700637836848081e+00 1.703200531005859375e+01 1.742694855689763331e-02
3.200337666554765370e+00 1.730424904823303223e+01 8.022677381480912417e-02
3.219298245185705731e+00 1.757509684562683105e+01 7.883387161771607254e-02
3.215218120670186419e+00 1.784301018714904785e+01 3.060069856418686993e-02
3.221698318430127994e+00 1.811372399330139160e+01 2.363798009821509866e-02
3.224578406323435065e+00 1.838360953330993652e+01 2.160273323760466754e-02
3.227938508865626499e+00 1.865818095207214355e+01 1.553284023204008941e-02
3.229298550370800047e+00 1.892597317695617676e+01 1.888125416407857721e-02
3.209617949766533584e+00 1.919593858718872070e+01 3.311791874690878101e-02
3.264259617297891491e+00 1.947276067733764648e+01 4.237834367728585128e-02
3.294740547502060579e+00 1.974381399154663086e+01 2.650798534629626377e-02
3.298020647602771138e+00 2.001188111305236816e+01 1.827386060474718577e-02
3.302020769676809131e+00 2.028218102455139160e+01 1.289355445787624017e-02
3.305060862453077952e+00 2.055095767974853516e+01 9.685252978734213564e-03
3.289380383922849038e+00 2.081990647315979004e+01 2.774758713825153586e-02
3.303700820947904404e+00 2.108842563629150391e+01 1.374087056794523823e-02
3.292580481582080054e+00 2.136017274856567383e+01 1.798970128897898688e-02
3.285540266731773240e+00 2.162729883193969727e+01 2.908570153208595369e-02
3.299940706198309925e+00 2.189670681953430176e+01 1.763613857060270657e-02
3.299860703756828606e+00 2.216615080833435059e+01 1.232037598803673029e-02
3.287780335093233752e+00 2.243653750419616699e+01 2.855919083561441613e-02
3.299940706198309037e+00 2.270320391654968262e+01 1.589936567386484104e-02
3.299700698873866855e+00 2.297416448593139648e+01 1.756413473493409483e-02
3.287940339976195947e+00 2.324365901947021484e+01 2.737042424199488677e-02
3.288340352183599880e+00 2.351810526847839355e+01 3.341153295448941185e-02
3.295220562150944943e+00 2.378751158714294434e+01 1.808550699908215154e-02
3.301940767235328700e+00 2.405785179138183594e+01 9.067492387560245962e-03
3.293860520645771839e+00 2.432571578025817871e+01 3.603361830511787878e-02
3.136095706045716636e+00 2.459659552574157715e+01 1.624837572276825182e-01
3.232018633381145367e+00 2.486680603027343750e+01 2.137338255272359586e-02
3.202897744682149828e+00 2.513429164886474609e+01 4.062044691697778986e-02
3.211938020569475416e+00 2.540442490577697754e+01 2.570009168821902126e-02
3.214738106021302499e+00 2.567252230644226074e+01 2.798210481160465224e-02
3.212258030335398917e+00 2.594382882118225098e+01 2.368477650910071064e-02
3.216498159733878204e+00 2.621161937713623047e+01 3.319860341496766454e-02
3.218498220770897422e+00 2.648398375511169434e+01 1.804050620660505727e-02
3.248419133884701271e+00 2.676276612281799316e+01 4.473588881176899373e-02
3.234098696859645461e+00 2.705831694602966309e+01 6.179638401294711147e-02
