3.419944368419446601e+00 2.830305099487304688e-01 3.245773097150286488e-03
3.426664573503830358e+00 5.585155487060546875e-01 1.920058595537976883e-03
3.426584571062349482e+00 8.323602676391601562e-01 1.723305329387856896e-03
3.426984583269753415e+00 1.106513977050781250e+00 1.394890230604390376e-03
3.426584571062349482e+00 1.382356166839599609e+00 1.024531144198257901e-03
3.426584571062349038e+00 1.654733419418334961e+00 1.526349302751003282e-03
3.426504568620868607e+00 1.924188137054443359e+00 1.959651598047076893e-03
3.426824578386791220e+00 2.195990562438964844e+00 1.865961550977699628e-03
3.427144588152714277e+00 2.466857194900512695e+00 9.992301738283278570e-04
3.426664573503829914e+00 2.736048221588134766e+00 1.834831185192588353e-03
3.426664573503829914e+00 3.007544517517089844e+00 2.001660446340326836e-03
3.427544600360118210e+00 3.275931596755981445e+00 8.980251783790062226e-04
3.426504568620868607e+00 3.546399354934692383e+00 2.039670051227045547e-03
3.426904580828272096e+00 3.814646482467651367e+00 1.600048829614948319e-03
3.427064585711233846e+00 4.084508419036865234e+00 1.399471163233183485e-03
3.426904580828272096e+00 4.351940393447875977e+00 1.788908975169025469e-03
3.427464597918637779e+00 4.621057271957397461e+00 9.329807754886632228e-04
3.426824578386791664e+00 4.890183925628662109e+00 1.371756118632883482e-03
3.425864549089022049e+00 5.164328336715698242e+00 2.064621071324904307e-03
3.420904397717215328e+00 5.438680410385131836e+00 1.149643713397834402e-02
3.419384351329081806e+00 5.712555885314941406e+00 1.000638352339386535e-02
3.420664390392773146e+00 5.979765653610229492e+00 6.963430154060291054e-03
3.421304409924619705e+00 6.249234914779663086e+00 1.876223561728557329e-03
3.422024431897946695e+00 6.516505479812622070e+00 1.197366904505722546e-03
3.421624419690542318e+00 6.786525487899780273e+00 1.813780799998062883e-03
3.421464414807581456e+00 7.054491043090820312e+00 1.763686438242615361e-03
3.421144405041657510e+00 7.324771642684936523e+00 2.999824868870345357e-03
3.421624419690542762e+00 7.592986822128295898e+00 2.282524475949001316e-03
3.425464536881618560e+00 7.867611885070800781e+00 2.512127618947892788e-03
3.426744575945310789e+00 8.135342836380004883e+00 1.852190428812342058e-03
3.426904580828272540e+00 8.404446363449096680e+00 1.697108066475526813e-03
3.427624602801598641e+00 8.671755552291870117e+00 8.541923280433441536e-04
3.427144588152714277e+00 8.942711591720581055e+00 1.969425482110422673e-03
3.424984522232735085e+00 9.226979494094848633e+00 3.253651198780585507e-03
3.426824578386791664e+00 9.496671199798583984e+00 2.030234364307546054e-03
3.427544600360118210e+00 9.764711618423461914e+00 8.980251783790062226e-04
3.427464597918637335e+00 1.003389954566955566e+01 1.352964051208960586e-03
3.426264561296426425e+00 1.030349922180175781e+01 1.953108502658520767e-03
3.426504568620868163e+00 1.057125830650329590e+01 1.876223561728299722e-03
3.426744575945310789e+00 1.084026980400085449e+01 1.852190428812342275e-03
3.427464597918637779e+00 1.110763263702392578e+01 1.091087833116827178e-03
3.427304593035676028e+00 1.137786722183227539e+01 1.131405377650228188e-03
3.426584571062349038e+00 1.164669060707092285e+01 2.061518708834125108e-03
3.427464597918637779e+00 1.191604709625244141e+01 9.329807754886632228e-04
3.426984583269753415e+00 1.218523001670837402e+01 2.045936333428845667e-03
3.426824578386791664e+00 1.245543789863586426e+01 1.371756118632855509e-03
3.425944551530503368e+00 1.272456645965576172e+01 3.749034255880913293e-03
3.413704177983946764e+00 1.299725413322448730e+01 2.068492481196567909e-02
3.408264011963256124e+00 1.326683902740478516e+01 3.006708460666797714e-02
3.422264439222387988e+00 1.353650522232055664e+01 1.254789264438068742e-03
3.421064402600176635e+00 1.380689382553100586e+01 1.886429748875558584e-03
3.421144405041658398e+00 1.407677316665649414e+01 2.199703463201159621e-03
3.421784424573504513e+00 1.434636402130126953e+01 1.848731620138296559e-03
3.421224407483138830e+00 1.461641454696655273e+01 1.883033832982541119e-03
3.421944429456465375e+00 1.488555502891540527e+01 1.488131433186337888e-03
3.422824456312753671e+00 1.516007995605468750e+01 2.986995908296039611e-03
3.427304593035676028e+00 1.542790341377258301e+01 1.131405377650228188e-03
3.426824578386791220e+00 1.569783997535705566e+01 1.371756118632883482e-03
3.427544600360118210e+00 1.596674036979675293e+01 1.202700413773500395e-03
3.426584571062349038e+00 1.623682475090026855e+01 1.813780799997803542e-03
3.427224590594195153e+00 1.650554943084716797e+01 1.505236953964268548e-03
3.426904580828272096e+00 1.677530503273010254e+01 1.131405377650215828e-03
3.427304593035676028e+00 1.704455113410949707e+01 9.798257990233372183e-04
3.427384595477156903e+00 1.731476974487304688e+01 1.249678085293445861e-03
3.426104556413465119e+00 1.758590984344482422e+01 2.332451938722221191e-03
3.427304593035676028e+00 1.785364675521850586e+01 9.798257990233372183e-04
3.426344563737906856e+00 1.812334036827087402e+01 1.817306130437715186e-03
3.427144588152714721e+00 1.839176177978515625e+01 1.399471163233186738e-03
3.426104556413464675e+00 1.866235876083374023e+01 1.876223561728330080e-03
3.426904580828272096e+00 1.893059778213500977e+01 1.876223561728292350e-03
3.427144588152714721e+00 1.919991350173950195e+01 1.708384656087054117e-03
3.426104556413464675e+00 1.946869921684265137e+01 2.190957092724715380e-03
3.427224590594195153e+00 1.974011564254760742e+01 9.928041896583804891e-04
3.426504568620868607e+00 2.000825190544128418e+01 1.959651598047076893e-03
3.419384351329081362e+00 2.028038024902343750e+01 8.253832927969795633e-03
3.418584326914273497e+00 2.055612802505493164e+01 1.318560622130252047e-02
3.420024370860927476e+00 2.082589149475097656e+01 7.320988406185040091e-03
3.420904397717216217e+00 2.109615755081176758e+01 2.116665644360949360e-03
3.420984400158696204e+00 2.136668825149536133e+01 2.833035450920920201e-03
3.421784424573504069e+00 2.163532590866088867e+01 2.310395160175843753e-03
3.421704422132023193e+00 2.190563344955444336e+01 2.400073244422813550e-03
3.419784363536484850e+00 2.217450404167175293e+01 1.666664195034778684e-03
3.418904336680196110e+00 2.244869041442871094e+01 2.400073244422771916e-03
3.423064463637195853e+00 2.271753501892089844e+01 2.049062288396988080e-03
3.423784485610522843e+00 2.298765254020690918e+01 1.933346356823673323e-03
3.424184497817927220e+00 2.325578594207763672e+01 1.055304682004947706e-03
3.423864488052003718e+00 2.352526044845581055e+01 1.631736040981876697e-03
3.423464475844600230e+00 2.379417800903320312e+01 1.571798583837193120e-03
3.421784424573504513e+00 2.407431149482727051e+01 3.563477940927732655e-03
3.424424505142368513e+00 2.434245967864990234e+01 9.260952144063537171e-04
3.423464475844599342e+00 2.461197900772094727e+01 1.763686438242573510e-03
3.423704483169042412e+00 2.488160991668701172e+01 1.385682933742319635e-03
3.423864488052003718e+00 2.515009021759033203e+01 1.903318445208658765e-03
3.424024492934965025e+00 2.541889858245849609e+01 1.055304682004954645e-03
3.424264500259407651e+00 2.568739366531372070e+01 1.376414047550122543e-03
3.423784485610522843e+00 2.595754551887512207e+01 1.760053712576709582e-03
3.423704483169041524e+00 2.622556924819946289e+01 1.600048829615206142e-03
3.423784485610522843e+00 2.649573278427124023e+01 1.933346356823673323e-03
3.423864488052003718e+00 2.676411390304565430e+01 2.354302082727724801e-03
3.424424505142368957e+00 2.703338193893432617e+01 1.085205915156409098e-03
