1.304439808343760498e+00 1.750299930572509766e-01 5.043962014672207818e-03
1.309839973143711589e+00 3.456678390502929688e-01 2.441385628323387586e-03
1.295839545884578836e+00 5.156779289245605469e-01 1.122353279231736237e-02
1.233437641529587792e+00 6.879429817199707031e-01 2.031908459816573684e-02
1.160235407574693900e+00 8.572213649749755859e-01 4.289140103764283590e-02
1.010430835901974467e+00 1.026950359344482422e+00 9.024686749725781970e-03
1.006030701620532763e+00 1.196917057037353516e+00 0.000000000000000000e+00
1.006030701620532763e+00 1.369155645370483398e+00 0.000000000000000000e+00
1.006230707724234730e+00 1.541106939315795898e+00 6.000183111056989422e-04
1.006230707724234730e+00 1.710639953613281250e+00 6.000183111056989422e-04
1.006030701620532763e+00 1.880549430847167969e+00 0.000000000000000000e+00
1.006030701620532763e+00 2.050019502639770508e+00 0.000000000000000000e+00
1.006230707724234730e+00 2.223534107208251953e+00 6.000183111056989422e-04
1.006030701620532763e+00 2.392334699630737305e+00 0.000000000000000000e+00
1.006430713827936696e+00 2.561589717864990234e+00 8.000244148075985173e-04
1.007030732139042151e+00 2.731172800064086914e+00 1.000030518509498201e-03
1.006230707724234730e+00 2.900786638259887695e+00 6.000183111056989422e-04
1.006630719931638440e+00 3.074920177459716797e+00 9.165431096671424697e-04
1.006230707724234730e+00 3.244457483291625977e+00 6.000183111056989422e-04
1.006830726035340184e+00 3.414362430572509766e+00 9.798257990236635632e-04
1.006830726035340406e+00 3.583302497863769531e+00 9.798257990236635632e-04
1.012030884731589753e+00 3.753339767456054688e+00 1.800054933317063455e-02
1.283039155247657659e+00 3.925114870071411133e+00 3.699031646422677039e-02
1.300639692373424472e+00 4.094757080078125000e+00 3.583403930243204277e-03
1.299439655751213119e+00 4.264296770095825195e+00 3.231197492602627848e-03
1.299839667958616829e+00 4.434220552444458008e+00 1.400042725913297568e-03
1.299439655751213341e+00 4.603293657302856445e+00 1.562097606617065962e-03
1.298439625232703731e+00 4.774125099182128906e+00 5.713317099435204736e-03
1.299839667958617051e+00 4.943667411804199219e+00 3.515786459537355128e-03
1.299039643543809408e+00 5.115991592407226562e+00 2.863651604366815751e-03
1.304839820551164209e+00 5.289851188659667969e+00 5.230838364767274352e-03
1.309439960936307878e+00 5.459086656570434570e+00 9.165431096671424697e-04
1.310439991454817266e+00 5.629703760147094727e+00 1.743612788255793390e-03
1.308639936521500236e+00 5.798808813095092773e+00 2.374940894851845698e-03
1.308439930417798269e+00 5.968225479125976562e+00 2.332451938722350862e-03
1.307439899899288882e+00 6.137801647186279297e+00 4.103782143228754641e-03
1.309239954832606134e+00 6.307001590728759766e+00 9.798257990236635632e-04
1.312040040284432774e+00 6.477308511734008789e+00 2.190957092724958675e-03
1.308639936521500236e+00 6.646167278289794922e+00 2.010036465669018304e-03
1.309439960936308101e+00 6.814926147460937500e+00 9.165431096671425781e-04
1.310039979247413555e+00 6.984749317169189453e+00 8.944544875846399115e-04
1.309039948728904168e+00 7.155398607254028320e+00 1.000030518509498201e-03
1.309239954832606134e+00 7.324808359146118164e+00 1.600048829615152582e-03
1.309639967040009845e+00 7.494866609573364258e+00 1.959651598047327126e-03
1.308839942625202202e+00 7.669027566909790039e+00 2.039670051227244173e-03
1.307439899899288882e+00 7.840196847915649414e+00 3.104929694186501447e-03
1.308439930417798269e+00 8.014306306838989258e+00 2.332451938722373847e-03
1.308439930417798269e+00 8.183768272399902344e+00 2.939477397070927155e-03
1.309439960936308101e+00 8.352882862091064453e+00 9.165431096671425781e-04
1.308439930417798269e+00 8.527031660079956055e+00 4.079340102454523907e-03
1.309639967040009623e+00 8.696090221405029297e+00 1.200036622211397884e-03
1.309239954832606134e+00 8.867202758789062500e+00 1.833086219334222272e-03
1.308639936521500236e+00 9.036062955856323242e+00 2.973304487515690108e-03
1.308439930417798269e+00 9.204829216003417969e+00 1.496708630632104286e-03
1.308839942625202202e+00 9.375471115112304688e+00 3.815873256878036645e-03
1.312240046388134518e+00 9.543780803680419922e+00 1.400042725913297568e-03
1.309239954832606134e+00 9.715454816818237305e+00 1.326690403520172949e-03
1.309239954832605912e+00 9.884998083114624023e+00 1.326690403520172949e-03
1.308439930417798269e+00 1.005443024635314941e+01 3.200097659230319042e-03
1.303439777825250889e+00 1.022509193420410156e+01 1.494167414020370135e-02
1.287439289529099362e+00 1.039986920356750488e+01 1.971962814042415441e-02
1.285039216284676655e+00 1.057323312759399414e+01 2.198703039851428523e-02
1.295439533677175348e+00 1.074289464950561523e+01 1.341830798843798508e-02
1.300039674062318795e+00 1.091263031959533691e+01 1.264949667267674946e-03
1.300039674062318795e+00 1.108160591125488281e+01 1.264949667267674946e-03
1.298839637440107442e+00 1.125320529937744141e+01 3.815873256878036211e-03
1.298439625232703509e+00 1.142321467399597168e+01 3.666172438668507429e-03
1.300039674062318795e+00 1.159156131744384766e+01 1.264949667267674946e-03
1.300839698477126438e+00 1.176087450981140137e+01 2.561327860496224150e-03
1.297439594714194122e+00 1.193009209632873535e+01 4.476742476458158218e-03
1.299439655751212896e+00 1.210103631019592285e+01 2.010036465669037820e-03
1.299439655751213119e+00 1.227024364471435547e+01 1.800054933317030148e-03
1.295239527573473381e+00 1.244979691505432129e+01 4.664903877444765042e-03
1.303239771721549145e+00 1.262342548370361328e+01 5.306761614080790675e-03
1.308439930417798491e+00 1.279311251640319824e+01 2.939477397070927589e-03
1.307839912106692815e+00 1.296476483345031738e+01 3.026641555854431981e-03
1.309039948728904168e+00 1.313453817367553711e+01 3.130590706546175234e-03
1.309439960936308101e+00 1.330400276184082031e+01 9.165431096671425781e-04
1.309039948728904168e+00 1.347302365303039551e+01 1.341681731376959813e-03
1.308239924314096525e+00 1.364240646362304688e+01 3.026641555854439353e-03
1.309839973143711589e+00 1.381376767158508301e+01 1.077065830867564083e-03
1.308239924314096303e+00 1.398368287086486816e+01 2.441385628323343784e-03
1.309039948728904168e+00 1.415502905845642090e+01 1.341681731376910157e-03
1.307039887691885172e+00 1.432523274421691895e+01 4.312903349934490115e-03
1.310039979247413333e+00 1.449643611907958984e+01 1.549240617554581596e-03
1.309239954832606134e+00 1.466762042045593262e+01 9.798257990236635632e-04
1.308639936521500236e+00 1.483680820465087891e+01 2.374940894851875622e-03
1.308039918210394559e+00 1.500579714775085449e+01 3.577817950338472476e-03
1.307439899899288882e+00 1.517618155479431152e+01 4.103782143228794539e-03
1.310239985351115299e+00 1.534458398818969727e+01 1.077065830867563866e-03
1.309239954832606134e+00 1.551479196548461914e+01 9.798257990236635632e-04
1.308039918210394559e+00 1.568361544609069824e+01 3.098481235109077324e-03
1.309239954832605912e+00 1.585254931449890137e+01 1.600048829615152799e-03
1.308439930417798269e+00 1.602167963981628418e+01 2.332451938722373847e-03
1.308839942625202202e+00 1.619182729721069336e+01 2.039670051227214249e-03
1.309839973143711811e+00 1.636015176773071289e+01 3.627782140568326912e-03
1.309039948728904168e+00 1.653029036521911621e+01 1.341681731376909940e-03
1.309239954832606134e+00 1.669908905029296875e+01 9.798257990236635632e-04
1.308039918210394781e+00 1.686799407005310059e+01 3.464207334355709315e-03
1.309639967040009623e+00 1.703920364379882812e+01 1.200036622211397884e-03
