1.297439594714194344e+00 1.756751537322998047e-01 4.386476304525569955e-03
1.301439716788232115e+00 3.470606803894042969e-01 2.835575910660953231e-03
1.303039765617847401e+00 5.176403522491455078e-01 1.843965164809595369e-03
1.301639722891934081e+00 6.902506351470947266e-01 1.496708630632175409e-03
1.301239710684530149e+00 8.605964183807373047e-01 2.856658549717614945e-03
1.301039704580828182e+00 1.030328273773193359e+00 2.569124919203457161e-03
1.303039765617847179e+00 1.200699806213378906e+00 2.408392414062164415e-03
1.302639753410443468e+00 1.371229887008666992e+00 1.280663930248141348e-03
1.303039765617847401e+00 1.543715476989746094e+00 1.341681731376959813e-03
1.303839790032654822e+00 1.713305234909057617e+00 3.515786459537367705e-03
1.306239863277077529e+00 1.883373498916625977e+00 3.841991790744280714e-03
1.288639326151310716e+00 2.053332805633544922e+00 1.732219136906806845e-02
1.295639539780877092e+00 2.225528717041015625e+00 1.326087225310564055e-02
1.291839423810541287e+00 2.395329236984252930e+00 1.814332084409386869e-02
1.295239527573473604e+00 2.565596342086791992e+00 5.878954794141841300e-03
1.299239649647511374e+00 2.735154390335083008e+00 1.600048829615152582e-03
1.300239680166020761e+00 2.905019521713256836e+00 1.077065830867564083e-03
1.295439533677175126e+00 3.083137750625610352e+00 6.264375078902210264e-03
1.300439686269722728e+00 3.252778768539428711e+00 1.496708630632175409e-03
1.299639661854915085e+00 3.423030853271484375e+00 2.939477397070933227e-03
1.300839698477126438e+00 3.592772722244262695e+00 1.833086219334226826e-03
1.302039735099338014e+00 3.762419700622558594e+00 8.944544875846399115e-04
1.301839728995636047e+00 3.934326648712158203e+00 3.515786459537355128e-03
1.301439716788232115e+00 4.104147911071777344e+00 2.537792955384694620e-03
1.303439777825251111e+00 4.274233818054199219e+00 1.562097606617114534e-03
1.310840003662221198e+00 4.453197240829467773e+00 4.749881789703779000e-03
1.312840064699240195e+00 4.625673532485961914e+00 2.227173713079844998e-03
1.314240107425153514e+00 4.797657966613769531e+00 6.000183111056989422e-04
1.313840095217749582e+00 4.969314336776733398e+00 4.044873122962863027e-03
1.314040101321451548e+00 5.140887737274169922e+00 2.366504133214667339e-03
1.314840125736258969e+00 5.311349868774414062e+00 9.798257990236635632e-04
1.316640180669576221e+00 5.482429027557373047e+00 1.800054933317003043e-03
1.315440144047364868e+00 5.653884887695312500e+00 1.280663930248141348e-03
1.314840125736259191e+00 5.824320316314697266e+00 1.600048829615197035e-03
1.314640119632557225e+00 5.994635581970214844e+00 2.690806926325367120e-03
1.315640150151066834e+00 6.164246082305908203e+00 8.000244148075985173e-04
1.314040101321451548e+00 6.335330247879028320e+00 4.816784828124209134e-03
1.313440083010345649e+00 6.505328416824340820e+00 2.973304487515754293e-03
1.314440113528855480e+00 6.674959897994995117e+00 2.154131661735128166e-03
1.314240107425153292e+00 6.844921588897705078e+00 1.661375473739466800e-03
1.314440113528855258e+00 7.016545772552490234e+00 2.498075434571619350e-03
1.313840095217749582e+00 7.188044309616088867e+00 4.044873122962853486e-03
1.313040070802941717e+00 7.359256982803344727e+00 3.255863480288090014e-03
1.314640119632557003e+00 7.529069423675537109e+00 1.280663930248141348e-03
1.314440113528855258e+00 7.699323415756225586e+00 4.630476072031318099e-03
1.313240076906643905e+00 7.869981765747070312e+00 3.919303196094590935e-03
1.314040101321451548e+00 8.043346881866455078e+00 2.828513444126198872e-03
1.314040101321451548e+00 8.212536573410034180e+00 3.464207334355735336e-03
1.313240076906643905e+00 8.381539821624755859e+00 3.815873256878015395e-03
1.314840125736259191e+00 8.551037311553955078e+00 1.833086219334284939e-03
1.314040101321451548e+00 8.720099687576293945e+00 8.944544875846399115e-04
1.314040101321451548e+00 8.891489028930664062e+00 3.577817950338497196e-03
1.314640119632557447e+00 9.060888290405273438e+00 1.280663930248141348e-03
1.313840095217749582e+00 9.230187177658081055e+00 2.749629329001427626e-03
1.305239832758568364e+00 9.400174379348754883e+00 1.600548766771438952e-02
1.299639661854915085e+00 9.569355249404907227e+00 1.168966809732137693e-02
1.299839667958616829e+00 9.741510868072509766e+00 1.033278841414930239e-02
1.296039551988281024e+00 9.911034107208251953e+00 1.804494039770233177e-02
1.302439747306741502e+00 1.008001351356506348e+01 3.878262241103996519e-03
1.305039826654866175e+00 1.024920105934143066e+01 2.720377121068421732e-03
1.303039765617847179e+00 1.041965365409851074e+01 5.813954169300029375e-03
1.304039796136356788e+00 1.059211659431457520e+01 1.549240617554581813e-03
1.304639814447462465e+00 1.076146984100341797e+01 1.280663930248141348e-03
1.305239832758567919e+00 1.093244934082031250e+01 2.039670051227235933e-03
1.302439747306741724e+00 1.110253500938415527e+01 4.176250052601483340e-03
1.303039765617847179e+00 1.127424693107604980e+01 3.376491645574424341e-03
1.304239802240058754e+00 1.144377207756042480e+01 2.891454699154869749e-03
1.305039826654866175e+00 1.161263847351074219e+01 1.000030518509498201e-03
1.307039887691885394e+00 1.178636622428894043e+01 5.813954169300029375e-03
1.313440083010345871e+00 1.195588946342468262e+01 2.690806926325334594e-03
1.314040101321451548e+00 1.212941980361938477e+01 2.366504133214667339e-03
1.313840095217749582e+00 1.229803228378295898e+01 1.661375473739466584e-03
1.313640089114047615e+00 1.246741724014282227e+01 2.800085451826534854e-03
1.313840095217749582e+00 1.263648915290832520e+01 2.271632663047425983e-03
1.314640119632557225e+00 1.280564737319946289e+01 1.280663930248141348e-03
1.313840095217749582e+00 1.297854852676391602e+01 3.026641555854458435e-03
1.314240107425153514e+00 1.314793825149536133e+01 2.891454699154869749e-03
1.315240137943662901e+00 1.331738495826721191e+01 1.326690403520226508e-03
1.313240076906643905e+00 1.348593735694885254e+01 4.214390114120659253e-03
1.314840125736259191e+00 1.365477800369262695e+01 1.326690403520226508e-03
1.314840125736258969e+00 1.382572340965270996e+01 1.326690403520226292e-03
1.315040131839960935e+00 1.399543428421020508e+01 1.341681731376959813e-03
1.312440052491836262e+00 1.416626477241516113e+01 3.878262241104008228e-03
1.314440113528855480e+00 1.433529925346374512e+01 2.800085451826595136e-03
1.314640119632557225e+00 1.450519514083862305e+01 1.800054933317096718e-03
1.314840125736258969e+00 1.467960715293884277e+01 9.798257990236635632e-04
1.315240137943662901e+00 1.485111212730407715e+01 2.039670051227244173e-03
1.314040101321451548e+00 1.502073287963867188e+01 2.966569927367792864e-03
1.313640089114047838e+00 1.519025158882141113e+01 2.653380807040453017e-03
1.313640089114047615e+00 1.535921525955200195e+01 3.072552065995173831e-03
1.314640119632557225e+00 1.552987957000732422e+01 1.800054933317096718e-03
1.314840125736259191e+00 1.569885182380676270e+01 1.326690403520226508e-03
1.314640119632557225e+00 1.586761212348937988e+01 9.165431096671424697e-04
1.313240076906643905e+00 1.603604173660278320e+01 3.815873256878015395e-03
1.314040101321451548e+00 1.620645689964294434e+01 1.549240617554581813e-03
1.314640119632557447e+00 1.637552237510681152e+01 1.562097606617114534e-03
1.313640089114047615e+00 1.654489994049072266e+01 2.939477397070933661e-03
1.312840064699240195e+00 1.671362757682800293e+01 4.118377739309214865e-03
1.305639844965971852e+00 1.688423418998718262e+01 5.043962014672220828e-03
1.295839545884578836e+00 1.705601716041564941e+01 1.691086793787589457e-02
