0.000000000000000000e+00 2.868705716042327936e-01 9.062494095472310995e-01
1.010101010101010187e-02 5.856496451185774221e-01 9.460866193491436205e-01
2.020202020202020374e-02 4.449994955496433535e-01 9.273332660732858113e-01
3.030303030303030387e-02 4.826493842319043992e-01 9.323532512309206099e-01
4.040404040404040747e-02 6.494232355504077070e-01 9.545897647400544139e-01
5.050505050505051108e-02 7.184681590436694520e-01 9.637957545391558911e-01
6.060606060606060774e-02 4.368804780607350446e-01 9.262507304080980219e-01
7.070707070707071829e-02 5.855356821637887066e-01 9.460714242885052139e-01
8.080808080808081495e-02 7.832116057141357279e-01 9.724282140952180686e-01
9.090909090909091161e-02 9.347897377942903097e-01 9.926386317059053832e-01
1.010101010101010222e-01 9.091123608585133242e-01 9.892149814478017333e-01
1.111111111111111188e-01 7.067734760384614123e-01 9.622364634717948118e-01
1.212121212121212155e-01 1.640572637631841912e-01 8.898743018350911971e-01
1.313131313131313260e-01 8.112171090946388441e-01 9.761622812126184989e-01
1.414141414141414366e-01 3.842614152091239355e-02 8.731234855361216241e-01
1.515151515151515194e-01 6.925034571860065880e-01 9.603337942914675907e-01
1.616161616161616299e-01 9.103573240610844941e-01 9.893809765414779411e-01
1.717171717171717404e-01 1.655800418284121278e-01 8.900773389104549294e-01
1.818181818181818232e-01 7.467996606262589099e-01 9.675732880835011818e-01
1.919191919191919338e-01 4.107820745306520749e-01 9.227709432707535964e-01
2.020202020202020443e-01 9.577024657041321998e-02 8.807693662093883935e-01
2.121212121212121271e-01 8.724923180057587713e-01 9.843323090674345188e-01
2.222222222222222376e-01 9.553666655912083083e-01 9.953822220788277608e-01
2.323232323232323482e-01 3.999279030025242321e-01 9.213237204003366099e-01
2.424242424242424310e-01 3.249137141991520483e-02 8.723321828559886804e-01
2.525252525252525415e-01 2.322585557794977218e-01 8.989678074372663419e-01
2.626262626262626521e-01 1.047221520612171553e-01 8.819629536081623478e-01
2.727272727272727626e-01 3.614939431693562355e-01 9.161991924225808548e-01
2.828282828282828731e-01 9.508740437657385858e-01 9.947832058354317830e-01
2.929292929292929282e-01 4.350734754892712219e-01 9.260097967319028678e-01
3.030303030303030387e-01 6.645676138936892352e-01 9.566090151858251955e-01
3.131313131313131493e-01 3.260630722343924592e-01 9.114750762979190180e-01
3.232323232323232598e-01 3.319150414278322359e-01 9.122553388570442401e-01
3.333333333333333703e-01 4.144309711163135512e-01 9.232574628155084673e-01
3.434343434343434809e-01 1.138337488017904242e-02 8.695177833173571846e-01
3.535353535353535914e-01 5.542395269473123776e-01 9.418986035929749479e-01
3.636363636363636465e-01 5.778912857393073699e-01 9.450521714319076727e-01
3.737373737373737570e-01 5.866352862492487663e-01 9.462180381665664664e-01
3.838383838383838675e-01 2.730711305493562779e-01 9.044094840732475049e-01
3.939393939393939781e-01 8.955746930499528524e-01 9.874099590733270704e-01
4.040404040404040886e-01 3.373938533919743632e-01 9.129858471189299385e-01
4.141414141414141992e-01 3.652102670270349627e-01 9.166947022702713888e-01
4.242424242424242542e-01 8.573715851761314344e-01 9.823162113568175702e-01
4.343434343434343647e-01 3.337929114832793864e-02 8.724505721531103930e-01
4.444444444444444753e-01 3.434883912593901245e-01 9.137984521679186622e-01
4.545454545454545858e-01 3.384680082142443869e-01 9.131290677618992824e-01
4.646464646464646964e-01 9.040247462588768546e-02 8.800536632834516926e-01
4.747474747474748069e-01 3.095746351432003829e-01 9.092766180190934300e-01
4.848484848484848619e-01 6.879587743390624954e-01 9.597278365785416598e-01
4.949494949494949725e-01 6.262797800823093342e-01 9.515039706776412531e-01
5.050505050505050830e-01 8.302944031606290798e-01 9.787059204214172414e-01
5.151515151515152491e-01 7.195570533954448456e-01 9.639409404527259362e-01
5.252525252525253041e-01 4.741215835828326286e-01 9.312162111443776924e-01
5.353535353535353591e-01 6.328532868171360404e-01 9.523804382422847992e-01
5.454545454545455252e-01 4.188191630610407223e-01 9.238425550748053938e-01
5.555555555555555802e-01 3.328221067361799568e-01 9.123762808981573658e-01
5.656565656565657463e-01 8.638610103178313571e-01 9.831814680423774933e-01
5.757575757575758013e-01 6.808889160457334278e-01 9.587851888060977545e-01
5.858585858585858563e-01 5.704209314664465680e-02 8.756056124195525925e-01
5.959595959595960224e-01 3.816869497782271470e-02 8.730891593303763409e-01
6.060606060606060774e-01 4.475237407588843475e-01 9.276698321011845882e-01
6.161616161616162435e-01 6.470698200774857023e-01 9.542759760103314282e-01
6.262626262626262985e-01 3.024615305944359234e-01 9.083282040792581835e-01
6.363636363636364646e-01 5.605361023005454024e-01 9.427381469734060770e-01
6.464646464646465196e-01 7.335954600310103935e-01 9.658127280041347573e-01
6.565656565656565746e-01 5.037848045061693592e-01 9.351713072674892047e-01
6.666666666666667407e-01 7.713574412010729686e-01 9.708476588268096785e-01
6.767676767676767957e-01 8.820602010446861874e-01 9.856080268059581595e-01
6.868686868686869618e-01 9.312278170032590729e-01 9.921637089337679294e-01
6.969696969696970168e-01 3.106821228556714276e-01 9.094242830474228434e-01
7.070707070707071829e-01 3.902756331298866677e-01 9.200367510839848606e-01
7.171717171717172379e-01 1.012099241794719440e-01 8.814946565572628900e-01
7.272727272727272929e-01 3.030353653826540761e-01 9.084047153843538558e-01
7.373737373737374590e-01 8.768458354177347536e-01 9.849127780556979905e-01
7.474747474747475140e-01 3.220800044469673828e-01 9.109440005929290152e-01
7.575757575757576801e-01 6.711793933623885211e-01 9.574905857816518040e-01
7.676767676767677351e-01 1.962746199310921869e-01 8.941699493241456187e-01
7.777777777777777901e-01 1.767797177512990814e-01 8.915706290335065898e-01
7.878787878787879562e-01 2.597131757722010992e-01 9.026284234362934589e-01
7.979797979797980112e-01 2.870102166627259699e-01 9.062680288883634416e-01
8.080808080808081773e-01 9.154951385808884901e-02 8.802066018477452403e-01
8.181818181818182323e-01 9.638772673890765308e-01 9.965169689852102497e-01
8.282828282828283983e-01 6.276826539805216987e-01 9.516910205307361759e-01
8.383838383838384534e-01 2.340275354782073158e-01 8.992036713970943396e-01
8.484848484848485084e-01 5.940440165819159679e-01 9.472058688775888413e-01
8.585858585858586745e-01 2.716571255929007833e-01 9.042209500790534538e-01
8.686868686868687295e-01 8.197079785271255137e-01 9.772943971369500993e-01
8.787878787878788955e-01 5.044766643153147934e-01 9.352635552420419662e-01
8.888888888888889506e-01 5.722524925104912619e-01 9.443003323347322064e-01
8.989898989898991166e-01 7.016429044732372944e-01 9.615523872630983293e-01
9.090909090909091717e-01 7.714320071401982171e-01 9.708576009520264449e-01
9.191919191919192267e-01 5.751175991837156332e-01 9.446823465578287893e-01
9.292929292929293927e-01 4.924230362158131813e-01 9.336564048287750994e-01
9.393939393939394478e-01 1.818144408714690297e-01 8.922419254495291829e-01
9.494949494949496138e-01 8.949608444247593164e-01 9.873281125899678878e-01
9.595959595959596689e-01 8.512520027979985082e-01 9.815002670397331430e-01
9.696969696969697239e-01 9.691529911029230782e-01 9.972203988137230413e-01
9.797979797979798899e-01 3.480418814895557267e-01 9.144055841986074018e-01
9.898989898989899450e-01 6.613429092281845056e-01 9.561790545637579575e-01
1.000000000000000000e+00 9.707035122167283481e-01 9.974271349622304550e-01
