2.950730049134800304e+00 2.876939773559570312e-01 3.428793017416549571e-02
2.963130427564317770e+00 5.602393150329589844e-01 2.181530303805441842e-02
2.972330708334604665e+00 8.340737819671630859e-01 1.095945850871868701e-02
2.969690627765739777e+00 1.106730222702026367e+00 1.248397020799784859e-02
2.969050608233893662e+00 1.380629062652587891e+00 1.557604595874990255e-02
2.967850571611682753e+00 1.654649257659912109e+00 2.388927022877071829e-02
2.966330525223547898e+00 1.928493261337280273e+00 2.069513325057609557e-02
3.016652060914944755e+00 2.213056325912475586e+00 3.286688806600156915e-02
3.026972375865963016e+00 2.485132455825805664e+00 2.076275298125671021e-02
2.991051279641102401e+00 2.759701251983642578e+00 7.785376253690781678e-02
2.956890237128818821e+00 3.033605098724365234e+00 6.694918645667295720e-02
2.936489614551224925e+00 3.304500102996826172e+00 8.171418198933873278e-02
2.967530561845759252e+00 3.577687740325927734e+00 2.467475552654582738e-02
2.962650412915432963e+00 3.847339153289794922e+00 2.212411071218579883e-02
2.959450315256203279e+00 4.129203319549560547e+00 3.955358248229277895e-02
2.966490530106510093e+00 4.401077985763549805e+00 2.435151315756434523e-02
2.968650596026490174e+00 4.671809911727905273e+00 1.242641640418409681e-02
2.962170398266548599e+00 4.947251319885253906e+00 2.829350560230811662e-02
2.966970544755394457e+00 5.221807479858398438e+00 1.716868051619850274e-02
2.970570654622028961e+00 5.490419626235961914e+00 1.566986236772778887e-02
2.989851243018891491e+00 5.759822368621826172e+00 3.228135689390229657e-02
3.026892373424482141e+00 6.033755779266357422e+00 1.712127014692553170e-02
3.034732612689596376e+00 6.304624080657958984e+00 1.228656232243247222e-02
3.030252475966674464e+00 6.572502136230468750e+00 1.741702945137440714e-02
3.032012529679251056e+00 6.844331979751586914e+00 1.864657666393301425e-02
3.032492544328134532e+00 7.115304708480834961e+00 1.988829157394156680e-02
3.033532576067385023e+00 7.390472173690795898e+00 1.225787790493531107e-02
3.037612700582903447e+00 7.661732912063598633e+00 9.109042995525028219e-03
3.032652549211096726e+00 7.931877613067626953e+00 1.766877058533553382e-02
3.038412724997712200e+00 8.199265956878662109e+00 9.743890126459467740e-03
3.036012651753288161e+00 8.468322753906250000e+00 1.151701765576012594e-02
3.035692641987365548e+00 8.738072633743286133e+00 8.294829679443848497e-03
3.035532637104403353e+00 9.010830163955688477e+00 1.578422016334131081e-02
3.023372265999328956e+00 9.279221773147583008e+00 2.446217739216235629e-02
3.031532515030365804e+00 9.551127195358276367e+00 1.875814159193519778e-02
3.035932649311807285e+00 9.819033622741699219e+00 8.331784737539657884e-03
2.944169848933378297e+00 1.009073305130004883e+01 1.154095599905533287e-01
2.910568823511459957e+00 1.036392784118652344e+01 1.272042341659242182e-01
2.932169482711263875e+00 1.063612532615661621e+01 7.618417056279432054e-02
2.973290737632374281e+00 1.090625619888305664e+01 8.890715631466062155e-03
2.960490346995452882e+00 1.117671012878417969e+01 2.013615522453536880e-02
2.963050425122836451e+00 1.144835400581359863e+01 2.258649013418334919e-02
2.964010454420606511e+00 1.171810126304626465e+01 2.472632030389223037e-02
2.973210735190893850e+00 1.198793077468872070e+01 7.463846203911575668e-03
2.973850754722739520e+00 1.226293444633483887e+01 3.873027179622826055e-02
3.030972497940000565e+00 1.253529381752014160e+01 1.757397081144825013e-02
3.033852585833308080e+00 1.280321311950683594e+01 1.221603488163977569e-02
3.029212444227423973e+00 1.307450938224792480e+01 1.984866861106724181e-02
3.031052500381481440e+00 1.334456992149353027e+01 1.700047175433626323e-02
3.037292690816980834e+00 1.361324167251586914e+01 9.830864596133926867e-03
3.033132563859981534e+00 1.388038682937622070e+01 1.892459401976995942e-02
3.037132685934019527e+00 1.414967274665832520e+01 8.468930129841541546e-03
3.030572485732597077e+00 1.441718673706054688e+01 1.981801128796276470e-02
3.037212688375499958e+00 1.468567872047424316e+01 5.630944436312422530e-03
3.028892434461500915e+00 1.495333456993103027e+01 2.076984182246594673e-02
3.030092471083712713e+00 1.522287559509277344e+01 2.027868582539750844e-02
3.034172595599231581e+00 1.549031662940979004e+01 8.845245910577701626e-03
3.028892434461500915e+00 1.575954318046569824e+01 1.960467949508663127e-02
3.030492483291116201e+00 1.602824902534484863e+01 1.530536825853876307e-02
3.028252414929655245e+00 1.629772448539733887e+01 2.496742772201710273e-02
3.034172595599231581e+00 1.656466794013977051e+01 1.535213291479369489e-02
3.036652671285134275e+00 1.683351564407348633e+01 1.716346059887961448e-02
3.030652488174077952e+00 1.710191583633422852e+01 1.670040187103986884e-02
2.969610625324258901e+00 1.737229442596435547e+01 6.649420622559513994e-02
2.923369214148380468e+00 1.764224243164062500e+01 1.152602812574844426e-01
2.975530805993835237e+00 1.791284322738647461e+01 1.436171956478466891e-02
2.965450498367259602e+00 1.818498086929321289e+01 2.142004676992202011e-02
2.964810478835413488e+00 1.845735716819763184e+01 2.456661220599875087e-02
2.964730476393933056e+00 1.873018336296081543e+01 2.013393011206660727e-02
2.971450681478316369e+00 1.899977350234985352e+01 1.044208097038801762e-02
2.950090029602954633e+00 1.928124547004699707e+01 4.166660487586879708e-02
2.970490652180547642e+00 1.955824899673461914e+01 8.409775062618914804e-03
3.029932466200750518e+00 1.983160018920898438e+01 1.331409851417894759e-02
3.022412236701559785e+00 2.009995508193969727e+01 2.323984862276358768e-02
3.036252659077730787e+00 2.037054848670959473e+01 9.014397351017484558e-03
3.024492300180058990e+00 2.064209151268005371e+01 2.127222645732618905e-02
3.034812615131077695e+00 2.091284012794494629e+01 1.599928821452469008e-02
3.024972314828943798e+00 2.118264818191528320e+01 2.002523596213380899e-02
3.028892434461501360e+00 2.145300865173339844e+01 1.904999079924751815e-02
3.029452451551866154e+00 2.172095513343811035e+01 1.380731819322227917e-02
3.027772400280770881e+00 2.199057793617248535e+01 1.897997858123067622e-02
3.034172595599231581e+00 2.226409316062927246e+01 1.443905553702325151e-02
3.036732673726614706e+00 2.254033637046813965e+01 8.703736189082968144e-03
3.036972681051058220e+00 2.280862355232238770e+01 1.023093292782699740e-02
3.029852463759270531e+00 2.308051872253417969e+01 2.153626495767302015e-02
3.034012590716270275e+00 2.335048031806945801e+01 1.669043445632262604e-02
3.031932527237769737e+00 2.361919713020324707e+01 2.019106937210159852e-02
3.032092532120731043e+00 2.388751459121704102e+01 1.857366564928276606e-02
3.028572424695578302e+00 2.415832948684692383e+01 2.052401787590934015e-02
3.033452573625904147e+00 2.442906355857849121e+01 1.311796107726078547e-02
2.952010088198492976e+00 2.470238566398620605e+01 1.130379293391963746e-01
2.948809990539261960e+00 2.497544264793395996e+01 7.656212750400644140e-02
2.969130610675374538e+00 2.524710083007812500e+01 2.801296655410142472e-02
2.972810722983489473e+00 2.551617908477783203e+01 8.798086407567084349e-03
2.966250522782067467e+00 2.578507971763610840e+01 3.088094241157268369e-02
2.965290493484298295e+00 2.605513095855712891e+01 1.832213113202629459e-02
2.958170276192510606e+00 2.632381153106689453e+01 4.073640734702332206e-02
2.962570410473952531e+00 2.659514641761779785e+01 3.046024013619666460e-02
2.965450498367260490e+00 2.687130951881408691e+01 3.553909801758879661e-02
3.028892434461500915e+00 2.714145612716674805e+01 1.988024452057803038e-02
