2.142095565795898438e-02 3.084094119083224061e+00 1.279212549211096617e+00
4.073476791381835938e-02 3.144095950193792621e+00 1.287212793359172380e+00
6.061577796936035156e-02 3.134095645008697861e+00 1.285879419334493123e+00
8.280873298645019531e-02 3.108094851527451574e+00 1.282412646870326967e+00
1.039254665374755859e-01 3.140095828119754628e+00 1.286679443749300544e+00
1.271948814392089844e-01 3.122095278786583883e+00 1.284279370504877837e+00
1.492292881011962891e-01 3.012091921750541523e+00 1.269612256233405567e+00
1.703789234161376953e-01 3.048093020416883014e+00 1.274412402722250981e+00
1.918952465057373047e-01 3.076093874935148076e+00 1.278145849991353167e+00
2.122318744659423828e-01 2.970090639973143709e+00 1.264012085329752511e+00
2.341418266296386719e-01 3.036092654194769036e+00 1.272812353892635917e+00
2.556271553039550781e-01 3.068093630787072534e+00 1.277079150771609717e+00
2.755429744720458984e-01 3.086094180120242836e+00 1.279479224016032424e+00
2.957203388214111328e-01 3.060093386638996549e+00 1.276012451551866267e+00
3.160531520843505859e-01 3.062093447676015767e+00 1.276279126356802074e+00
3.344449996948242188e-01 2.824086184270759858e+00 1.244544824569434605e+00
3.530886173248291016e-01 3.150096133304849388e+00 1.288012817773979801e+00
3.733112812042236328e-01 3.136095706045716636e+00 1.286146094139428930e+00
3.917331695556640625e-01 2.844086794640949378e+00 1.247211572618793340e+00
4.102008342742919922e-01 3.144095950193792621e+00 1.287212793359172380e+00
4.283740520477294922e-01 3.146096011230811396e+00 1.287479468164108187e+00
4.470479488372802734e-01 3.148096072267830614e+00 1.287746142969043994e+00
4.655427932739257812e-01 3.094094424268318377e+00 1.280545923235775874e+00
4.839205741882324219e-01 3.176096926786096120e+00 1.291479590238146180e+00
5.022320747375488281e-01 3.150096133304849388e+00 1.288012817773979801e+00
5.206210613250732422e-01 3.090094302194280829e+00 1.280012573625904038e+00
5.394170284271240234e-01 2.900088503677480389e+00 1.254678467156997268e+00
5.578806400299072266e-01 2.930089419232764669e+00 1.258678589231035261e+00
5.763964653015136719e-01 3.136095706045716636e+00 1.286146094139428930e+00
5.953805446624755859e-01 3.142095889156773403e+00 1.286946118554236351e+00
6.137788295745849609e-01 3.086094180120242836e+00 1.279479224016032424e+00
6.318490505218505859e-01 3.154096255378887381e+00 1.288546167383851637e+00
6.502048969268798828e-01 3.176096926786096120e+00 1.291479590238146180e+00
6.682615280151367188e-01 3.124095339823603101e+00 1.284546045309813866e+00
6.865556240081787109e-01 2.826086245307779077e+00 1.244811499374370634e+00
7.045960426330566406e-01 3.156096316415906600e+00 1.288812842188787444e+00
7.234022617340087891e-01 3.138095767082735410e+00 1.286412768944364737e+00
7.419338226318359375e-01 3.108094851527451574e+00 1.282412646870326967e+00
7.604405879974365234e-01 3.146096011230811396e+00 1.287479468164108187e+00
7.794380187988281250e-01 3.060093386638996549e+00 1.276012451551866267e+00
7.981164455413818359e-01 3.134095645008697861e+00 1.285879419334493123e+00
8.164129257202148438e-01 3.140095828119754628e+00 1.286679443749300544e+00
8.347666263580322266e-01 3.146096011230811396e+00 1.287479468164108187e+00
8.530974388122558594e-01 3.146096011230811396e+00 1.287479468164108187e+00
8.715493679046630859e-01 3.138095767082735410e+00 1.286412768944364737e+00
8.900008201599121094e-01 3.080093997009186069e+00 1.278679199601224781e+00
9.081256389617919922e-01 3.134095645008697861e+00 1.285879419334493123e+00
9.265029430389404297e-01 3.140095828119754628e+00 1.286679443749300544e+00
9.448571205139160156e-01 3.062093447676015767e+00 1.276279126356802074e+00
9.634237289428710938e-01 3.134095645008697861e+00 1.285879419334493123e+00
9.821512699127197266e-01 3.130095522934659868e+00 1.285346069724621287e+00
1.000401496887207031e+00 3.150096133304849388e+00 1.288012817773979801e+00
1.018823623657226562e+00 3.140095828119754628e+00 1.286679443749300544e+00
1.037088394165039062e+00 3.132095583971679087e+00 1.285612744529557316e+00
1.055202245712280273e+00 3.138095767082735410e+00 1.286412768944364737e+00
1.073320388793945312e+00 3.154096255378887381e+00 1.288546167383851637e+00
1.091544389724731445e+00 3.148096072267830614e+00 1.287746142969043994e+00
1.109656810760498047e+00 3.144095950193792621e+00 1.287212793359172380e+00
1.127973079681396484e+00 3.146096011230811396e+00 1.287479468164108187e+00
1.146607637405395508e+00 3.142095889156773403e+00 1.286946118554236351e+00
1.165069818496704102e+00 3.080093997009186069e+00 1.278679199601224781e+00
1.183576822280883789e+00 3.048093020416883014e+00 1.274412402722250981e+00
1.201584100723266602e+00 3.146096011230811396e+00 1.287479468164108187e+00
1.219755649566650391e+00 3.142095889156773403e+00 1.286946118554236351e+00
1.238096952438354492e+00 3.136095706045716636e+00 1.286146094139428930e+00
1.258365869522094727e+00 3.138095767082735410e+00 1.286412768944364737e+00
1.276584386825561523e+00 3.144095950193792621e+00 1.287212793359172380e+00
1.294932365417480469e+00 3.140095828119754628e+00 1.286679443749300544e+00
1.313156127929687500e+00 3.136095706045716636e+00 1.286146094139428930e+00
1.331346750259399414e+00 3.142095889156773403e+00 1.286946118554236351e+00
1.349410533905029297e+00 3.150096133304849388e+00 1.288012817773979801e+00
1.367534637451171875e+00 3.154096255378887381e+00 1.288546167383851637e+00
1.386132001876831055e+00 3.104094729453413581e+00 1.281879297260455131e+00
1.404261827468872070e+00 3.154096255378887381e+00 1.288546167383851637e+00
1.422542095184326172e+00 3.162096499526962923e+00 1.289612866603595087e+00
1.440971851348876953e+00 3.160096438489944148e+00 1.289346191798659280e+00
1.459176540374755859e+00 3.102094668416394363e+00 1.281612622455519102e+00
1.477177858352661133e+00 3.160096438489944148e+00 1.289346191798659280e+00
1.495304107666015625e+00 3.158096377452924930e+00 1.289079516993723473e+00
1.513519048690795898e+00 3.142095889156773403e+00 1.286946118554236351e+00
1.531610965728759766e+00 3.154096255378887381e+00 1.288546167383851637e+00
1.549674272537231445e+00 3.164096560563982141e+00 1.289879541408530894e+00
1.567851781845092773e+00 3.168096682638020134e+00 1.290412891018402730e+00
1.586154937744140625e+00 3.114095034638508341e+00 1.283212671285134387e+00
1.604352712631225586e+00 3.152096194341868607e+00 1.288279492578915830e+00
1.622560739517211914e+00 3.160096438489944148e+00 1.289346191798659280e+00
1.640769720077514648e+00 3.088094241157262054e+00 1.279745898820968231e+00
1.659296989440917969e+00 3.136095706045716636e+00 1.286146094139428930e+00
1.678733825683593750e+00 3.084094119083224061e+00 1.279212549211096617e+00
1.699345588684082031e+00 3.054093203527939782e+00 1.275212427137058624e+00
1.721403837203979492e+00 3.140095828119754628e+00 1.286679443749300544e+00
1.740780830383300781e+00 3.110094912564470349e+00 1.282679321675262774e+00
1.759710550308227539e+00 3.134095645008697861e+00 1.285879419334493123e+00
1.778409957885742188e+00 3.146096011230811396e+00 1.287479468164108187e+00
1.796795606613159180e+00 3.144095950193792621e+00 1.287212793359172380e+00
1.815532445907592773e+00 3.144095950193792621e+00 1.287212793359172380e+00
1.833588838577270508e+00 3.166096621601000916e+00 1.290146216213466701e+00
1.852189779281616211e+00 3.128095461897641094e+00 1.285079394919685480e+00
1.870388984680175781e+00 3.144095950193792621e+00 1.287212793359172380e+00
1.888549566268920898e+00 3.150096133304849388e+00 1.288012817773979801e+00
