8.624263191625722302e-02 2.779147624969482422e-01 4.207550417786094787e-03
8.656264168218025246e-02 5.509831905364990234e-01 4.215149395293216195e-03
8.648263924069948816e-02 8.224034309387207031e-01 4.281438870428304344e-03
8.672264656514176717e-02 1.093213796615600586e+00 3.914401001310391544e-03
8.616262947477645873e-02 1.363548040390014648e+00 4.451472726004625929e-03
8.712265877254556090e-02 1.634915113449096680e+00 4.043092591311869995e-03
8.672264656514176717e-02 1.902625799179077148e+00 3.831774541223893424e-03
8.672264656514176717e-02 2.172524452209472656e+00 4.035169611737790540e-03
8.560261238441115028e-02 2.443681240081787109e+00 3.394216132951438300e-03
8.304253425702690095e-02 2.712534904479980469e+00 6.502382685360750050e-03
8.048245612964263773e-02 2.981244564056396484e+00 7.184201427034284972e-03
8.136248298593097561e-02 3.251536607742309570e+00 3.866692713647241694e-03
8.200250251777703447e-02 3.522574424743652344e+00 4.490125891896431035e-03
8.240251472518082820e-02 3.789582967758178711e+00 3.046402211163045954e-03
8.392256111331523882e-02 4.064584732055664062e+00 4.435628572842820541e-03
8.432257332071900480e-02 4.336061954498291016e+00 3.865037096909533770e-03
8.288252937406538623e-02 4.614679336547851562e+00 5.062327936246330609e-03
8.448257820368054727e-02 4.881819725036621094e+00 4.318650059145624429e-03
8.448257820368054727e-02 5.154746770858764648e+00 4.243901420753112483e-03
8.792268318735313448e-02 5.432207345962524414e+00 4.288906936230164023e-03
8.776267830439161977e-02 5.703130960464477539e+00 3.501877849349137057e-03
8.800268562883388490e-02 5.972420930862426758e+00 4.118377739309207058e-03
8.784268074587237018e-02 6.247021436691284180e+00 3.294702191447364519e-03
8.824269295327616391e-02 6.513097047805786133e+00 4.207550417786095655e-03
8.768267586291086935e-02 6.781932830810546875e+00 3.695731812768675555e-03
8.792268318735313448e-02 7.049138545989990234e+00 4.175483697873924246e-03
8.768267586291086935e-02 7.317161321640014648e+00 4.027231044907070290e-03
8.816269051179541349e-02 7.583915233612060547e+00 3.916035748093415342e-03
8.736266609698781216e-02 7.853491783142089844e+00 3.474354148971528066e-03
8.760267342143007729e-02 8.124807119369506836e+00 4.418279242056851776e-03
8.792268318735313448e-02 8.396451950073242188e+00 3.815034511234981999e-03
8.832269539475691433e-02 8.665792465209960938e+00 4.406675074305382682e-03
8.816269051179541349e-02 8.936485767364501953e+00 3.574238341688016837e-03
8.808268807031463532e-02 9.205096006393432617e+00 3.772859497750987064e-03
8.744266853846859033e-02 9.477025508880615234e+00 3.731923101955811686e-03
8.744266853846857646e-02 9.744744539260864258e+00 4.817449166425171077e-03
8.744266853846857646e-02 1.001376175880432129e+01 4.437071288305541664e-03
8.568261482589191458e-02 1.028385472297668457e+01 6.084394750378232554e-03
8.344254646443069467e-02 1.055258989334106445e+01 5.671716086963939779e-03
8.312253669850765136e-02 1.082093310356140137e+01 5.659289246626481897e-03
8.488259041108432712e-02 1.108721184730529785e+01 4.121484776898872403e-03
8.352254890591144509e-02 1.135760879516601562e+01 3.634612260875802036e-03
8.424257087923825438e-02 1.162591505050659180e+01 3.766067665964963410e-03
8.424257087923826826e-02 1.189445018768310547e+01 4.393583751214090449e-03
8.376255623035372411e-02 1.216316246986389160e+01 4.282933525342199482e-03
8.416256843775751784e-02 1.243416476249694824e+01 4.305291082120537086e-03
8.464258308664204811e-02 1.270037150382995605e+01 3.697463240276528500e-03
8.648263924069948816e-02 1.298479747772216797e+01 4.500092887272331803e-03
8.808268807031463532e-02 1.325346708297729492e+01 4.058892153627462022e-03
8.720266121402631132e-02 1.352200460433959961e+01 3.919303196094566649e-03
8.704265633106478273e-02 1.378860402107238770e+01 4.386293910866399977e-03
8.720266121402631132e-02 1.405909967422485352e+01 3.487225576511508284e-03
8.728266365550706174e-02 1.432818651199340820e+01 4.960151371807001303e-03
8.712265877254553315e-02 1.459661746025085449e+01 4.528449140687606025e-03
8.776267830439161977e-02 1.486548137664794922e+01 4.429853012355667793e-03
8.760267342143007729e-02 1.513368129730224609e+01 3.709560605003852773e-03
8.704265633106478273e-02 1.540010023117065430e+01 4.004919343889785585e-03
8.784268074587237018e-02 1.567061400413513184e+01 4.192311141286425916e-03
8.768267586291086935e-02 1.593853473663330078e+01 3.652179363033301960e-03
8.768267586291084159e-02 1.620929837226867676e+01 3.865037096909532035e-03
8.752267097994934075e-02 1.648041462898254395e+01 4.051000075086367593e-03
8.800268562883388490e-02 1.675186228752136230e+01 4.157048801226865230e-03
8.728266365550706174e-02 1.702133822441101074e+01 3.616959838600789390e-03
8.808268807031463532e-02 1.728979349136352539e+01 3.815034511234982433e-03
8.760267342143011893e-02 1.755871152877807617e+01 4.345244802827828365e-03
8.648263924069948816e-02 1.782827210426330566e+01 5.005110286121638649e-03
8.288252937406538623e-02 1.809659481048583984e+01 5.062327936246328007e-03
8.448257820368054727e-02 1.836297416687011719e+01 4.206028974808208656e-03
8.368255378887294593e-02 1.863143968582153320e+01 4.027231044907071157e-03
8.280252693258460805e-02 1.890178155899047852e+01 3.577817950338481583e-03
8.376255623035371023e-02 1.917198896408081055e+01 3.455883235819467991e-03
8.224250984221931349e-02 1.944865155220031738e+01 4.843947986591709727e-03
8.272252449110385764e-02 1.972176408767700195e+01 4.113712782849615265e-03
8.416256843775750396e-02 1.998862648010253906e+01 4.593004197574772872e-03
8.320253913998840178e-02 2.025917506217956543e+01 3.878262241103996519e-03
8.616262947477645873e-02 2.053387331962585449e+01 5.334429378879612486e-03
8.728266365550706174e-02 2.080218887329101562e+01 3.243800582171813603e-03
8.744266853846859033e-02 2.107142400741577148e+01 3.731923101955811686e-03
8.728266365550707562e-02 2.134193825721740723e+01 4.340823660625361437e-03
8.752267097994932687e-02 2.160789227485656738e+01 4.243901420753112483e-03
8.736266609698782604e-02 2.187587738037109375e+01 3.948588558720805136e-03
8.712265877254553315e-02 2.214447498321533203e+01 4.121484776898872403e-03
8.688265144810326801e-02 2.241604113578796387e+01 3.963150090222766243e-03
8.744266853846859033e-02 2.268716263771057129e+01 3.645162681503155526e-03
8.696265388958403231e-02 2.296077728271484375e+01 3.492727382051641783e-03
8.744266853846857646e-02 2.322870516777038574e+01 4.364351332468227249e-03
8.704265633106478273e-02 2.349740481376647949e+01 4.199937691416757123e-03
8.712265877254556090e-02 2.376413249969482422e+01 3.536433700239784844e-03
8.728266365550706174e-02 2.403249430656433105e+01 3.704380857625098715e-03
8.656264168218025246e-02 2.429974889755249023e+01 4.364351332468227249e-03
8.664264412366100288e-02 2.456780314445495605e+01 4.987175356676355059e-03
8.680264900662251759e-02 2.483696174621582031e+01 3.878262241103994784e-03
8.672264656514176717e-02 2.510441899299621582e+01 3.995319043999866031e-03
8.680264900662251759e-02 2.537564325332641602e+01 3.959918821776677728e-03
8.224250984221929961e-02 2.564552593231201172e+01 5.833050373309093921e-03
8.288252937406535847e-02 2.591618967056274414e+01 5.743484427889959665e-03
8.320253913998840178e-02 2.618314194679260254e+01 3.200097659230323379e-03
8.344254646443069467e-02 2.645563387870788574e+01 4.060468728615496299e-03
8.312253669850765136e-02 2.672428274154663086e+01 3.669662370385590438e-03
8.304253425702690095e-02 2.699515175819396973e+01 4.422622955288837802e-03
