8.176249519333475546e-02 2.801997661590576172e-01 3.932345838453583757e-03
8.320253913998840178e-02 5.529839992523193359e-01 3.878262241103996519e-03
8.208250495925778489e-02 8.252644538879394531e-01 3.815034511234985468e-03
8.216250740073854919e-02 1.098448753356933594e+00 3.916035748093418811e-03
8.200250251777703447e-02 1.372112274169921875e+00 4.039925264079698847e-03
8.184249763481550588e-02 1.647159814834594727e+00 4.036755451693588292e-03
8.240251472518082820e-02 1.920637369155883789e+00 4.454347426159592852e-03
8.336254402294990262e-02 2.196584224700927734e+00 3.740488463468416569e-03
8.320253913998840178e-02 2.471916437149047852e+00 4.195363425011692203e-03
8.336254402294994426e-02 2.743850231170654297e+00 4.620790320351570411e-03
8.320253913998840178e-02 3.017333745956420898e+00 3.752447123456994962e-03
8.104247322000793230e-02 3.291052341461181641e+00 6.502382685360752652e-03
8.008244392223883013e-02 3.562425613403320312e+00 4.251435425300392583e-03
7.424226569414350829e-02 3.829928874969482422e+00 1.049710080488220308e-02
7.888240730002747669e-02 4.100352525711059570e+00 3.625796792496776676e-03
8.000244148075807971e-02 4.369084119796752930e+00 4.157048801226869567e-03
7.928241950743125654e-02 4.637822389602661133e+00 3.616959838600795462e-03
7.944242439039277126e-02 4.906135797500610352e+00 4.400861516267165138e-03
7.976243415631580069e-02 5.179957151412963867e+00 3.547276138659955294e-03
8.008244392223883013e-02 5.448306798934936523e+00 3.599220840847842072e-03
7.984243659779656499e-02 5.718391895294189453e+00 3.749034255880996560e-03
8.272252449110385764e-02 5.996169805526733398e+00 4.862411236702072516e-03
8.336254402294991650e-02 6.266895055770874023e+00 3.866692713647238658e-03
8.304253425702690095e-02 6.534150362014770508e+00 4.199937691416757990e-03
8.376255623035372411e-02 6.803049087524414062e+00 4.091872666858003584e-03
8.384255867183448840e-02 7.070502996444702148e+00 3.618728955771186896e-03
8.344254646443066692e-02 7.339058160781860352e+00 3.731923101955813855e-03
8.352254890591144509e-02 7.606489419937133789e+00 3.454030711839759307e-03
8.296253181554613665e-02 7.875792980194091797e+00 4.275455025616729278e-03
8.248251716666159250e-02 8.143074989318847656e+00 4.090308196272487810e-03
8.272252449110385764e-02 8.411894083023071289e+00 3.873308103793927665e-03
8.216250740073854919e-02 8.681756734848022461e+00 3.706108244456043574e-03
8.384255867183448840e-02 8.952630519866943359e+00 4.415381059231348465e-03
8.344254646443066692e-02 9.226657152175903320e+00 3.731923101955813855e-03
8.328254158146915220e-02 9.498629093170166016e+00 4.340823660625364039e-03
8.304253425702690095e-02 9.770241975784301758e+00 3.671406092209054516e-03
8.368255378887294593e-02 1.004048085212707520e+01 3.738776960993334467e-03
8.304253425702690095e-02 1.031265115737915039e+01 3.841783547063288423e-03
8.328254158146915220e-02 1.058481407165527344e+01 4.035169611737792275e-03
8.232251228370007778e-02 1.085650157928466797e+01 4.549600349380240015e-03
7.704235114597003664e-02 1.112437009811401367e+01 9.652154484766195530e-03
8.024244880520034484e-02 1.139397263526916504e+01 4.245409291264636877e-03
7.936242194891200696e-02 1.166216921806335449e+01 3.948588558720810340e-03
8.000244148075807971e-02 1.193118953704833984e+01 4.270961640218054120e-03
7.920241706595049225e-02 1.219980955123901367e+01 4.270961640218053253e-03
7.952242683187353556e-02 1.246988368034362793e+01 4.318650059145627898e-03
7.928241950743125654e-02 1.273752665519714355e+01 3.914401001310395013e-03
7.880240485854671240e-02 1.301912546157836914e+01 5.276523410024565493e-03
8.000244148075807971e-02 1.329327869415283203e+01 3.919303196094572721e-03
8.376255623035371023e-02 1.356529617309570312e+01 3.501877849349138358e-03
8.296253181554613665e-02 1.383534479141235352e+01 4.703163835313482234e-03
8.368255378887295981e-02 1.410430312156677246e+01 3.987301136974632544e-03
8.320253913998840178e-02 1.437143683433532715e+01 5.028075480676914844e-03
8.312253669850765136e-02 1.464152288436889648e+01 3.840117191076390050e-03
8.312253669850765136e-02 1.491348981857299805e+01 4.421175525056883666e-03
8.328254158146915220e-02 1.518596315383911133e+01 3.435450530203374743e-03
8.320253913998840178e-02 1.545525074005126953e+01 3.794849001802941355e-03
8.320253913998840178e-02 1.572831296920776367e+01 4.233331288721678409e-03
8.336254402294991650e-02 1.600062513351440430e+01 4.107484599440061612e-03
8.384255867183446065e-02 1.627320599555969238e+01 3.996920695314554357e-03
8.360255134739220939e-02 1.654296159744262695e+01 4.381914185449821073e-03
8.384255867183448840e-02 1.681423616409301758e+01 3.574238341688018572e-03
8.352254890591143122e-02 1.708425402641296387e+01 4.318650059145624429e-03
8.288252937406538623e-02 1.735593008995056152e+01 3.922567922355025757e-03
8.136248298593097561e-02 1.762809586524963379e+01 3.948588558720808606e-03
5.344163090914639397e-02 1.789709472656250000e+01 1.155917622760407361e-02
8.232251228370007778e-02 1.816517019271850586e+01 4.221218728019650313e-03
7.832239020966215437e-02 1.843506217002868652e+01 7.215315480919956559e-03
8.008244392223883013e-02 1.870674538612365723e+01 4.019276798459458719e-03
7.872240241706594810e-02 1.898132610321044922e+01 4.862411236702073383e-03
7.928241950743125654e-02 1.925235176086425781e+01 4.152427289179724638e-03
7.968243171483505027e-02 1.952025771141052246e+01 4.514293278790901774e-03
7.928241950743125654e-02 1.979094982147216797e+01 4.377530078113583446e-03
7.896240974150821323e-02 2.006021571159362793e+01 4.703163835313485704e-03
7.904241218298899141e-02 2.033039283752441406e+01 3.924199266955543351e-03
7.864239997558519768e-02 2.059979414939880371e+01 4.987175356676355926e-03
7.992243903927731541e-02 2.087830376625061035e+01 4.507198675508757024e-03
8.368255378887294593e-02 2.114943695068359375e+01 4.183140927298496792e-03
8.408256599627673966e-02 2.142399358749389648e+01 4.213630696128340195e-03
8.424257087923826826e-02 2.169711399078369141e+01 4.169347789051406142e-03
8.456258064516129769e-02 2.197000861167907715e+01 3.645162681503157261e-03
8.408256599627675354e-02 2.224013209342956543e+01 4.288906936230165758e-03
8.424257087923824050e-02 2.251199197769165039e+01 4.357012582812720344e-03
8.424257087923826826e-02 2.278109455108642578e+01 4.641520753367502604e-03
8.344254646443069467e-02 2.305316615104675293e+01 3.731923101955813421e-03
8.376255623035371023e-02 2.332328844070434570e+01 4.169347789051407009e-03
8.344254646443069467e-02 2.359397864341735840e+01 4.020868906582288765e-03
8.328254158146916608e-02 2.386300969123840332e+01 4.228793144173956416e-03
8.272252449110385764e-02 2.413432526588439941e+01 4.228793144173957283e-03
8.256251960814234292e-02 2.440313220024108887e+01 3.774555546161114349e-03
8.208250495925779877e-02 2.467637825012207031e+01 3.979267074536515722e-03
8.336254402294991650e-02 2.494831490516662598e+01 3.380990637104379620e-03
8.400256355479598924e-02 2.521810531616210938e+01 4.490125891896427565e-03
8.368255378887294593e-02 2.548896741867065430e+01 3.781332132489642183e-03
8.456258064516126993e-02 2.576316237449645996e+01 4.099686064591830971e-03
8.040245368816187344e-02 2.603779244422912598e+01 5.713317099435217747e-03
7.856239753410443338e-02 2.630842733383178711e+01 7.321862606248541114e-03
8.008244392223884400e-02 2.658047628402709961e+01 4.251435425300395185e-03
7.960242927335428598e-02 2.685175323486328125e+01 3.794849001802944825e-03
7.960242927335429985e-02 2.712302803993225098e+01 4.308263323470165260e-03
