8.312253669850765136e-02 2.795822620391845703e-01 4.160126956999421650e-03
8.432257332071900480e-02 5.570008754730224609e-01 4.258956102371558652e-03
8.480258796960357670e-02 8.292810916900634766e-01 3.577817950338479415e-03
8.376255623035371023e-02 1.102416276931762695e+00 4.810801655094685061e-03
8.472258552812281240e-02 1.378805875778198242e+00 3.481715077030103460e-03
8.448257820368051951e-02 1.648886919021606445e+00 4.051000075086368460e-03
8.416256843775750396e-02 1.918005228042602539e+00 4.342297874850450934e-03
8.384255867183446065e-02 2.193443298339843750e+00 3.916035748093416209e-03
8.408256599627673966e-02 2.464169025421142578e+00 4.098124576793961416e-03
8.440257576219976909e-02 2.732494354248046875e+00 4.000122074037904332e-03
8.408256599627673966e-02 3.002391815185546875e+00 4.058892153627462890e-03
8.456258064516129769e-02 3.270225763320922852e+00 4.252940624648419120e-03
8.472258552812281240e-02 3.540299177169799805e+00 3.092278063251410140e-03
8.456258064516129769e-02 3.806905508041381836e+00 4.215149395293216195e-03
8.248251716666159250e-02 4.077711582183837891e+00 5.967560099152426079e-03
8.128248054445019743e-02 4.346042633056640625e+00 4.035169611737795745e-03
7.968243171483506415e-02 4.615128278732299805e+00 6.944101317195331899e-03
8.080246589556566716e-02 4.882801532745361328e+00 4.345244802827833569e-03
8.104247322000793230e-02 5.156289100646972656e+00 4.669018154779066773e-03
8.008244392223884400e-02 5.423002004623413086e+00 3.815034511234988070e-03
8.048245612964262385e-02 5.692293405532836914e+00 4.281438870428309548e-03
8.064246101260413857e-02 5.962435960769653320e+00 4.068342439187388679e-03
7.904241218298897753e-02 6.256555795669555664e+00 5.031892823107592984e-03
8.032245124668112302e-02 6.530688762664794922e+00 4.221218728019654649e-03
8.376255623035371023e-02 6.809386730194091797e+00 4.320131839960938969e-03
8.336254402294990262e-02 7.088828563690185547e+00 4.146257260081841894e-03
8.144248542741172603e-02 7.381290912628173828e+00 4.784119243805122663e-03
8.328254158146915220e-02 7.657854080200195312e+00 4.190784165769999639e-03
8.424257087923825438e-02 7.928121566772460938e+00 3.723338036289839271e-03
8.256251960814234292e-02 8.206992387771606445e+00 4.579047908253619167e-03
8.480258796960357670e-02 8.475851535797119141e+00 4.118377739309207058e-03
8.424257087923825438e-02 8.743537664413452148e+00 4.876869039552936269e-03
8.456258064516129769e-02 9.012788057327270508e+00 3.980875184149350321e-03
8.480258796960356282e-02 9.278906345367431641e+00 3.959918821776678595e-03
8.528260261848810697e-02 9.547628164291381836e+00 3.914401001310391544e-03
8.488259041108431324e-02 9.815845251083374023e+00 3.963150090222767111e-03
8.488259041108432712e-02 1.008445262908935547e+01 4.003320892681078678e-03
8.544260750144962169e-02 1.035468173027038574e+01 3.899657442325916729e-03
8.616262947477643097e-02 1.062077593803405762e+01 4.153968364493185704e-03
8.440257576219976909e-02 1.089462900161743164e+01 3.577817950338480282e-03
8.504259529404584184e-02 1.116339445114135742e+01 3.964764736894043143e-03
8.376255623035369635e-02 1.143473911285400391e+01 3.808317895970724561e-03
8.176249519333474158e-02 1.170893239974975586e+01 6.795970782679792641e-03
8.032245124668109526e-02 1.198037862777709961e+01 6.031568652858225119e-03
8.088246833704641758e-02 1.225105214118957520e+01 4.043092591311875199e-03
8.144248542741172603e-02 1.252193474769592285e+01 5.200774063235190543e-03
8.160249031037324075e-02 1.279135227203369141e+01 4.899128995118211781e-03
8.160249031037324075e-02 1.306382274627685547e+01 5.184750784763423638e-03
8.168249275185399116e-02 1.333336114883422852e+01 4.888666347841900961e-03
8.224250984221929961e-02 1.360380554199218750e+01 5.163722244490590030e-03
8.224250984221929961e-02 1.387283492088317871e+01 4.709963266123150596e-03
8.368255378887294593e-02 1.415202093124389648e+01 5.386963075316886229e-03
8.560261238441112253e-02 1.442166209220886230e+01 4.664903877444766776e-03
8.560261238441115028e-02 1.469428706169128418e+01 5.396459712173683025e-03
8.592262215033417971e-02 1.496390938758850098e+01 4.816120398184083919e-03
8.552260994293039986e-02 1.523480272293090820e+01 4.908265516433306039e-03
8.584261970885341542e-02 1.550180816650390625e+01 4.036755451693584823e-03
8.624263191625720915e-02 1.577325034141540527e+01 3.808317895970723694e-03
8.616262947477645873e-02 1.604196429252624512e+01 4.378991934917765214e-03
8.640263679921873774e-02 1.631046724319458008e+01 3.878262241103993917e-03
8.632263435773795957e-02 1.657883167266845703e+01 4.105926077433872008e-03
8.648263924069947428e-02 1.684923815727233887e+01 3.889797357160566706e-03
8.608262703329568055e-02 1.711611795425415039e+01 4.715395751511477877e-03
8.680264900662251759e-02 1.738389658927917480e+01 4.157048801226866097e-03
8.640263679921872386e-02 1.765327692031860352e+01 4.118377739309207058e-03
8.664264412366101675e-02 1.792282295227050781e+01 4.107484599440059010e-03
8.576261726737265112e-02 1.819343090057373047e+01 4.675867238928553375e-03
8.648263924069947428e-02 1.846375131607055664e+01 3.263472081963601171e-03
8.616262947477645873e-02 1.873843741416931152e+01 3.833444523670238770e-03
8.552260994293039986e-02 1.900748324394226074e+01 4.090308196272484341e-03
7.864239997558519768e-02 1.928216624259948730e+01 5.871328980951681306e-03
8.072246345408490287e-02 1.955643606185913086e+01 6.167975517241563836e-03
8.296253181554613665e-02 1.982713270187377930e+01 4.199937691416758857e-03
8.032245124668112302e-02 2.009487390518188477e+01 4.619404983693140530e-03
7.560230719931639032e-02 2.036542749404907227e+01 3.959918821776677728e-03
7.248221198156681866e-02 2.063372540473937988e+01 4.875556465436962049e-03
7.360224616229743555e-02 2.090339303016662598e+01 3.441035118875118357e-03
7.632232917264319960e-02 2.118445897102355957e+01 4.370213459129913304e-03
8.080246589556568104e-02 2.145492529869079590e+01 3.577817950338485053e-03
8.424257087923825438e-02 2.173078680038452148e+01 4.207550417786096522e-03
8.512259773552660613e-02 2.200490307807922363e+01 4.198413489700289665e-03
8.512259773552660613e-02 2.227523660659790039e+01 4.457220272266798101e-03
8.560261238441116416e-02 2.254662966728210449e+01 3.394216132951437433e-03
8.632263435773797344e-02 2.281489253044128418e+01 3.906217005317417536e-03
8.592262215033417971e-02 2.308677601814270020e+01 3.463283422528552671e-03
8.584261970885341542e-02 2.336164760589599609e+01 3.791474302156515926e-03
8.536260505996885739e-02 2.363117909431457520e+01 3.988906007692453841e-03
8.616262947477645873e-02 2.389985156059265137e+01 3.874960186660173639e-03
8.552260994293041374e-02 2.416932487487792969e+01 3.721618646663962717e-03
8.600262459181493013e-02 2.443603420257568359e+01 4.039925264079696245e-03
8.536260505996887127e-02 2.470501422882080078e+01 3.988906007692453841e-03
8.328254158146916608e-02 2.497396469116210938e+01 3.789785825429649053e-03
8.208250495925779877e-02 2.524083113670349121e+01 3.643406399694871026e-03
7.976243415631580069e-02 2.550910234451293945e+01 3.766067665964967746e-03
7.856239753410443338e-02 2.577632212638854980e+01 4.215149395293220531e-03
8.016244636371959442e-02 2.604584383964538574e+01 3.874960186660178843e-03
8.104247322000794618e-02 2.631261014938354492e+01 4.004919343889791657e-03
8.072246345408490287e-02 2.658535933494567871e+01 4.413931254214680834e-03
7.960242927335428598e-02 2.685415291786193848e+01 5.336828492731003626e-03
7.736236091189305220e-02 2.712484693527221680e+01 5.733446288389087465e-03
