1.401722777184362112e+00 2.788686752319335938e-01 1.999004725851591391e-02
1.413323131199072158e+00 5.507879257202148438e-01 6.471796996740545281e-03
1.412363101901302986e+00 8.229632377624511719e-01 4.406675074305321099e-03
1.411403072603534037e+00 1.097562074661254883e+00 5.206923733189076746e-03
1.406202913907284469e+00 1.388589620590209961e+00 7.481832433478131754e-03
1.413643140964994993e+00 1.660693883895874023e+00 2.262810755300952506e-03
1.409963028656880502e+00 1.932380914688110352e+00 5.011500063121680087e-03
1.406122911465803815e+00 2.230354547500610352e+00 7.725104682412472015e-03
1.406362918790246441e+00 2.550887584686279297e+00 7.913369828963946057e-03
1.413243128757591505e+00 2.886906623840332031e+00 8.998052102119498061e-03
1.411563077486495565e+00 3.234603643417358398e+00 7.117070432963822427e-03
1.418043275246436918e+00 3.520488739013671875e+00 6.450003037110376564e-03
1.411643079927975997e+00 3.837199926376342773e+00 5.713317099435129276e-03
1.410763053071688145e+00 4.148947238922119141e+00 5.303142133190757307e-03
1.411323070162053162e+00 4.468825817108154297e+00 6.036872064287103837e-03
1.418843299661244339e+00 4.744311571121215820e+00 5.336828492730972401e-03
1.423723448591570628e+00 5.015493392944335938e+00 3.133400588207839801e-03
1.413643140964995659e+00 5.351253032684326172e+00 9.121681772429134083e-03
1.414763175145725693e+00 5.685904502868652344e+00 5.737909851765313901e-03
1.417323253273109707e+00 5.992548704147338867e+00 5.929902713535385207e-03
1.416923241065706218e+00 6.299220561981201172e+00 6.451987348197856138e-03
1.420683355815302029e+00 6.586629867553710938e+00 5.019157057752225530e-03
1.423883453474532157e+00 6.858687162399291992e+00 2.648552084554667285e-03
1.423483441267128446e+00 7.131037712097167969e+00 3.275218270202835246e-03
1.418763297219763908e+00 7.404870748519897461e+00 1.541869352569183449e-02
1.410283038422803337e+00 7.680160284042358398e+00 1.380268190881857836e-02
1.407562955412457573e+00 7.951557159423828125e+00 1.730976278161780110e-02
1.414443165379802636e+00 8.226913213729858398e+00 2.592375392381696207e-03
1.413803145847956522e+00 8.502440690994262695e+00 3.165914046014693065e-03
1.414603170262764387e+00 8.781255483627319336e+00 1.651231786839117482e-03
1.413403133640552811e+00 9.055414199829101562e+00 5.592164936866702435e-03
1.414283160496841329e+00 9.326752901077270508e+00 2.731822741248143664e-03
1.415323192236091154e+00 9.595852851867675781e+00 1.371756118633129162e-03
1.414203158055360454e+00 9.881952762603759766e+00 4.558033350776962561e-03
1.422843421735282554e+00 1.015314245223999023e+01 4.418279242056849174e-03
1.424123460798974561e+00 1.042020416259765625e+01 2.431863679161134269e-03
1.423003426618244083e+00 1.069477152824401855e+01 3.492727382051649589e-03
1.423483441267128446e+00 1.096639275550842285e+01 3.125219371666276141e-03
1.422363407086397746e+00 1.123937201499938965e+01 4.296362020834839680e-03
1.423803451033051504e+00 1.151156330108642578e+01 3.891442439643585591e-03
1.423403438825647571e+00 1.178035545349121094e+01 3.427990259661130388e-03
1.424123460798974561e+00 1.205073261260986328e+01 2.296502098787389472e-03
1.421643385113070979e+00 1.232461905479431152e+01 4.157048801226864362e-03
1.423083429059724736e+00 1.259919691085815430e+01 3.799905431763016955e-03
1.423083429059724736e+00 1.287033247947692871e+01 4.084044320933702572e-03
1.423563443708609100e+00 1.314639925956726074e+01 3.312139725600343233e-03
1.424603475447858925e+00 1.342324590682983398e+01 2.913231537736367654e-03
1.423883453474532157e+00 1.369160223007202148e+01 3.196095033950002891e-03
1.423483441267128446e+00 1.395918893814086914e+01 3.021085410369893191e-03
1.423643446150089753e+00 1.422740292549133301e+01 3.346742240604102386e-03
1.424843482772301329e+00 1.449412107467651367e+01 2.332451938722401169e-03
1.424363468123416743e+00 1.476633596420288086e+01 4.183140927298497659e-03
1.411643079927975997e+00 1.504345655441284180e+01 1.273773538730726441e-02
1.404122850428784597e+00 1.533139133453369141e+01 1.859501826003568184e-02
1.399642713705862684e+00 1.567202425003051758e+01 9.666731784117994081e-03
1.404042847987304610e+00 1.599466657638549805e+01 5.059798669070506363e-03
1.412443104342783640e+00 1.626838135719299316e+01 3.249714535271554412e-03
1.409323009125034165e+00 1.655609941482543945e+01 6.167975517241464957e-03
1.411563077486495343e+00 1.682901120185852051e+01 3.112907231724563843e-03
1.403482830896938927e+00 1.715254735946655273e+01 6.462890168914187973e-03
1.405402889492477270e+00 1.748132967948913574e+01 5.898518757680286731e-03
1.414523167821283511e+00 1.779713439941406250e+01 5.831953007035901339e-03
1.416523228858302508e+00 1.810063409805297852e+01 5.776818918054053321e-03
1.422443409527878622e+00 1.837427234649658203e+01 4.454347426159600658e-03
1.424843482772301106e+00 1.864255571365356445e+01 1.385682933742319418e-03
1.424283465681936089e+00 1.891352653503417969e+01 3.265432714211331106e-03
1.424443470564897396e+00 1.918869924545288086e+01 2.332451938722402904e-03
1.416523228858302508e+00 1.950072050094604492e+01 4.640141605883957993e-03
1.416603231299783161e+00 1.981034874916076660e+01 5.586439364630473720e-03
1.416603231299783161e+00 2.012877035140991211e+01 5.699858147644501147e-03
1.424843482772301329e+00 2.040081429481506348e+01 2.529899334535312162e-03
1.425403499862666568e+00 2.066906046867370605e+01 1.352964051209183931e-03
1.424603475447859147e+00 2.093922924995422363e+01 1.834831185192791316e-03
1.423723448591570850e+00 2.120600199699401855e+01 3.133400588207818551e-03
1.425403499862666568e+00 2.147352409362792969e+01 2.313163759323910197e-03
1.423643446150089975e+00 2.174650359153747559e+01 4.525621510601897206e-03
1.412683111667226044e+00 2.206332778930664062e+01 6.852245307647887931e-03
1.412283099459822111e+00 2.239036631584167480e+01 6.482666500843855747e-03
1.399482708822901378e+00 2.273280572891235352e+01 1.034663877270511866e-02
1.400762747886592940e+00 2.307124042510986328e+01 1.282386982069811526e-02
1.412043092135380151e+00 2.334604024887084961e+01 4.308263323470103677e-03
1.414283160496841329e+00 2.361411595344543457e+01 2.672608455695732379e-03
1.410203035981322683e+00 2.389699220657348633e+01 5.739025200177297510e-03
1.407882965178380630e+00 2.419579052925109863e+01 5.482356651931116591e-03
1.399642713705862906e+00 2.454735708236694336e+01 7.088234374413990811e-03
1.411163065279091855e+00 2.486375045776367188e+01 1.200143287392869268e-02
1.419243311868648716e+00 2.515090250968933105e+01 8.653587147635359578e-03
1.423883453474532157e+00 2.542015027999877930e+01 3.662679181621157198e-03
1.423483441267128446e+00 2.569155621528625488e+01 3.125219371666266167e-03
1.423643446150089975e+00 2.596054291725158691e+01 3.666172438668505260e-03
1.423963455916013254e+00 2.623168706893920898e+01 2.965490978458716707e-03
1.424043458357493908e+00 2.650327658653259277e+01 3.394216132951445673e-03
1.424443470564897618e+00 2.677138519287109375e+01 2.828513444126208847e-03
1.424123460798974561e+00 2.704382991790771484e+01 2.855538071718152597e-03
1.424283465681936311e+00 2.731374239921569824e+01 3.314071565791209921e-03
1.424843482772301329e+00 2.758203029632568359e+01 2.400073244422745462e-03
1.424923485213782426e+00 2.784904789924621582e+01 1.966172919226803588e-03
1.423643446150089753e+00 2.811789798736572266e+01 3.441035118875121392e-03
1.424603475447859147e+00 2.838543462753295898e+01 2.684555803831486977e-03
1.425323497421185914e+00 2.865287470817565918e+01 1.249678085293691541e-03
