1.725492657856990242e+00 2.788782119750976562e-01 8.918029722335187384e-03
1.732772880031739016e+00 5.511071681976318359e-01 4.074630452892165702e-03
1.732852882473220113e+00 8.216063976287841797e-01 4.381914185449821940e-03
1.734052919095431688e+00 1.092227935791015625e+00 4.454347426159586780e-03
1.730932823877681770e+00 1.365983963012695312e+00 7.819803846778784415e-03
1.718612447889644734e+00 1.639514684677124023e+00 2.239010936762888052e-02
1.717972428357798842e+00 1.908322811126708984e+00 5.837437775488905738e-03
1.704772025513473954e+00 2.180099248886108398e+00 2.729408486261481262e-02
1.715892364879299192e+00 2.452085018157958984e+00 6.570923472152371235e-03
1.713492291634876485e+00 2.720978021621704102e+00 7.256005335468582000e-03
1.716372379528184000e+00 2.992035627365112305e+00 6.265779776168258104e-03
1.716052369762260721e+00 3.261218309402465820e+00 6.171087774869912605e-03
1.713812301400799321e+00 3.532008171081542969e+00 8.603889711960211253e-03
1.718452443006683650e+00 3.798775672912597656e+00 3.098481235109121126e-03
1.719652479628894559e+00 4.077337265014648438e+00 1.053787348823307518e-02
1.733412899563585352e+00 4.351253271102905273e+00 8.366281854597002257e-03
1.733332897122104477e+00 4.626025438308715820e+00 7.544870733007510120e-03
1.732532872707297056e+00 4.894194126129150391e+00 6.255556601181161067e-03
1.733412899563585352e+00 5.167069911956787109e+00 6.590375626821127868e-03
1.734852943510238665e+00 5.434976816177368164e+00 3.441035118875092336e-03
1.733092889797662295e+00 5.704159736633300781e+00 5.310378627982982602e-03
1.734852943510238887e+00 5.972177982330322266e+00 5.484691059808741165e-03
1.733652906888027534e+00 6.242301225662231445e+00 4.490125891896419759e-03
1.736132982573930894e+00 6.510639190673828125e+00 1.998460347657257229e-03
1.731892853175450941e+00 6.780528545379638672e+00 7.481832433478257521e-03
1.734932945951719541e+00 7.048754215240478516e+00 3.397985391339857289e-03
1.733172892239142948e+00 7.318902492523193359e+00 5.093837813107528721e-03
1.733492902005066005e+00 7.587993860244750977e+00 4.784119243805097510e-03
1.734612936185796483e+00 7.857583045959472656e+00 2.801228110699544374e-03
1.730532811670277837e+00 8.125320434570312500e+00 6.255556601181161067e-03
1.734532933744315830e+00 8.394116163253784180e+00 2.670212571345311706e-03
1.730132799462874127e+00 8.662149667739868164e+00 7.683567094126582918e-03
1.735412960600604348e+00 8.932047128677368164e+00 3.825087320523308000e-03
1.717812423474837313e+00 9.201788425445556641e+00 8.339463095760854192e-03
1.712372257454146007e+00 9.472575664520263672e+00 1.756121928388321499e-02
1.712612264778588189e+00 9.741467714309692383e+00 1.703244275725811566e-02
1.713492291634876485e+00 1.001151752471923828e+01 7.054745752970217713e-03
1.717812423474837535e+00 1.028173661231994629e+01 3.063163835393926167e-03
1.716372379528183778e+00 1.054895186424255371e+01 8.956701196192995082e-03
1.717412411267433825e+00 1.081779050827026367e+01 3.427990259661147735e-03
1.716532384411145529e+00 1.108494925498962402e+01 5.224104296551673222e-03
1.717652418591876007e+00 1.136583256721496582e+01 8.119361035308522018e-03
1.734692938627277359e+00 1.163700890541076660e+01 4.184670691813795196e-03
1.733972916653950813e+00 1.190687894821166992e+01 4.058892153627423859e-03
1.732612875148777709e+00 1.217707371711730957e+01 6.917320322652886419e-03
1.735332958159123473e+00 1.244940900802612305e+01 3.194091840375606808e-03
1.733972916653950813e+00 1.271653890609741211e+01 5.946070796019898783e-03
1.735572965483565877e+00 1.298819422721862793e+01 2.418668445156155981e-03
1.733492902005066005e+00 1.325748848915100098e+01 7.077390562290283155e-03
1.734292926419873648e+00 1.352758836746215820e+01 4.465827722071291118e-03
1.736292987456892867e+00 1.379527401924133301e+01 2.354302082727664520e-03
1.733732909329508187e+00 1.406557703018188477e+01 5.533486137648480074e-03
1.734292926419873870e+00 1.433592867851257324e+01 4.282933525342189074e-03
1.733572904446546881e+00 1.460796236991882324e+01 5.285007546403085524e-03
1.733652906888027534e+00 1.487702441215515137e+01 6.499429070543199898e-03
1.734292926419873648e+00 1.514958214759826660e+01 5.255862061991287137e-03
1.733812911770989063e+00 1.541904258728027344e+01 5.464816807514020006e-03
1.733332897122104699e+00 1.569074511528015137e+01 6.141978707969201687e-03
1.733172892239142948e+00 1.596014761924743652e+01 6.402195067085738288e-03
1.734212923978392995e+00 1.623076581954956055e+01 4.451472726004579959e-03
1.721012521134067885e+00 1.649941802024841309e+01 1.992944158110537128e-02
1.709012154911953907e+00 1.676993727684020996e+01 2.829712479684834761e-02
1.711972245246742297e+00 1.703970980644226074e+01 2.050997987841001249e-02
1.717972428357799064e+00 1.730906462669372559e+01 4.399406926402228170e-03
1.714052308725242169e+00 1.757909703254699707e+01 7.610751297873499972e-03
1.716372379528184000e+00 1.784878754615783691e+01 6.540658304561091166e-03
1.717972428357799064e+00 1.811811208724975586e+01 4.213630696128354940e-03
1.715972367320780068e+00 1.838625025749206543e+01 7.578727177384349777e-03
1.717892425916318411e+00 1.865615940093994141e+01 3.145632517300130451e-03
1.724372623676259764e+00 1.893619894981384277e+01 1.349031903031616512e-02
1.736452992339854173e+00 1.920611000061035156e+01 2.190957092724894056e-03
1.728852760399182120e+00 1.948481750488281250e+01 9.260952144062736813e-03
1.733492902005066005e+00 1.975550961494445801e+01 4.327533133446010045e-03
1.735892975249488712e+00 2.002312207221984863e+01 2.766743068824235267e-03
1.734052919095431466e+00 2.029360151290893555e+01 5.542731734969134558e-03
1.736692999664296355e+00 2.056214714050292969e+01 2.381332843093016734e-03
1.733652906888027534e+00 2.083154535293579102e+01 5.657026888252382132e-03
1.733572904446546659e+00 2.109988093376159668e+01 5.749053598623266037e-03
1.735812972808008059e+00 2.136995720863342285e+01 2.902225712454623106e-03
1.732772880031739016e+00 2.163747191429138184e+01 6.167975517241540417e-03
1.733972916653950369e+00 2.191087913513183594e+01 6.052754417606681474e-03
1.733732909329508187e+00 2.218128752708435059e+01 7.303482430853087612e-03
1.732932884914700544e+00 2.245244908332824707e+01 5.487024474532380472e-03
1.734532933744315830e+00 2.271938896179199219e+01 2.211311477644374232e-03
1.735892975249488712e+00 2.298827505111694336e+01 2.648552084554623483e-03
1.733092889797662517e+00 2.325506997108459473e+01 6.174198463687888098e-03
1.734692938627277359e+00 2.352407932281494141e+01 3.783024382353917039e-03
1.729332775048066484e+00 2.379243564605712891e+01 1.943153739636125504e-02
1.710532201300088317e+00 2.406302833557128906e+01 2.608545822498367292e-02
1.700691900997955308e+00 2.433115005493164062e+01 3.549855366229006520e-02
1.715892364879299192e+00 2.460026669502258301e+01 6.322724092939845109e-03
1.714852333140049367e+00 2.487109375000000000e+01 7.222408444521073202e-03
1.715492352671895482e+00 2.513966059684753418e+01 6.729722445170695060e-03
1.719892486953337185e+00 2.540856051445007324e+01 2.257146639395499026e-03
1.718612447889644734e+00 2.567603421211242676e+01 2.155616757852060143e-03
1.716052369762260721e+00 2.594574332237243652e+01 5.484691059808746369e-03
1.718132433240760371e+00 2.622054719924926758e+01 1.019018830984586878e-02
1.733252894680623823e+00 2.649257779121398926e+01 5.628670685185475746e-03
1.734772941068758234e+00 2.676190996170043945e+01 3.341000042081140441e-03
1.734612936185796483e+00 2.703161168098449707e+01 4.290398989479749826e-03
