1.354601339152195827e+00 2.808318138122558594e-01 1.921324883300244007e-02
1.364681646778771462e+00 5.527226924896240234e-01 4.297851485958757711e-03
1.367001717581713294e+00 8.235051631927490234e-01 1.886429748875521504e-03
1.367161722464675044e+00 1.094322681427001953e+00 1.883033832982509244e-03
1.367161722464675044e+00 1.365134716033935547e+00 2.196791875607045658e-03
1.366841712698751987e+00 1.639069557189941406e+00 2.653380807040402276e-03
1.367401729789117448e+00 1.912370443344116211e+00 1.763686438242554645e-03
1.366921715140232640e+00 2.191111326217651367e+00 5.248550402441111082e-03
1.376682013000884997e+00 2.461799383163452148e+00 2.242923771621668436e-03
1.375481976378673865e+00 2.730120182037353516e+00 3.073593432595496215e-03
1.375721983703116047e+00 2.998987436294555664e+00 2.866723144194552406e-03
1.376282000793481508e+00 3.266551971435546875e+00 1.985608379317385479e-03
1.376602010559404565e+00 3.539689064025878906e+00 1.651231786839117482e-03
1.375641981261635172e+00 3.806542158126831055e+00 2.332451938722405506e-03
1.375161966612750808e+00 4.075755834579467773e+00 2.405400827547342531e-03
1.375641981261635394e+00 4.343185424804687500e+00 2.713014787890861198e-03
1.375721983703116047e+00 4.612615585327148438e+00 1.760053712576716955e-03
1.375721983703116047e+00 4.880322456359863281e+00 2.444987701492994363e-03
1.374681951963866222e+00 5.155128240585327148e+00 3.186066471310839733e-03
1.375961991027558229e+00 5.423799037933349609e+00 2.621835149366836485e-03
1.376121995910520202e+00 5.693958282470703125e+00 2.798942326466889556e-03
1.376282000793481508e+00 5.969088077545166016e+00 2.846558370012607260e-03
1.375401973937192990e+00 6.241813182830810547e+00 3.380990637104395232e-03
1.376041993469038882e+00 6.509306669235229492e+00 2.332451938722404639e-03
1.374841956846827973e+00 6.782083988189697266e+00 4.079340102454515234e-03
1.376682013000884997e+00 7.050954341888427734e+00 1.852190428812590991e-03
1.370761832331309105e+00 7.320544242858886719e+00 3.388554384000729437e-03
1.365881683400982594e+00 7.589710950851440430e+00 9.259569809232433280e-03
1.367161722464675266e+00 7.859222650527954102e+00 3.102609792883163301e-03
1.367881744438001812e+00 8.126051664352416992e+00 1.953108502658703347e-03
1.367161722464675044e+00 8.395186901092529297e+00 2.405400827547377225e-03
1.366201693166905873e+00 8.662795782089233398e+00 3.245773097150224037e-03
1.366921715140232640e+00 8.934572696685791016e+00 2.833035450920815684e-03
1.366361698049867623e+00 9.201341629028320312e+00 3.472511478914061794e-03
1.365881683400982594e+00 9.474460124969482422e+00 3.529186902255088912e-03
1.374841956846827529e+00 9.749615430831909180e+00 3.441035118875127898e-03
1.376362003234962161e+00 1.002024340629577637e+01 1.567721278437861744e-03
1.375961991027558673e+00 1.029267573356628418e+01 2.496794041599604500e-03
1.375481976378673865e+00 1.056682014465332031e+01 2.562576984130853636e-03
1.375801986144596700e+00 1.083740949630737305e+01 2.846558370012628077e-03
1.373321910458693340e+00 1.111609125137329102e+01 3.873308103793922028e-03
1.375961991027558229e+00 1.138571524620056152e+01 2.682170591629035039e-03
1.376842017883846747e+00 1.165279340744018555e+01 1.959651598047327126e-03
1.375561978820154518e+00 1.192172455787658691e+01 2.609600667540293555e-03
1.375161966612750808e+00 1.218906664848327637e+01 2.888963377808464669e-03
1.375401973937192990e+00 1.245777940750122070e+01 2.696450216546607444e-03
1.376362003234962161e+00 1.272439336776733398e+01 1.848731620138305666e-03
1.373641920224616175e+00 1.299419093132019043e+01 4.039925264079711857e-03
1.374601949522385347e+00 1.326252436637878418e+01 3.940475567698947454e-03
1.375801986144597144e+00 1.353083777427673340e+01 1.631736040981837449e-03
1.376442005676443037e+00 1.379835867881774902e+01 1.385682933742319635e-03
1.376442005676442815e+00 1.406741523742675781e+01 1.131405377650504659e-03
1.375721983703116047e+00 1.433456063270568848e+01 3.029547851065111236e-03
1.366601705374309583e+00 1.460475802421569824e+01 1.528988778970964864e-02
1.364601644337290587e+00 1.487472224235534668e+01 1.051537677624683059e-02
1.363641615039521859e+00 1.514603996276855469e+01 1.258609027503506360e-02
1.367401729789117226e+00 1.541241216659545898e+01 1.763686438242567872e-03
1.366441700491348055e+00 1.568330097198486328e+01 3.046402211163054194e-03
1.367401729789117448e+00 1.595236635208129883e+01 4.068342439187368730e-03
1.367721739555040505e+00 1.622086834907531738e+01 2.310395160175753981e-03
1.366281695608386748e+00 1.648772501945495605e+01 3.165914046014768092e-03
1.366121690725424775e+00 1.675628399848937988e+01 3.599220840847852914e-03
1.368841773735770984e+00 1.703132033348083496e+01 3.878262241104001723e-03
1.375641981261635394e+00 1.729927706718444824e+01 2.993417261264322195e-03
1.376282000793481508e+00 1.756924152374267578e+01 3.265432714211352790e-03
1.375561978820154740e+00 1.783970117568969727e+01 3.312139725600361882e-03
1.376682013000885219e+00 1.810979032516479492e+01 2.447604061472717467e-03
1.377082025208289151e+00 1.837867069244384766e+01 2.125717712650204531e-03
1.375961991027558229e+00 1.865452456474304199e+01 2.621835149366836485e-03
1.376201998352000633e+00 1.892681050300598145e+01 2.110609364009871126e-03
1.376121995910519979e+00 1.919510078430175781e+01 2.741178325965635491e-03
1.375321971495712337e+00 1.946450996398925781e+01 3.092278063251430956e-03
1.376282000793481508e+00 1.973383712768554688e+01 3.362006822618013920e-03
1.376201998352000855e+00 2.000296974182128906e+01 1.254789264438085656e-03
1.376282000793481508e+00 2.027522158622741699e+01 2.486519125408932773e-03
1.375961991027558673e+00 2.054387187957763672e+01 2.741178325965616842e-03
1.376121995910519979e+00 2.081169128417968750e+01 3.123170718957338741e-03
1.375881988586077576e+00 2.107810926437377930e+01 3.094347168911668836e-03
1.376922020325327845e+00 2.134663891792297363e+01 1.505236953964515095e-03
1.375801986144596700e+00 2.161351728439331055e+01 2.672608455695762737e-03
1.375641981261635172e+00 2.188209986686706543e+01 2.884529049211815872e-03
1.371321849421674344e+00 2.214969944953918457e+01 3.873308103793947615e-03
1.364601644337290587e+00 2.241923499107360840e+01 1.240063649922394477e-02
1.365881683400982816e+00 2.268667554855346680e+01 4.305291082120532749e-03
1.365401668752098230e+00 2.295611238479614258e+01 4.028820009673953276e-03
1.366281695608386748e+00 2.322434782981872559e+01 2.789780461209219204e-03
1.366761710257271112e+00 2.349547004699707031e+01 2.458041652796147652e-03
1.366841712698751987e+00 2.376649999618530273e+01 2.190957092724932654e-03
1.367241724906155920e+00 2.403748846054077148e+01 2.771365867484573784e-03
1.367961746879482909e+00 2.430587339401245117e+01 1.197366904505678745e-03
1.371481854304636094e+00 2.458558106422424316e+01 5.499840559349073767e-03
1.376041993469038882e+00 2.485538983345031738e+01 2.400073244422758906e-03
1.375641981261635394e+00 2.512292814254760742e+01 3.249714535271612092e-03
1.376282000793481508e+00 2.539153218269348145e+01 2.486519125408903283e-03
1.376362003234962383e+00 2.565944242477416992e+01 2.167460895120264328e-03
1.376121995910519979e+00 2.593470430374145508e+01 2.798942326466870474e-03
1.375241969054231461e+00 2.621671462059020996e+01 4.233331288721708767e-03
1.376442005676443037e+00 2.648779320716857910e+01 2.592375392381732202e-03
1.376041993469038882e+00 2.675822687149047852e+01 2.529899334535349893e-03
1.376201998352000633e+00 2.702865958213806152e+01 2.524834465922642587e-03
