1.465838911771774292e+03 2.894088320566423622e+00 1.528066240424817757e+01
1.465852174520492554e+03 3.240098879970702228e+00 1.787574159978026600e+01
1.465864914894104004e+03 3.342101992858669046e+00 1.864076494644001869e+01
1.465877305746078491e+03 2.852087038789025364e+00 1.496565279091769085e+01
1.465891024112701416e+03 3.348102175969725369e+00 1.868576631977294156e+01
1.465903257131576538e+03 3.272099856563005726e+00 1.811574892422254379e+01
1.465918563127517700e+03 2.800085451826533234e+00 1.457564088869899876e+01
1.465936988830566406e+03 3.214098086489455941e+00 1.768073564867092173e+01
1.465950752973556519e+03 3.406103946043275599e+00 1.912077959532456362e+01
1.465961992502212524e+03 3.266099673451948515e+00 1.807074755088961382e+01
1.465981274366378784e+03 2.976090823084200476e+00 1.589568117313150353e+01
1.466024962186813354e+03 2.900088503677480389e+00 1.532566377758110221e+01
1.466038266420364380e+03 2.816085940122684317e+00 1.469564455092013233e+01
1.466053181171417236e+03 3.118095156712545890e+00 1.696071367534409546e+01
1.466063998699188232e+03 3.364102664265877340e+00 1.880576998199408223e+01
1.466074487924575806e+03 2.904088625751518382e+00 1.535566469313638827e+01
1.466099764585494995e+03 3.338101870784631053e+00 1.861076403088473086e+01
1.466119002103805542e+03 3.028092410046693495e+00 1.628569307535019917e+01
1.466133564710617065e+03 3.306100894192327555e+00 1.837075670644245662e+01
1.466148586034774780e+03 3.388103396710104409e+00 1.898577547532578436e+01
1.466165638685226440e+03 3.302100772118290006e+00 1.834075579088717589e+01
1.466284384965896606e+03 3.412104129154331922e+00 1.916578096865748648e+01
1.466316002607345581e+03 3.412104129154331922e+00 1.916578096865748648e+01
1.466371764898300171e+03 3.096094485305337596e+00 1.679570863979003548e+01
1.466385003805160522e+03 3.260099490340892192e+00 1.802574617755669451e+01
1.466412507295608521e+03 3.300100711081271232e+00 1.832575533310953730e+01
1.466448323011398315e+03 2.914088930936613142e+00 1.543066698202459897e+01
1.466467114210128784e+03 3.166096621601000916e+00 1.732072466200750682e+01
1.466482293605804443e+03 3.120095217749565109e+00 1.697571413312173760e+01
1.466493882894515991e+03 3.026092349009674720e+00 1.627069261757255703e+01
1.466504929780960083e+03 3.424104495376445900e+00 1.925578371532334643e+01
1.466520239591598511e+03 2.870087588122196109e+00 1.510065691091647011e+01
1.466572279691696167e+03 2.788085085604419255e+00 1.448563814203314415e+01
1.466590707778930664e+03 3.500106814783165987e+00 1.982580111087374419e+01
1.466604184865951538e+03 3.302100772118290006e+00 1.834075579088717589e+01
1.466618788003921509e+03 2.824086184270759858e+00 1.475564638203069912e+01
1.466633036375045776e+03 3.334101748710593061e+00 1.858076311532945013e+01
1.466648504257202148e+03 3.320101321451460752e+00 1.847575991088595870e+01
1.466666640758514404e+03 3.188097293008209654e+00 1.748572969756157036e+01
1.466714530706405640e+03 3.100094607379375589e+00 1.682570955534531620e+01
1.466825414896011353e+03 3.084094119083224061e+00 1.670570589312418264e+01
1.466883247375488281e+03 3.280100100711081712e+00 1.817575075533311590e+01
1.466897736787796021e+03 2.794085268715476023e+00 1.453063951536607057e+01
1.466921996593475342e+03 2.838086611529893055e+00 1.486064958647419765e+01
1.466951051473617554e+03 2.910088808862575149e+00 1.540066606646931291e+01
1.466979549169540405e+03 3.432104739524521442e+00 1.931578554643390788e+01
1.467039182186126709e+03 3.066093569750053760e+00 1.657070177312539982e+01
1.467050875186920166e+03 3.292100466933195246e+00 1.826575350199896519e+01
1.467075055122375488e+03 3.420104373302407907e+00 1.922578279976805860e+01
1.467108211040496826e+03 2.888088137455366411e+00 1.523566103091524759e+01
1.467130925655364990e+03 3.124095339823603101e+00 1.700571504867702544e+01
1.467143548250198364e+03 3.206097842341379955e+00 1.762073381756034962e+01
1.467156567573547363e+03 2.908088747825555931e+00 1.538566560869166899e+01
1.467172101020812988e+03 3.420104373302407907e+00 1.922578279976805860e+01
1.467185837268829346e+03 3.512107181005279521e+00 1.991580385753959348e+01
1.467248991966247559e+03 3.146096011230811396e+00 1.717072008423108542e+01
1.467267022132873535e+03 3.312101077303384766e+00 1.841575807977538659e+01
1.467280949354171753e+03 3.002091616565447207e+00 1.609068712424085490e+01
1.467294801950454712e+03 3.020092165898617509e+00 1.622569124423963061e+01
1.467312541484832764e+03 3.412104129154331922e+00 1.916578096865748648e+01
1.467324413537979126e+03 3.302100772118290006e+00 1.834075579088717589e+01
1.467340859889984131e+03 2.854087099826044582e+00 1.498065324869533477e+01
1.467471055507659912e+03 2.902088564714499608e+00 1.534066423535874790e+01
1.467485682725906372e+03 3.496106692709127994e+00 1.979580019531846347e+01
1.467540387630462646e+03 3.040092776268807029e+00 1.637569582201605201e+01
1.467554606199264526e+03 3.002091616565447207e+00 1.609068712424085490e+01
1.467582921981811523e+03 3.194097476119266421e+00 1.753073107089450033e+01
1.467615049362182617e+03 3.358102481154820573e+00 1.876076860866115226e+01
1.467636829376220703e+03 3.380103152562028868e+00 1.892577364421521580e+01
1.467654305458068848e+03 3.232098635822626687e+00 1.781573976866970099e+01
1.467669695138931274e+03 3.416104251228369915e+00 1.919578188421277787e+01
1.467683251619338989e+03 3.136095706045716636e+00 1.709571779534287828e+01
1.467708445072174072e+03 2.932089480269783444e+00 1.556567110202337645e+01
1.467746004819869995e+03 2.842086733603931048e+00 1.489065050202948370e+01
1.467761978864669800e+03 2.894088320566423622e+00 1.528066240424817757e+01
1.467776778459548950e+03 2.874087710196234102e+00 1.513065782647175617e+01
1.467789911985397339e+03 3.404103885006256380e+00 1.910577913754692503e+01
1.467803484678268433e+03 3.124095339823603101e+00 1.700571504867702544e+01
1.467817606687545776e+03 2.926089297158727121e+00 1.552066972869045358e+01
1.467835357904434204e+03 3.408104007080293929e+00 1.913578005310220576e+01
1.467878407478332520e+03 3.500106814783165987e+00 1.982580111087374419e+01
1.467989490985870361e+03 3.284100222785119261e+00 1.820575167088839663e+01
1.468047906875610352e+03 3.390103457747123628e+00 1.900077593310342650e+01
1.468061655521392822e+03 3.056093264564958556e+00 1.649569948423719268e+01
1.468084500551223755e+03 2.876087771233252877e+00 1.514565828424939653e+01
1.468120658159255981e+03 3.468105838190862933e+00 1.958579378643146995e+01
1.468151271343231201e+03 2.868087527085176891e+00 1.508565645313882619e+01
1.468203372716903687e+03 3.428104617450483449e+00 1.928578463087862715e+01
1.468216206312179565e+03 2.946089907528916640e+00 1.567067430646687498e+01
1.468239040613174438e+03 3.180097048860133668e+00 1.742572786645100180e+01
1.468270318031311035e+03 3.144095950193792621e+00 1.715571962645344684e+01
1.468294649124145508e+03 3.436104861598559435e+00 1.934578646198919927e+01
1.468307875633239746e+03 3.512107181005279521e+00 1.991580385753959348e+01
1.468323207616806030e+03 3.024092287972655502e+00 1.625569215979491844e+01
1.468338862180709839e+03 2.896088381603442397e+00 1.529566286202581793e+01
1.468349765777587891e+03 3.354102359080782580e+00 1.873076769310587153e+01
1.468405513048171997e+03 3.356102420117801355e+00 1.874576815088351367e+01
1.468423223495483398e+03 3.084094119083224061e+00 1.670570589312418264e+01
1.468440311908721924e+03 2.916088991973631916e+00 1.544566743980223933e+01
1.468458097219467163e+03 3.016092043824579516e+00 1.619569032868434988e+01
1.468472004652023315e+03 3.328101565599536293e+00 1.853576174199652016e+01
1.468492321252822876e+03 3.308100955229346773e+00 1.838575716422009876e+01
1.468613206386566162e+03 3.272099856563005726e+00 1.811574892422254379e+01
1.468645273447036743e+03 3.216098147526475159e+00 1.769573610644856387e+01
1.468700594425201416e+03 3.036092654194769036e+00 1.634569490646077128e+01
1.468714559793472290e+03 3.102094668416394363e+00 1.684071001312295834e+01
1.468743263006210327e+03 3.144095950193792621e+00 1.715571962645344684e+01
1.468784274101257324e+03 3.482106265449995686e+00 1.969079699087496849e+01
1.468798776865005493e+03 2.834086489455855062e+00 1.483064867091891337e+01
1.468815773725509644e+03 3.296100589007233239e+00 1.829575441755424947e+01
1.468831580162048340e+03 3.280100100711081712e+00 1.817575075533311590e+01
1.468847364902496338e+03 3.176096926786096120e+00 1.739572695089572107e+01
1.468901658535003662e+03 3.036092654194769036e+00 1.634569490646077128e+01
1.468917576789855957e+03 2.936089602343821436e+00 1.559567201757866073e+01
1.468932326316833496e+03 3.412104129154331922e+00 1.916578096865748648e+01
1.468947296142578125e+03 3.406103946043275599e+00 1.912077959532456362e+01
1.468959990978240967e+03 2.910088808862575149e+00 1.540066606646931291e+01
1.468974071025848389e+03 3.182097109897152443e+00 1.744072832422864039e+01
1.468987740278244019e+03 3.452105349894710962e+00 1.946579012421032928e+01
1.469006625175476074e+03 3.104094729453413581e+00 1.685571047090060404e+01
1.469118643522262573e+03 3.024092287972655502e+00 1.625569215979491844e+01
1.469148890972137451e+03 3.106094790490432356e+00 1.687071092867824262e+01
1.469205505371093750e+03 3.400103762932218388e+00 1.907577822199163720e+01
1.469219772100448608e+03 2.872087649159214884e+00 1.511565736869411225e+01
1.469241847276687622e+03 2.842086733603931048e+00 1.489065050202948370e+01
1.469270725488662720e+03 2.888088137455366411e+00 1.523566103091524759e+01
1.469299389123916626e+03 3.450105288857692187e+00 1.945078966643269069e+01
1.469328215599060059e+03 3.034092593157750262e+00 1.633069444868312914e+01
1.469370249271392822e+03 3.320101321451460752e+00 1.847575991088595870e+01
1.469390599489212036e+03 3.040092776268807029e+00 1.637569582201605201e+01
1.469419268369674683e+03 3.382103213599048086e+00 1.894077410199286149e+01
1.469449777126312256e+03 2.842086733603931048e+00 1.489065050202948370e+01
1.469466763257980347e+03 3.000091555528427989e+00 1.607568666646320921e+01
1.469478934764862061e+03 2.782084902493362044e+00 1.444063676870021595e+01
1.469494138717651367e+03 3.194097476119266421e+00 1.753073107089450033e+01
1.469509592056274414e+03 3.400103762932218388e+00 1.907577822199163720e+01
1.469561562538146973e+03 3.266099673451948515e+00 1.807074755088961382e+01
1.469577981233596802e+03 3.144095950193792621e+00 1.715571962645344684e+01
1.469593906402587891e+03 2.990091250343333229e+00 1.600068437757499851e+01
1.469605773925781250e+03 3.292100466933195246e+00 1.826575350199896519e+01
1.469622744321823120e+03 3.060093386638996549e+00 1.652570039979247341e+01
1.469637423038482666e+03 2.952090090639972964e+00 1.571567567979979785e+01
1.469650403022766113e+03 3.328101565599536293e+00 1.853576174199652016e+01
1.469667169094085693e+03 3.174096865749076901e+00 1.738072649311807893e+01
1.469700474023818970e+03 3.274099917600024501e+00 1.813074938200018593e+01
1.469807556629180908e+03 3.362102603228858566e+00 1.879076952421644009e+01
1.469866415023803711e+03 2.862087343974120568e+00 1.504065507980590510e+01
1.469879563331604004e+03 2.810085757011627550e+00 1.465064317758720591e+01
1.469902647018432617e+03 3.086094180120242836e+00 1.672070635090182122e+01
1.469932890653610229e+03 2.722083071382793484e+00 1.399062303537095175e+01
1.469958831310272217e+03 3.222098330637531483e+00 1.774073747978148319e+01
1.469971620798110962e+03 3.160096438489944148e+00 1.727572328867458040e+01
1.469982752561569214e+03 3.266099673451948515e+00 1.807074755088961382e+01
1.470000139713287354e+03 2.964090456862086942e+00 1.580567842646565246e+01
1.470013504505157471e+03 2.992091311380352003e+00 1.601568483535263709e+01
1.470032619714736938e+03 3.348102175969725369e+00 1.868576631977294156e+01
1.470076728343963623e+03 3.396103640858180395e+00 1.904577730643635647e+01
1.470101171970367432e+03 3.062093447676015767e+00 1.654070085757011910e+01
1.470118122339248657e+03 2.874087710196234102e+00 1.513065782647175617e+01
1.470136323690414429e+03 3.230098574785607468e+00 1.780073931089205530e+01
1.470150470733642578e+03 3.384103274636066860e+00 1.895577455977050363e+01
1.470164118766784668e+03 3.066093569750053760e+00 1.657070177312539982e+01
1.470181527614593506e+03 2.920089114047669909e+00 1.547566835535752361e+01
1.470292147397994995e+03 2.812085818048646768e+00 1.466564363536485160e+01
1.470324866294860840e+03 2.784084963530381263e+00 1.445563722647785987e+01
1.470380620002746582e+03 2.998091494491409215e+00 1.606068620868556707e+01
1.470395244359970093e+03 2.962090395825068168e+00 1.579067796868801210e+01
1.470413315296173096e+03 3.196097537156285640e+00 1.754573152867214247e+01
1.470453301429748535e+03 2.972090701010162483e+00 1.586568025757621925e+01
1.470484747886657715e+03 3.350102237006744588e+00 1.870076677755058370e+01
1.470512281894683838e+03 3.010091860713523193e+00 1.615068895535142701e+01
1.470543453931808472e+03 3.178096987823114450e+00 1.741072740867335966e+01
1.470569083690643311e+03 2.986091128269295680e+00 1.597068346201971778e+01
1.470597808122634888e+03 3.372102908413952882e+00 1.886577181310464368e+01
1.470618627071380615e+03 3.328101565599536293e+00 1.853576174199652016e+01
1.470634736299514771e+03 3.200097659230323188e+00 1.757573244422742320e+01
1.470649273157119751e+03 3.436104861598559435e+00 1.934578646198919927e+01
1.470666075468063354e+03 3.216098147526475159e+00 1.769573610644856387e+01
1.470681241273880005e+03 2.892088259529404404e+00 1.526566194647053365e+01
1.470725693941116333e+03 3.028092410046693495e+00 1.628569307535019917e+01
1.470741324901580811e+03 2.924089236121707902e+00 1.550566927091280967e+01
1.470755125522613525e+03 3.108094851527451574e+00 1.688571138645588476e+01
1.470769749164581299e+03 3.386103335673085635e+00 1.897077501754814222e+01
1.470787898778915405e+03 3.064093508713034542e+00 1.655570131534776124e+01
1.470800882101058960e+03 2.872087649159214884e+00 1.511565736869411225e+01
1.470815048217773438e+03 3.170096743675038908e+00 1.735072557756279110e+01
1.470829144477844238e+03 3.408104007080293929e+00 1.913578005310220576e+01
1.470856722593307495e+03 2.948089968565935415e+00 1.568567476424451534e+01
1.470974198102951050e+03 2.842086733603931048e+00 1.489065050202948370e+01
1.470988603591918945e+03 3.360102542191839348e+00 1.877576906643879440e+01
1.471043505907058716e+03 3.244099002044740221e+00 1.790574251533555383e+01
1.471056608915328979e+03 2.858087221900082575e+00 1.501065416425061905e+01
1.471085776329040527e+03 2.950090029602954189e+00 1.570067522202215571e+01
1.471118104219436646e+03 3.412104129154331922e+00 1.916578096865748648e+01
1.471140521526336670e+03 3.168096682638020134e+00 1.733572511978514896e+01
1.471154223680496216e+03 2.944089846491897422e+00 1.565567384868923106e+01
1.471167327642440796e+03 3.392103518784142402e+00 1.901577639088106508e+01
1.471180328845977783e+03 2.842086733603931048e+00 1.489065050202948370e+01
1.471201713085174561e+03 2.846086855677968597e+00 1.492065141758476443e+01
1.471254788160324097e+03 2.852087038789025364e+00 1.496565279091769085e+01
1.471272906780242920e+03 3.384103274636066860e+00 1.895577455977050363e+01
1.471289287090301514e+03 3.452105349894710962e+00 1.946579012421032928e+01
1.471309519767761230e+03 3.266099673451948515e+00 1.807074755088961382e+01
1.471323266744613647e+03 2.946089907528916640e+00 1.567067430646687498e+01
1.471338873386383057e+03 2.986091128269295680e+00 1.597068346201971778e+01
1.471460264682769775e+03 3.368102786339914889e+00 1.883577089754936296e+01
1.471492393255233765e+03 3.250099185155796988e+00 1.795074388866847670e+01
1.471548782587051392e+03 3.348102175969725369e+00 1.868576631977294156e+01
1.471568368911743164e+03 3.032092532120731043e+00 1.631569399090547989e+01
1.471590277433395386e+03 2.870087588122196109e+00 1.510065691091647011e+01
1.471620883464813232e+03 3.280100100711081712e+00 1.817575075533311590e+01
1.471655597925186157e+03 2.860087282937101349e+00 1.502565462202825941e+01
1.471709989786148071e+03 3.224098391674550701e+00 1.775573793755913243e+01
1.471738075494766235e+03 3.108094851527451574e+00 1.688571138645588476e+01
1.471782383441925049e+03 2.920089114047669909e+00 1.547566835535752361e+01
1.471799867391586304e+03 2.962090395825068168e+00 1.579067796868801210e+01
1.471821639776229858e+03 2.802085512863552008e+00 1.459064134647664090e+01
1.471843553543090820e+03 2.994091372417371222e+00 1.603068529313028634e+01
1.471864643573760986e+03 2.862087343974120568e+00 1.504065507980590510e+01
1.471897936820983887e+03 2.906088686788537601e+00 1.537066515091403218e+01
1.471935799598693848e+03 2.984091067232276462e+00 1.595568300424207386e+01
1.471950219631195068e+03 3.440104983672597427e+00 1.937578737754447999e+01
1.471968016624450684e+03 3.064093508713034542e+00 1.655570131534776124e+01
1.471983527898788452e+03 2.968090578936124935e+00 1.583567934202093674e+01
1.471997262239456177e+03 2.892088259529404404e+00 1.526566194647053365e+01
1.472011116027832031e+03 3.408104007080293929e+00 1.913578005310220576e+01
1.472023401737213135e+03 3.180097048860133668e+00 1.742572786645100180e+01
1.472036163330078125e+03 2.968090578936124935e+00 1.583567934202093674e+01
1.472168940782546997e+03 3.462105655079806166e+00 1.954079241309854709e+01
1.472229688167572021e+03 3.010091860713523193e+00 1.615068895535142701e+01
1.472242809295654297e+03 3.044092898342845022e+00 1.640569673757133984e+01
1.472265067815780640e+03 2.916088991973631916e+00 1.544566743980223933e+01
1.472302162885665894e+03 3.084094119083224061e+00 1.670570589312418264e+01
1.472327708721160889e+03 3.062093447676015767e+00 1.654070085757011910e+01
1.472341237306594849e+03 2.892088259529404404e+00 1.526566194647053365e+01
1.472354660034179688e+03 3.214098086489455941e+00 1.768073564867092173e+01
1.472369167089462280e+03 3.506106997894223198e+00 1.987080248420667061e+01
1.472384851932525635e+03 3.228098513748588694e+00 1.778573885311441316e+01
1.472429033517837524e+03 2.842086733603931048e+00 1.489065050202948370e+01
1.472451893806457520e+03 3.126095400860621876e+00 1.702071550645466402e+01
1.472469787120819092e+03 3.436104861598559435e+00 1.934578646198919927e+01
1.472485575675964355e+03 3.084094119083224061e+00 1.670570589312418264e+01
1.472500699758529663e+03 2.850086977752006590e+00 1.495065233314004871e+01
1.472519970893859863e+03 3.120095217749565109e+00 1.697571413312173760e+01
1.472534902334213257e+03 3.262099551377910522e+00 1.804074663533432599e+01
1.472573527812957764e+03 3.358102481154820573e+00 1.876076860866115226e+01
1.472680722713470459e+03 2.904088625751518382e+00 1.535566469313638827e+01
1.472742813110351562e+03 3.204097781304361181e+00 1.760573335978271103e+01
1.472756677865982056e+03 2.920089114047669909e+00 1.547566835535752361e+01
1.472782160043716431e+03 2.952090090639972964e+00 1.571567567979979785e+01
1.472812041759490967e+03 2.886088076418347637e+00 1.522066057313760723e+01
1.472840500116348267e+03 3.428104617450483449e+00 1.928578463087862715e+01
1.472871512889862061e+03 2.854087099826044582e+00 1.498065324869533477e+01
1.472907957792282104e+03 3.458105533005768173e+00 1.951079149754325925e+01
1.472933863639831543e+03 2.914088930936613142e+00 1.543066698202459897e+01
1.472962887287139893e+03 3.324101443525498301e+00 1.850576082644123943e+01
1.472991003751754761e+03 3.152096194341868607e+00 1.721572145756401540e+01
1.473002795219421387e+03 3.162096499526962923e+00 1.729072374645221899e+01
1.473014837741851807e+03 2.930089419232764669e+00 1.555067064424573431e+01
1.473025751352310181e+03 3.486106387524033678e+00 1.972079790643024921e+01
1.473038930177688599e+03 2.876087771233252877e+00 1.514565828424939653e+01
1.473056832313537598e+03 3.388103396710104409e+00 1.898577547532578436e+01
1.473106469392776489e+03 3.412104129154331922e+00 1.916578096865748648e+01
1.473119917154312134e+03 2.906088686788537601e+00 1.537066515091403218e+01
1.473138573408126831e+03 3.244099002044740221e+00 1.790574251533555383e+01
1.473154023885726929e+03 3.240098879970702228e+00 1.787574159978026600e+01
1.473168754339218140e+03 3.442105044709616646e+00 1.939078783532212569e+01
1.473191262722015381e+03 3.296100589007233239e+00 1.829575441755424947e+01
1.473218727350234985e+03 3.296100589007233239e+00 1.829575441755424947e+01
1.473332284927368164e+03 2.892088259529404404e+00 1.526566194647053365e+01
1.473395861864089966e+03 3.458105533005768173e+00 1.951079149754325925e+01
1.473408499002456665e+03 3.442105044709616646e+00 1.939078783532212569e+01
1.473427791357040405e+03 3.058093325601977774e+00 1.651069994201483127e+01
1.473446182966232300e+03 2.902088564714499608e+00 1.534066423535874790e+01
1.473486450910568237e+03 3.422104434339427126e+00 1.924078325754570429e+01
1.473501426696777344e+03 2.916088991973631916e+00 1.544566743980223933e+01
1.473512310981750488e+03 3.146096011230811396e+00 1.717072008423108542e+01
1.473527733087539673e+03 3.324101443525498301e+00 1.850576082644123943e+01
1.473542644262313843e+03 2.924089236121707902e+00 1.550566927091280967e+01
1.473560396909713745e+03 2.940089724417859429e+00 1.562567293313394501e+01
1.473610500574111938e+03 2.852087038789025364e+00 1.496565279091769085e+01
1.473631518363952637e+03 3.434104800561540660e+00 1.933078600421155713e+01
1.473649955272674561e+03 3.438104922635578653e+00 1.936078691976683785e+01
1.473662930727005005e+03 3.042092837305826247e+00 1.639069627979369770e+01
1.473683083772659302e+03 2.894088320566423622e+00 1.528066240424817757e+01
1.473699826002120972e+03 2.956090212714010956e+00 1.574567659535508213e+01
1.473836958408355713e+03 2.962090395825068168e+00 1.579067796868801210e+01
1.473851199150085449e+03 3.234098696859645461e+00 1.783074022644734313e+01
1.473906112432479858e+03 3.446105166783654639e+00 1.942078875087740641e+01
1.473920230150222778e+03 2.884088015381328862e+00 1.520566011535996687e+01
1.473944688558578491e+03 2.914088930936613142e+00 1.543066698202459897e+01
1.473974312543869019e+03 3.022092226935636727e+00 1.624069170201727630e+01
1.474002916812896729e+03 3.430104678487502667e+00 1.930078508865626929e+01
1.474032896041870117e+03 2.878087832270272095e+00 1.516065874202704045e+01
1.474068377971649170e+03 3.446105166783654639e+00 1.942078875087740641e+01
1.474094974756240845e+03 2.900088503677480389e+00 1.532566377758110221e+01
1.474125567674636841e+03 2.916088991973631916e+00 1.544566743980223933e+01
1.474148888587951660e+03 3.278100039674062494e+00 1.816075029755546666e+01
1.474164275884628296e+03 3.036092654194769036e+00 1.634569490646077128e+01
1.474180082798004150e+03 2.840086672566911830e+00 1.487565004425183801e+01
1.474194885015487671e+03 3.312101077303384766e+00 1.841575807977538659e+01
1.474207668781280518e+03 3.412104129154331922e+00 1.916578096865748648e+01
1.474263783693313599e+03 3.082094058046204843e+00 1.669070543534653694e+01
1.474277323484420776e+03 2.924089236121707902e+00 1.550566927091280967e+01
1.474297761678695679e+03 3.198097598193304414e+00 1.756073198644978106e+01
1.474315306186676025e+03 3.188097293008209654e+00 1.748572969756157036e+01
1.474329195737838745e+03 3.412104129154331922e+00 1.916578096865748648e+01
1.474341890811920166e+03 3.058093325601977774e+00 1.651069994201483127e+01
1.474360109329223633e+03 2.890088198492385629e+00 1.525066148869289151e+01
1.474398325681686401e+03 3.036092654194769036e+00 1.634569490646077128e+01
1.474509300708770752e+03 3.156096316415906600e+00 1.724572237311929968e+01
1.474567492961883545e+03 3.410104068117313147e+00 1.915078051087984790e+01
1.474580393075942993e+03 2.866087466048158117e+00 1.507065599536118583e+01
1.474606142520904541e+03 2.868087527085176891e+00 1.508565645313882619e+01
1.474643078088760376e+03 3.128095461897641094e+00 1.703571596423230616e+01
1.474672822237014771e+03 3.270099795525986508e+00 1.810074846644489810e+01
1.474685565233230591e+03 3.274099917600024501e+00 1.813074938200018593e+01
1.474703985691070557e+03 2.854087099826044582e+00 1.498065324869533477e+01
1.474721919536590576e+03 2.870087588122196109e+00 1.510065691091647011e+01
1.474768529891967773e+03 2.884088015381328862e+00 1.520566011535996687e+01
1.474795347690582275e+03 3.384103274636066860e+00 1.895577455977050363e+01
1.474811459779739380e+03 3.404103885006256380e+00 1.910577913754692503e+01
1.474836420297622681e+03 3.412104129154331922e+00 1.916578096865748648e+01
1.474851629018783569e+03 3.422104434339427126e+00 1.924078325754570429e+01
1.474865498781204224e+03 3.288100344859157254e+00 1.823575258644367736e+01
1.474888847351074219e+03 2.822086123233741528e+00 1.474064592425306230e+01
1.474997820854187012e+03 3.412104129154331922e+00 1.916578096865748648e+01
1.475029241561889648e+03 3.004091677602465982e+00 1.610568758201849704e+01
1.475090839624404907e+03 3.418104312265389133e+00 1.921078234199041646e+01
1.475105822801589966e+03 3.282100161748100042e+00 1.819075121311074739e+01
1.475127945423126221e+03 3.306100894192327555e+00 1.837075670644245662e+01
1.475158361434936523e+03 3.288100344859157254e+00 1.823575258644367736e+01
1.475192930698394775e+03 3.022092226935636727e+00 1.624069170201727630e+01
1.475219553709030151e+03 3.408104007080293929e+00 1.913578005310220576e+01
1.475271747350692749e+03 2.870087588122196109e+00 1.510065691091647011e+01
1.475304973602294922e+03 2.888088137455366411e+00 1.523566103091524759e+01
1.475375081777572632e+03 3.158096377452924930e+00 1.726072283089693826e+01
1.475401816129684448e+03 2.908088747825555931e+00 1.538566560869166899e+01
1.475425776481628418e+03 2.884088015381328862e+00 1.520566011535996687e+01
1.475443702697753906e+03 3.036092654194769036e+00 1.634569490646077128e+01
1.475471921443939209e+03 2.850086977752006590e+00 1.495065233314004871e+01
1.475545650482177734e+03 2.960090334788048949e+00 1.577567751091036641e+01
1.475573847293853760e+03 3.406103946043275599e+00 1.912077959532456362e+01
1.475590753078460693e+03 3.356102420117801355e+00 1.874576815088351367e+01
1.475610781431198120e+03 3.360102542191839348e+00 1.877576906643879440e+01
1.475628841400146484e+03 3.252099246192816207e+00 1.796574434644612239e+01
1.475654843091964722e+03 3.038092715231788254e+00 1.636069536423840987e+01
1.475669014215469360e+03 3.418104312265389133e+00 1.921078234199041646e+01
1.475709809303283691e+03 3.264099612414929741e+00 1.805574709311197523e+01
1.475738059759140015e+03 2.930089419232764669e+00 1.555067064424573431e+01
1.475868171215057373e+03 3.034092593157750262e+00 1.633069444868312914e+01
1.475939952373504639e+03 2.848086916714987371e+00 1.493565187536240479e+01
1.475953511953353882e+03 3.252099246192816207e+00 1.796574434644612239e+01
1.475977458477020264e+03 3.396103640858180395e+00 1.904577730643635647e+01
1.476004668235778809e+03 2.974090762047181702e+00 1.588068071535386316e+01
1.476074882268905640e+03 3.152096194341868607e+00 1.721572145756401540e+01
1.476098915100097656e+03 3.274099917600024501e+00 1.813074938200018593e+01
1.476115018844604492e+03 2.936089602343821436e+00 1.559567201757866073e+01
1.476129118204116821e+03 3.456105471968748954e+00 1.949579103976562067e+01
1.476160164833068848e+03 3.222098330637531483e+00 1.774073747978148319e+01
1.476226531028747559e+03 3.366102725302896115e+00 1.882077043977172082e+01
1.476257881641387939e+03 3.158096377452924930e+00 1.726072283089693826e+01
1.476290356159210205e+03 2.836086550492873837e+00 1.484564912869655373e+01
1.476328487873077393e+03 3.038092715231788254e+00 1.636069536423840987e+01
1.476360126495361328e+03 3.160096438489944148e+00 1.727572328867458040e+01
1.476395318746566772e+03 2.764084353160191743e+00 1.430563264870143847e+01
1.476434526205062866e+03 3.384103274636066860e+00 1.895577455977050363e+01
1.476574031352996826e+03 2.852087038789025364e+00 1.496565279091769085e+01
1.476597256183624268e+03 3.100094607379375589e+00 1.682570955534531620e+01
1.476696696281433105e+03 2.746083803827020997e+00 1.417062852870265743e+01
1.476709183931350708e+03 3.338101870784631053e+00 1.861076403088473086e+01
1.476730966091156006e+03 2.982091006195257687e+00 1.594068254646443350e+01
1.476761994123458862e+03 3.312101077303384766e+00 1.841575807977538659e+01
1.476804987192153931e+03 3.106094790490432356e+00 1.687071092867824262e+01
1.476858689785003662e+03 2.972090701010162483e+00 1.586568025757621925e+01
1.476871228456497192e+03 3.348102175969725369e+00 1.868576631977294156e+01
1.476911334514617920e+03 3.458105533005768173e+00 1.951079149754325925e+01
1.476945246696472168e+03 3.422104434339427126e+00 1.924078325754570429e+01
1.476960749626159668e+03 2.620079958494827110e+00 1.322559968871120262e+01
1.476975526571273804e+03 2.974090762047181702e+00 1.588068071535386316e+01
1.476989022493362427e+03 3.422104434339427126e+00 1.924078325754570429e+01
1.477005672693252563e+03 3.256099368266854199e+00 1.799574526200140667e+01
1.477019455432891846e+03 2.732083376567888688e+00 1.406562532425916601e+01
1.477076451778411865e+03 3.400103762932218388e+00 1.907577822199163720e+01
1.477091368198394775e+03 3.422104434339427126e+00 1.924078325754570429e+01
1.477106666803359985e+03 3.158096377452924930e+00 1.726072283089693826e+01
1.477125080585479736e+03 2.882087954344310088e+00 1.519065965758232650e+01
1.477147947788238525e+03 2.968090578936124935e+00 1.583567934202093674e+01
1.477177778482437134e+03 3.400103762932218388e+00 1.907577822199163720e+01
1.477301965713500977e+03 3.288100344859157254e+00 1.823575258644367736e+01
1.477352669715881348e+03 2.856087160863063357e+00 1.499565370647297513e+01
1.477367558240890503e+03 3.200097659230323188e+00 1.757573244422742320e+01
1.477487943172454834e+03 2.966090517899106160e+00 1.582067888424329638e+01
1.477502130508422852e+03 2.898088442640461615e+00 1.531066331980346185e+01
1.477515378475189209e+03 2.934089541306802662e+00 1.558067155980102036e+01
1.477543553352355957e+03 2.824086184270759858e+00 1.475564638203069912e+01
1.477557786941528320e+03 2.958090273751030175e+00 1.576067705313272604e+01
1.477587568044662476e+03 2.788085085604419255e+00 1.448563814203314415e+01
1.477623003244400024e+03 2.996091433454389996e+00 1.604568575090792848e+01
1.477675008535385132e+03 2.834086489455855062e+00 1.483064867091891337e+01
1.477691253662109375e+03 3.236098757896664679e+00 1.784574068422498527e+01
1.477709696054458618e+03 3.212098025452437167e+00 1.766573519089327959e+01
1.477722774028778076e+03 2.916088991973631916e+00 1.544566743980223933e+01
1.477738635778427124e+03 2.974090762047181702e+00 1.588068071535386316e+01
1.477760565280914307e+03 3.288100344859157254e+00 1.823575258644367736e+01
1.477821235895156860e+03 2.808085695974608775e+00 1.463564271980956555e+01
1.477845520734786987e+03 2.810085757011627550e+00 1.465064317758720591e+01
1.477872549772262573e+03 2.762084292123172524e+00 1.429063219092379455e+01
1.477883107662200928e+03 3.224098391674550701e+00 1.775573793755913243e+01
1.477901712894439697e+03 2.734083437604907463e+00 1.408062578203680637e+01
1.477919417381286621e+03 2.766084414197210517e+00 1.432063310647907883e+01
1.477937597036361694e+03 3.262099551377910522e+00 1.804074663533432599e+01
1.477954365730285645e+03 3.198097598193304414e+00 1.756073198644978106e+01
1.477981320142745972e+03 3.358102481154820573e+00 1.876076860866115226e+01
1.478123448133468628e+03 3.214098086489455941e+00 1.768073564867092173e+01
1.478139525413513184e+03 2.830086367381817070e+00 1.480064775536362731e+01
1.478223893165588379e+03 2.998091494491409215e+00 1.606068620868556707e+01
1.478239271640777588e+03 2.808085695974608775e+00 1.463564271980956555e+01
1.478267031669616699e+03 2.810085757011627550e+00 1.465064317758720591e+01
1.478307186603546143e+03 3.252099246192816207e+00 1.796574434644612239e+01
1.478337852001190186e+03 3.226098452711569475e+00 1.777073839533677102e+01
1.478366693019866943e+03 2.988091189306314455e+00 1.598568391979735814e+01
1.478404017210006714e+03 3.076093874935148076e+00 1.664570406201361408e+01
1.478420305490493774e+03 2.990091250343333229e+00 1.600068437757499851e+01
1.478462674856185913e+03 2.846086855677968597e+00 1.492065141758476443e+01
1.478491493225097656e+03 3.056093264564958556e+00 1.649569948423719268e+01
1.478505782842636108e+03 3.244099002044740221e+00 1.790574251533555383e+01
1.478518681526184082e+03 2.784084963530381263e+00 1.445563722647785987e+01
1.478535289287567139e+03 3.002091616565447207e+00 1.609068712424085490e+01
1.478568362712860107e+03 3.376103030487990875e+00 1.889577272865993507e+01
1.478611918687820435e+03 3.250099185155796988e+00 1.795074388866847670e+01
1.478630757331848145e+03 3.106094790490432356e+00 1.687071092867824262e+01
1.478645513772964478e+03 3.056093264564958556e+00 1.649569948423719268e+01
1.478663197040557861e+03 2.846086855677968597e+00 1.492065141758476443e+01
1.478677172899246216e+03 2.936089602343821436e+00 1.559567201757866073e+01
1.478692261457443237e+03 3.376103030487990875e+00 1.889577272865993507e+01
1.478717653751373291e+03 3.088094241157262054e+00 1.673570680867946336e+01
1.478821176528930664e+03 3.382103213599048086e+00 1.894077410199286149e+01
1.478851919174194336e+03 3.198097598193304414e+00 1.756073198644978106e+01
1.478926154851913452e+03 3.356102420117801355e+00 1.874576815088351367e+01
1.478942039728164673e+03 2.846086855677968597e+00 1.492065141758476443e+01
1.478970086336135864e+03 3.202097720267341963e+00 1.759073290200506179e+01
1.479000355958938599e+03 3.026092349009674720e+00 1.627069261757255703e+01
1.479031493663787842e+03 3.194097476119266421e+00 1.753073107089450033e+01
1.479051306962966919e+03 3.440104983672597427e+00 1.937578737754447999e+01
1.479066251754760742e+03 3.300100711081271232e+00 1.832575533310953730e+01
1.479080293416976929e+03 2.884088015381328862e+00 1.520566011535996687e+01
1.479094491720199585e+03 3.280100100711081712e+00 1.817575075533311590e+01
1.479148796558380127e+03 3.230098574785607468e+00 1.780073931089205530e+01
1.479160528898239136e+03 2.944089846491897422e+00 1.565567384868923106e+01
1.479175018072128296e+03 2.970090639973143709e+00 1.585067979979857711e+01
1.479190739154815674e+03 3.424104495376445900e+00 1.925578371532334643e+01
1.479202956199645996e+03 3.094094424268318377e+00 1.678070818201238623e+01
1.479216423273086548e+03 2.938089663380840655e+00 1.561067247535630464e+01
1.479234555959701538e+03 3.344102053895687376e+00 1.865576540421765372e+01
1.479252830505371094e+03 3.380103152562028868e+00 1.892577364421521580e+01
1.479381983757019043e+03 3.480106204412976467e+00 1.967579653309732279e+01
1.479396366834640503e+03 2.812085818048646768e+00 1.466564363536485160e+01
1.479453123569488525e+03 3.076093874935148076e+00 1.664570406201361408e+01
1.479467207431793213e+03 3.412104129154331922e+00 1.916578096865748648e+01
1.479484369754791260e+03 3.300100711081271232e+00 1.832575533310953730e+01
1.479514439344406128e+03 2.954090151676992182e+00 1.573067613757744176e+01
1.479543760299682617e+03 3.394103579821161620e+00 1.903077684865871433e+01
1.479572829484939575e+03 2.900088503677480389e+00 1.532566377758110221e+01
1.479616254806518555e+03 3.434104800561540660e+00 1.933078600421155713e+01
1.479636514663696289e+03 3.412104129154331922e+00 1.916578096865748648e+01
1.479666332244873047e+03 3.204097781304361181e+00 1.760573335978271103e+01
1.479694198608398438e+03 3.048093020416883014e+00 1.643569765312662057e+01
1.479706667423248291e+03 3.356102420117801355e+00 1.874576815088351367e+01
1.479722337722778320e+03 2.878087832270272095e+00 1.516065874202704045e+01
1.479735774040222168e+03 3.042092837305826247e+00 1.639069627979369770e+01
1.479746865034103394e+03 3.450105288857692187e+00 1.945078966643269069e+01
1.479766576528549194e+03 2.934089541306802662e+00 1.558067155980102036e+01
1.479810775995254517e+03 2.914088930936613142e+00 1.543066698202459897e+01
1.479827987909317017e+03 3.298100650044252014e+00 1.831075487533188806e+01
1.479843672037124634e+03 3.108094851527451574e+00 1.688571138645588476e+01
1.479861699819564819e+03 2.878087832270272095e+00 1.516065874202704045e+01
1.479881791114807129e+03 2.956090212714010956e+00 1.574567659535508213e+01
1.479901973247528076e+03 3.018092104861598735e+00 1.621069078646198847e+01
1.479942183732986450e+03 3.028092410046693495e+00 1.628569307535019917e+01
1.480048736572265625e+03 3.498106753746147213e+00 1.981080065309610205e+01
1.480122337341308594e+03 2.912088869899593924e+00 1.541566652424695505e+01
1.480135602712631226e+03 2.992091311380352003e+00 1.601568483535263709e+01
1.480158926963806152e+03 3.436104861598559435e+00 1.934578646198919927e+01
1.480188950300216675e+03 3.034092593157750262e+00 1.633069444868312914e+01
1.480220798015594482e+03 3.436104861598559435e+00 1.934578646198919927e+01
1.480235971212387085e+03 3.270099795525986508e+00 1.810074846644489810e+01
1.480250727891921997e+03 3.400103762932218388e+00 1.907577822199163720e+01
1.480267226457595825e+03 3.116095095675527116e+00 1.694571321756645688e+01
1.480280570268630981e+03 2.890088198492385629e+00 1.525066148869289151e+01
1.480324438571929932e+03 3.226098452711569475e+00 1.777073839533677102e+01
1.480347392559051514e+03 2.890088198492385629e+00 1.525066148869289151e+01
1.480369921445846558e+03 3.080093997009186069e+00 1.667570497756889480e+01
1.480382735013961792e+03 3.058093325601977774e+00 1.651069994201483127e+01
1.480400144100189209e+03 2.874087710196234102e+00 1.513065782647175617e+01
1.480412741899490356e+03 3.286100283822138035e+00 1.822075212866603522e+01
1.480428077220916748e+03 3.300100711081271232e+00 1.832575533310953730e+01
1.480446039199829102e+03 2.894088320566423622e+00 1.528066240424817757e+01
1.480557297468185425e+03 2.908088747825555931e+00 1.538566560869166899e+01
1.480589774131774902e+03 3.056093264564958556e+00 1.649569948423719268e+01
1.480646846055984497e+03 3.484106326487014460e+00 1.970579744865261063e+01
1.480660941362380981e+03 2.904088625751518382e+00 1.535566469313638827e+01
1.480679477930068970e+03 2.854087099826044582e+00 1.498065324869533477e+01
1.480708426952362061e+03 2.972090701010162483e+00 1.586568025757621925e+01
1.480737507343292236e+03 3.306100894192327555e+00 1.837075670644245662e+01
1.480766339063644409e+03 3.276099978637043719e+00 1.814574983977782807e+01
1.480809473276138306e+03 3.108094851527451574e+00 1.688571138645588476e+01
1.480829609632492065e+03 3.034092593157750262e+00 1.633069444868312914e+01
1.480860315799713135e+03 3.298100650044252014e+00 1.831075487533188806e+01
1.480889111280441284e+03 2.902088564714499608e+00 1.534066423535874790e+01
1.480901966810226440e+03 2.964090456862086942e+00 1.580567842646565246e+01
1.480919072151184082e+03 3.188097293008209654e+00 1.748572969756157036e+01
1.480931015014648438e+03 3.326101504562517075e+00 1.852076128421887802e+01
1.480943327188491821e+03 3.110094912564470349e+00 1.690071184423352690e+01
1.480954233646392822e+03 3.040092776268807029e+00 1.637569582201605201e+01
1.480995403766632080e+03 3.374102969450972100e+00 1.888077227088229293e+01
1.481020474433898926e+03 3.204097781304361181e+00 1.760573335978271103e+01
1.481033836603164673e+03 3.276099978637043719e+00 1.814574983977782807e+01
1.481051763772964478e+03 3.384103274636066860e+00 1.895577455977050363e+01
1.481065874338150024e+03 3.136095706045716636e+00 1.709571779534287828e+01
1.481080355644226074e+03 2.816085940122684317e+00 1.469564455092013233e+01
1.481095662117004395e+03 3.034092593157750262e+00 1.633069444868312914e+01
1.481108985424041748e+03 3.442105044709616646e+00 1.939078783532212569e+01
1.481230192899703979e+03 3.230098574785607468e+00 1.780073931089205530e+01
1.481260442972183228e+03 3.148096072267830614e+00 1.718572054200872756e+01
1.481316274404525757e+03 2.858087221900082575e+00 1.501065416425061905e+01
1.481329779624938965e+03 3.392103518784142402e+00 1.901577639088106508e+01
1.481358453989028931e+03 3.436104861598559435e+00 1.934578646198919927e+01
1.481392431735992432e+03 3.154096255378887381e+00 1.723072191534165754e+01
1.481411501884460449e+03 3.422104434339427126e+00 1.924078325754570429e+01
1.481426564931869507e+03 3.106094790490432356e+00 1.687071092867824262e+01
1.481440291881561279e+03 2.898088442640461615e+00 1.531066331980346185e+01
1.481451455116271973e+03 3.226098452711569475e+00 1.777073839533677102e+01
1.481468731403350830e+03 3.112094973601489567e+00 1.691571230201117260e+01
1.481493283510208130e+03 3.110094912564470349e+00 1.690071184423352690e+01
1.481530175924301147e+03 2.822086123233741528e+00 1.474064592425306230e+01
1.481545936822891235e+03 3.084094119083224061e+00 1.670570589312418264e+01
1.481558655500411987e+03 2.822086123233741528e+00 1.474064592425306230e+01
1.481573577165603638e+03 3.284100222785119261e+00 1.820575167088839663e+01
1.481587004423141479e+03 3.390103457747123628e+00 1.900077593310342650e+01
1.481600357770919800e+03 2.910088808862575149e+00 1.540066606646931291e+01
1.481614295244216919e+03 3.236098757896664679e+00 1.784574068422498527e+01
1.481629429817199707e+03 3.498106753746147213e+00 1.981080065309610205e+01
1.481668124914169312e+03 3.112094973601489567e+00 1.691571230201117260e+01
1.481776384830474854e+03 3.028092410046693495e+00 1.628569307535019917e+01
1.481836550951004028e+03 3.468105838190862933e+00 1.958579378643146995e+01
1.481850022554397583e+03 3.394103579821161620e+00 1.903077684865871433e+01
1.481884818315505981e+03 3.042092837305826247e+00 1.639069627979369770e+01
1.481914245843887329e+03 2.916088991973631916e+00 1.544566743980223933e+01
1.481944747686386108e+03 3.342101992858669046e+00 1.864076494644001869e+01
1.481971571683883667e+03 3.000091555528427989e+00 1.607568666646320921e+01
1.482002918481826782e+03 3.094094424268318377e+00 1.678070818201238623e+01
1.482029639959335327e+03 3.026092349009674720e+00 1.627069261757255703e+01
1.482062540531158447e+03 3.036092654194769036e+00 1.634569490646077128e+01
1.482086575508117676e+03 2.906088686788537601e+00 1.537066515091403218e+01
1.482100992441177368e+03 2.918089053010651135e+00 1.546066789757988325e+01
1.482116144895553589e+03 3.034092593157750262e+00 1.633069444868312914e+01
1.482132166624069214e+03 3.416104251228369915e+00 1.919578188421277787e+01
1.482143284797668457e+03 3.316101199377422759e+00 1.844575899533067087e+01
1.482203787803649902e+03 3.406103946043275599e+00 1.912077959532456362e+01
1.482218973636627197e+03 3.040092776268807029e+00 1.637569582201605201e+01
1.482236244201660156e+03 3.324101443525498301e+00 1.850576082644123943e+01
1.482254165172576904e+03 3.428104617450483449e+00 1.928578463087862715e+01
1.482268906831741333e+03 3.446105166783654639e+00 1.942078875087740641e+01
1.482283425092697144e+03 2.880087893307290869e+00 1.517565919980468081e+01
1.482308928012847900e+03 3.026092349009674720e+00 1.627069261757255703e+01
1.482408773660659790e+03 3.090094302194280829e+00 1.675070726645710550e+01
1.482440829277038574e+03 3.182097109897152443e+00 1.744072832422864039e+01
1.482496598720550537e+03 2.838086611529893055e+00 1.486064958647419765e+01
1.482510610103607178e+03 3.412104129154331922e+00 1.916578096865748648e+01
1.482538588523864746e+03 3.428104617450483449e+00 1.928578463087862715e+01
1.482578618764877319e+03 2.914088930936613142e+00 1.543066698202459897e+01
1.482593750238418579e+03 3.302100772118290006e+00 1.834075579088717589e+01
1.482606347799301147e+03 3.380103152562028868e+00 1.892577364421521580e+01
1.482621843814849854e+03 2.874087710196234102e+00 1.513065782647175617e+01
1.482638904094696045e+03 2.934089541306802662e+00 1.558067155980102036e+01
1.482685675621032715e+03 2.834086489455855062e+00 1.483064867091891337e+01
1.482704090118408203e+03 2.916088991973631916e+00 1.544566743980223933e+01
1.482721137523651123e+03 3.034092593157750262e+00 1.633069444868312914e+01
1.482735937833786011e+03 3.220098269600512708e+00 1.772573702200384460e+01
1.482752488613128662e+03 3.440104983672597427e+00 1.937578737754447999e+01
1.482768028020858765e+03 3.502106875820185206e+00 1.984080156865138989e+01
1.482785383701324463e+03 3.100094607379375589e+00 1.682570955534531620e+01
1.482814842224121094e+03 2.830086367381817070e+00 1.480064775536362731e+01
1.482912313938140869e+03 3.500106814783165987e+00 1.982580111087374419e+01
1.482943769693374634e+03 2.876087771233252877e+00 1.514565828424939653e+01
1.483000565767288208e+03 2.902088564714499608e+00 1.534066423535874790e+01
1.483025137186050415e+03 2.978090884121219695e+00 1.591068163090914744e+01
1.483053147554397583e+03 3.028092410046693495e+00 1.628569307535019917e+01
1.483082077741622925e+03 3.400103762932218388e+00 1.907577822199163720e+01
1.483110688924789429e+03 2.870087588122196109e+00 1.510065691091647011e+01
1.483156540155410767e+03 3.312101077303384766e+00 1.841575807977538659e+01
1.483175517797470093e+03 3.424104495376445900e+00 1.925578371532334643e+01
1.483200629711151123e+03 3.222098330637531483e+00 1.774073747978148319e+01
1.483232425212860107e+03 3.036092654194769036e+00 1.634569490646077128e+01
1.483254857540130615e+03 3.406103946043275599e+00 1.912077959532456362e+01
1.483267781019210815e+03 3.430104678487502667e+00 1.930078508865626929e+01
1.483278639078140259e+03 2.908088747825555931e+00 1.538566560869166899e+01
1.483289775133132935e+03 3.368102786339914889e+00 1.883577089754936296e+01
1.483309237241744995e+03 3.030092471083712713e+00 1.630069353312784841e+01
1.483355627059936523e+03 3.166096621601000916e+00 1.732072466200750682e+01
1.483370681524276733e+03 3.418104312265389133e+00 1.921078234199041646e+01
1.483390449523925781e+03 3.296100589007233239e+00 1.829575441755424947e+01
1.483408384084701538e+03 3.304100833155308781e+00 1.835575624866481803e+01
1.483422525644302368e+03 3.074093813898128857e+00 1.663070360423596483e+01
1.483437656641006470e+03 2.852087038789025364e+00 1.496565279091769085e+01
1.483456528663635254e+03 3.390103457747123628e+00 1.900077593310342650e+01
1.483584293127059937e+03 3.330101626636555068e+00 1.855076219977416230e+01
1.483647509574890137e+03 2.884088015381328862e+00 1.520566011535996687e+01
1.483660410642623901e+03 2.834086489455855062e+00 1.483064867091891337e+01
1.483684208154678345e+03 3.002091616565447207e+00 1.609068712424085490e+01
1.483714664459228516e+03 2.938089663380840655e+00 1.561067247535630464e+01
1.483749567508697510e+03 2.974090762047181702e+00 1.588068071535386316e+01
1.483762465715408325e+03 3.090094302194280829e+00 1.675070726645710550e+01
1.483773765802383423e+03 3.040092776268807029e+00 1.637569582201605201e+01
1.483788451910018921e+03 3.352102298043763362e+00 1.871576723532822228e+01
1.483803714036941528e+03 2.998091494491409215e+00 1.606068620868556707e+01
1.483847236156463623e+03 3.404103885006256380e+00 1.910577913754692503e+01
1.483868807315826416e+03 2.898088442640461615e+00 1.531066331980346185e+01
1.483884286165237427e+03 2.968090578936124935e+00 1.583567934202093674e+01
1.483901890277862549e+03 2.880087893307290869e+00 1.517565919980468081e+01
1.483918240070343018e+03 2.984091067232276462e+00 1.595568300424207386e+01
1.483936721563339233e+03 3.118095156712545890e+00 1.696071367534409546e+01
1.483953728675842285e+03 3.314101138340403541e+00 1.843075853755302873e+01
1.483997214317321777e+03 2.846086855677968597e+00 1.492065141758476443e+01
1.484106178998947144e+03 3.262099551377910522e+00 1.804074663533432599e+01
1.484174332618713379e+03 2.792085207678457248e+00 1.451563905758843021e+01
1.484188839435577393e+03 3.392103518784142402e+00 1.901577639088106508e+01
1.484209702491760254e+03 3.352102298043763362e+00 1.871576723532822228e+01
1.484243726253509521e+03 3.164096560563982141e+00 1.730572420422986823e+01
1.484274945497512817e+03 3.124095339823603101e+00 1.700571504867702544e+01
1.484302956342697144e+03 3.262099551377910522e+00 1.804074663533432599e+01
1.484339095592498779e+03 2.846086855677968597e+00 1.492065141758476443e+01
1.484368365764617920e+03 2.834086489455855062e+00 1.483064867091891337e+01
1.484408800363540649e+03 3.218098208563493934e+00 1.771073656422620246e+01
1.484423704624176025e+03 3.016092043824579516e+00 1.619569032868434988e+01
1.484439312696456909e+03 2.794085268715476023e+00 1.453063951536607057e+01
1.484454257965087891e+03 3.128095461897641094e+00 1.703571596423230616e+01
1.484466084718704224e+03 3.460105594042786947e+00 1.952579195532090139e+01
1.484483036279678345e+03 2.818086001159703535e+00 1.471064500869777625e+01
1.484529288768768311e+03 2.808085695974608775e+00 1.463564271980956555e+01
1.484546082496643066e+03 3.060093386638996549e+00 1.652570039979247341e+01
1.484560469388961792e+03 2.860087282937101349e+00 1.502565462202825941e+01
1.484575029611587524e+03 2.862087343974120568e+00 1.504065507980590510e+01
1.484594264745712280e+03 3.356102420117801355e+00 1.874576815088351367e+01
1.484616917610168457e+03 3.288100344859157254e+00 1.823575258644367736e+01
1.484634607076644897e+03 3.376103030487990875e+00 1.889577272865993507e+01
1.484745889186859131e+03 3.350102237006744588e+00 1.870076677755058370e+01
1.484779627561569214e+03 3.308100955229346773e+00 1.838575716422009876e+01
1.484838472604751587e+03 2.804085573900570783e+00 1.460564180425428127e+01
1.484851626634597778e+03 3.302100772118290006e+00 1.834075579088717589e+01
1.484879889011383057e+03 3.358102481154820573e+00 1.876076860866115226e+01
1.484914013385772705e+03 2.766084414197210517e+00 1.432063310647907883e+01
1.484940171241760254e+03 3.208097903378399174e+00 1.763573427533799176e+01
1.484955952167510986e+03 2.970090639973143709e+00 1.585067979979857711e+01
1.484972987174987793e+03 3.374102969450972100e+00 1.888077227088229293e+01
1.484985937118530273e+03 3.440104983672597427e+00 1.937578737754447999e+01
1.484996851682662964e+03 2.810085757011627550e+00 1.465064317758720591e+01
1.485017548561096191e+03 3.374102969450972100e+00 1.888077227088229293e+01
1.485067043781280518e+03 2.994091372417371222e+00 1.603068529313028634e+01
1.485080691576004028e+03 2.844086794640949378e+00 1.490565095980712051e+01
1.485095632791519165e+03 3.154096255378887381e+00 1.723072191534165754e+01
1.485119192123413086e+03 3.382103213599048086e+00 1.894077410199286149e+01
1.485134869813919067e+03 3.048093020416883014e+00 1.643569765312662057e+01
1.485148057937622070e+03 3.446105166783654639e+00 1.942078875087740641e+01
1.485187921524047852e+03 2.862087343974120568e+00 1.504065507980590510e+01
1.485287165641784668e+03 3.228098513748588694e+00 1.778573885311441316e+01
1.485301638126373291e+03 3.042092837305826247e+00 1.639069627979369770e+01
1.485358027696609497e+03 2.816085940122684317e+00 1.469564455092013233e+01
1.485374139547348022e+03 2.958090273751030175e+00 1.576067705313272604e+01
1.485391341686248779e+03 3.346102114932706595e+00 1.867076586199529942e+01
1.485427247524261475e+03 3.414104190191351140e+00 1.918078142643513573e+01
1.485457181692123413e+03 3.056093264564958556e+00 1.649569948423719268e+01
1.485488911151885986e+03 2.980090945158238469e+00 1.592568208868678781e+01
1.485527351856231689e+03 3.396103640858180395e+00 1.904577730643635647e+01
1.485538086414337158e+03 2.840086672566911830e+00 1.487565004425183801e+01
1.485560053825378418e+03 2.980090945158238469e+00 1.592568208868678781e+01
1.485596579313278198e+03 3.358102481154820573e+00 1.876076860866115226e+01
1.485625044107437134e+03 2.732083376567888688e+00 1.406562532425916601e+01
1.485637300252914429e+03 2.772084597308267728e+00 1.436563447981200881e+01
1.485656022548675537e+03 3.344102053895687376e+00 1.865576540421765372e+01
1.485669408082962036e+03 3.384103274636066860e+00 1.895577455977050363e+01
1.485689983129501343e+03 3.000091555528427989e+00 1.607568666646320921e+01
1.485725576162338257e+03 3.132095583971679087e+00 1.706571687978759400e+01
1.485746768236160278e+03 2.820086062196722310e+00 1.472564546647541661e+01
1.485760175943374634e+03 2.832086428418835844e+00 1.481564821314126945e+01
1.485774633407592773e+03 3.016092043824579516e+00 1.619569032868434988e+01
1.485792166471481323e+03 3.346102114932706595e+00 1.867076586199529942e+01
1.485811255216598511e+03 3.304100833155308781e+00 1.835575624866481803e+01
1.485823567152023315e+03 3.036092654194769036e+00 1.634569490646077128e+01
1.485846698284149170e+03 2.840086672566911830e+00 1.487565004425183801e+01
1.485975313901901245e+03 2.836086550492873837e+00 1.484564912869655373e+01
1.486039582729339600e+03 3.266099673451948515e+00 1.807074755088961382e+01
1.486052693843841553e+03 3.250099185155796988e+00 1.795074388866847670e+01
1.486071241140365601e+03 3.276099978637043719e+00 1.814574983977782807e+01
1.486090125560760498e+03 3.060093386638996549e+00 1.652570039979247341e+01
1.486122148752212524e+03 3.244099002044740221e+00 1.790574251533555383e+01
1.486143908977508545e+03 2.774084658345286503e+00 1.438063493758964917e+01
1.486163589715957642e+03 2.906088686788537601e+00 1.537066515091403218e+01
1.486182160854339600e+03 2.982091006195257687e+00 1.594068254646443350e+01
1.486200541019439697e+03 2.846086855677968597e+00 1.492065141758476443e+01
1.486250193357467651e+03 3.240098879970702228e+00 1.787574159978026600e+01
1.486273175954818726e+03 3.266099673451948515e+00 1.807074755088961382e+01
1.486290944337844849e+03 3.406103946043275599e+00 1.912077959532456362e+01
1.486309666156768799e+03 3.368102786339914889e+00 1.883577089754936296e+01
1.486323182582855225e+03 2.952090090639972964e+00 1.571567567979979785e+01
1.486341181278228760e+03 3.030092471083712713e+00 1.630069353312784841e+01
1.486356769323348999e+03 3.194097476119266421e+00 1.753073107089450033e+01
1.486380261898040771e+03 3.416104251228369915e+00 1.919578188421277787e+01
1.486478261470794678e+03 2.908088747825555931e+00 1.538566560869166899e+01
1.486508917808532715e+03 3.020092165898617509e+00 1.622569124423963061e+01
1.486565704822540283e+03 3.396103640858180395e+00 1.904577730643635647e+01
1.486579391956329346e+03 2.852087038789025364e+00 1.496565279091769085e+01
1.486602427244186401e+03 2.930089419232764669e+00 1.555067064424573431e+01
1.486632259130477905e+03 2.880087893307290869e+00 1.517565919980468081e+01
1.486662945270538330e+03 3.306100894192327555e+00 1.837075670644245662e+01
1.486691270589828491e+03 2.906088686788537601e+00 1.537066515091403218e+01
1.486727096319198608e+03 3.454105410931730180e+00 1.948079058198797853e+01
1.486752703905105591e+03 2.898088442640461615e+00 1.531066331980346185e+01
1.486788409233093262e+03 2.880087893307290869e+00 1.517565919980468081e+01
1.486815962553024292e+03 3.096094485305337596e+00 1.679570863979003548e+01
1.486833121776580811e+03 3.350102237006744588e+00 1.870076677755058370e+01
1.486859622001647949e+03 3.350102237006744588e+00 1.870076677755058370e+01
1.486876290559768677e+03 3.150096133304849388e+00 1.720072099978636970e+01
1.486932915449142456e+03 3.006091738639485200e+00 1.612068803979613563e+01
1.486949880123138428e+03 3.382103213599048086e+00 1.894077410199286149e+01
1.486964958429336548e+03 3.268099734488967734e+00 1.808574800866725596e+01
1.486978854656219482e+03 2.840086672566911830e+00 1.487565004425183801e+01
1.486995784997940063e+03 3.144095950193792621e+00 1.715571962645344684e+01
1.487012268066406250e+03 3.500106814783165987e+00 1.982580111087374419e+01
1.487030041694641113e+03 3.504106936857203980e+00 1.985580202642903203e+01
1.487147911071777344e+03 3.292100466933195246e+00 1.826575350199896519e+01
1.487180409669876099e+03 2.848086916714987371e+00 1.493565187536240479e+01
1.487235164642333984e+03 2.928089358195745451e+00 1.553567018646809039e+01
1.487248215198516846e+03 3.454105410931730180e+00 1.948079058198797853e+01
1.487275719881057739e+03 3.442105044709616646e+00 1.939078783532212569e+01
1.487329591751098633e+03 3.498106753746147213e+00 1.981080065309610205e+01
1.487342178821563721e+03 2.994091372417371222e+00 1.603068529313028634e+01
1.487356387138366699e+03 3.014091982787560742e+00 1.618068987090670774e+01
1.487372038841247559e+03 3.456105471968748954e+00 1.949579103976562067e+01
1.487385499238967896e+03 3.250099185155796988e+00 1.795074388866847670e+01
1.487436695575714111e+03 2.906088686788537601e+00 1.537066515091403218e+01
1.487450825452804565e+03 3.436104861598559435e+00 1.934578646198919927e+01
1.487467806100845337e+03 3.378103091525010093e+00 1.891077318643757366e+01
1.487481908321380615e+03 2.952090090639972964e+00 1.571567567979979785e+01
1.487499360561370850e+03 2.892088259529404404e+00 1.526566194647053365e+01
1.487513919115066528e+03 3.390103457747123628e+00 1.900077593310342650e+01
1.487530682563781738e+03 3.382103213599048086e+00 1.894077410199286149e+01
1.487573066234588623e+03 3.304100833155308781e+00 1.835575624866481803e+01
1.487679001092910767e+03 2.836086550492873837e+00 1.484564912869655373e+01
1.487741315126419067e+03 3.404103885006256380e+00 1.910577913754692503e+01
1.487754548788070679e+03 3.112094973601489567e+00 1.691571230201117260e+01
1.487776697158813477e+03 3.262099551377910522e+00 1.804074663533432599e+01
1.487805232524871826e+03 3.210097964415417948e+00 1.765073473311563390e+01
1.487833808422088623e+03 3.018092104861598735e+00 1.621069078646198847e+01
1.487862296819686890e+03 3.478106143375957693e+00 1.966079607531968065e+01
1.487904416561126709e+03 2.898088442640461615e+00 1.531066331980346185e+01
1.487925253391265869e+03 2.834086489455855062e+00 1.483064867091891337e+01
1.487955004215240479e+03 3.016092043824579516e+00 1.619569032868434988e+01
1.487983441591262817e+03 3.158096377452924930e+00 1.726072283089693826e+01
1.487997865676879883e+03 3.028092410046693495e+00 1.628569307535019917e+01
1.488013532400131226e+03 3.270099795525986508e+00 1.810074846644489810e+01
1.488026956796646118e+03 3.368102786339914889e+00 1.883577089754936296e+01
1.488042596101760864e+03 2.892088259529404404e+00 1.526566194647053365e+01
1.488085429668426514e+03 2.918089053010651135e+00 1.546066789757988325e+01
1.488110967159271240e+03 3.054093203527939782e+00 1.648069902645955054e+01
1.488128643274307251e+03 3.502106875820185206e+00 1.984080156865138989e+01
1.488142511129379272e+03 2.992091311380352003e+00 1.601568483535263709e+01
1.488155519247055054e+03 3.030092471083712713e+00 1.630069353312784841e+01
1.488169118404388428e+03 3.480106204412976467e+00 1.967579653309732279e+01
1.488188918352127075e+03 3.004091677602465982e+00 1.610568758201849704e+01
1.488234638690948486e+03 3.294100527970214021e+00 1.828075395977660733e+01
1.488342235088348389e+03 2.920089114047669909e+00 1.547566835535752361e+01
1.488402056694030762e+03 3.156096316415906600e+00 1.724572237311929968e+01
1.488415424108505249e+03 2.988091189306314455e+00 1.598568391979735814e+01
1.488438291549682617e+03 3.422104434339427126e+00 1.924078325754570429e+01
1.488466204643249512e+03 3.232098635822626687e+00 1.781573976866970099e+01
1.488491931915283203e+03 3.094094424268318377e+00 1.678070818201238623e+01
1.488505834341049194e+03 3.420104373302407907e+00 1.922578279976805860e+01
1.488520496129989624e+03 2.816085940122684317e+00 1.469564455092013233e+01
1.488536109685897827e+03 3.040092776268807029e+00 1.637569582201605201e+01
1.488547292232513428e+03 3.502106875820185206e+00 1.984080156865138989e+01
1.488567127466201782e+03 2.910088808862575149e+00 1.540066606646931291e+01
1.488600987434387207e+03 2.918089053010651135e+00 1.546066789757988325e+01
1.488628225326538086e+03 2.952090090639972964e+00 1.571567567979979785e+01
1.488643074989318848e+03 2.990091250343333229e+00 1.600068437757499851e+01
1.488656056880950928e+03 3.044092898342845022e+00 1.640569673757133984e+01
1.488669409751892090e+03 3.398103701895199613e+00 1.906077776421399506e+01
1.488682876586914062e+03 3.038092715231788254e+00 1.636069536423840987e+01
1.488700410127639771e+03 3.016092043824579516e+00 1.619569032868434988e+01
1.488718617200851440e+03 3.278100039674062494e+00 1.816075029755546666e+01
1.488845953464508057e+03 3.410104068117313147e+00 1.915078051087984790e+01
1.488860131978988647e+03 2.904088625751518382e+00 1.535566469313638827e+01
1.488915253400802612e+03 3.016092043824579516e+00 1.619569032868434988e+01
1.488935231685638428e+03 3.392103518784142402e+00 1.901577639088106508e+01
1.488956919908523560e+03 3.388103396710104409e+00 1.898577547532578436e+01
1.488988457202911377e+03 2.904088625751518382e+00 1.535566469313638827e+01
1.489017120599746704e+03 3.312101077303384766e+00 1.841575807977538659e+01
1.489069002389907837e+03 2.872087649159214884e+00 1.511565736869411225e+01
1.489081207275390625e+03 2.916088991973631916e+00 1.544566743980223933e+01
1.489113066434860229e+03 2.906088686788537601e+00 1.537066515091403218e+01
1.489137436628341675e+03 3.422104434339427126e+00 1.924078325754570429e+01
1.489154610157012939e+03 3.344102053895687376e+00 1.865576540421765372e+01
1.489167270660400391e+03 3.380103152562028868e+00 1.892577364421521580e+01
1.489182869911193848e+03 3.048093020416883014e+00 1.643569765312662057e+01
1.489196765184402466e+03 3.016092043824579516e+00 1.619569032868434988e+01
1.489212252378463745e+03 3.484106326487014460e+00 1.970579744865261063e+01
1.489265830755233765e+03 3.380103152562028868e+00 1.892577364421521580e+01
1.489282469987869263e+03 2.866087466048158117e+00 1.507065599536118583e+01
1.489298194885253906e+03 2.904088625751518382e+00 1.535566469313638827e+01
1.489314900875091553e+03 3.238098818933683454e+00 1.786074114200262386e+01
1.489328340530395508e+03 3.450105288857692187e+00 1.945078966643269069e+01
1.489340408563613892e+03 2.892088259529404404e+00 1.526566194647053365e+01
1.489351522207260132e+03 3.302100772118290006e+00 1.834075579088717589e+01
1.489364445209503174e+03 3.160096438489944148e+00 1.727572328867458040e+01
1.489404543161392212e+03 2.878087832270272095e+00 1.516065874202704045e+01
1.489510160446166992e+03 3.422104434339427126e+00 1.924078325754570429e+01
1.489569826841354370e+03 2.982091006195257687e+00 1.594068254646443350e+01
1.489583617448806763e+03 3.010091860713523193e+00 1.615068895535142701e+01
1.489615387201309204e+03 3.076093874935148076e+00 1.664570406201361408e+01
1.489655769824981689e+03 2.850086977752006590e+00 1.495065233314004871e+01
1.489670682668685913e+03 3.428104617450483449e+00 1.928578463087862715e+01
1.489683562517166138e+03 3.064093508713034542e+00 1.655570131534776124e+01
1.489696748971939087e+03 3.038092715231788254e+00 1.636069536423840987e+01
1.489713244676589966e+03 3.338101870784631053e+00 1.861076403088473086e+01
1.489760957717895508e+03 3.296100589007233239e+00 1.829575441755424947e+01
1.489783807754516602e+03 2.814085879085665542e+00 1.468064409314249197e+01
1.489798551082611084e+03 3.018092104861598735e+00 1.621069078646198847e+01
1.489812328100204468e+03 3.412104129154331922e+00 1.916578096865748648e+01
1.489824718952178955e+03 3.162096499526962923e+00 1.729072374645221899e+01
1.489836862564086914e+03 2.944089846491897422e+00 1.565567384868923106e+01
1.489851434230804443e+03 3.428104617450483449e+00 1.928578463087862715e+01
1.489870265245437622e+03 3.078093935972166850e+00 1.666070451979125266e+01
1.489989765644073486e+03 3.414104190191351140e+00 1.918078142643513573e+01
1.490021270990371704e+03 3.070093691824091753e+00 1.660070268868069121e+01
1.490077591657638550e+03 2.840086672566911830e+00 1.487565004425183801e+01
1.490091573476791382e+03 3.368102786339914889e+00 1.883577089754936296e+01
1.490110418081283569e+03 3.432104739524521442e+00 1.931578554643390788e+01
1.490139009475708008e+03 3.420104373302407907e+00 1.922578279976805860e+01
1.490167699813842773e+03 3.016092043824579516e+00 1.619569032868434988e+01
1.490196213006973267e+03 3.016092043824579516e+00 1.619569032868434988e+01
1.490238831281661987e+03 3.256099368266854199e+00 1.799574526200140667e+01
1.490258896350860596e+03 3.394103579821161620e+00 1.903077684865871433e+01
1.490287771224975586e+03 3.022092226935636727e+00 1.624069170201727630e+01
1.490313764810562134e+03 3.078093935972166850e+00 1.666070451979125266e+01
1.490327363491058350e+03 3.468105838190862933e+00 1.958579378643146995e+01
1.490338220596313477e+03 2.890088198492385629e+00 1.525066148869289151e+01
1.490351178169250488e+03 3.404103885006256380e+00 1.910577913754692503e+01
1.490366956233978271e+03 3.042092837305826247e+00 1.639069627979369770e+01
1.490379509687423706e+03 2.888088137455366411e+00 1.523566103091524759e+01
1.490402580976486206e+03 3.314101138340403541e+00 1.843075853755302873e+01
1.490434510231018066e+03 3.308100955229346773e+00 1.838575716422009876e+01
1.490451216697692871e+03 3.508107058931241973e+00 1.988580294198431275e+01
1.490470371007919312e+03 3.428104617450483449e+00 1.928578463087862715e+01
1.490488034009933472e+03 3.028092410046693495e+00 1.628569307535019917e+01
1.490503137826919556e+03 3.112094973601489567e+00 1.691571230201117260e+01
1.490516587018966675e+03 3.006091738639485200e+00 1.612068803979613563e+01
1.490529590129852295e+03 3.432104739524521442e+00 1.931578554643390788e+01
1.490572274684906006e+03 2.966090517899106160e+00 1.582067888424329638e+01
1.490678704977035522e+03 2.914088930936613142e+00 1.543066698202459897e+01
1.490743660211563110e+03 3.412104129154331922e+00 1.916578096865748648e+01
1.490756644964218140e+03 3.010091860713523193e+00 1.615068895535142701e+01
1.490779361248016357e+03 3.408104007080293929e+00 1.913578005310220576e+01
1.490821607112884521e+03 3.080093997009186069e+00 1.667570497756889480e+01
1.490845037221908569e+03 2.910088808862575149e+00 1.540066606646931291e+01
1.490856308460235596e+03 2.962090395825068168e+00 1.579067796868801210e+01
1.490868127822875977e+03 3.438104922635578653e+00 1.936078691976683785e+01
1.490879317283630371e+03 2.912088869899593924e+00 1.541566652424695505e+01
1.490892425537109375e+03 3.398103701895199613e+00 1.906077776421399506e+01
1.490920906782150269e+03 3.206097842341379955e+00 1.762073381756034962e+01
1.490964883089065552e+03 3.304100833155308781e+00 1.835575624866481803e+01
1.490982283592224121e+03 2.888088137455366411e+00 1.523566103091524759e+01
1.490998134851455688e+03 3.058093325601977774e+00 1.651069994201483127e+01
1.491013158559799194e+03 3.282100161748100042e+00 1.819075121311074739e+01
1.491029507160186768e+03 3.314101138340403541e+00 1.843075853755302873e+01
1.491043386936187744e+03 2.906088686788537601e+00 1.537066515091403218e+01
1.491068659782409668e+03 3.034092593157750262e+00 1.633069444868312914e+01
1.491193634510040283e+03 3.338101870784631053e+00 1.861076403088473086e+01
1.491253256082534790e+03 3.072093752861110527e+00 1.661570314645832980e+01
1.491266694545745850e+03 3.240098879970702228e+00 1.787574159978026600e+01
1.491287127971649170e+03 3.266099673451948515e+00 1.807074755088961382e+01
1.491316577911376953e+03 3.074093813898128857e+00 1.663070360423596483e+01
1.491346261739730835e+03 3.188097293008209654e+00 1.748572969756157036e+01
1.491375890254974365e+03 2.874087710196234102e+00 1.513065782647175617e+01
1.491418386697769165e+03 3.242098941007721002e+00 1.789074205755790459e+01
1.491438846826553345e+03 3.360102542191839348e+00 1.877576906643879440e+01
1.491469201564788818e+03 3.130095522934659868e+00 1.705071642200994830e+01
1.491498941898345947e+03 3.264099612414929741e+00 1.805574709311197523e+01
1.491511232376098633e+03 3.370102847376934108e+00 1.885077135532700510e+01
1.491525624036788940e+03 2.986091128269295680e+00 1.597068346201971778e+01
1.491540043830871582e+03 2.812085818048646768e+00 1.466564363536485160e+01
1.491555929183959961e+03 3.222098330637531483e+00 1.774073747978148319e+01
1.491583112716674805e+03 3.240098879970702228e+00 1.787574159978026600e+01
1.491619684457778931e+03 3.412104129154331922e+00 1.916578096865748648e+01
1.491642273187637329e+03 2.786085024567400037e+00 1.447063768425550023e+01
1.491659332752227783e+03 2.966090517899106160e+00 1.582067888424329638e+01
1.491673656940460205e+03 3.378103091525010093e+00 1.891077318643757366e+01
1.491694142580032349e+03 3.104094729453413581e+00 1.685571047090060404e+01
1.491711497306823730e+03 3.280100100711081712e+00 1.817575075533311590e+01
1.491749252319335938e+03 3.036092654194769036e+00 1.634569490646077128e+01
1.491861209154129028e+03 3.170096743675038908e+00 1.735072557756279110e+01
1.491917606592178345e+03 2.782084902493362044e+00 1.444063676870021595e+01
1.491931018352508545e+03 3.356102420117801355e+00 1.874576815088351367e+01
1.491967365980148315e+03 3.378103091525010093e+00 1.891077318643757366e+01
1.491999360084533691e+03 2.802085512863552008e+00 1.459064134647664090e+01
1.492014261007308960e+03 3.272099856563005726e+00 1.811574892422254379e+01
1.492025154829025269e+03 3.266099673451948515e+00 1.807074755088961382e+01
1.492039237022399902e+03 2.822086123233741528e+00 1.474064592425306230e+01
1.492055647373199463e+03 3.344102053895687376e+00 1.865576540421765372e+01
1.492068548440933228e+03 3.436104861598559435e+00 1.934578646198919927e+01
1.492112844467163086e+03 3.016092043824579516e+00 1.619569032868434988e+01
1.492136367321014404e+03 3.376103030487990875e+00 1.889577272865993507e+01
1.492161433935165405e+03 2.972090701010162483e+00 1.586568025757621925e+01
1.492181951999664307e+03 3.154096255378887381e+00 1.723072191534165754e+01
1.492193800926208496e+03 3.218098208563493934e+00 1.771073656422620246e+01
1.492206532716751099e+03 3.256099368266854199e+00 1.799574526200140667e+01
1.492220010757446289e+03 2.772084597308267728e+00 1.436563447981200881e+01
1.492259650230407715e+03 3.380103152562028868e+00 1.892577364421521580e+01
1.492365655183792114e+03 3.028092410046693495e+00 1.628569307535019917e+01
1.492425818204879761e+03 2.900088503677480389e+00 1.532566377758110221e+01
1.492439460277557373e+03 2.776084719382305721e+00 1.439563539536729309e+01
1.492465675115585327e+03 2.860087282937101349e+00 1.502565462202825941e+01
1.492495741844177246e+03 2.962090395825068168e+00 1.579067796868801210e+01
1.492523971080780029e+03 3.380103152562028868e+00 1.892577364421521580e+01
1.492584091186523438e+03 2.852087038789025364e+00 1.496565279091769085e+01
1.492596072196960449e+03 2.966090517899106160e+00 1.582067888424329638e+01
1.492619657278060913e+03 3.202097720267341963e+00 1.759073290200506179e+01
1.492664708614349365e+03 3.372102908413952882e+00 1.886577181310464368e+01
1.492676911830902100e+03 2.860087282937101349e+00 1.502565462202825941e+01
1.492687674045562744e+03 3.462105655079806166e+00 1.954079241309854709e+01
1.492699062585830688e+03 2.820086062196722310e+00 1.472564546647541661e+01
1.492709992408752441e+03 3.372102908413952882e+00 1.886577181310464368e+01
1.492722873687744141e+03 2.916088991973631916e+00 1.544566743980223933e+01
1.492740669965744019e+03 3.144095950193792621e+00 1.715571962645344684e+01
1.492784015178680420e+03 2.994091372417371222e+00 1.603068529313028634e+01
1.492802378416061401e+03 2.830086367381817070e+00 1.480064775536362731e+01
1.492822814226150513e+03 2.896088381603442397e+00 1.529566286202581793e+01
1.492839017152786255e+03 3.004091677602465982e+00 1.610568758201849704e+01
1.492854447603225708e+03 3.368102786339914889e+00 1.883577089754936296e+01
1.492873245477676392e+03 3.340101931821649828e+00 1.862576448866237300e+01
1.492902723550796509e+03 3.112094973601489567e+00 1.691571230201117260e+01
1.493001493930816650e+03 2.996091433454389996e+00 1.604568575090792848e+01
1.493032247304916382e+03 3.160096438489944148e+00 1.727572328867458040e+01
1.493087550878524780e+03 3.410104068117313147e+00 1.915078051087984790e+01
1.493101110935211182e+03 2.814085879085665542e+00 1.468064409314249197e+01
1.493126905679702759e+03 2.842086733603931048e+00 1.489065050202948370e+01
1.493160584926605225e+03 3.254099307229834981e+00 1.798074480422376453e+01
1.493186521768569946e+03 2.998091494491409215e+00 1.606068620868556707e+01
1.493200267314910889e+03 2.806085634937589557e+00 1.462064226203192163e+01
1.493213772296905518e+03 3.264099612414929741e+00 1.805574709311197523e+01
1.493226755619049072e+03 3.234098696859645461e+00 1.783074022644734313e+01
1.493242217302322388e+03 2.858087221900082575e+00 1.501065416425061905e+01
1.493301714420318604e+03 3.382103213599048086e+00 1.894077410199286149e+01
1.493317019224166870e+03 3.106094790490432356e+00 1.687071092867824262e+01
1.493336307287216187e+03 3.422104434339427126e+00 1.924078325754570429e+01
1.493360901832580566e+03 3.240098879970702228e+00 1.787574159978026600e+01
1.493376502275466919e+03 3.016092043824579516e+00 1.619569032868434988e+01
1.493390204429626465e+03 3.440104983672597427e+00 1.937578737754447999e+01
1.493510811090469360e+03 2.868087527085176891e+00 1.508565645313882619e+01
1.493543477535247803e+03 2.898088442640461615e+00 1.531066331980346185e+01
1.493599283218383789e+03 2.810085757011627550e+00 1.465064317758720591e+01
1.493613558769226074e+03 3.288100344859157254e+00 1.823575258644367736e+01
1.493630698680877686e+03 3.414104190191351140e+00 1.918078142643513573e+01
1.493660219430923462e+03 3.348102175969725369e+00 1.868576631977294156e+01
1.493689299821853638e+03 2.988091189306314455e+00 1.598568391979735814e+01
1.493717660188674927e+03 3.044092898342845022e+00 1.640569673757133984e+01
1.493760244131088257e+03 3.214098086489455941e+00 1.768073564867092173e+01
1.493780381917953491e+03 3.362102603228858566e+00 1.879076952421644009e+01
1.493811715126037598e+03 2.934089541306802662e+00 1.558067155980102036e+01
1.493836667537689209e+03 3.420104373302407907e+00 1.922578279976805860e+01
1.493850102424621582e+03 3.490106509598071227e+00 1.975079882198553349e+01
1.493861219644546509e+03 2.910088808862575149e+00 1.540066606646931291e+01
1.493873772621154785e+03 3.274099917600024501e+00 1.813074938200018593e+01
1.493891183376312256e+03 3.268099734488967734e+00 1.808574800866725596e+01
1.493904788017272949e+03 3.024092287972655502e+00 1.625569215979491844e+01
1.493963549613952637e+03 3.494106631672109220e+00 1.978079973754082133e+01
1.493977314472198486e+03 3.020092165898617509e+00 1.622569124423963061e+01
1.493992041110992432e+03 3.412104129154331922e+00 1.916578096865748648e+01
1.494004280090332031e+03 3.030092471083712713e+00 1.630069353312784841e+01
1.494024968862533569e+03 2.882087954344310088e+00 1.519065965758232650e+01
1.494040433168411255e+03 2.956090212714010956e+00 1.574567659535508213e+01
1.494059607267379761e+03 3.074093813898128857e+00 1.663070360423596483e+01
1.494195709943771362e+03 2.876087771233252877e+00 1.514565828424939653e+01
1.494256067514419556e+03 3.326101504562517075e+00 1.852076128421887802e+01
1.494269304275512695e+03 3.398103701895199613e+00 1.906077776421399506e+01
1.494302168369293213e+03 3.484106326487014460e+00 1.970579744865261063e+01
1.494342250347137451e+03 3.064093508713034542e+00 1.655570131534776124e+01
1.494357185363769531e+03 3.146096011230811396e+00 1.717072008423108542e+01
1.494369923591613770e+03 3.482106265449995686e+00 1.969079699087496849e+01
1.494385799884796143e+03 2.926089297158727121e+00 1.552066972869045358e+01
1.494399236202239990e+03 2.890088198492385629e+00 1.525066148869289151e+01
1.494410099029541016e+03 3.416104251228369915e+00 1.919578188421277787e+01
1.494431030035018921e+03 2.898088442640461615e+00 1.531066331980346185e+01
1.494468777656555176e+03 3.022092226935636727e+00 1.624069170201727630e+01
1.494483199834823608e+03 2.868087527085176891e+00 1.508565645313882619e+01
1.494505937576293945e+03 2.900088503677480389e+00 1.532566377758110221e+01
1.494519757270812988e+03 2.980090945158238469e+00 1.592568208868678781e+01
1.494536143541336060e+03 3.196097537156285640e+00 1.754573152867214247e+01
1.494549721240997314e+03 3.418104312265389133e+00 1.921078234199041646e+01
