2.696025300025939941e+01 2.622080019531845885e+00 1.324060014648884476e+01
2.697639346122741699e+01 2.716082888271737161e+00 1.394562166203802889e+01
2.699112081527709961e+01 2.722083071382793484e+00 1.399062303537095175e+01
2.700190472602844238e+01 2.662081240272224925e+00 1.354060930204168756e+01
2.701475358009338379e+01 2.700082399975585190e+00 1.382561799981688822e+01
2.702863240242004395e+01 2.698082338938566416e+00 1.381061754203924785e+01
2.704550385475158691e+01 2.628080202642903096e+00 1.328560151982177295e+01
2.706090140342712402e+01 2.660081179235206150e+00 1.352560884426404542e+01
2.713220620155334473e+01 2.768084475234229735e+00 1.433563356425672275e+01
2.714545893669128418e+01 2.684081911679433663e+00 1.370561433759575287e+01
2.715791034698486328e+01 2.666081362346262917e+00 1.357061021759697184e+01
2.717328405380249023e+01 2.770084536271248510e+00 1.435063402203436311e+01
2.718769860267639160e+01 2.720083010345774710e+00 1.397562257759330961e+01
2.719924235343933105e+01 2.656081057161168602e+00 1.349560792870876469e+01
2.721349811553955078e+01 2.758084170049134975e+00 1.426063127536851205e+01
2.722856307029724121e+01 2.730083315530869470e+00 1.405062486648152031e+01
2.724210977554321289e+01 2.648080813013092616e+00 1.343560609759819435e+01
2.726060295104980469e+01 2.686081972716452437e+00 1.372061479537339324e+01
2.727410602569580078e+01 2.764084353160191743e+00 1.430563264870143847e+01
2.729174709320068359e+01 2.720083010345774710e+00 1.397562257759330961e+01
2.733208417892456055e+01 2.660081179235206150e+00 1.352560884426404542e+01
2.739192986488342285e+01 2.750083925901058990e+00 1.420062944425794171e+01
2.745213770866394043e+01 2.660081179235206150e+00 1.352560884426404542e+01
2.746557927131652832e+01 2.604079470198675583e+00 1.310559602649006727e+01
2.748821854591369629e+01 2.680081789605395670e+00 1.367561342204046682e+01
2.752110624313354492e+01 2.704082522049623183e+00 1.385561891537217427e+01
2.754578900337219238e+01 2.650080874050111390e+00 1.345060655537583472e+01
2.756449556350708008e+01 2.626080141605883878e+00 1.327060106204412904e+01
2.757964825630187988e+01 2.674081606494338903e+00 1.363061204870754217e+01
2.759436416625976562e+01 2.770084536271248510e+00 1.435063402203436311e+01
2.764292454719543457e+01 2.734083437604907463e+00 1.408062578203680637e+01
2.766009497642517090e+01 2.728083254493850696e+00 1.403562440870387995e+01
2.767445015907287598e+01 2.766084414197210517e+00 1.432063310647907883e+01
2.769276952743530273e+01 2.758084170049134975e+00 1.426063127536851205e+01
2.771218967437744141e+01 2.670081484420300910e+00 1.360061113315225612e+01
2.772754764556884766e+01 2.690082094790490430e+00 1.375061571092867752e+01
2.774625992774963379e+01 2.592079103976562049e+00 1.301559327982421621e+01
2.781041359901428223e+01 2.634080385753959863e+00 1.333060289315469937e+01
2.784135055541992188e+01 2.738083559678945456e+00 1.411062669759209065e+01
2.789777398109436035e+01 2.666081362346262917e+00 1.357061021759697184e+01
2.791794657707214355e+01 2.720083010345774710e+00 1.397562257759330961e+01
2.793426012992858887e+01 2.772084597308267728e+00 1.436563447981200881e+01
2.796301460266113281e+01 2.772084597308267728e+00 1.436563447981200881e+01
2.799155950546264648e+01 2.704082522049623183e+00 1.385561891537217427e+01
2.805087113380432129e+01 2.756084109012116201e+00 1.424563081759087169e+01
2.806350731849670410e+01 2.656081057161168602e+00 1.349560792870876469e+01
2.808889842033386230e+01 2.584078859828486063e+00 1.295559144871364587e+01
2.811897158622741699e+01 2.740083620715964230e+00 1.412562715536973101e+01
2.814243888854980469e+01 2.646080751976073397e+00 1.342060563982055044e+01
2.815517711639404297e+01 2.702082461012603964e+00 1.384061845759453035e+01
2.817507863044738770e+01 2.386072817163609638e+00 1.147054612872707224e+01
2.819736886024475098e+01 2.458075014496292177e+00 1.201056260872219106e+01
2.823255848884582520e+01 2.628080202642903096e+00 1.328560151982177295e+01
2.825112533569335938e+01 2.538077455977050256e+00 1.261058091982787666e+01
2.826847958564758301e+01 2.626080141605883878e+00 1.327060106204412904e+01
2.828560805320739746e+01 2.644080690939054623e+00 1.340560518204291007e+01
2.830692410469055176e+01 2.650080874050111390e+00 1.345060655537583472e+01
2.832516765594482422e+01 2.646080751976073397e+00 1.342060563982055044e+01
2.839534115791320801e+01 2.566078310495315318e+00 1.282058732871486484e+01
2.842686438560485840e+01 2.490075991088595231e+00 1.225056993316446352e+01
2.848352169990539551e+01 2.602079409161656365e+00 1.309059556871242336e+01
2.849681138992309570e+01 2.668081423383282136e+00 1.358561067537461575e+01
2.852379941940307617e+01 2.662081240272224925e+00 1.354060930204168756e+01
2.856977677345275879e+01 2.712082766197699168e+00 1.391562074648274461e+01
2.858423137664794922e+01 2.610079653309732350e+00 1.315059739982299192e+01
2.859639406204223633e+01 2.678081728568376452e+00 1.366061296426282290e+01
2.861045050621032715e+01 2.530077211828974715e+00 1.255057908871730987e+01
2.866308856010437012e+01 2.688082033753471656e+00 1.373561525315103715e+01
2.868068265914916992e+01 2.652080935087130609e+00 1.346560701315348041e+01
2.870394802093505859e+01 2.626080141605883878e+00 1.327060106204412904e+01
2.871940445899963379e+01 2.602079409161656365e+00 1.309059556871242336e+01
2.873803472518920898e+01 2.728083254493850696e+00 1.403562440870387995e+01
2.875132679939270020e+01 2.726083193456831477e+00 1.402062395092623603e+01
2.879487419128417969e+01 2.612079714346751569e+00 1.316559785760063761e+01
2.885405945777893066e+01 2.718082949308755936e+00 1.396062211981566925e+01
2.891301465034484863e+01 2.624080080568865103e+00 1.325560060426648867e+01
2.892635250091552734e+01 2.634080385753959863e+00 1.333060289315469937e+01
2.895213460922241211e+01 2.670081484420300910e+00 1.360061113315225612e+01
2.900100636482238770e+01 2.646080751976073397e+00 1.342060563982055044e+01
2.901652359962463379e+01 2.718082949308755936e+00 1.396062211981566925e+01
2.902925944328308105e+01 2.726083193456831477e+00 1.402062395092623603e+01
2.904586982727050781e+01 2.624080080568865103e+00 1.325560060426648867e+01
2.910538530349731445e+01 2.698082338938566416e+00 1.381061754203924785e+01
2.912074756622314453e+01 2.672081545457320129e+00 1.361561159092990181e+01
2.913738512992858887e+01 2.692082155827509649e+00 1.376561616870632321e+01
2.915240597724914551e+01 2.736083498641926681e+00 1.409562623981445029e+01
2.916923666000366211e+01 2.680081789605395670e+00 1.367561342204046682e+01
2.918513488769531250e+01 2.624080080568865103e+00 1.325560060426648867e+01
2.928541874885559082e+01 2.618079897457807892e+00 1.321059923093355870e+01
2.934336948394775391e+01 2.652080935087130609e+00 1.346560701315348041e+01
2.935737085342407227e+01 2.620079958494827110e+00 1.322559968871120262e+01
2.937541556358337402e+01 2.720083010345774710e+00 1.397562257759330961e+01
2.940420103073120117e+01 2.736083498641926681e+00 1.409562623981445029e+01
2.943262624740600586e+01 2.570078432569353311e+00 1.285058824427014912e+01
2.946129608154296875e+01 2.682081850642414445e+00 1.369061387981810896e+01
2.950279641151428223e+01 2.668081423383282136e+00 1.358561067537461575e+01
2.952375292778015137e+01 2.674081606494338903e+00 1.363061204870754217e+01
2.955973362922668457e+01 2.626080141605883878e+00 1.327060106204412904e+01
2.958493828773498535e+01 2.706082583086641957e+00 1.387061937314981463e+01
2.959726500511169434e+01 2.672081545457320129e+00 1.361561159092990181e+01
2.961234903335571289e+01 2.698082338938566416e+00 1.381061754203924785e+01
2.962707734107971191e+01 2.686081972716452437e+00 1.372061479537339324e+01
2.966837167739868164e+01 2.628080202642903096e+00 1.328560151982177295e+01
2.969058322906494141e+01 2.628080202642903096e+00 1.328560151982177295e+01
2.970716166496276855e+01 2.634080385753959863e+00 1.333060289315469937e+01
2.972175216674804688e+01 2.640080568865016630e+00 1.337560426648762402e+01
2.973937368392944336e+01 2.708082644123661176e+00 1.388561983092745855e+01
2.975279021263122559e+01 2.736083498641926681e+00 1.409562623981445029e+01
2.976615238189697266e+01 2.658081118198186932e+00 1.351060838648640150e+01
2.978826379776000977e+01 2.654080996124149383e+00 1.348060747093112077e+01
2.985158419609069824e+01 2.698082338938566416e+00 1.381061754203924785e+01
2.988159084320068359e+01 2.624080080568865103e+00 1.325560060426648867e+01
2.993752074241638184e+01 2.626080141605883878e+00 1.327060106204412904e+01
2.995132160186767578e+01 2.686081972716452437e+00 1.372061479537339324e+01
2.997579669952392578e+01 2.730083315530869470e+00 1.405062486648152031e+01
3.000996947288513184e+01 2.632080324716941089e+00 1.331560243537705901e+01
3.003212237358093262e+01 2.672081545457320129e+00 1.361561159092990181e+01
3.005057716369628906e+01 2.642080629902035405e+00 1.339060472426526616e+01
3.006649541854858398e+01 2.656081057161168602e+00 1.349560792870876469e+01
3.011942648887634277e+01 2.612079714346751569e+00 1.316559785760063761e+01
3.013709998130798340e+01 2.698082338938566416e+00 1.381061754203924785e+01
3.015503525733947754e+01 2.730083315530869470e+00 1.405062486648152031e+01
3.016926598548889160e+01 2.666081362346262917e+00 1.357061021759697184e+01
3.019012665748596191e+01 2.676081667531358121e+00 1.364561250648518609e+01
3.021381258964538574e+01 2.594079165013580379e+00 1.303059373760185302e+01
3.022750735282897949e+01 2.674081606494338903e+00 1.363061204870754217e+01
3.024487018585205078e+01 2.616079836420789118e+00 1.319559877315591834e+01
3.031690263748168945e+01 2.632080324716941089e+00 1.331560243537705901e+01
3.035129785537719727e+01 2.596079226050599598e+00 1.304559419537949694e+01
3.040787053108215332e+01 2.750083925901058990e+00 1.420062944425794171e+01
3.042192387580871582e+01 2.642080629902035405e+00 1.339060472426526616e+01
3.045615720748901367e+01 2.680081789605395670e+00 1.367561342204046682e+01
3.049774527549743652e+01 2.706082583086641957e+00 1.387061937314981463e+01
3.051353907585144043e+01 2.772084597308267728e+00 1.436563447981200881e+01
3.053256678581237793e+01 2.742083681752983004e+00 1.414062761314737315e+01
3.057790184020996094e+01 2.712082766197699168e+00 1.391562074648274461e+01
3.060368537902832031e+01 2.706082583086641957e+00 1.387061937314981463e+01
3.062154483795166016e+01 2.704082522049623183e+00 1.385561891537217427e+01
3.064227461814880371e+01 2.754084047975096983e+00 1.423063035981322777e+01
3.065855836868286133e+01 2.722083071382793484e+00 1.399062303537095175e+01
3.067341852188110352e+01 2.742083681752983004e+00 1.414062761314737315e+01
3.068778824806213379e+01 2.698082338938566416e+00 1.381061754203924785e+01
3.075753116607666016e+01 2.766084414197210517e+00 1.432063310647907883e+01
3.078843379020690918e+01 2.600079348124637590e+00 1.307559511093478122e+01
3.084801363945007324e+01 2.720083010345774710e+00 1.397562257759330961e+01
3.086183691024780273e+01 2.636080446790978637e+00 1.334560335093233974e+01
3.088544631004333496e+01 2.692082155827509649e+00 1.376561616870632321e+01
3.092101526260375977e+01 2.718082949308755936e+00 1.396062211981566925e+01
3.095225310325622559e+01 2.704082522049623183e+00 1.385561891537217427e+01
3.100772118568420410e+01 2.688082033753471656e+00 1.373561525315103715e+01
3.102796721458435059e+01 2.638080507827997412e+00 1.336060380870998010e+01
3.105927753448486328e+01 2.674081606494338903e+00 1.363061204870754217e+01
3.108663702011108398e+01 2.714082827234717943e+00 1.393062120426038497e+01
3.110409450531005859e+01 2.646080751976073397e+00 1.342060563982055044e+01
3.111823034286499023e+01 2.690082094790490430e+00 1.375061571092867752e+01
3.113365077972412109e+01 2.760084231086154194e+00 1.427563173314615597e+01
3.117631888389587402e+01 2.710082705160679950e+00 1.390062028870509891e+01
3.119714426994323730e+01 2.758084170049134975e+00 1.426063127536851205e+01
3.121323466300964355e+01 2.730083315530869470e+00 1.405062486648152031e+01
3.123118329048156738e+01 2.678081728568376452e+00 1.366061296426282290e+01
3.124455714225769043e+01 2.662081240272224925e+00 1.354060930204168756e+01
3.126027083396911621e+01 2.712082766197699168e+00 1.391562074648274461e+01
3.127319073677062988e+01 2.770084536271248510e+00 1.435063402203436311e+01
3.128743839263916016e+01 2.698082338938566416e+00 1.381061754203924785e+01
3.132631754875183105e+01 2.774084658345286503e+00 1.438063493758964917e+01
3.138611698150634766e+01 2.680081789605395670e+00 1.367561342204046682e+01
3.144622540473937988e+01 2.686081972716452437e+00 1.372061479537339324e+01
3.145978665351867676e+01 2.662081240272224925e+00 1.354060930204168756e+01
3.148785090446472168e+01 2.680081789605395670e+00 1.367561342204046682e+01
3.153544068336486816e+01 2.716082888271737161e+00 1.394562166203802889e+01
3.154727005958557129e+01 2.710082705160679950e+00 1.390062028870509891e+01
3.156282877922058105e+01 2.692082155827509649e+00 1.376561616870632321e+01
3.157721924781799316e+01 2.696082277901547641e+00 1.379561708426160749e+01
3.162133216857910156e+01 2.750083925901058990e+00 1.420062944425794171e+01
3.165024900436401367e+01 2.660081179235206150e+00 1.352560884426404542e+01
3.166528487205505371e+01 2.602079409161656365e+00 1.309059556871242336e+01
3.167976665496826172e+01 2.722083071382793484e+00 1.399062303537095175e+01
3.169297099113464355e+01 2.778084780419324495e+00 1.441063585314493345e+01
3.171712589263916016e+01 2.720083010345774710e+00 1.397562257759330961e+01
3.173199892044067383e+01 2.740083620715964230e+00 1.412562715536973101e+01
3.180406498908996582e+01 2.728083254493850696e+00 1.403562440870387995e+01
3.183530807495117188e+01 2.706082583086641957e+00 1.387061937314981463e+01
3.189272117614746094e+01 2.766084414197210517e+00 1.432063310647907883e+01
3.190676236152648926e+01 2.676081667531358121e+00 1.364561250648518609e+01
3.193336033821105957e+01 2.668081423383282136e+00 1.358561067537461575e+01
3.196575546264648438e+01 2.694082216864528423e+00 1.378061662648396357e+01
3.198638868331909180e+01 2.660081179235206150e+00 1.352560884426404542e+01
3.199913072586059570e+01 2.704082522049623183e+00 1.385561891537217427e+01
3.201097726821899414e+01 2.768084475234229735e+00 1.433563356425672275e+01
3.202717995643615723e+01 2.668081423383282136e+00 1.358561067537461575e+01
3.207993340492248535e+01 2.730083315530869470e+00 1.405062486648152031e+01
3.209978771209716797e+01 2.732083376567888688e+00 1.406562532425916601e+01
3.211701583862304688e+01 2.792085207678457248e+00 1.451563905758843021e+01
3.213400363922119141e+01 2.760084231086154194e+00 1.427563173314615597e+01
3.215193581581115723e+01 2.772084597308267728e+00 1.436563447981200881e+01
3.216971397399902344e+01 2.618079897457807892e+00 1.321059923093355870e+01
3.220046567916870117e+01 2.586078920865504838e+00 1.297059190649128624e+01
3.225248122215270996e+01 2.586078920865504838e+00 1.297059190649128624e+01
3.228240919113159180e+01 2.740083620715964230e+00 1.412562715536973101e+01
3.233952546119689941e+01 2.660081179235206150e+00 1.352560884426404542e+01
3.235363674163818359e+01 2.706082583086641957e+00 1.387061937314981463e+01
3.237218093872070312e+01 2.764084353160191743e+00 1.430563264870143847e+01
3.240627527236938477e+01 2.734083437604907463e+00 1.408062578203680637e+01
3.243561267852783203e+01 2.608079592272713576e+00 1.313559694204535155e+01
3.246653151512145996e+01 2.750083925901058990e+00 1.420062944425794171e+01
3.250337767601013184e+01 2.658081118198186932e+00 1.351060838648640150e+01
3.252940154075622559e+01 2.740083620715964230e+00 1.412562715536973101e+01
3.256065607070922852e+01 2.700082399975585190e+00 1.382561799981688822e+01
3.258637022972106934e+01 2.610079653309732350e+00 1.315059739982299192e+01
3.260106015205383301e+01 2.704082522049623183e+00 1.385561891537217427e+01
3.261609196662902832e+01 2.748083864864040216e+00 1.418562898648030135e+01
3.263122200965881348e+01 2.764084353160191743e+00 1.430563264870143847e+01
3.267335343360900879e+01 2.746083803827020997e+00 1.417062852870265743e+01
3.269394969940185547e+01 2.708082644123661176e+00 1.388561983092745855e+01
3.271129989624023438e+01 2.670081484420300910e+00 1.360061113315225612e+01
3.272865009307861328e+01 2.746083803827020997e+00 1.417062852870265743e+01
3.274238204956054688e+01 2.614079775383770343e+00 1.318059831537827797e+01
3.275905728340148926e+01 2.738083559678945456e+00 1.411062669759209065e+01
3.277720737457275391e+01 2.698082338938566416e+00 1.381061754203924785e+01
3.281959176063537598e+01 2.714082827234717943e+00 1.393062120426038497e+01
3.287964081764221191e+01 2.694082216864528423e+00 1.378061662648396357e+01
3.293960332870483398e+01 2.748083864864040216e+00 1.418562898648030135e+01
3.295304083824157715e+01 2.736083498641926681e+00 1.409562623981445029e+01
3.297477746009826660e+01 2.706082583086641957e+00 1.387061937314981463e+01
3.301768016815185547e+01 2.762084292123172524e+00 1.429063219092379455e+01
3.303369283676147461e+01 2.776084719382305721e+00 1.439563539536729309e+01
3.304839301109313965e+01 2.688082033753471656e+00 1.373561525315103715e+01
3.306131005287170410e+01 2.682081850642414445e+00 1.369061387981810896e+01
3.307525777816772461e+01 2.768084475234229735e+00 1.433563356425672275e+01
3.312924480438232422e+01 2.756084109012116201e+00 1.424563081759087169e+01
3.314542150497436523e+01 2.608079592272713576e+00 1.313559694204535155e+01
3.316122984886169434e+01 2.720083010345774710e+00 1.397562257759330961e+01
3.317520403861999512e+01 2.756084109012116201e+00 1.424563081759087169e+01
3.319482231140136719e+01 2.724083132419812703e+00 1.400562349314859567e+01
3.321202850341796875e+01 2.720083010345774710e+00 1.397562257759330961e+01
3.322717666625976562e+01 2.674081606494338903e+00 1.363061204870754217e+01
3.331685256958007812e+01 2.758084170049134975e+00 1.426063127536851205e+01
3.333063983917236328e+01 2.746083803827020997e+00 1.417062852870265743e+01
3.338621854782104492e+01 2.678081728568376452e+00 1.366061296426282290e+01
3.340024447441101074e+01 2.612079714346751569e+00 1.316559785760063761e+01
3.342305493354797363e+01 2.738083559678945456e+00 1.411062669759209065e+01
3.345275330543518066e+01 2.664081301309244143e+00 1.355560975981933147e+01
3.347374105453491211e+01 2.684081911679433663e+00 1.370561433759575287e+01
3.349003505706787109e+01 2.674081606494338903e+00 1.363061204870754217e+01
3.350216889381408691e+01 2.608079592272713576e+00 1.313559694204535155e+01
3.351636266708374023e+01 2.716082888271737161e+00 1.394562166203802889e+01
3.355982995033264160e+01 2.744083742790002223e+00 1.415562807092501707e+01
3.358210515975952148e+01 2.742083681752983004e+00 1.414062761314737315e+01
3.359732627868652344e+01 2.778084780419324495e+00 1.441063585314493345e+01
3.362427711486816406e+01 2.770084536271248510e+00 1.435063402203436311e+01
3.364022636413574219e+01 2.704082522049623183e+00 1.385561891537217427e+01
3.365916323661804199e+01 2.702082461012603964e+00 1.384061845759453035e+01
3.370103645324707031e+01 2.692082155827509649e+00 1.376561616870632321e+01
3.376013135910034180e+01 2.640080568865016630e+00 1.337560426648762402e+01
3.381979155540466309e+01 2.738083559678945456e+00 1.411062669759209065e+01
3.383341264724731445e+01 2.740083620715964230e+00 1.412562715536973101e+01
3.385947060585021973e+01 2.778084780419324495e+00 1.441063585314493345e+01
3.389487767219543457e+01 2.678081728568376452e+00 1.366061296426282290e+01
3.392512130737304688e+01 2.768084475234229735e+00 1.433563356425672275e+01
3.397654390335083008e+01 2.624080080568865103e+00 1.325560060426648867e+01
3.398934078216552734e+01 2.702082461012603964e+00 1.384061845759453035e+01
3.401314306259155273e+01 2.668081423383282136e+00 1.358561067537461575e+01
3.404473447799682617e+01 2.694082216864528423e+00 1.378061662648396357e+01
3.406544089317321777e+01 2.700082399975585190e+00 1.382561799981688822e+01
3.407845616340637207e+01 2.654080996124149383e+00 1.348060747093112077e+01
3.409308099746704102e+01 2.744083742790002223e+00 1.415562807092501707e+01
3.410565042495727539e+01 2.672081545457320129e+00 1.361561159092990181e+01
3.415394687652587891e+01 2.662081240272224925e+00 1.354060930204168756e+01
3.417087292671203613e+01 2.698082338938566416e+00 1.381061754203924785e+01
3.418639612197875977e+01 2.608079592272713576e+00 1.313559694204535155e+01
3.420002293586730957e+01 2.704082522049623183e+00 1.385561891537217427e+01
3.421304702758789062e+01 2.766084414197210517e+00 1.432063310647907883e+01
3.422684073448181152e+01 2.638080507827997412e+00 1.336060380870998010e+01
3.424081325531005859e+01 2.700082399975585190e+00 1.382561799981688822e+01
3.425926303863525391e+01 2.762084292123172524e+00 1.429063219092379455e+01
3.432456612586975098e+01 2.712082766197699168e+00 1.391562074648274461e+01
3.435491204261779785e+01 2.706082583086641957e+00 1.387061937314981463e+01
3.441039443016052246e+01 2.736083498641926681e+00 1.409562623981445029e+01
3.442350673675537109e+01 2.636080446790978637e+00 1.334560335093233974e+01
3.444842028617858887e+01 2.670081484420300910e+00 1.360061113315225612e+01
3.449168801307678223e+01 2.762084292123172524e+00 1.429063219092379455e+01
3.451077294349670410e+01 2.692082155827509649e+00 1.376561616870632321e+01
3.452583026885986328e+01 2.642080629902035405e+00 1.339060472426526616e+01
3.453986239433288574e+01 2.716082888271737161e+00 1.394562166203802889e+01
3.458539271354675293e+01 2.712082766197699168e+00 1.391562074648274461e+01
3.460808062553405762e+01 2.684081911679433663e+00 1.370561433759575287e+01
3.462495923042297363e+01 2.612079714346751569e+00 1.316559785760063761e+01
3.463897037506103516e+01 2.690082094790490430e+00 1.375061571092867752e+01
3.465740728378295898e+01 2.770084536271248510e+00 1.435063402203436311e+01
3.466922283172607422e+01 2.720083010345774710e+00 1.397562257759330961e+01
3.468493747711181641e+01 2.640080568865016630e+00 1.337560426648762402e+01
3.472823166847229004e+01 2.720083010345774710e+00 1.397562257759330961e+01
3.478747248649597168e+01 2.694082216864528423e+00 1.378061662648396357e+01
3.484716033935546875e+01 2.642080629902035405e+00 1.339060472426526616e+01
3.486064696311950684e+01 2.644080690939054623e+00 1.340560518204291007e+01
3.489001369476318359e+01 2.646080751976073397e+00 1.342060563982055044e+01
3.493331408500671387e+01 2.766084414197210517e+00 1.432063310647907883e+01
3.495102024078369141e+01 2.662081240272224925e+00 1.354060930204168756e+01
3.496605181694030762e+01 2.604079470198675583e+00 1.310559602649006727e+01
3.501881837844848633e+01 2.686081972716452437e+00 1.372061479537339324e+01
3.504443740844726562e+01 2.762084292123172524e+00 1.429063219092379455e+01
3.505999040603637695e+01 2.704082522049623183e+00 1.385561891537217427e+01
3.507310390472412109e+01 2.758084170049134975e+00 1.426063127536851205e+01
3.509590840339660645e+01 2.686081972716452437e+00 1.372061479537339324e+01
3.511024069786071777e+01 2.730083315530869470e+00 1.405062486648152031e+01
3.514127230644226074e+01 2.680081789605395670e+00 1.367561342204046682e+01
3.519562244415283203e+01 2.658081118198186932e+00 1.351060838648640150e+01
3.522559690475463867e+01 2.704082522049623183e+00 1.385561891537217427e+01
3.528205728530883789e+01 2.656081057161168602e+00 1.349560792870876469e+01
3.530209612846374512e+01 2.720083010345774710e+00 1.397562257759330961e+01
3.531861782073974609e+01 2.764084353160191743e+00 1.430563264870143847e+01
3.535324215888977051e+01 2.708082644123661176e+00 1.388561983092745855e+01
3.538473081588745117e+01 2.682081850642414445e+00 1.369061387981810896e+01
3.543777108192443848e+01 2.566078310495315318e+00 1.282058732871486484e+01
3.545877623558044434e+01 2.708082644123661176e+00 1.388561983092745855e+01
3.548843860626220703e+01 2.734083437604907463e+00 1.408062578203680637e+01
3.552246975898742676e+01 2.506076479384747202e+00 1.237057359538560419e+01
3.553424477577209473e+01 2.730083315530869470e+00 1.405062486648152031e+01
3.554919266700744629e+01 2.620079958494827110e+00 1.322559968871120262e+01
3.556178975105285645e+01 2.648080813013092616e+00 1.343560609759819435e+01
3.561866068840026855e+01 2.624080080568865103e+00 1.325560060426648867e+01
3.563624835014343262e+01 2.688082033753471656e+00 1.373561525315103715e+01
3.565247821807861328e+01 2.720083010345774710e+00 1.397562257759330961e+01
3.566604876518249512e+01 2.644080690939054623e+00 1.340560518204291007e+01
3.568114876747131348e+01 2.662081240272224925e+00 1.354060930204168756e+01
3.569499087333679199e+01 2.664081301309244143e+00 1.355560975981933147e+01
3.571704053878784180e+01 2.666081362346262917e+00 1.357061021759697184e+01
3.573196387290954590e+01 2.722083071382793484e+00 1.399062303537095175e+01
3.578221273422241211e+01 2.734083437604907463e+00 1.408062578203680637e+01
3.581297779083251953e+01 2.692082155827509649e+00 1.376561616870632321e+01
3.586899018287658691e+01 2.708082644123661176e+00 1.388561983092745855e+01
3.588240671157836914e+01 2.608079592272713576e+00 1.313559694204535155e+01
3.591096806526184082e+01 2.640080568865016630e+00 1.337560426648762402e+01
3.594025754928588867e+01 2.726083193456831477e+00 1.402062395092623603e+01
3.595853877067565918e+01 2.702082461012603964e+00 1.384061845759453035e+01
3.597350549697875977e+01 2.692082155827509649e+00 1.376561616870632321e+01
3.598950600624084473e+01 2.624080080568865103e+00 1.325560060426648867e+01
3.600390219688415527e+01 2.628080202642903096e+00 1.328560151982177295e+01
3.605991864204406738e+01 2.674081606494338903e+00 1.363061204870754217e+01
3.607178735733032227e+01 2.728083254493850696e+00 1.403562440870387995e+01
3.609087443351745605e+01 2.614079775383770343e+00 1.318059831537827797e+01
3.610858035087585449e+01 2.694082216864528423e+00 1.378061662648396357e+01
3.612248015403747559e+01 2.632080324716941089e+00 1.331560243537705901e+01
3.613588500022888184e+01 2.728083254493850696e+00 1.403562440870387995e+01
3.614895153045654297e+01 2.680081789605395670e+00 1.367561342204046682e+01
3.621988773345947266e+01 2.720083010345774710e+00 1.397562257759330961e+01
3.624977469444274902e+01 2.618079897457807892e+00 1.321059923093355870e+01
3.630711627006530762e+01 2.644080690939054623e+00 1.340560518204291007e+01
3.632649183273315430e+01 2.626080141605883878e+00 1.327060106204412904e+01
3.635272169113159180e+01 2.700082399975585190e+00 1.382561799981688822e+01
3.637663388252258301e+01 2.644080690939054623e+00 1.340560518204291007e+01
3.640157485008239746e+01 2.704082522049623183e+00 1.385561891537217427e+01
3.641810870170593262e+01 2.684081911679433663e+00 1.370561433759575287e+01
3.643339395523071289e+01 2.704082522049623183e+00 1.385561891537217427e+01
3.647266197204589844e+01 2.634080385753959863e+00 1.333060289315469937e+01
3.649531340599060059e+01 2.696082277901547641e+00 1.379561708426160749e+01
3.650865316390991211e+01 2.656081057161168602e+00 1.349560792870876469e+01
3.652357292175292969e+01 2.624080080568865103e+00 1.325560060426648867e+01
3.653716421127319336e+01 2.724083132419812703e+00 1.400562349314859567e+01
3.655075907707214355e+01 2.676081667531358121e+00 1.364561250648518609e+01
3.656437420845031738e+01 2.600079348124637590e+00 1.307559511093478122e+01
3.657787275314331055e+01 2.704082522049623183e+00 1.385561891537217427e+01
3.662235403060913086e+01 2.692082155827509649e+00 1.376561616870632321e+01
3.668343472480773926e+01 2.646080751976073397e+00 1.342060563982055044e+01
3.674150300025939941e+01 2.628080202642903096e+00 1.328560151982177295e+01
3.675568747520446777e+01 2.668081423383282136e+00 1.358561067537461575e+01
3.677239298820495605e+01 2.732083376567888688e+00 1.406562532425916601e+01
3.680502867698669434e+01 2.696082277901547641e+00 1.379561708426160749e+01
3.683347272872924805e+01 2.642080629902035405e+00 1.339060472426526616e+01
3.686182808876037598e+01 2.670081484420300910e+00 1.360061113315225612e+01
3.690392327308654785e+01 2.690082094790490430e+00 1.375061571092867752e+01
3.692355084419250488e+01 2.688082033753471656e+00 1.373561525315103715e+01
3.695230007171630859e+01 2.656081057161168602e+00 1.349560792870876469e+01
3.698293948173522949e+01 2.714082827234717943e+00 1.393062120426038497e+01
3.699953198432922363e+01 2.630080263679921870e+00 1.330060197759941332e+01
3.701500010490417480e+01 2.718082949308755936e+00 1.396062211981566925e+01
3.702653574943542480e+01 2.674081606494338903e+00 1.363061204870754217e+01
3.707577276229858398e+01 2.670081484420300910e+00 1.360061113315225612e+01
3.709822988510131836e+01 2.716082888271737161e+00 1.394562166203802889e+01
3.711354827880859375e+01 2.718082949308755936e+00 1.396062211981566925e+01
3.713825869560241699e+01 2.708082644123661176e+00 1.388561983092745855e+01
3.715598034858703613e+01 2.732083376567888688e+00 1.406562532425916601e+01
3.716928482055664062e+01 2.690082094790490430e+00 1.375061571092867752e+01
3.723924875259399414e+01 2.720083010345774710e+00 1.397562257759330961e+01
3.727092266082763672e+01 2.662081240272224925e+00 1.354060930204168756e+01
3.732602787017822266e+01 2.620079958494827110e+00 1.322559968871120262e+01
3.733934998512268066e+01 2.656081057161168602e+00 1.349560792870876469e+01
3.736813712120056152e+01 2.708082644123661176e+00 1.388561983092745855e+01
3.740747499465942383e+01 2.712082766197699168e+00 1.391562074648274461e+01
3.742710638046264648e+01 2.592079103976562049e+00 1.301559327982421621e+01
3.744312119483947754e+01 2.674081606494338903e+00 1.363061204870754217e+01
3.745833992958068848e+01 2.712082766197699168e+00 1.391562074648274461e+01
3.751565647125244141e+01 2.718082949308755936e+00 1.396062211981566925e+01
3.753205013275146484e+01 2.676081667531358121e+00 1.364561250648518609e+01
3.754997873306274414e+01 2.676081667531358121e+00 1.364561250648518609e+01
3.757002139091491699e+01 2.636080446790978637e+00 1.334560335093233974e+01
3.758694791793823242e+01 2.636080446790978637e+00 1.334560335093233974e+01
3.760299134254455566e+01 2.640080568865016630e+00 1.337560426648762402e+01
3.768557500839233398e+01 2.690082094790490430e+00 1.375061571092867752e+01
3.771693778038024902e+01 2.742083681752983004e+00 1.414062761314737315e+01
3.778147006034851074e+01 2.660081179235206150e+00 1.352560884426404542e+01
3.779592347145080566e+01 2.728083254493850696e+00 1.403562440870387995e+01
3.781780290603637695e+01 2.766084414197210517e+00 1.432063310647907883e+01
3.786158442497253418e+01 2.660081179235206150e+00 1.352560884426404542e+01
3.788060092926025391e+01 2.772084597308267728e+00 1.436563447981200881e+01
3.789261913299560547e+01 2.778084780419324495e+00 1.441063585314493345e+01
3.791019272804260254e+01 2.628080202642903096e+00 1.328560151982177295e+01
3.796213746070861816e+01 2.602079409161656365e+00 1.309059556871242336e+01
3.797783637046813965e+01 2.762084292123172524e+00 1.429063219092379455e+01
3.799176812171936035e+01 2.748083864864040216e+00 1.418562898648030135e+01
3.800571298599243164e+01 2.632080324716941089e+00 1.331560243537705901e+01
3.801833820343017578e+01 2.742083681752983004e+00 1.414062761314737315e+01
3.803152894973754883e+01 2.734083437604907463e+00 1.408062578203680637e+01
3.805005693435668945e+01 2.656081057161168602e+00 1.349560792870876469e+01
3.807623958587646484e+01 2.630080263679921870e+00 1.330060197759941332e+01
3.812891101837158203e+01 2.742083681752983004e+00 1.414062761314737315e+01
3.816027760505676270e+01 2.768084475234229735e+00 1.433563356425672275e+01
3.821636414527893066e+01 2.734083437604907463e+00 1.408062578203680637e+01
3.823651838302612305e+01 2.722083071382793484e+00 1.399062303537095175e+01
3.825826001167297363e+01 2.714082827234717943e+00 1.393062120426038497e+01
3.828990101814270020e+01 2.722083071382793484e+00 1.399062303537095175e+01
3.831867074966430664e+01 2.674081606494338903e+00 1.363061204870754217e+01
3.837026047706604004e+01 2.768084475234229735e+00 1.433563356425672275e+01
3.838210749626159668e+01 2.658081118198186932e+00 1.351060838648640150e+01
3.842253017425537109e+01 2.690082094790490430e+00 1.375061571092867752e+01
3.844844579696655273e+01 2.668081423383282136e+00 1.358561067537461575e+01
3.846609020233154297e+01 2.646080751976073397e+00 1.342060563982055044e+01
3.848226976394653320e+01 2.738083559678945456e+00 1.411062669759209065e+01
3.849676036834716797e+01 2.758084170049134975e+00 1.426063127536851205e+01
3.854571580886840820e+01 2.716082888271737161e+00 1.394562166203802889e+01
3.856089782714843750e+01 2.738083559678945456e+00 1.411062669759209065e+01
3.857567405700683594e+01 2.766084414197210517e+00 1.432063310647907883e+01
3.859139251708984375e+01 2.688082033753471656e+00 1.373561525315103715e+01
3.860833978652954102e+01 2.590079042939542830e+00 1.300059282204657052e+01
3.862320876121520996e+01 2.676081667531358121e+00 1.364561250648518609e+01
3.863836646080017090e+01 2.764084353160191743e+00 1.430563264870143847e+01
3.868106174468994141e+01 2.732083376567888688e+00 1.406562532425916601e+01
3.874021196365356445e+01 2.646080751976073397e+00 1.342060563982055044e+01
3.879990673065185547e+01 2.692082155827509649e+00 1.376561616870632321e+01
3.881312084197998047e+01 2.726083193456831477e+00 1.402062395092623603e+01
3.885254073143005371e+01 2.782084902493362044e+00 1.444063676870021595e+01
3.887051749229431152e+01 2.666081362346262917e+00 1.357061021759697184e+01
3.889408922195434570e+01 2.634080385753959863e+00 1.333060289315469937e+01
3.891347670555114746e+01 2.686081972716452437e+00 1.372061479537339324e+01
3.893088221549987793e+01 2.666081362346262917e+00 1.357061021759697184e+01
3.898609828948974609e+01 2.672081545457320129e+00 1.361561159092990181e+01
3.900124025344848633e+01 2.690082094790490430e+00 1.375061571092867752e+01
3.901516461372375488e+01 2.772084597308267728e+00 1.436563447981200881e+01
3.902827787399291992e+01 2.658081118198186932e+00 1.351060838648640150e+01
3.904450726509094238e+01 2.674081606494338903e+00 1.363061204870754217e+01
3.905794000625610352e+01 2.752083986938078208e+00 1.421562990203558741e+01
3.907113265991210938e+01 2.688082033753471656e+00 1.373561525315103715e+01
3.908996343612670898e+01 2.678081728568376452e+00 1.366061296426282290e+01
3.912305116653442383e+01 2.692082155827509649e+00 1.376561616870632321e+01
3.918495941162109375e+01 2.624080080568865103e+00 1.325560060426648867e+01
3.924233913421630859e+01 2.646080751976073397e+00 1.342060563982055044e+01
3.925627803802490234e+01 2.724083132419812703e+00 1.400562349314859567e+01
3.928117227554321289e+01 2.770084536271248510e+00 1.435063402203436311e+01
3.931134200096130371e+01 2.662081240272224925e+00 1.354060930204168756e+01
3.932999634742736816e+01 2.710082705160679950e+00 1.390062028870509891e+01
3.934465837478637695e+01 2.674081606494338903e+00 1.363061204870754217e+01
3.936474037170410156e+01 2.710082705160679950e+00 1.390062028870509891e+01
3.941359519958496094e+01 2.708082644123661176e+00 1.388561983092745855e+01
3.943484616279602051e+01 2.706082583086641957e+00 1.387061937314981463e+01
3.945268416404724121e+01 2.678081728568376452e+00 1.366061296426282290e+01
3.946762537956237793e+01 2.644080690939054623e+00 1.340560518204291007e+01
3.948128318786621094e+01 2.688082033753471656e+00 1.373561525315103715e+01
3.949477696418762207e+01 2.722083071382793484e+00 1.399062303537095175e+01
3.951179599761962891e+01 2.692082155827509649e+00 1.376561616870632321e+01
3.955571770668029785e+01 2.656081057161168602e+00 1.349560792870876469e+01
3.961520266532897949e+01 2.760084231086154194e+00 1.427563173314615597e+01
3.967479395866394043e+01 2.676081667531358121e+00 1.364561250648518609e+01
3.968834519386291504e+01 2.628080202642903096e+00 1.328560151982177295e+01
3.971537113189697266e+01 2.666081362346262917e+00 1.357061021759697184e+01
3.974504208564758301e+01 2.768084475234229735e+00 1.433563356425672275e+01
3.977355933189392090e+01 2.702082461012603964e+00 1.384061845759453035e+01
3.980385732650756836e+01 2.748083864864040216e+00 1.418562898648030135e+01
3.983940553665161133e+01 2.712082766197699168e+00 1.391562074648274461e+01
3.986561322212219238e+01 2.746083803827020997e+00 1.417062852870265743e+01
3.990055203437805176e+01 2.640080568865016630e+00 1.337560426648762402e+01
3.991793179512023926e+01 2.776084719382305721e+00 1.439563539536729309e+01
3.993244314193725586e+01 2.758084170049134975e+00 1.426063127536851205e+01
3.994943618774414062e+01 2.662081240272224925e+00 1.354060930204168756e+01
3.996966958045959473e+01 2.600079348124637590e+00 1.307559511093478122e+01
4.001090741157531738e+01 2.578078676717428852e+00 1.291059007538071590e+01
4.002855539321899414e+01 2.698082338938566416e+00 1.381061754203924785e+01
4.004577040672302246e+01 2.678081728568376452e+00 1.366061296426282290e+01
4.006040978431701660e+01 2.724083132419812703e+00 1.400562349314859567e+01
4.007605338096618652e+01 2.740083620715964230e+00 1.412562715536973101e+01
4.009356904029846191e+01 2.744083742790002223e+00 1.415562807092501707e+01
4.010796022415161133e+01 2.698082338938566416e+00 1.381061754203924785e+01
4.014478659629821777e+01 2.662081240272224925e+00 1.354060930204168756e+01
4.020415234565734863e+01 2.610079653309732350e+00 1.315059739982299192e+01
4.026322436332702637e+01 2.692082155827509649e+00 1.376561616870632321e+01
4.027657222747802734e+01 2.720083010345774710e+00 1.397562257759330961e+01
4.030689597129821777e+01 2.668081423383282136e+00 1.358561067537461575e+01
4.034024643898010254e+01 2.740083620715964230e+00 1.412562715536973101e+01
4.036117029190063477e+01 2.722083071382793484e+00 1.399062303537095175e+01
4.037625622749328613e+01 2.748083864864040216e+00 1.418562898648030135e+01
4.039105558395385742e+01 2.734083437604907463e+00 1.408062578203680637e+01
4.040719437599182129e+01 2.578078676717428852e+00 1.291059007538071590e+01
4.046050405502319336e+01 2.656081057161168602e+00 1.349560792870876469e+01
4.047585773468017578e+01 2.718082949308755936e+00 1.396062211981566925e+01
4.049212288856506348e+01 2.734083437604907463e+00 1.408062578203680637e+01
4.050747036933898926e+01 2.640080568865016630e+00 1.337560426648762402e+01
4.052076196670532227e+01 2.696082277901547641e+00 1.379561708426160749e+01
4.053804922103881836e+01 2.762084292123172524e+00 1.429063219092379455e+01
4.055313754081726074e+01 2.724083132419812703e+00 1.400562349314859567e+01
4.064135456085205078e+01 2.626080141605883878e+00 1.327060106204412904e+01
4.070069551467895508e+01 2.750083925901058990e+00 1.420062944425794171e+01
4.071424484252929688e+01 2.724083132419812703e+00 1.400562349314859567e+01
4.073777723312377930e+01 2.772084597308267728e+00 1.436563447981200881e+01
4.077312803268432617e+01 2.700082399975585190e+00 1.382561799981688822e+01
4.079334950447082520e+01 2.684081911679433663e+00 1.370561433759575287e+01
4.080659437179565430e+01 2.682081850642414445e+00 1.369061387981810896e+01
4.081960773468017578e+01 2.732083376567888688e+00 1.406562532425916601e+01
4.084948086738586426e+01 2.738083559678945456e+00 1.411062669759209065e+01
4.089461255073547363e+01 2.758084170049134975e+00 1.426063127536851205e+01
4.091476798057556152e+01 2.708082644123661176e+00 1.388561983092745855e+01
4.093190813064575195e+01 2.702082461012603964e+00 1.384061845759453035e+01
4.094908690452575684e+01 2.688082033753471656e+00 1.373561525315103715e+01
4.096304774284362793e+01 2.674081606494338903e+00 1.363061204870754217e+01
4.098288583755493164e+01 2.696082277901547641e+00 1.379561708426160749e+01
4.104633450508117676e+01 2.718082949308755936e+00 1.396062211981566925e+01
4.107735252380371094e+01 2.744083742790002223e+00 1.415562807092501707e+01
4.113303089141845703e+01 2.760084231086154194e+00 1.427563173314615597e+01
4.114714527130126953e+01 2.662081240272224925e+00 1.354060930204168756e+01
4.117032003402709961e+01 2.660081179235206150e+00 1.352560884426404542e+01
4.119988536834716797e+01 2.692082155827509649e+00 1.376561616870632321e+01
4.122845458984375000e+01 2.770084536271248510e+00 1.435063402203436311e+01
4.125891780853271484e+01 2.666081362346262917e+00 1.357061021759697184e+01
4.129496788978576660e+01 2.750083925901058990e+00 1.420062944425794171e+01
4.132096195220947266e+01 2.678081728568376452e+00 1.366061296426282290e+01
4.135371685028076172e+01 2.724083132419812703e+00 1.400562349314859567e+01
4.138129639625549316e+01 2.760084231086154194e+00 1.427563173314615597e+01
4.139604115486145020e+01 2.770084536271248510e+00 1.435063402203436311e+01
4.141117501258850098e+01 2.710082705160679950e+00 1.390062028870509891e+01
4.146582651138305664e+01 2.594079165013580379e+00 1.303059373760185302e+01
4.148344802856445312e+01 2.648080813013092616e+00 1.343560609759819435e+01
4.149702143669128418e+01 2.750083925901058990e+00 1.420062944425794171e+01
4.151017069816589355e+01 2.732083376567888688e+00 1.406562532425916601e+01
4.152362537384033203e+01 2.590079042939542830e+00 1.300059282204657052e+01
4.153984332084655762e+01 2.694082216864528423e+00 1.378061662648396357e+01
4.155444335937500000e+01 2.734083437604907463e+00 1.408062578203680637e+01
4.156940627098083496e+01 2.668081423383282136e+00 1.358561067537461575e+01
4.163345789909362793e+01 2.732083376567888688e+00 1.406562532425916601e+01
4.166525387763977051e+01 2.738083559678945456e+00 1.411062669759209065e+01
4.172187495231628418e+01 2.646080751976073397e+00 1.342060563982055044e+01
4.173528361320495605e+01 2.728083254493850696e+00 1.403562440870387995e+01
4.175978946685791016e+01 2.774084658345286503e+00 1.438063493758964917e+01
4.180997419357299805e+01 2.744083742790002223e+00 1.415562807092501707e+01
4.182860946655273438e+01 2.674081606494338903e+00 1.363061204870754217e+01
4.184311914443969727e+01 2.658081118198186932e+00 1.351060838648640150e+01
4.189997887611389160e+01 2.750083925901058990e+00 1.420062944425794171e+01
4.191654682159423828e+01 2.746083803827020997e+00 1.417062852870265743e+01
4.193081903457641602e+01 2.722083071382793484e+00 1.399062303537095175e+01
4.194540381431579590e+01 2.650080874050111390e+00 1.345060655537583472e+01
4.196348953247070312e+01 2.702082461012603964e+00 1.384061845759453035e+01
4.197706341743469238e+01 2.766084414197210517e+00 1.432063310647907883e+01
4.198957490921020508e+01 2.686081972716452437e+00 1.372061479537339324e+01
4.203351902961730957e+01 2.684081911679433663e+00 1.370561433759575287e+01
4.209604001045227051e+01 2.776084719382305721e+00 1.439563539536729309e+01
4.215379929542541504e+01 2.762084292123172524e+00 1.429063219092379455e+01
4.216787934303283691e+01 2.666081362346262917e+00 1.357061021759697184e+01
4.219027042388916016e+01 2.668081423383282136e+00 1.358561067537461575e+01
4.221990633010864258e+01 2.682081850642414445e+00 1.369061387981810896e+01
4.224651169776916504e+01 2.702082461012603964e+00 1.384061845759453035e+01
4.225973701477050781e+01 2.688082033753471656e+00 1.373561525315103715e+01
4.227548909187316895e+01 2.760084231086154194e+00 1.427563173314615597e+01
4.229519701004028320e+01 2.712082766197699168e+00 1.391562074648274461e+01
4.233627080917358398e+01 2.694082216864528423e+00 1.378061662648396357e+01
4.235285282135009766e+01 2.732083376567888688e+00 1.406562532425916601e+01
4.236804461479187012e+01 2.636080446790978637e+00 1.334560335093233974e+01
4.239048027992248535e+01 2.608079592272713576e+00 1.313559694204535155e+01
4.240622901916503906e+01 2.666081362346262917e+00 1.357061021759697184e+01
4.242647862434387207e+01 2.724083132419812703e+00 1.400562349314859567e+01
4.250176143646240234e+01 2.660081179235206150e+00 1.352560884426404542e+01
4.253207921981811523e+01 2.650080874050111390e+00 1.345060655537583472e+01
4.258775305747985840e+01 2.698082338938566416e+00 1.381061754203924785e+01
4.260808801651000977e+01 2.608079592272713576e+00 1.313559694204535155e+01
4.263092803955078125e+01 2.682081850642414445e+00 1.369061387981810896e+01
4.266287398338317871e+01 2.422073915829951130e+00 1.174055436872463432e+01
4.269390416145324707e+01 2.682081850642414445e+00 1.369061387981810896e+01
4.274513220787048340e+01 2.472075441755424485e+00 1.211556581316568426e+01
4.276428294181823730e+01 2.700082399975585190e+00 1.382561799981688822e+01
4.279749345779418945e+01 2.592079103976562049e+00 1.301559327982421621e+01
4.282853627204895020e+01 2.722083071382793484e+00 1.399062303537095175e+01
4.284190392494201660e+01 2.688082033753471656e+00 1.373561525315103715e+01
4.285542154312133789e+01 2.666081362346262917e+00 1.357061021759697184e+01
4.288112354278564453e+01 2.680081789605395670e+00 1.367561342204046682e+01
4.293341183662414551e+01 2.734083437604907463e+00 1.408062578203680637e+01
4.295015120506286621e+01 2.678081728568376452e+00 1.366061296426282290e+01
4.296520829200744629e+01 2.648080813013092616e+00 1.343560609759819435e+01
4.298480892181396484e+01 2.646080751976073397e+00 1.342060563982055044e+01
4.300260496139526367e+01 2.720083010345774710e+00 1.397562257759330961e+01
4.301673078536987305e+01 2.752083986938078208e+00 1.421562990203558741e+01
4.305541372299194336e+01 2.730083315530869470e+00 1.405062486648152031e+01
4.311385464668273926e+01 2.748083864864040216e+00 1.418562898648030135e+01
4.317291665077209473e+01 2.610079653309732350e+00 1.315059739982299192e+01
4.318592977523803711e+01 2.614079775383770343e+00 1.318059831537827797e+01
4.320811486244201660e+01 2.698082338938566416e+00 1.381061754203924785e+01
4.323760724067687988e+01 2.636080446790978637e+00 1.334560335093233974e+01
4.326221919059753418e+01 2.670081484420300910e+00 1.360061113315225612e+01
4.327588057518005371e+01 2.680081789605395670e+00 1.367561342204046682e+01
4.329050898551940918e+01 2.658081118198186932e+00 1.351060838648640150e+01
4.330445528030395508e+01 2.630080263679921870e+00 1.330060197759941332e+01
4.333577728271484375e+01 2.708082644123661176e+00 1.388561983092745855e+01
4.336821579933166504e+01 2.726083193456831477e+00 1.402062395092623603e+01
4.337949824333190918e+01 2.598079287087618372e+00 1.306059465315713730e+01
4.339218759536743164e+01 2.720083010345774710e+00 1.397562257759330961e+01
4.341047239303588867e+01 2.634080385753959863e+00 1.333060289315469937e+01
4.342588520050048828e+01 2.618079897457807892e+00 1.321059923093355870e+01
4.344329571723937988e+01 2.618079897457807892e+00 1.321059923093355870e+01
4.347698926925659180e+01 2.702082461012603964e+00 1.384061845759453035e+01
4.352692747116088867e+01 2.704082522049623183e+00 1.385561891537217427e+01
4.355694603919982910e+01 2.648080813013092616e+00 1.343560609759819435e+01
4.361317729949951172e+01 2.682081850642414445e+00 1.369061387981810896e+01
4.363279724121093750e+01 2.626080141605883878e+00 1.327060106204412904e+01
4.365854740142822266e+01 2.622080019531845885e+00 1.324060014648884476e+01
4.368979144096374512e+01 2.676081667531358121e+00 1.364561250648518609e+01
4.370441269874572754e+01 2.632080324716941089e+00 1.331560243537705901e+01
4.372315621376037598e+01 2.730083315530869470e+00 1.405062486648152031e+01
4.373863530158996582e+01 2.704082522049623183e+00 1.385561891537217427e+01
4.379091143608093262e+01 2.736083498641926681e+00 1.409562623981445029e+01
4.380747365951538086e+01 2.642080629902035405e+00 1.339060472426526616e+01
4.382188725471496582e+01 2.684081911679433663e+00 1.370561433759575287e+01
4.383643746376037598e+01 2.724083132419812703e+00 1.400562349314859567e+01
4.384979414939880371e+01 2.686081972716452437e+00 1.372061479537339324e+01
4.386365222930908203e+01 2.644080690939054623e+00 1.340560518204291007e+01
4.388138437271118164e+01 2.666081362346262917e+00 1.357061021759697184e+01
4.389585518836975098e+01 2.708082644123661176e+00 1.388561983092745855e+01
4.396124339103698730e+01 2.704082522049623183e+00 1.385561891537217427e+01
4.399109244346618652e+01 2.506076479384747202e+00 1.237057359538560419e+01
4.404714488983154297e+01 2.658081118198186932e+00 1.351060838648640150e+01
4.406113529205322266e+01 2.608079592272713576e+00 1.313559694204535155e+01
4.407847857475280762e+01 2.702082461012603964e+00 1.384061845759453035e+01
4.410808777809143066e+01 2.738083559678945456e+00 1.411062669759209065e+01
4.413694167137145996e+01 2.580078737754448071e+00 1.292559053315835982e+01
4.416539883613586426e+01 2.712082766197699168e+00 1.391562074648274461e+01
4.420790600776672363e+01 2.590079042939542830e+00 1.300059282204657052e+01
4.422788953781127930e+01 2.652080935087130609e+00 1.346560701315348041e+01
4.426721000671386719e+01 2.674081606494338903e+00 1.363061204870754217e+01
4.429033923149108887e+01 2.578078676717428852e+00 1.291059007538071590e+01
4.430384516716003418e+01 2.628080202642903096e+00 1.328560151982177295e+01
4.431944727897644043e+01 2.716082888271737161e+00 1.394562166203802889e+01
4.434601116180419922e+01 2.698082338938566416e+00 1.381061754203924785e+01
4.439178848266601562e+01 2.638080507827997412e+00 1.336060380870998010e+01
4.440676879882812500e+01 2.626080141605883878e+00 1.327060106204412904e+01
4.442873334884643555e+01 2.692082155827509649e+00 1.376561616870632321e+01
4.444704127311706543e+01 2.636080446790978637e+00 1.334560335093233974e+01
4.445958662033081055e+01 2.692082155827509649e+00 1.376561616870632321e+01
4.447283220291137695e+01 2.718082949308755936e+00 1.396062211981566925e+01
4.451171183586120605e+01 2.580078737754448071e+00 1.292559053315835982e+01
4.457017183303833008e+01 2.670081484420300910e+00 1.360061113315225612e+01
4.462909245491027832e+01 2.624080080568865103e+00 1.325560060426648867e+01
4.464240097999572754e+01 2.594079165013580379e+00 1.303059373760185302e+01
4.466424012184143066e+01 2.730083315530869470e+00 1.405062486648152031e+01
4.470058631896972656e+01 2.696082277901547641e+00 1.379561708426160749e+01
4.473143124580383301e+01 2.666081362346262917e+00 1.357061021759697184e+01
4.474640607833862305e+01 2.634080385753959863e+00 1.333060289315469937e+01
4.476025915145874023e+01 2.696082277901547641e+00 1.379561708426160749e+01
4.478248786926269531e+01 2.726083193456831477e+00 1.402062395092623603e+01
4.481593441963195801e+01 2.732083376567888688e+00 1.406562532425916601e+01
4.483372616767883301e+01 2.724083132419812703e+00 1.400562349314859567e+01
4.484780049324035645e+01 2.586078920865504838e+00 1.297059190649128624e+01
4.486188936233520508e+01 2.656081057161168602e+00 1.349560792870876469e+01
4.490903735160827637e+01 2.736083498641926681e+00 1.409562623981445029e+01
4.492422008514404297e+01 2.670081484420300910e+00 1.360061113315225612e+01
4.499572658538818359e+01 2.642080629902035405e+00 1.339060472426526616e+01
4.502487778663635254e+01 2.740083620715964230e+00 1.412562715536973101e+01
4.508088135719299316e+01 2.686081972716452437e+00 1.372061479537339324e+01
4.509533047676086426e+01 2.744083742790002223e+00 1.415562807092501707e+01
4.512080693244934082e+01 2.768084475234229735e+00 1.433563356425672275e+01
4.516238284111022949e+01 2.652080935087130609e+00 1.346560701315348041e+01
4.518227934837341309e+01 2.710082705160679950e+00 1.390062028870509891e+01
4.519900751113891602e+01 2.656081057161168602e+00 1.349560792870876469e+01
4.521946406364440918e+01 2.718082949308755936e+00 1.396062211981566925e+01
4.524680924415588379e+01 2.772084597308267728e+00 1.436563447981200881e+01
4.529685091972351074e+01 2.652080935087130609e+00 1.346560701315348041e+01
4.531460261344909668e+01 2.738083559678945456e+00 1.411062669759209065e+01
4.532861280441284180e+01 2.678081728568376452e+00 1.366061296426282290e+01
4.534074950218200684e+01 2.680081789605395670e+00 1.367561342204046682e+01
4.535163736343383789e+01 2.762084292123172524e+00 1.429063219092379455e+01
4.536954283714294434e+01 2.694082216864528423e+00 1.378061662648396357e+01
4.538492131233215332e+01 2.688082033753471656e+00 1.373561525315103715e+01
4.545138072967529297e+01 2.676081667531358121e+00 1.364561250648518609e+01
4.548143291473388672e+01 2.758084170049134975e+00 1.426063127536851205e+01
4.553830528259277344e+01 2.710082705160679950e+00 1.390062028870509891e+01
4.555277872085571289e+01 2.692082155827509649e+00 1.376561616870632321e+01
4.557166695594787598e+01 2.738083559678945456e+00 1.411062669759209065e+01
4.560629916191101074e+01 2.726083193456831477e+00 1.402062395092623603e+01
4.563537025451660156e+01 2.692082155827509649e+00 1.376561616870632321e+01
4.566630244255065918e+01 2.754084047975096983e+00 1.423063035981322777e+01
4.570221900939941406e+01 2.672081545457320129e+00 1.361561159092990181e+01
4.572890281677246094e+01 2.772084597308267728e+00 1.436563447981200881e+01
4.577225422859191895e+01 2.660081179235206150e+00 1.352560884426404542e+01
4.578907895088195801e+01 2.660081179235206150e+00 1.352560884426404542e+01
4.580460023880004883e+01 2.622080019531845885e+00 1.324060014648884476e+01
4.582301259040832520e+01 2.740083620715964230e+00 1.412562715536973101e+01
4.588096880912780762e+01 2.686081972716452437e+00 1.372061479537339324e+01
4.589823389053344727e+01 2.788085085604419255e+00 1.448563814203314415e+01
4.591548562049865723e+01 2.730083315530869470e+00 1.405062486648152031e+01
4.593020701408386230e+01 2.674081606494338903e+00 1.363061204870754217e+01
4.594729685783386230e+01 2.642080629902035405e+00 1.339060472426526616e+01
4.596458125114440918e+01 2.712082766197699168e+00 1.391562074648274461e+01
4.601233077049255371e+01 2.582078798791466845e+00 1.294059099093600196e+01
4.607261419296264648e+01 2.698082338938566416e+00 1.381061754203924785e+01
4.613494348526000977e+01 2.592079103976562049e+00 1.301559327982421621e+01
4.614798164367675781e+01 2.632080324716941089e+00 1.331560243537705901e+01
4.617098641395568848e+01 2.678081728568376452e+00 1.366061296426282290e+01
4.621145892143249512e+01 2.676081667531358121e+00 1.364561250648518609e+01
4.623485207557678223e+01 2.706082583086641957e+00 1.387061937314981463e+01
4.625047945976257324e+01 2.706082583086641957e+00 1.387061937314981463e+01
4.626594042778015137e+01 2.582078798791466845e+00 1.294059099093600196e+01
4.628459119796752930e+01 2.728083254493850696e+00 1.403562440870387995e+01
4.632697057723999023e+01 2.726083193456831477e+00 1.402062395092623603e+01
4.634500050544738770e+01 2.670081484420300910e+00 1.360061113315225612e+01
4.636764383316040039e+01 2.750083925901058990e+00 1.420062944425794171e+01
4.638285756111145020e+01 2.682081850642414445e+00 1.369061387981810896e+01
4.639622569084167480e+01 2.766084414197210517e+00 1.432063310647907883e+01
4.641415810585021973e+01 2.700082399975585190e+00 1.382561799981688822e+01
4.642865538597106934e+01 2.664081301309244143e+00 1.355560975981933147e+01
4.649210238456726074e+01 2.672081545457320129e+00 1.361561159092990181e+01
4.652436065673828125e+01 2.668081423383282136e+00 1.358561067537461575e+01
4.657964444160461426e+01 2.676081667531358121e+00 1.364561250648518609e+01
4.659906053543090820e+01 2.738083559678945456e+00 1.411062669759209065e+01
4.662495851516723633e+01 2.754084047975096983e+00 1.423063035981322777e+01
4.664842176437377930e+01 2.726083193456831477e+00 1.402062395092623603e+01
4.666833734512329102e+01 2.680081789605395670e+00 1.367561342204046682e+01
4.668864703178405762e+01 2.656081057161168602e+00 1.349560792870876469e+01
4.670235228538513184e+01 2.692082155827509649e+00 1.376561616870632321e+01
4.675985836982727051e+01 2.672081545457320129e+00 1.361561159092990181e+01
4.677446794509887695e+01 2.750083925901058990e+00 1.420062944425794171e+01
4.678738570213317871e+01 2.670081484420300910e+00 1.360061113315225612e+01
4.680090379714965820e+01 2.674081606494338903e+00 1.363061204870754217e+01
4.682008218765258789e+01 2.704082522049623183e+00 1.385561891537217427e+01
4.683659052848815918e+01 2.760084231086154194e+00 1.427563173314615597e+01
4.685092449188232422e+01 2.722083071382793484e+00 1.399062303537095175e+01
4.689060425758361816e+01 2.648080813013092616e+00 1.343560609759819435e+01
4.694856572151184082e+01 2.688082033753471656e+00 1.373561525315103715e+01
4.700732541084289551e+01 2.692082155827509649e+00 1.376561616870632321e+01
4.702095961570739746e+01 2.682081850642414445e+00 1.369061387981810896e+01
4.704090189933776855e+01 2.724083132419812703e+00 1.400562349314859567e+01
4.707035160064697266e+01 2.750083925901058990e+00 1.420062944425794171e+01
4.709885287284851074e+01 2.686081972716452437e+00 1.372061479537339324e+01
4.713395261764526367e+01 2.742083681752983004e+00 1.414062761314737315e+01
4.716949129104614258e+01 2.672081545457320129e+00 1.361561159092990181e+01
4.719032979011535645e+01 2.672081545457320129e+00 1.361561159092990181e+01
4.723642754554748535e+01 2.618079897457807892e+00 1.321059923093355870e+01
4.725837874412536621e+01 2.744083742790002223e+00 1.415562807092501707e+01
4.727308988571166992e+01 2.714082827234717943e+00 1.393062120426038497e+01
4.728831481933593750e+01 2.636080446790978637e+00 1.334560335093233974e+01
4.731380510330200195e+01 2.660081179235206150e+00 1.352560884426404542e+01
4.735884881019592285e+01 2.704082522049623183e+00 1.385561891537217427e+01
4.737369775772094727e+01 2.738083559678945456e+00 1.411062669759209065e+01
4.739034962654113770e+01 2.714082827234717943e+00 1.393062120426038497e+01
4.741055822372436523e+01 2.662081240272224925e+00 1.354060930204168756e+01
4.743505024909973145e+01 2.692082155827509649e+00 1.376561616870632321e+01
4.750956964492797852e+01 2.712082766197699168e+00 1.391562074648274461e+01
4.753963065147399902e+01 2.710082705160679950e+00 1.390062028870509891e+01
4.759567093849182129e+01 2.700082399975585190e+00 1.382561799981688822e+01
4.760893106460571289e+01 2.666081362346262917e+00 1.357061021759697184e+01
4.763364768028259277e+01 2.700082399975585190e+00 1.382561799981688822e+01
4.768016171455383301e+01 2.660081179235206150e+00 1.352560884426404542e+01
4.769361615180969238e+01 2.752083986938078208e+00 1.421562990203558741e+01
4.770766520500183105e+01 2.668081423383282136e+00 1.358561067537461575e+01
4.772529458999633789e+01 2.680081789605395670e+00 1.367561342204046682e+01
4.777600002288818359e+01 2.726083193456831477e+00 1.402062395092623603e+01
4.779493761062622070e+01 2.776084719382305721e+00 1.439563539536729309e+01
4.781169009208679199e+01 2.676081667531358121e+00 1.364561250648518609e+01
4.782622838020324707e+01 2.640080568865016630e+00 1.337560426648762402e+01
4.784126448631286621e+01 2.740083620715964230e+00 1.412562715536973101e+01
4.785811638832092285e+01 2.762084292123172524e+00 1.429063219092379455e+01
4.787275290489196777e+01 2.710082705160679950e+00 1.390062028870509891e+01
4.794290447235107422e+01 2.598079287087618372e+00 1.306059465315713730e+01
4.797280240058898926e+01 2.672081545457320129e+00 1.361561159092990181e+01
4.802833914756774902e+01 2.708082644123661176e+00 1.388561983092745855e+01
4.804264116287231445e+01 2.620079958494827110e+00 1.322559968871120262e+01
4.806753706932067871e+01 2.718082949308755936e+00 1.396062211981566925e+01
4.811028885841369629e+01 2.746083803827020997e+00 1.417062852870265743e+01
4.812924194335937500e+01 2.588078981902524056e+00 1.298559236426893015e+01
4.814394521713256836e+01 2.688082033753471656e+00 1.373561525315103715e+01
4.819363331794738770e+01 2.670081484420300910e+00 1.360061113315225612e+01
4.822188520431518555e+01 2.740083620715964230e+00 1.412562715536973101e+01
4.824106001853942871e+01 2.744083742790002223e+00 1.415562807092501707e+01
4.825488829612731934e+01 2.754084047975096983e+00 1.423063035981322777e+01
4.827428531646728516e+01 2.672081545457320129e+00 1.361561159092990181e+01
4.829191970825195312e+01 2.722083071382793484e+00 1.399062303537095175e+01
4.831117439270019531e+01 2.598079287087618372e+00 1.306059465315713730e+01
4.837504887580871582e+01 2.738083559678945456e+00 1.411062669759209065e+01
4.840651416778564453e+01 2.718082949308755936e+00 1.396062211981566925e+01
4.846235489845275879e+01 2.658081118198186932e+00 1.351060838648640150e+01
4.847652411460876465e+01 2.724083132419812703e+00 1.400562349314859567e+01
4.849943137168884277e+01 2.784084963530381263e+00 1.445563722647785987e+01
4.852922296524047852e+01 2.770084536271248510e+00 1.435063402203436311e+01
4.855753445625305176e+01 2.626080141605883878e+00 1.327060106204412904e+01
4.858784055709838867e+01 2.778084780419324495e+00 1.441063585314493345e+01
4.862350916862487793e+01 2.580078737754448071e+00 1.292559053315835982e+01
4.864982795715332031e+01 2.694082216864528423e+00 1.378061662648396357e+01
4.868443727493286133e+01 2.762084292123172524e+00 1.429063219092379455e+01
4.870628023147583008e+01 2.680081789605395670e+00 1.367561342204046682e+01
4.872474884986877441e+01 2.656081057161168602e+00 1.349560792870876469e+01
4.873933744430541992e+01 2.750083925901058990e+00 1.420062944425794171e+01
4.879248070716857910e+01 2.762084292123172524e+00 1.429063219092379455e+01
4.881539535522460938e+01 2.640080568865016630e+00 1.337560426648762402e+01
4.883320617675781250e+01 2.674081606494338903e+00 1.363061204870754217e+01
4.884839582443237305e+01 2.634080385753959863e+00 1.333060289315469937e+01
4.886399340629577637e+01 2.690082094790490430e+00 1.375061571092867752e+01
4.887861418724060059e+01 2.758084170049134975e+00 1.426063127536851205e+01
4.892414355278015137e+01 2.738083559678945456e+00 1.411062669759209065e+01
4.897601914405822754e+01 2.660081179235206150e+00 1.352560884426404542e+01
4.898983144760131836e+01 2.712082766197699168e+00 1.391562074648274461e+01
4.904450988769531250e+01 2.648080813013092616e+00 1.343560609759819435e+01
4.905789637565612793e+01 2.718082949308755936e+00 1.396062211981566925e+01
4.908273911476135254e+01 2.774084658345286503e+00 1.438063493758964917e+01
4.912587928771972656e+01 2.690082094790490430e+00 1.375061571092867752e+01
4.914384460449218750e+01 2.738083559678945456e+00 1.411062669759209065e+01
4.915705108642578125e+01 2.764084353160191743e+00 1.430563264870143847e+01
4.917139005661010742e+01 2.710082705160679950e+00 1.390062028870509891e+01
4.921302843093872070e+01 2.626080141605883878e+00 1.327060106204412904e+01
4.923842668533325195e+01 2.716082888271737161e+00 1.394562166203802889e+01
4.925623679161071777e+01 2.774084658345286503e+00 1.438063493758964917e+01
4.926971220970153809e+01 2.696082277901547641e+00 1.379561708426160749e+01
4.928332781791687012e+01 2.678081728568376452e+00 1.366061296426282290e+01
4.929740118980407715e+01 2.770084536271248510e+00 1.435063402203436311e+01
4.930977630615234375e+01 2.702082461012603964e+00 1.384061845759453035e+01
4.934612727165222168e+01 2.644080690939054623e+00 1.340560518204291007e+01
4.939479804039001465e+01 2.608079592272713576e+00 1.313559694204535155e+01
4.942507171630859375e+01 2.744083742790002223e+00 1.415562807092501707e+01
4.948152422904968262e+01 2.644080690939054623e+00 1.340560518204291007e+01
4.950088524818420410e+01 2.736083498641926681e+00 1.409562623981445029e+01
4.952687168121337891e+01 2.770084536271248510e+00 1.435063402203436311e+01
4.955046987533569336e+01 2.732083376567888688e+00 1.406562532425916601e+01
4.957137799263000488e+01 2.658081118198186932e+00 1.351060838648640150e+01
4.958504319190979004e+01 2.606079531235694358e+00 1.312059648426770764e+01
4.959998226165771484e+01 2.756084109012116201e+00 1.424563081759087169e+01
4.961247301101684570e+01 2.712082766197699168e+00 1.391562074648274461e+01
4.967046570777893066e+01 2.658081118198186932e+00 1.351060838648640150e+01
4.968552279472351074e+01 2.662081240272224925e+00 1.354060930204168756e+01
4.970084214210510254e+01 2.712082766197699168e+00 1.391562074648274461e+01
4.971837663650512695e+01 2.766084414197210517e+00 1.432063310647907883e+01
4.973407864570617676e+01 2.762084292123172524e+00 1.429063219092379455e+01
4.974869728088378906e+01 2.670081484420300910e+00 1.360061113315225612e+01
4.977477574348449707e+01 2.670081484420300910e+00 1.360061113315225612e+01
4.985558891296386719e+01 2.776084719382305721e+00 1.439563539536729309e+01
4.991366386413574219e+01 2.668081423383282136e+00 1.358561067537461575e+01
4.992738437652587891e+01 2.648080813013092616e+00 1.343560609759819435e+01
4.995636653900146484e+01 2.652080935087130609e+00 1.346560701315348041e+01
4.998546075820922852e+01 2.726083193456831477e+00 1.402062395092623603e+01
5.001607871055603027e+01 2.440074465163121431e+00 1.187555848872341002e+01
5.006750082969665527e+01 2.744083742790002223e+00 1.415562807092501707e+01
5.008041143417358398e+01 2.624080080568865103e+00 1.325560060426648867e+01
5.011161494255065918e+01 2.712082766197699168e+00 1.391562074648274461e+01
5.013292407989501953e+01 2.538077455977050256e+00 1.261058091982787666e+01
5.015710735321044922e+01 2.750083925901058990e+00 1.420062944425794171e+01
5.016977000236511230e+01 2.470075380718405711e+00 1.210056535538804212e+01
5.018618559837341309e+01 2.674081606494338903e+00 1.363061204870754217e+01
5.020524978637695312e+01 2.692082155827509649e+00 1.376561616870632321e+01
5.024576544761657715e+01 2.662081240272224925e+00 1.354060930204168756e+01
5.026413559913635254e+01 2.596079226050599598e+00 1.304559419537949694e+01
5.027777123451232910e+01 2.748083864864040216e+00 1.418562898648030135e+01
5.029551458358764648e+01 2.660081179235206150e+00 1.352560884426404542e+01
5.031002259254455566e+01 2.648080813013092616e+00 1.343560609759819435e+01
5.032355237007141113e+01 2.658081118198186932e+00 1.351060838648640150e+01
5.033931136131286621e+01 2.744083742790002223e+00 1.415562807092501707e+01
5.038249778747558594e+01 2.462075136570330169e+00 1.204056352427747711e+01
5.044003844261169434e+01 2.686081972716452437e+00 1.372061479537339324e+01
5.049953055381774902e+01 2.664081301309244143e+00 1.355560975981933147e+01
5.051264619827270508e+01 2.676081667531358121e+00 1.364561250648518609e+01
5.054451179504394531e+01 2.714082827234717943e+00 1.393062120426038497e+01
5.057333302497863770e+01 2.582078798791466845e+00 1.294059099093600196e+01
5.059332251548767090e+01 2.672081545457320129e+00 1.361561159092990181e+01
5.061461758613586426e+01 2.610079653309732350e+00 1.315059739982299192e+01
5.063339114189147949e+01 2.640080568865016630e+00 1.337560426648762402e+01
5.068916773796081543e+01 2.648080813013092616e+00 1.343560609759819435e+01
5.070386290550231934e+01 2.658081118198186932e+00 1.351060838648640150e+01
5.072294878959655762e+01 2.674081606494338903e+00 1.363061204870754217e+01
5.073805308341979980e+01 2.716082888271737161e+00 1.394562166203802889e+01
5.075542116165161133e+01 2.714082827234717943e+00 1.393062120426038497e+01
5.076971530914306641e+01 2.672081545457320129e+00 1.361561159092990181e+01
5.078315472602844238e+01 2.626080141605883878e+00 1.327060106204412904e+01
5.082148718833923340e+01 2.724083132419812703e+00 1.400562349314859567e+01
5.088146567344665527e+01 2.646080751976073397e+00 1.342060563982055044e+01
5.094096231460571289e+01 2.706082583086641957e+00 1.387061937314981463e+01
5.095422577857971191e+01 2.696082277901547641e+00 1.379561708426160749e+01
5.097818136215209961e+01 2.708082644123661176e+00 1.388561983092745855e+01
5.102410149574279785e+01 2.624080080568865103e+00 1.325560060426648867e+01
5.103791666030883789e+01 2.716082888271737161e+00 1.394562166203802889e+01
5.105630326271057129e+01 2.706082583086641957e+00 1.387061937314981463e+01
5.107049250602722168e+01 2.668081423383282136e+00 1.358561067537461575e+01
5.112277126312255859e+01 2.708082644123661176e+00 1.388561983092745855e+01
5.113739180564880371e+01 2.732083376567888688e+00 1.406562532425916601e+01
5.115656971931457520e+01 2.716082888271737161e+00 1.394562166203802889e+01
5.117495560646057129e+01 2.638080507827997412e+00 1.336060380870998010e+01
5.119812679290771484e+01 2.652080935087130609e+00 1.346560701315348041e+01
5.121340560913085938e+01 2.694082216864528423e+00 1.378061662648396357e+01
5.125098037719726562e+01 2.708082644123661176e+00 1.388561983092745855e+01
5.131030654907226562e+01 2.650080874050111390e+00 1.345060655537583472e+01
5.137057280540466309e+01 2.614079775383770343e+00 1.318059831537827797e+01
5.138406777381896973e+01 2.600079348124637590e+00 1.307559511093478122e+01
5.141611313819885254e+01 2.636080446790978637e+00 1.334560335093233974e+01
5.144533109664916992e+01 2.710082705160679950e+00 1.390062028870509891e+01
5.147569966316223145e+01 2.650080874050111390e+00 1.345060655537583472e+01
5.150300860404968262e+01 2.716082888271737161e+00 1.394562166203802889e+01
5.153389883041381836e+01 2.716082888271737161e+00 1.394562166203802889e+01
5.155340576171875000e+01 2.622080019531845885e+00 1.324060014648884476e+01
5.158940052986145020e+01 2.686081972716452437e+00 1.372061479537339324e+01
5.161093592643737793e+01 2.636080446790978637e+00 1.334560335093233974e+01
5.162708449363708496e+01 2.640080568865016630e+00 1.337560426648762402e+01
5.164123845100402832e+01 2.660081179235206150e+00 1.352560884426404542e+01
5.165614867210388184e+01 2.734083437604907463e+00 1.408062578203680637e+01
5.171678996086120605e+01 2.692082155827509649e+00 1.376561616870632321e+01
5.173461604118347168e+01 2.698082338938566416e+00 1.381061754203924785e+01
5.175048613548278809e+01 2.640080568865016630e+00 1.337560426648762402e+01
5.176830911636352539e+01 2.610079653309732350e+00 1.315059739982299192e+01
5.178528618812561035e+01 2.624080080568865103e+00 1.325560060426648867e+01
5.180835390090942383e+01 2.652080935087130609e+00 1.346560701315348041e+01
5.186956501007080078e+01 2.628080202642903096e+00 1.328560151982177295e+01
5.190110588073730469e+01 2.744083742790002223e+00 1.415562807092501707e+01
5.195668888092041016e+01 2.672081545457320129e+00 1.361561159092990181e+01
5.196983242034912109e+01 2.616079836420789118e+00 1.319559877315591834e+01
5.199922704696655273e+01 2.722083071382793484e+00 1.399062303537095175e+01
5.203898119926452637e+01 2.648080813013092616e+00 1.343560609759819435e+01
5.205422735214233398e+01 2.594079165013580379e+00 1.303059373760185302e+01
5.206895613670349121e+01 2.642080629902035405e+00 1.339060472426526616e+01
5.208116126060485840e+01 2.664081301309244143e+00 1.355560975981933147e+01
5.212630605697631836e+01 2.706082583086641957e+00 1.387061937314981463e+01
5.216029882431030273e+01 2.632080324716941089e+00 1.331560243537705901e+01
5.218928289413452148e+01 2.752083986938078208e+00 1.421562990203558741e+01
5.220355486869812012e+01 2.688082033753471656e+00 1.373561525315103715e+01
5.221750426292419434e+01 2.774084658345286503e+00 1.438063493758964917e+01
5.223533821105957031e+01 2.756084109012116201e+00 1.424563081759087169e+01
5.227849698066711426e+01 2.612079714346751569e+00 1.316559785760063761e+01
5.233159828186035156e+01 2.748083864864040216e+00 1.418562898648030135e+01
5.234590363502502441e+01 2.660081179235206150e+00 1.352560884426404542e+01
5.240103173255920410e+01 2.672081545457320129e+00 1.361561159092990181e+01
5.241488432884216309e+01 2.740083620715964230e+00 1.412562715536973101e+01
5.244406270980834961e+01 2.742083681752983004e+00 1.414062761314737315e+01
5.248409795761108398e+01 2.672081545457320129e+00 1.361561159092990181e+01
5.250365257263183594e+01 2.710082705160679950e+00 1.390062028870509891e+01
5.251938319206237793e+01 2.714082827234717943e+00 1.393062120426038497e+01
5.254222702980041504e+01 2.752083986938078208e+00 1.421562990203558741e+01
5.258449578285217285e+01 2.732083376567888688e+00 1.406562532425916601e+01
5.260547542572021484e+01 2.704082522049623183e+00 1.385561891537217427e+01
5.262161993980407715e+01 2.734083437604907463e+00 1.408062578203680637e+01
5.264337873458862305e+01 2.732083376567888688e+00 1.406562532425916601e+01
5.266027212142944336e+01 2.740083620715964230e+00 1.412562715536973101e+01
5.268350076675415039e+01 2.770084536271248510e+00 1.435063402203436311e+01
5.274880313873291016e+01 2.734083437604907463e+00 1.408062578203680637e+01
5.277879381179809570e+01 2.750083925901058990e+00 1.420062944425794171e+01
5.283382964134216309e+01 2.746083803827020997e+00 1.417062852870265743e+01
5.285400366783142090e+01 2.664081301309244143e+00 1.355560975981933147e+01
5.287038183212280273e+01 2.638080507827997412e+00 1.336060380870998010e+01
5.289906406402587891e+01 2.676081667531358121e+00 1.364561250648518609e+01
5.292755651473999023e+01 2.774084658345286503e+00 1.438063493758964917e+01
5.295784521102905273e+01 2.606079531235694358e+00 1.312059648426770764e+01
5.299350714683532715e+01 2.780084841456343714e+00 1.442563631092257737e+01
5.301971387863159180e+01 2.644080690939054623e+00 1.340560518204291007e+01
5.305192518234252930e+01 2.626080141605883878e+00 1.327060106204412904e+01
5.307797837257385254e+01 2.694082216864528423e+00 1.378061662648396357e+01
5.309050774574279785e+01 2.738083559678945456e+00 1.411062669759209065e+01
5.310578107833862305e+01 2.676081667531358121e+00 1.364561250648518609e+01
5.312340855598449707e+01 2.694082216864528423e+00 1.378061662648396357e+01
5.317284321784973145e+01 2.706082583086641957e+00 1.387061937314981463e+01
5.318548774719238281e+01 2.622080019531845885e+00 1.324060014648884476e+01
5.320093226432800293e+01 2.686081972716452437e+00 1.372061479537339324e+01
5.321671390533447266e+01 2.768084475234229735e+00 1.433563356425672275e+01
5.322930765151977539e+01 2.696082277901547641e+00 1.379561708426160749e+01
5.324297523498535156e+01 2.670081484420300910e+00 1.360061113315225612e+01
5.325789523124694824e+01 2.768084475234229735e+00 1.433563356425672275e+01
5.330086755752563477e+01 2.730083315530869470e+00 1.405062486648152031e+01
5.336004328727722168e+01 2.712082766197699168e+00 1.391562074648274461e+01
5.342001342773437500e+01 2.726083193456831477e+00 1.402062395092623603e+01
5.343347477912902832e+01 2.712082766197699168e+00 1.391562074648274461e+01
5.346395063400268555e+01 2.774084658345286503e+00 1.438063493758964917e+01
5.350978469848632812e+01 2.682081850642414445e+00 1.369061387981810896e+01
5.352559018135070801e+01 2.690082094790490430e+00 1.375061571092867752e+01
5.353704476356506348e+01 2.742083681752983004e+00 1.414062761314737315e+01
5.355486750602722168e+01 2.750083925901058990e+00 1.420062944425794171e+01
5.359341883659362793e+01 2.658081118198186932e+00 1.351060838648640150e+01
5.362115693092346191e+01 2.754084047975096983e+00 1.423063035981322777e+01
5.363652634620666504e+01 2.766084414197210517e+00 1.432063310647907883e+01
5.365011453628540039e+01 2.702082461012603964e+00 1.384061845759453035e+01
5.366327142715454102e+01 2.668081423383282136e+00 1.358561067537461575e+01
5.368129420280456543e+01 2.704082522049623183e+00 1.385561891537217427e+01
5.369313001632690430e+01 2.690082094790490430e+00 1.375061571092867752e+01
5.371185684204101562e+01 2.660081179235206150e+00 1.352560884426404542e+01
5.377297329902648926e+01 2.608079592272713576e+00 1.313559694204535155e+01
5.380430173873901367e+01 2.744083742790002223e+00 1.415562807092501707e+01
5.386066150665283203e+01 2.684081911679433663e+00 1.370561433759575287e+01
5.387484073638916016e+01 2.726083193456831477e+00 1.402062395092623603e+01
5.390043473243713379e+01 2.752083986938078208e+00 1.421562990203558741e+01
5.394692325592041016e+01 2.720083010345774710e+00 1.397562257759330961e+01
5.396821117401123047e+01 2.638080507827997412e+00 1.336060380870998010e+01
5.398637485504150391e+01 2.638080507827997412e+00 1.336060380870998010e+01
5.402590370178222656e+01 2.674081606494338903e+00 1.363061204870754217e+01
5.404739761352539062e+01 2.642080629902035405e+00 1.339060472426526616e+01
5.405919742584228516e+01 2.718082949308755936e+00 1.396062211981566925e+01
5.407677006721496582e+01 2.750083925901058990e+00 1.420062944425794171e+01
