1.123753399848937988e+02 2.280069582201605716e+00 1.067552186651204238e+01
1.123941457271575928e+02 2.298070131534776017e+00 1.081052598651081986e+01
1.124088983535766602e+02 2.340071413312173831e+00 1.112553559984130302e+01
1.124203457832336426e+02 2.330071108127079071e+00 1.105053331095309233e+01
1.124313161373138428e+02 2.346071596423230599e+00 1.117053697317422944e+01
1.124426708221435547e+02 2.338071352275155057e+00 1.111053514206366266e+01
1.124582147598266602e+02 2.340071413312173831e+00 1.112553559984130302e+01
1.124767220020294189e+02 2.378072573015534097e+00 1.141054429761650546e+01
1.124885845184326172e+02 2.416073732718893918e+00 1.169555299539170434e+01
1.125013267993927002e+02 2.340071413312173831e+00 1.112553559984130302e+01
1.125188817977905273e+02 2.358071962645344577e+00 1.126053971984008406e+01
1.125548369884490967e+02 2.338071352275155057e+00 1.111053514206366266e+01
1.125943663120269775e+02 2.338071352275155057e+00 1.111053514206366266e+01
1.126122591495513916e+02 2.398073183385723617e+00 1.156054887539292686e+01
1.126266124248504639e+02 2.414073671681875144e+00 1.168055253761406398e+01
1.126399188041687012e+02 2.344071535386211380e+00 1.115553651539658553e+01
1.126558287143707275e+02 2.322070863979003530e+00 1.099053147984252732e+01
1.126690626144409180e+02 2.398073183385723617e+00 1.156054887539292686e+01
1.126846249103546143e+02 2.364072145756401344e+00 1.130554109317301048e+01
1.126995503902435303e+02 2.338071352275155057e+00 1.111053514206366266e+01
1.128110234737396240e+02 2.334071230201117064e+00 1.108053422650837838e+01
1.128708627223968506e+02 2.372072389904476886e+00 1.136554292428357726e+01
1.128836567401885986e+02 2.356071901608325359e+00 1.124553926206244014e+01
1.129061565399169922e+02 2.332071169164097846e+00 1.106553376873073447e+01
1.129352982044219971e+02 2.346071596423230599e+00 1.117053697317422944e+01
1.129657366275787354e+02 2.380072634052552871e+00 1.142554475539414582e+01
1.129805445671081543e+02 2.348071657460249373e+00 1.118553743095186981e+01
1.129928350448608398e+02 2.364072145756401344e+00 1.130554109317301048e+01
1.130056223869323730e+02 2.382072695089572090e+00 1.144054521317179152e+01
1.130207664966583252e+02 2.334071230201117064e+00 1.108053422650837838e+01
1.130660533905029297e+02 2.348071657460249373e+00 1.118553743095186981e+01
1.130901994705200195e+02 2.346071596423230599e+00 1.117053697317422944e+01
1.131069672107696533e+02 2.396073122348704398e+00 1.154554841761528294e+01
1.131252367496490479e+02 2.380072634052552871e+00 1.142554475539414582e+01
1.131373519897460938e+02 2.332071169164097846e+00 1.106553376873073447e+01
1.131485719680786133e+02 2.396073122348704398e+00 1.154554841761528294e+01
1.131615390777587891e+02 2.372072389904476886e+00 1.136554292428357726e+01
1.131750960350036621e+02 2.348071657460249373e+00 1.118553743095186981e+01
1.131882617473602295e+02 2.408073488570817933e+00 1.163555116428113401e+01
1.132133224010467529e+02 2.386072817163609638e+00 1.147054612872707224e+01
1.132752273082733154e+02 2.358071962645344577e+00 1.126053971984008406e+01
1.133056147098541260e+02 2.338071352275155057e+00 1.111053514206366266e+01
1.133614666461944580e+02 2.374072450941496104e+00 1.138054338206122118e+01
1.133815553188323975e+02 2.312070558793908326e+00 1.091552919095431307e+01
1.133982107639312744e+02 2.366072206793420118e+00 1.132054155095065084e+01
1.134271438121795654e+02 2.350071718497268591e+00 1.120053788872951372e+01
1.134561200141906738e+02 2.380072634052552871e+00 1.142554475539414582e+01
1.134863069057464600e+02 2.362072084719382570e+00 1.129054063539537012e+01
1.135216975212097168e+02 2.370072328867458111e+00 1.135054246650593512e+01
1.135474922657012939e+02 2.348071657460249373e+00 1.118553743095186981e+01
1.135904233455657959e+02 2.354071840571306584e+00 1.123053880428479978e+01
1.136062746047973633e+02 2.410073549607837151e+00 1.165055162205877792e+01
1.136185762882232666e+02 2.336071291238135839e+00 1.109553468428601875e+01
1.136332333087921143e+02 2.366072206793420118e+00 1.132054155095065084e+01
1.136462209224700928e+02 2.412073610644855925e+00 1.166555207983642006e+01
1.136914856433868408e+02 2.326070986053041079e+00 1.102053239539780805e+01
1.137188532352447510e+02 2.404073366496780384e+00 1.160555024872585328e+01
1.137356085777282715e+02 2.342071474349193050e+00 1.114053605761894872e+01
1.137504680156707764e+02 2.368072267830438893e+00 1.133554200872829121e+01
1.137631299495697021e+02 2.386072817163609638e+00 1.147054612872707224e+01
1.137802848815917969e+02 2.336071291238135839e+00 1.109553468428601875e+01
1.137950010299682617e+02 2.346071596423230599e+00 1.117053697317422944e+01
1.138071436882019043e+02 2.408073488570817933e+00 1.163555116428113401e+01
1.138213453292846680e+02 2.340071413312173831e+00 1.112553559984130302e+01
1.138565251827239990e+02 2.344071535386211380e+00 1.115553651539658553e+01
1.139264128208160400e+02 2.404073366496780384e+00 1.160555024872585328e+01
1.139852435588836670e+02 2.316070680867946319e+00 1.094553010650959735e+01
1.139986124038696289e+02 2.312070558793908326e+00 1.091552919095431307e+01
1.140267620086669922e+02 2.348071657460249373e+00 1.118553743095186981e+01
1.140594575405120850e+02 2.348071657460249373e+00 1.118553743095186981e+01
1.140865018367767334e+02 2.338071352275155057e+00 1.111053514206366266e+01
1.141051499843597412e+02 2.328071047090059853e+00 1.103553285317544841e+01
1.141176569461822510e+02 2.336071291238135839e+00 1.109553468428601875e+01
1.141322770118713379e+02 2.382072695089572090e+00 1.144054521317179152e+01
1.141961643695831299e+02 2.326070986053041079e+00 1.102053239539780805e+01
1.142135334014892578e+02 2.392073000274666406e+00 1.151554750205999866e+01
1.142309455871582031e+02 2.400073244422742391e+00 1.157554933317056722e+01
1.142453367710113525e+02 2.396073122348704398e+00 1.154554841761528294e+01
1.142583904266357422e+02 2.336071291238135839e+00 1.109553468428601875e+01
1.142739822864532471e+02 2.330071108127079071e+00 1.105053331095309233e+01
1.142903017997741699e+02 2.392073000274666406e+00 1.151554750205999866e+01
1.143348987102508545e+02 2.362072084719382570e+00 1.129054063539537012e+01
1.144060902595520020e+02 2.402073305459761610e+00 1.159054979094821292e+01
1.144656579494476318e+02 2.324070925016021860e+00 1.100553193762016413e+01
1.144791476726531982e+02 2.314070619830927544e+00 1.093052964873195698e+01
1.145079491138458252e+02 2.346071596423230599e+00 1.117053697317422944e+01
1.145379228591918945e+02 2.380072634052552871e+00 1.142554475539414582e+01
1.145617296695709229e+02 2.340071413312173831e+00 1.112553559984130302e+01
1.145778264999389648e+02 2.316070680867946319e+00 1.094553010650959735e+01
1.145928971767425537e+02 2.346071596423230599e+00 1.117053697317422944e+01
1.146081538200378418e+02 2.406073427533799602e+00 1.162055070650349720e+01
1.146648056507110596e+02 2.330071108127079071e+00 1.105053331095309233e+01
1.146784145832061768e+02 2.332071169164097846e+00 1.106553376873073447e+01
1.147064352035522461e+02 2.310070497756889552e+00 1.090052873317667093e+01
1.147209248542785645e+02 2.354071840571306584e+00 1.123053880428479978e+01
1.147341325283050537e+02 2.354071840571306584e+00 1.123053880428479978e+01
1.147525768280029297e+02 2.346071596423230599e+00 1.117053697317422944e+01
1.147703831195831299e+02 2.398073183385723617e+00 1.156054887539292686e+01
1.148114547729492188e+02 2.388072878200628413e+00 1.148554658650471261e+01
1.148826422691345215e+02 2.366072206793420118e+00 1.132054155095065084e+01
1.149414696693420410e+02 2.332071169164097846e+00 1.106553376873073447e+01
1.149552106857299805e+02 2.304070314645832784e+00 1.085552735984374628e+01
1.149795598983764648e+02 2.364072145756401344e+00 1.130554109317301048e+01
1.150094118118286133e+02 2.330071108127079071e+00 1.105053331095309233e+01
1.150380966663360596e+02 2.404073366496780384e+00 1.160555024872585328e+01
1.150687453746795654e+02 2.334071230201117064e+00 1.108053422650837838e+01
1.151045241355895996e+02 2.402073305459761610e+00 1.159054979094821292e+01
1.151302347183227539e+02 2.338071352275155057e+00 1.111053514206366266e+01
1.151650290489196777e+02 2.336071291238135839e+00 1.109553468428601875e+01
1.151844770908355713e+02 2.348071657460249373e+00 1.118553743095186981e+01
1.152012820243835449e+02 2.356071901608325359e+00 1.124553926206244014e+01
1.152136483192443848e+02 2.350071718497268591e+00 1.120053788872951372e+01
1.152285556793212891e+02 2.402073305459761610e+00 1.159054979094821292e+01
1.152452871799468994e+02 2.368072267830438893e+00 1.133554200872829121e+01
1.152927517890930176e+02 2.404073366496780384e+00 1.160555024872585328e+01
1.153094184398651123e+02 2.410073549607837151e+00 1.165055162205877792e+01
1.153248753547668457e+02 2.392073000274666406e+00 1.151554750205999866e+01
1.153379986286163330e+02 2.340071413312173831e+00 1.112553559984130302e+01
1.153605899810791016e+02 2.330071108127079071e+00 1.105053331095309233e+01
1.153755102157592773e+02 2.346071596423230599e+00 1.117053697317422944e+01
1.153933713436126709e+02 2.396073122348704398e+00 1.154554841761528294e+01
1.154118938446044922e+02 2.388072878200628413e+00 1.148554658650471261e+01
1.154863226413726807e+02 2.406073427533799602e+00 1.162055070650349720e+01
1.155180733203887939e+02 2.380072634052552871e+00 1.142554475539414582e+01
1.155740332603454590e+02 2.316070680867946319e+00 1.094553010650959735e+01
1.155876741409301758e+02 2.390072939237647631e+00 1.150054704428235652e+01
1.156155323982238770e+02 2.374072450941496104e+00 1.138054338206122118e+01
1.156614625453948975e+02 2.120064699240089112e+00 9.475485244300667631e+00
1.156748807430267334e+02 2.322070863979003530e+00 1.099053147984252732e+01
1.156897037029266357e+02 2.378072573015534097e+00 1.141054429761650546e+01
1.157006053924560547e+02 2.358071962645344577e+00 1.126053971984008406e+01
1.157172889709472656e+02 2.328071047090059853e+00 1.103553285317544841e+01
1.157720384597778320e+02 2.376072511978514878e+00 1.139554383983886154e+01
1.157878069877624512e+02 2.390072939237647631e+00 1.150054704428235652e+01
1.158027956485748291e+02 2.370072328867458111e+00 1.135054246650593512e+01
1.158161113262176514e+02 2.324070925016021860e+00 1.100553193762016413e+01
1.158299269676208496e+02 2.284069704275643264e+00 1.070552278206732488e+01
1.158495256900787354e+02 2.374072450941496104e+00 1.138054338206122118e+01
1.158662633895874023e+02 2.392073000274666406e+00 1.151554750205999866e+01
1.158808891773223877e+02 2.350071718497268591e+00 1.120053788872951372e+01
1.159637577533721924e+02 2.148065553758354618e+00 9.685491653187659367e+00
1.159950361251831055e+02 2.380072634052552871e+00 1.142554475539414582e+01
1.160514302253723145e+02 2.344071535386211380e+00 1.115553651539658553e+01
1.160654067993164062e+02 2.350071718497268591e+00 1.120053788872951372e+01
1.160876142978668213e+02 2.216067629016999163e+00 1.019550721762749390e+01
1.161232972145080566e+02 2.318070741904965537e+00 1.096053056428724126e+01
1.161443655490875244e+02 2.328071047090059853e+00 1.103553285317544841e+01
1.161585969924926758e+02 2.328071047090059853e+00 1.103553285317544841e+01
1.161735687255859375e+02 2.326070986053041079e+00 1.102053239539780805e+01
1.161904942989349365e+02 2.390072939237647631e+00 1.150054704428235652e+01
1.162496926784515381e+02 2.338071352275155057e+00 1.111053514206366266e+01
1.162633676528930664e+02 2.354071840571306584e+00 1.123053880428479978e+01
1.162850232124328613e+02 2.326070986053041079e+00 1.102053239539780805e+01
1.163014454841613770e+02 2.332071169164097846e+00 1.106553376873073447e+01
1.163168287277221680e+02 2.328071047090059853e+00 1.103553285317544841e+01
1.163303067684173584e+02 2.360072023682363351e+00 1.127554017761772442e+01
1.163451385498046875e+02 2.364072145756401344e+00 1.130554109317301048e+01
1.163588767051696777e+02 2.312070558793908326e+00 1.091552919095431307e+01
1.164002192020416260e+02 2.306070375682851559e+00 1.087052781762138665e+01
1.164731700420379639e+02 2.328071047090059853e+00 1.103553285317544841e+01
1.165336680412292480e+02 2.354071840571306584e+00 1.123053880428479978e+01
1.165469529628753662e+02 2.362072084719382570e+00 1.129054063539537012e+01
1.165612719058990479e+02 2.338071352275155057e+00 1.111053514206366266e+01
1.165785374641418457e+02 2.320070802941984311e+00 1.097553102206488163e+01
1.166064164638519287e+02 2.316070680867946319e+00 1.094553010650959735e+01
1.166358296871185303e+02 2.362072084719382570e+00 1.129054063539537012e+01
1.166650159358978271e+02 2.324070925016021860e+00 1.100553193762016413e+01
1.167129013538360596e+02 2.326070986053041079e+00 1.102053239539780805e+01
1.167342660427093506e+02 2.348071657460249373e+00 1.118553743095186981e+01
1.167643032073974609e+02 2.350071718497268591e+00 1.120053788872951372e+01
1.167968297004699707e+02 2.336071291238135839e+00 1.109553468428601875e+01
1.168118932247161865e+02 2.350071718497268591e+00 1.120053788872951372e+01
1.168279256820678711e+02 2.358071962645344577e+00 1.126053971984008406e+01
1.168490965366363525e+02 2.346071596423230599e+00 1.117053697317422944e+01
1.169074461460113525e+02 2.304070314645832784e+00 1.085552735984374628e+01
1.169229340553283691e+02 2.332071169164097846e+00 1.106553376873073447e+01
1.169372830390930176e+02 2.310070497756889552e+00 1.090052873317667093e+01
1.169515194892883301e+02 2.348071657460249373e+00 1.118553743095186981e+01
1.169651751518249512e+02 2.368072267830438893e+00 1.133554200872829121e+01
1.169778623580932617e+02 2.284069704275643264e+00 1.070552278206732488e+01
1.169924812316894531e+02 2.340071413312173831e+00 1.112553559984130302e+01
1.170091044902801514e+02 2.370072328867458111e+00 1.135054246650593512e+01
1.170248703956604004e+02 2.358071962645344577e+00 1.126053971984008406e+01
1.171218159198760986e+02 2.324070925016021860e+00 1.100553193762016413e+01
1.171363291740417480e+02 2.294070009460738024e+00 1.078052507095553558e+01
1.171925954818725586e+02 2.310070497756889552e+00 1.090052873317667093e+01
1.172057168483734131e+02 2.352071779534287366e+00 1.121553834650715586e+01
1.172199077606201172e+02 2.332071169164097846e+00 1.106553376873073447e+01
1.172412743568420410e+02 2.310070497756889552e+00 1.090052873317667093e+01
1.172777893543243408e+02 2.324070925016021860e+00 1.100553193762016413e+01
1.172998507022857666e+02 2.334071230201117064e+00 1.108053422650837838e+01
1.173127825260162354e+02 2.340071413312173831e+00 1.112553559984130302e+01
1.173250963687896729e+02 2.382072695089572090e+00 1.144054521317179152e+01
1.173378920555114746e+02 2.302070253608814010e+00 1.084052690206610592e+01
1.173589067459106445e+02 2.252068727683340210e+00 1.046551545762505242e+01
1.174061172008514404e+02 2.304070314645832784e+00 1.085552735984374628e+01
1.174227831363677979e+02 2.328071047090059853e+00 1.103553285317544841e+01
1.174374003410339355e+02 2.248068605609302217e+00 1.043551454206976636e+01
1.174516029357910156e+02 2.352071779534287366e+00 1.121553834650715586e+01
1.174651196002960205e+02 2.380072634052552871e+00 1.142554475539414582e+01
1.174786019325256348e+02 2.278069521164586497e+00 1.066052140873439846e+01
1.174925177097320557e+02 2.332071169164097846e+00 1.106553376873073447e+01
1.175110938549041748e+02 2.320070802941984311e+00 1.097553102206488163e+01
1.175389277935028076e+02 2.364072145756401344e+00 1.130554109317301048e+01
1.176340961456298828e+02 2.366072206793420118e+00 1.132054155095065084e+01
1.176922776699066162e+02 2.306070375682851559e+00 1.087052781762138665e+01
1.177064993381500244e+02 2.358071962645344577e+00 1.126053971984008406e+01
1.177281217575073242e+02 2.286069765312662039e+00 1.072052323984496525e+01
1.177538771629333496e+02 2.390072939237647631e+00 1.150054704428235652e+01
1.177828109264373779e+02 2.352071779534287366e+00 1.121553834650715586e+01
1.178117401599884033e+02 2.330071108127079071e+00 1.105053331095309233e+01
1.178584635257720947e+02 2.346071596423230599e+00 1.117053697317422944e+01
1.178712091445922852e+02 2.344071535386211380e+00 1.115553651539658553e+01
1.179404702186584473e+02 2.328071047090059853e+00 1.103553285317544841e+01
1.179553482532501221e+02 2.316070680867946319e+00 1.094553010650959735e+01
1.179679224491119385e+02 2.390072939237647631e+00 1.150054704428235652e+01
1.179850640296936035e+02 2.368072267830438893e+00 1.133554200872829121e+01
1.180027637481689453e+02 2.318070741904965537e+00 1.096053056428724126e+01
1.180570170879364014e+02 2.306070375682851559e+00 1.087052781762138665e+01
1.180731863975524902e+02 2.370072328867458111e+00 1.135054246650593512e+01
1.180902602672576904e+02 2.384072756126590864e+00 1.145554567094943188e+01
1.181080954074859619e+02 2.400073244422742391e+00 1.157554933317056722e+01
1.181221380233764648e+02 2.340071413312173831e+00 1.112553559984130302e+01
1.181355354785919189e+02 2.334071230201117064e+00 1.108053422650837838e+01
1.181478009223937988e+02 2.384072756126590864e+00 1.145554567094943188e+01
1.181624295711517334e+02 2.356071901608325359e+00 1.124553926206244014e+01
1.181914606094360352e+02 2.334071230201117064e+00 1.108053422650837838e+01
1.182556486129760742e+02 2.338071352275155057e+00 1.111053514206366266e+01
1.182859187126159668e+02 2.358071962645344577e+00 1.126053971984008406e+01
1.183420238494873047e+02 2.376072511978514878e+00 1.139554383983886154e+01
1.183552846908569336e+02 2.308070436719870333e+00 1.088552827539902701e+01
1.183744485378265381e+02 2.396073122348704398e+00 1.154554841761528294e+01
1.184004781246185303e+02 2.408073488570817933e+00 1.163555116428113401e+01
1.184242999553680420e+02 2.290069887386700032e+00 1.075052415540024953e+01
1.184466707706451416e+02 2.354071840571306584e+00 1.123053880428479978e+01
1.184600400924682617e+02 2.360072023682363351e+00 1.127554017761772442e+01
1.184766750335693359e+02 2.358071962645344577e+00 1.126053971984008406e+01
1.184899921417236328e+02 2.366072206793420118e+00 1.132054155095065084e+01
1.185075526237487793e+02 2.386072817163609638e+00 1.147054612872707224e+01
1.185620052814483643e+02 2.332071169164097846e+00 1.106553376873073447e+01
1.185741550922393799e+02 2.336071291238135839e+00 1.109553468428601875e+01
1.185877423286437988e+02 2.388072878200628413e+00 1.148554658650471261e+01
1.186022768020629883e+02 2.362072084719382570e+00 1.129054063539537012e+01
1.186229524612426758e+02 2.320070802941984311e+00 1.097553102206488163e+01
1.186369035243988037e+02 2.330071108127079071e+00 1.105053331095309233e+01
1.186510050296783447e+02 2.382072695089572090e+00 1.144054521317179152e+01
1.187014293670654297e+02 2.402073305459761610e+00 1.159054979094821292e+01
1.187730972766876221e+02 2.350071718497268591e+00 1.120053788872951372e+01
1.188331346511840820e+02 2.392073000274666406e+00 1.151554750205999866e+01
1.188462696075439453e+02 2.378072573015534097e+00 1.141054429761650546e+01
1.188628666400909424e+02 2.380072634052552871e+00 1.142554475539414582e+01
1.188854806423187256e+02 2.408073488570817933e+00 1.163555116428113401e+01
1.189144277572631836e+02 2.390072939237647631e+00 1.150054704428235652e+01
1.189508550167083740e+02 2.298070131534776017e+00 1.081052598651081986e+01
1.189816875457763672e+02 2.316070680867946319e+00 1.094553010650959735e+01
1.190180237293243408e+02 2.328071047090059853e+00 1.103553285317544841e+01
1.190442099571228027e+02 2.364072145756401344e+00 1.130554109317301048e+01
1.190704388618469238e+02 2.356071901608325359e+00 1.124553926206244014e+01
1.191051125526428223e+02 2.370072328867458111e+00 1.135054246650593512e+01
1.191179788112640381e+02 2.144065431684316625e+00 9.655490737632375087e+00
1.191367089748382568e+02 2.326070986053041079e+00 1.102053239539780805e+01
1.191527338027954102e+02 2.384072756126590864e+00 1.145554567094943188e+01
1.192065443992614746e+02 2.382072695089572090e+00 1.144054521317179152e+01
1.192239940166473389e+02 2.330071108127079071e+00 1.105053331095309233e+01
1.192399394512176514e+02 2.322070863979003530e+00 1.099053147984252732e+01
1.192565345764160156e+02 2.324070925016021860e+00 1.100553193762016413e+01
1.192739067077636719e+02 2.360072023682363351e+00 1.127554017761772442e+01
1.192905881404876709e+02 2.356071901608325359e+00 1.124553926206244014e+01
1.193059711456298828e+02 2.376072511978514878e+00 1.139554383983886154e+01
1.193549726009368896e+02 2.356071901608325359e+00 1.124553926206244014e+01
1.194278764724731445e+02 2.390072939237647631e+00 1.150054704428235652e+01
1.194871211051940918e+02 2.328071047090059853e+00 1.103553285317544841e+01
1.195014517307281494e+02 2.328071047090059853e+00 1.103553285317544841e+01
1.195290665626525879e+02 2.372072389904476886e+00 1.136554292428357726e+01
1.195637290477752686e+02 2.388072878200628413e+00 1.148554658650471261e+01
1.195832448005676270e+02 2.326070986053041079e+00 1.102053239539780805e+01
1.195981245040893555e+02 2.318070741904965537e+00 1.096053056428724126e+01
1.196103794574737549e+02 2.368072267830438893e+00 1.133554200872829121e+01
1.196253654956817627e+02 2.370072328867458111e+00 1.135054246650593512e+01
1.196438341140747070e+02 2.310070497756889552e+00 1.090052873317667093e+01
1.197043960094451904e+02 2.368072267830438893e+00 1.133554200872829121e+01
1.197189562320709229e+02 2.304070314645832784e+00 1.085552735984374628e+01
1.197356712818145752e+02 2.322070863979003530e+00 1.099053147984252732e+01
1.197514493465423584e+02 2.352071779534287366e+00 1.121553834650715586e+01
1.197668571472167969e+02 2.378072573015534097e+00 1.141054429761650546e+01
1.197848730087280273e+02 2.348071657460249373e+00 1.118553743095186981e+01
1.197982711791992188e+02 2.280069582201605716e+00 1.067552186651204238e+01
1.198819322586059570e+02 2.320070802941984311e+00 1.097553102206488163e+01
1.199130625724792480e+02 2.374072450941496104e+00 1.138054338206122118e+01
1.199696786403656006e+02 2.346071596423230599e+00 1.117053697317422944e+01
1.199835259914398193e+02 2.352071779534287366e+00 1.121553834650715586e+01
1.200059742927551270e+02 2.336071291238135839e+00 1.109553468428601875e+01
1.200385119915008545e+02 2.374072450941496104e+00 1.138054338206122118e+01
1.200638802051544189e+02 2.318070741904965537e+00 1.096053056428724126e+01
1.200784099102020264e+02 2.308070436719870333e+00 1.088552827539902701e+01
1.200930652618408203e+02 2.334071230201117064e+00 1.108053422650837838e+01
1.201081600189208984e+02 2.388072878200628413e+00 1.148554658650471261e+01
1.201869361400604248e+02 2.384072756126590864e+00 1.145554567094943188e+01
1.202125689983367920e+02 2.328071047090059853e+00 1.103553285317544841e+01
1.202273917198181152e+02 2.376072511978514878e+00 1.139554383983886154e+01
1.202436671257019043e+02 2.340071413312173831e+00 1.112553559984130302e+01
1.202602639198303223e+02 2.324070925016021860e+00 1.100553193762016413e+01
1.202752673625946045e+02 2.322070863979003530e+00 1.099053147984252732e+01
1.202973361015319824e+02 2.378072573015534097e+00 1.141054429761650546e+01
1.203720073699951172e+02 2.308070436719870333e+00 1.088552827539902701e+01
1.204029455184936523e+02 2.310070497756889552e+00 1.090052873317667093e+01
1.204594590663909912e+02 2.340071413312173831e+00 1.112553559984130302e+01
1.204730312824249268e+02 2.304070314645832784e+00 1.085552735984374628e+01
1.204978764057159424e+02 2.358071962645344577e+00 1.126053971984008406e+01
1.205276710987091064e+02 2.310070497756889552e+00 1.090052873317667093e+01
1.205561842918395996e+02 2.364072145756401344e+00 1.130554109317301048e+01
1.206158533096313477e+02 2.322070863979003530e+00 1.099053147984252732e+01
1.206345136165618896e+02 2.392073000274666406e+00 1.151554750205999866e+01
1.206747746467590332e+02 2.334071230201117064e+00 1.108053422650837838e+01
1.207026002407073975e+02 2.306070375682851559e+00 1.087052781762138665e+01
1.207154893875122070e+02 2.280069582201605716e+00 1.067552186651204238e+01
1.207320523262023926e+02 2.382072695089572090e+00 1.144054521317179152e+01
1.207484602928161621e+02 2.388072878200628413e+00 1.148554658650471261e+01
1.207734146118164062e+02 2.370072328867458111e+00 1.135054246650593512e+01
1.208089270591735840e+02 2.324070925016021860e+00 1.100553193762016413e+01
1.208259327411651611e+02 2.392073000274666406e+00 1.151554750205999866e+01
1.208415956497192383e+02 2.352071779534287366e+00 1.121553834650715586e+01
1.208563330173492432e+02 2.294070009460738024e+00 1.078052507095553558e+01
1.208721165657043457e+02 2.336071291238135839e+00 1.109553468428601875e+01
1.208893759250640869e+02 2.380072634052552871e+00 1.142554475539414582e+01
1.209036247730255127e+02 2.376072511978514878e+00 1.139554383983886154e+01
1.209174628257751465e+02 2.308070436719870333e+00 1.088552827539902701e+01
1.210002286434173584e+02 2.362072084719382570e+00 1.129054063539537012e+01
1.210323004722595215e+02 2.356071901608325359e+00 1.124553926206244014e+01
1.210903913974761963e+02 2.286069765312662039e+00 1.072052323984496525e+01
1.211036338806152344e+02 2.356071901608325359e+00 1.124553926206244014e+01
1.211308484077453613e+02 2.362072084719382570e+00 1.129054063539537012e+01
1.211746001243591309e+02 2.300070192571795236e+00 1.082552644428846378e+01
1.211887965202331543e+02 2.368072267830438893e+00 1.133554200872829121e+01
1.212055752277374268e+02 2.382072695089572090e+00 1.144054521317179152e+01
1.212185411453247070e+02 2.284069704275643264e+00 1.070552278206732488e+01
1.212335705757141113e+02 2.330071108127079071e+00 1.105053331095309233e+01
1.213035533428192139e+02 2.376072511978514878e+00 1.139554383983886154e+01
1.213210034370422363e+02 2.354071840571306584e+00 1.123053880428479978e+01
1.213342792987823486e+02 2.326070986053041079e+00 1.102053239539780805e+01
1.213545305728912354e+02 2.390072939237647631e+00 1.150054704428235652e+01
1.213721928596496582e+02 2.356071901608325359e+00 1.124553926206244014e+01
1.213856921195983887e+02 2.382072695089572090e+00 1.144054521317179152e+01
1.213993821144104004e+02 2.328071047090059853e+00 1.103553285317544841e+01
1.214397368431091309e+02 2.366072206793420118e+00 1.132054155095065084e+01
1.215092980861663818e+02 2.368072267830438893e+00 1.133554200872829121e+01
1.215690581798553467e+02 2.342071474349193050e+00 1.114053605761894872e+01
1.215825333595275879e+02 2.334071230201117064e+00 1.108053422650837838e+01
1.216088125705718994e+02 2.370072328867458111e+00 1.135054246650593512e+01
1.216406576633453369e+02 2.332071169164097846e+00 1.106553376873073447e+01
1.216654164791107178e+02 2.356071901608325359e+00 1.124553926206244014e+01
1.216820209026336670e+02 2.322070863979003530e+00 1.099053147984252732e+01
1.216978666782379150e+02 2.326070986053041079e+00 1.102053239539780805e+01
1.217170922756195068e+02 2.332071169164097846e+00 1.106553376873073447e+01
1.217610294818878174e+02 2.314070619830927544e+00 1.093052964873195698e+01
1.217767083644866943e+02 2.326070986053041079e+00 1.102053239539780805e+01
1.217982509136199951e+02 2.324070925016021860e+00 1.100553193762016413e+01
1.218156533241271973e+02 2.316070680867946319e+00 1.094553010650959735e+01
1.218315093517303467e+02 2.370072328867458111e+00 1.135054246650593512e+01
1.218491084575653076e+02 2.384072756126590864e+00 1.145554567094943188e+01
1.218659193515777588e+02 2.378072573015534097e+00 1.141054429761650546e+01
1.218809902667999268e+02 2.344071535386211380e+00 1.115553651539658553e+01
1.219196739196777344e+02 2.302070253608814010e+00 1.084052690206610592e+01
1.219913713932037354e+02 2.336071291238135839e+00 1.109553468428601875e+01
1.220508437156677246e+02 2.384072756126590864e+00 1.145554567094943188e+01
1.220641534328460693e+02 2.378072573015534097e+00 1.141054429761650546e+01
1.220845148563385010e+02 2.404073366496780384e+00 1.160555024872585328e+01
1.221143670082092285e+02 2.392073000274666406e+00 1.151554750205999866e+01
1.221430284976959229e+02 2.362072084719382570e+00 1.129054063539537012e+01
1.221714472770690918e+02 2.344071535386211380e+00 1.115553651539658553e+01
1.222140200138092041e+02 2.400073244422742391e+00 1.157554933317056722e+01
1.222338309288024902e+02 2.402073305459761610e+00 1.159054979094821292e+01
1.222766747474670410e+02 2.400073244422742391e+00 1.157554933317056722e+01
1.222981555461883545e+02 2.362072084719382570e+00 1.129054063539537012e+01
1.223104639053344727e+02 2.370072328867458111e+00 1.135054246650593512e+01
1.223228008747100830e+02 2.360072023682363351e+00 1.127554017761772442e+01
1.223353567123413086e+02 2.326070986053041079e+00 1.102053239539780805e+01
1.223508408069610596e+02 2.352071779534287366e+00 1.121553834650715586e+01
1.224029831886291504e+02 2.350071718497268591e+00 1.120053788872951372e+01
1.224205694198608398e+02 2.354071840571306584e+00 1.123053880428479978e+01
1.224389982223510742e+02 2.348071657460249373e+00 1.118553743095186981e+01
1.224528126716613770e+02 2.336071291238135839e+00 1.109553468428601875e+01
1.224681832790374756e+02 2.406073427533799602e+00 1.162055070650349720e+01
1.224848549365997314e+02 2.404073366496780384e+00 1.160555024872585328e+01
1.224992120265960693e+02 2.348071657460249373e+00 1.118553743095186981e+01
1.225123238563537598e+02 2.352071779534287366e+00 1.121553834650715586e+01
1.225528819561004639e+02 2.406073427533799602e+00 1.162055070650349720e+01
1.226230299472808838e+02 2.392073000274666406e+00 1.151554750205999866e+01
1.226822216510772705e+02 2.322070863979003530e+00 1.099053147984252732e+01
1.226954762935638428e+02 2.314070619830927544e+00 1.093052964873195698e+01
1.227235357761383057e+02 2.338071352275155057e+00 1.111053514206366266e+01
1.227674217224121094e+02 2.370072328867458111e+00 1.135054246650593512e+01
1.227808966636657715e+02 2.378072573015534097e+00 1.141054429761650546e+01
1.227933115959167480e+02 2.350071718497268591e+00 1.120053788872951372e+01
1.228091757297515869e+02 2.408073488570817933e+00 1.163555116428113401e+01
1.228206562995910645e+02 2.392073000274666406e+00 1.151554750205999866e+01
1.228371107578277588e+02 2.330071108127079071e+00 1.105053331095309233e+01
1.228828079700469971e+02 2.310070497756889552e+00 1.090052873317667093e+01
1.229010114669799805e+02 2.306070375682851559e+00 1.087052781762138665e+01
1.229153027534484863e+02 2.346071596423230599e+00 1.117053697317422944e+01
1.229337255954742432e+02 2.352071779534287366e+00 1.121553834650715586e+01
1.229485442638397217e+02 2.414073671681875144e+00 1.168055253761406398e+01
1.229664537906646729e+02 2.414073671681875144e+00 1.168055253761406398e+01
1.229822986125946045e+02 2.378072573015534097e+00 1.141054429761650546e+01
1.229988269805908203e+02 2.338071352275155057e+00 1.111053514206366266e+01
1.230759470462799072e+02 2.328071047090059853e+00 1.103553285317544841e+01
1.231073088645935059e+02 2.372072389904476886e+00 1.136554292428357726e+01
1.231633121967315674e+02 2.400073244422742391e+00 1.157554933317056722e+01
1.231827678680419922e+02 2.318070741904965537e+00 1.096053056428724126e+01
1.232089302539825439e+02 2.346071596423230599e+00 1.117053697317422944e+01
1.232307913303375244e+02 2.396073122348704398e+00 1.154554841761528294e+01
1.232546324729919434e+02 2.390072939237647631e+00 1.150054704428235652e+01
1.232671635150909424e+02 2.412073610644855925e+00 1.166555207983642006e+01
1.232811512947082520e+02 2.344071535386211380e+00 1.115553651539658553e+01
1.232952430248260498e+02 2.352071779534287366e+00 1.121553834650715586e+01
1.233071792125701904e+02 2.398073183385723617e+00 1.156054887539292686e+01
1.233592405319213867e+02 2.316070680867946319e+00 1.094553010650959735e+01
1.233735928535461426e+02 2.344071535386211380e+00 1.115553651539658553e+01
1.233913326263427734e+02 2.370072328867458111e+00 1.135054246650593512e+01
1.234052779674530029e+02 2.406073427533799602e+00 1.162055070650349720e+01
1.234178793430328369e+02 2.346071596423230599e+00 1.117053697317422944e+01
1.234361562728881836e+02 2.342071474349193050e+00 1.114053605761894872e+01
1.234513969421386719e+02 2.346071596423230599e+00 1.117053697317422944e+01
1.234675345420837402e+02 2.410073549607837151e+00 1.165055162205877792e+01
1.235080647468566895e+02 2.406073427533799602e+00 1.162055070650349720e+01
1.235792999267578125e+02 2.354071840571306584e+00 1.123053880428479978e+01
1.236382701396942139e+02 2.348071657460249373e+00 1.118553743095186981e+01
1.236516635417938232e+02 2.344071535386211380e+00 1.115553651539658553e+01
1.236777021884918213e+02 2.388072878200628413e+00 1.148554658650471261e+01
1.237073075771331787e+02 2.344071535386211380e+00 1.115553651539658553e+01
1.237359335422515869e+02 2.400073244422742391e+00 1.157554933317056722e+01
1.237710845470428467e+02 2.350071718497268591e+00 1.120053788872951372e+01
1.238026101589202881e+02 2.392073000274666406e+00 1.151554750205999866e+01
1.238282415866851807e+02 2.336071291238135839e+00 1.109553468428601875e+01
1.238629086017608643e+02 2.334071230201117064e+00 1.108053422650837838e+01
1.238828530311584473e+02 2.356071901608325359e+00 1.124553926206244014e+01
1.238996345996856689e+02 2.354071840571306584e+00 1.123053880428479978e+01
1.239156484603881836e+02 2.360072023682363351e+00 1.127554017761772442e+01
1.239334595203399658e+02 2.390072939237647631e+00 1.150054704428235652e+01
1.239777665138244629e+02 2.380072634052552871e+00 1.142554475539414582e+01
1.240072946548461914e+02 2.340071413312173831e+00 1.112553559984130302e+01
1.240211136341094971e+02 2.320070802941984311e+00 1.097553102206488163e+01
1.240362684726715088e+02 2.312070558793908326e+00 1.091552919095431307e+01
1.240566334724426270e+02 2.342071474349193050e+00 1.114053605761894872e+01
1.240744676589965820e+02 2.352071779534287366e+00 1.121553834650715586e+01
1.240883200168609619e+02 2.390072939237647631e+00 1.150054704428235652e+01
1.241376848220825195e+02 2.388072878200628413e+00 1.148554658650471261e+01
1.242091064453125000e+02 2.388072878200628413e+00 1.148554658650471261e+01
1.242684726715087891e+02 2.364072145756401344e+00 1.130554109317301048e+01
1.242816195487976074e+02 2.360072023682363351e+00 1.127554017761772442e+01
1.243040425777435303e+02 2.338071352275155057e+00 1.111053514206366266e+01
1.243332204818725586e+02 2.360072023682363351e+00 1.127554017761772442e+01
1.243662667274475098e+02 2.382072695089572090e+00 1.144054521317179152e+01
1.243822801113128662e+02 2.344071535386211380e+00 1.115553651539658553e+01
1.243996012210845947e+02 2.342071474349193050e+00 1.114053605761894872e+01
1.244144914150238037e+02 2.366072206793420118e+00 1.132054155095065084e+01
1.244677453041076660e+02 2.362072084719382570e+00 1.129054063539537012e+01
1.244842047691345215e+02 2.386072817163609638e+00 1.147054612872707224e+01
1.245045728683471680e+02 2.358071962645344577e+00 1.126053971984008406e+01
1.245181143283843994e+02 2.328071047090059853e+00 1.103553285317544841e+01
1.245332274436950684e+02 2.362072084719382570e+00 1.129054063539537012e+01
1.245498769283294678e+02 2.412073610644855925e+00 1.166555207983642006e+01
1.245634193420410156e+02 2.396073122348704398e+00 1.154554841761528294e+01
1.245784287452697754e+02 2.342071474349193050e+00 1.114053605761894872e+01
1.246620283126831055e+02 2.398073183385723617e+00 1.156054887539292686e+01
1.246939077377319336e+02 2.352071779534287366e+00 1.121553834650715586e+01
1.247493314743041992e+02 2.364072145756401344e+00 1.130554109317301048e+01
1.247632944583892822e+02 2.368072267830438893e+00 1.133554200872829121e+01
1.247891242504119873e+02 2.376072511978514878e+00 1.139554383983886154e+01
1.248367376327514648e+02 2.352071779534287366e+00 1.121553834650715586e+01
1.248517749309539795e+02 2.354071840571306584e+00 1.123053880428479978e+01
1.248656673431396484e+02 2.410073549607837151e+00 1.165055162205877792e+01
1.248847346305847168e+02 2.386072817163609638e+00 1.147054612872707224e+01
1.249433205127716064e+02 2.380072634052552871e+00 1.142554475539414582e+01
1.249664058685302734e+02 2.372072389904476886e+00 1.136554292428357726e+01
1.249831633567810059e+02 2.376072511978514878e+00 1.139554383983886154e+01
1.250044369697570801e+02 2.354071840571306584e+00 1.123053880428479978e+01
1.250207884311676025e+02 2.360072023682363351e+00 1.127554017761772442e+01
1.250395572185516357e+02 2.348071657460249373e+00 1.118553743095186981e+01
1.250545608997344971e+02 2.340071413312173831e+00 1.112553559984130302e+01
1.250895092487335205e+02 2.330071108127079071e+00 1.105053331095309233e+01
1.251623978614807129e+02 2.368072267830438893e+00 1.133554200872829121e+01
1.252196116447448730e+02 2.396073122348704398e+00 1.154554841761528294e+01
1.252331516742706299e+02 2.316070680867946319e+00 1.094553010650959735e+01
1.252581391334533691e+02 2.354071840571306584e+00 1.123053880428479978e+01
1.252879159450531006e+02 2.342071474349193050e+00 1.114053605761894872e+01
1.253167321681976318e+02 2.406073427533799602e+00 1.162055070650349720e+01
1.253766584396362305e+02 2.340071413312173831e+00 1.112553559984130302e+01
1.253995020389556885e+02 2.386072817163609638e+00 1.147054612872707224e+01
1.254294738769531250e+02 2.336071291238135839e+00 1.109553468428601875e+01
1.254540147781372070e+02 2.402073305459761610e+00 1.159054979094821292e+01
1.254674592018127441e+02 2.410073549607837151e+00 1.165055162205877792e+01
1.254843509197235107e+02 2.350071718497268591e+00 1.120053788872951372e+01
1.254963374137878418e+02 2.348071657460249373e+00 1.118553743095186981e+01
1.255112493038177490e+02 2.366072206793420118e+00 1.132054155095065084e+01
1.255677757263183594e+02 2.374072450941496104e+00 1.138054338206122118e+01
1.255841999053955078e+02 2.390072939237647631e+00 1.150054704428235652e+01
1.256058483123779297e+02 2.374072450941496104e+00 1.138054338206122118e+01
1.256229765415191650e+02 2.378072573015534097e+00 1.141054429761650546e+01
1.256373095512390137e+02 2.328071047090059853e+00 1.103553285317544841e+01
1.256513576507568359e+02 2.376072511978514878e+00 1.139554383983886154e+01
1.256643228530883789e+02 2.410073549607837151e+00 1.165055162205877792e+01
1.256775949001312256e+02 2.344071535386211380e+00 1.115553651539658553e+01
1.257164523601531982e+02 2.372072389904476886e+00 1.136554292428357726e+01
1.257911701202392578e+02 2.348071657460249373e+00 1.118553743095186981e+01
1.258486623764038086e+02 2.348071657460249373e+00 1.118553743095186981e+01
1.258618626594543457e+02 2.368072267830438893e+00 1.133554200872829121e+01
1.258900351524353027e+02 2.402073305459761610e+00 1.159054979094821292e+01
1.259236743450164795e+02 2.336071291238135839e+00 1.109553468428601875e+01
1.259447002410888672e+02 2.354071840571306584e+00 1.123053880428479978e+01
1.259572238922119141e+02 2.334071230201117064e+00 1.108053422650837838e+01
1.259712343215942383e+02 2.378072573015534097e+00 1.141054429761650546e+01
1.259857511520385742e+02 2.404073366496780384e+00 1.160555024872585328e+01
1.260057137012481689e+02 2.356071901608325359e+00 1.124553926206244014e+01
1.260488538742065430e+02 2.386072817163609638e+00 1.147054612872707224e+01
1.260679759979248047e+02 2.394073061311685624e+00 1.153054795983764258e+01
1.260818076133728027e+02 2.382072695089572090e+00 1.144054521317179152e+01
1.260955157279968262e+02 2.338071352275155057e+00 1.111053514206366266e+01
1.261123039722442627e+02 2.398073183385723617e+00 1.156054887539292686e+01
1.261271896362304688e+02 2.406073427533799602e+00 1.162055070650349720e+01
1.261425905227661133e+02 2.350071718497268591e+00 1.120053788872951372e+01
1.261599318981170654e+02 2.346071596423230599e+00 1.117053697317422944e+01
1.262434892654418945e+02 2.334071230201117064e+00 1.108053422650837838e+01
1.262765605449676514e+02 2.298070131534776017e+00 1.081052598651081986e+01
1.263323440551757812e+02 2.312070558793908326e+00 1.091552919095431307e+01
1.263463468551635742e+02 2.372072389904476886e+00 1.136554292428357726e+01
1.263795354366302490e+02 2.394073061311685624e+00 1.153054795983764258e+01
1.264003965854644775e+02 2.324070925016021860e+00 1.100553193762016413e+01
1.264243974685668945e+02 2.326070986053041079e+00 1.102053239539780805e+01
1.264404103755950928e+02 2.332071169164097846e+00 1.106553376873073447e+01
1.264589173793792725e+02 2.328071047090059853e+00 1.103553285317544841e+01
1.264758305549621582e+02 2.330071108127079071e+00 1.105053331095309233e+01
1.265360713005065918e+02 2.356071901608325359e+00 1.124553926206244014e+01
1.265497741699218750e+02 2.330071108127079071e+00 1.105053331095309233e+01
1.265695521831512451e+02 2.380072634052552871e+00 1.142554475539414582e+01
1.265873885154724121e+02 2.374072450941496104e+00 1.138054338206122118e+01
1.266013109683990479e+02 2.360072023682363351e+00 1.127554017761772442e+01
1.266142561435699463e+02 2.294070009460738024e+00 1.078052507095553558e+01
1.266299183368682861e+02 2.392073000274666406e+00 1.151554750205999866e+01
1.266646316051483154e+02 2.388072878200628413e+00 1.148554658650471261e+01
1.267261610031127930e+02 2.392073000274666406e+00 1.151554750205999866e+01
1.267561659812927246e+02 2.358071962645344577e+00 1.126053971984008406e+01
1.268124964237213135e+02 2.304070314645832784e+00 1.085552735984374628e+01
1.268321318626403809e+02 2.352071779534287366e+00 1.121553834650715586e+01
1.268537850379943848e+02 2.396073122348704398e+00 1.154554841761528294e+01
1.268857619762420654e+02 2.318070741904965537e+00 1.096053056428724126e+01
1.269207592010498047e+02 2.372072389904476886e+00 1.136554292428357726e+01
1.269684290885925293e+02 2.318070741904965537e+00 1.096053056428724126e+01
1.269890289306640625e+02 2.366072206793420118e+00 1.132054155095065084e+01
1.270192289352416992e+02 2.380072634052552871e+00 1.142554475539414582e+01
1.270475451946258545e+02 2.298070131534776017e+00 1.081052598651081986e+01
1.270645251274108887e+02 2.372072389904476886e+00 1.136554292428357726e+01
1.270829601287841797e+02 2.318070741904965537e+00 1.096053056428724126e+01
1.270948033332824707e+02 2.314070619830927544e+00 1.093052964873195698e+01
1.271112873554229736e+02 2.356071901608325359e+00 1.124553926206244014e+01
1.271686310768127441e+02 2.358071962645344577e+00 1.126053971984008406e+01
1.271821360588073730e+02 2.356071901608325359e+00 1.124553926206244014e+01
1.271973803043365479e+02 2.324070925016021860e+00 1.100553193762016413e+01
1.272151997089385986e+02 2.316070680867946319e+00 1.094553010650959735e+01
1.272335233688354492e+02 2.332071169164097846e+00 1.106553376873073447e+01
1.272471377849578857e+02 2.376072511978514878e+00 1.139554383983886154e+01
1.272619352340698242e+02 2.340071413312173831e+00 1.112553559984130302e+01
1.273063788414001465e+02 2.332071169164097846e+00 1.106553376873073447e+01
1.273766512870788574e+02 2.308070436719870333e+00 1.088552827539902701e+01
1.274357988834381104e+02 2.352071779534287366e+00 1.121553834650715586e+01
1.274492115974426270e+02 2.330071108127079071e+00 1.105053331095309233e+01
1.274772632122039795e+02 2.358071962645344577e+00 1.126053971984008406e+01
1.275206789970397949e+02 2.350071718497268591e+00 1.120053788872951372e+01
1.275342774391174316e+02 2.314070619830927544e+00 1.093052964873195698e+01
1.275489978790283203e+02 2.364072145756401344e+00 1.130554109317301048e+01
1.275638608932495117e+02 2.386072817163609638e+00 1.147054612872707224e+01
1.275811378955841064e+02 2.306070375682851559e+00 1.087052781762138665e+01
1.276383273601531982e+02 2.312070558793908326e+00 1.091552919095431307e+01
1.276533317565917969e+02 2.300070192571795236e+00 1.082552644428846378e+01
1.276663107872009277e+02 2.386072817163609638e+00 1.147054612872707224e+01
1.276845483779907227e+02 2.342071474349193050e+00 1.114053605761894872e+01
1.276979014873504639e+02 2.322070863979003530e+00 1.099053147984252732e+01
1.277136039733886719e+02 2.338071352275155057e+00 1.111053514206366266e+01
1.277301206588745117e+02 2.356071901608325359e+00 1.124553926206244014e+01
1.277498598098754883e+02 2.362072084719382570e+00 1.129054063539537012e+01
1.277853007316589355e+02 2.346071596423230599e+00 1.117053697317422944e+01
1.278577075004577637e+02 2.314070619830927544e+00 1.093052964873195698e+01
1.279154753684997559e+02 2.284069704275643264e+00 1.070552278206732488e+01
1.279295666217803955e+02 2.296070070497757243e+00 1.079552552873317950e+01
1.279558577537536621e+02 2.376072511978514878e+00 1.139554383983886154e+01
1.279850015640258789e+02 2.326070986053041079e+00 1.102053239539780805e+01
1.280086004734039307e+02 2.382072695089572090e+00 1.144054521317179152e+01
1.280273876190185547e+02 2.366072206793420118e+00 1.132054155095065084e+01
1.280389361381530762e+02 2.356071901608325359e+00 1.124553926206244014e+01
1.280525217056274414e+02 2.320070802941984311e+00 1.097553102206488163e+01
1.280808358192443848e+02 2.380072634052552871e+00 1.142554475539414582e+01
1.281253654956817627e+02 2.312070558793908326e+00 1.091552919095431307e+01
1.281415069103240967e+02 2.350071718497268591e+00 1.120053788872951372e+01
1.281563072204589844e+02 2.318070741904965537e+00 1.096053056428724126e+01
1.281738958358764648e+02 2.290069887386700032e+00 1.075052415540024953e+01
1.281903483867645264e+02 2.370072328867458111e+00 1.135054246650593512e+01
1.282065875530242920e+02 2.354071840571306584e+00 1.123053880428479978e+01
1.282210485935211182e+02 2.342071474349193050e+00 1.114053605761894872e+01
1.282618503570556641e+02 2.310070497756889552e+00 1.090052873317667093e+01
1.283368520736694336e+02 2.320070802941984311e+00 1.097553102206488163e+01
1.283943543434143066e+02 2.308070436719870333e+00 1.088552827539902701e+01
1.284083955287933350e+02 2.338071352275155057e+00 1.111053514206366266e+01
1.284313900470733643e+02 2.394073061311685624e+00 1.153054795983764258e+01
1.284607613086700439e+02 2.372072389904476886e+00 1.136554292428357726e+01
1.284893310070037842e+02 2.318070741904965537e+00 1.096053056428724126e+01
1.285200057029724121e+02 2.390072939237647631e+00 1.150054704428235652e+01
1.285573427677154541e+02 2.320070802941984311e+00 1.097553102206488163e+01
1.285796725749969482e+02 2.340071413312173831e+00 1.112553559984130302e+01
1.286158797740936279e+02 2.350071718497268591e+00 1.120053788872951372e+01
1.286394422054290771e+02 2.350071718497268591e+00 1.120053788872951372e+01
1.286559123992919922e+02 2.358071962645344577e+00 1.126053971984008406e+01
1.286684029102325439e+02 2.380072634052552871e+00 1.142554475539414582e+01
1.286835689544677734e+02 2.388072878200628413e+00 1.148554658650471261e+01
1.287045452594757080e+02 2.358071962645344577e+00 1.126053971984008406e+01
1.287370455265045166e+02 2.360072023682363351e+00 1.127554017761772442e+01
1.287652776241302490e+02 2.336071291238135839e+00 1.109553468428601875e+01
1.287798428535461426e+02 2.390072939237647631e+00 1.150054704428235652e+01
1.287945544719696045e+02 2.342071474349193050e+00 1.114053605761894872e+01
1.288071987628936768e+02 2.394073061311685624e+00 1.153054795983764258e+01
1.288204255104064941e+02 2.376072511978514878e+00 1.139554383983886154e+01
1.288338749408721924e+02 2.342071474349193050e+00 1.114053605761894872e+01
1.288470287322998047e+02 2.404073366496780384e+00 1.160555024872585328e+01
1.288605556488037109e+02 2.384072756126590864e+00 1.145554567094943188e+01
1.289046745300292969e+02 2.328071047090059853e+00 1.103553285317544841e+01
1.289746608734130859e+02 2.334071230201117064e+00 1.108053422650837838e+01
1.290477471351623535e+02 2.388072878200628413e+00 1.148554658650471261e+01
1.290614292621612549e+02 2.366072206793420118e+00 1.132054155095065084e+01
1.290835230350494385e+02 2.340071413312173831e+00 1.112553559984130302e+01
1.291224012374877930e+02 2.394073061311685624e+00 1.153054795983764258e+01
1.291479990482330322e+02 2.376072511978514878e+00 1.139554383983886154e+01
1.291624283790588379e+02 2.402073305459761610e+00 1.159054979094821292e+01
1.291770558357238770e+02 2.348071657460249373e+00 1.118553743095186981e+01
1.291921622753143311e+02 2.366072206793420118e+00 1.132054155095065084e+01
1.292478177547454834e+02 2.382072695089572090e+00 1.144054521317179152e+01
1.292625265121459961e+02 2.392073000274666406e+00 1.151554750205999866e+01
1.292799346446990967e+02 2.346071596423230599e+00 1.117053697317422944e+01
1.293025164604187012e+02 2.324070925016021860e+00 1.100553193762016413e+01
1.293201925754547119e+02 2.334071230201117064e+00 1.108053422650837838e+01
1.293336327075958252e+02 2.318070741904965537e+00 1.096053056428724126e+01
1.293512818813323975e+02 2.382072695089572090e+00 1.144054521317179152e+01
1.294397833347320557e+02 2.358071962645344577e+00 1.126053971984008406e+01
1.294698054790496826e+02 2.412073610644855925e+00 1.166555207983642006e+01
1.295259637832641602e+02 2.394073061311685624e+00 1.153054795983764258e+01
1.295404925346374512e+02 2.358071962645344577e+00 1.126053971984008406e+01
1.295661742687225342e+02 2.366072206793420118e+00 1.132054155095065084e+01
1.296068949699401855e+02 2.370072328867458111e+00 1.135054246650593512e+01
1.296247980594635010e+02 2.382072695089572090e+00 1.144054521317179152e+01
1.296393611431121826e+02 2.374072450941496104e+00 1.138054338206122118e+01
1.296541476249694824e+02 2.330071108127079071e+00 1.105053331095309233e+01
1.296692149639129639e+02 2.354071840571306584e+00 1.123053880428479978e+01
1.297206590175628662e+02 2.392073000274666406e+00 1.151554750205999866e+01
1.297393908500671387e+02 2.372072389904476886e+00 1.136554292428357726e+01
1.297565951347351074e+02 2.312070558793908326e+00 1.091552919095431307e+01
1.297729146480560303e+02 2.370072328867458111e+00 1.135054246650593512e+01
1.297902643680572510e+02 2.362072084719382570e+00 1.129054063539537012e+01
1.298130371570587158e+02 2.394073061311685624e+00 1.153054795983764258e+01
1.298270545005798340e+02 2.408073488570817933e+00 1.163555116428113401e+01
1.299118976593017578e+02 2.422073915829951130e+00 1.174055436872463432e+01
1.299430115222930908e+02 2.342071474349193050e+00 1.114053605761894872e+01
1.299981470108032227e+02 2.366072206793420118e+00 1.132054155095065084e+01
1.300135252475738525e+02 2.322070863979003530e+00 1.099053147984252732e+01
1.300432348251342773e+02 2.316070680867946319e+00 1.094553010650959735e+01
1.300723397731781006e+02 2.392073000274666406e+00 1.151554750205999866e+01
1.301025214195251465e+02 2.350071718497268591e+00 1.120053788872951372e+01
1.301431889533996582e+02 2.386072817163609638e+00 1.147054612872707224e+01
1.301643092632293701e+02 2.330071108127079071e+00 1.105053331095309233e+01
1.301997261047363281e+02 2.388072878200628413e+00 1.148554658650471261e+01
1.302248737812042236e+02 2.348071657460249373e+00 1.118553743095186981e+01
1.302395253181457520e+02 2.372072389904476886e+00 1.136554292428357726e+01
1.302563090324401855e+02 2.328071047090059853e+00 1.103553285317544841e+01
1.302761676311492920e+02 2.326070986053041079e+00 1.102053239539780805e+01
1.303179140090942383e+02 2.344071535386211380e+00 1.115553651539658553e+01
1.303465569019317627e+02 2.336071291238135839e+00 1.109553468428601875e+01
1.303614218235015869e+02 2.374072450941496104e+00 1.138054338206122118e+01
1.303750405311584473e+02 2.338071352275155057e+00 1.111053514206366266e+01
1.303881456851959229e+02 2.394073061311685624e+00 1.153054795983764258e+01
1.304063796997070312e+02 2.398073183385723617e+00 1.156054887539292686e+01
1.304241144657135010e+02 2.358071962645344577e+00 1.126053971984008406e+01
1.304385106563568115e+02 2.352071779534287366e+00 1.121553834650715586e+01
1.304792048931121826e+02 2.344071535386211380e+00 1.115553651539658553e+01
1.305537126064300537e+02 2.352071779534287366e+00 1.121553834650715586e+01
1.306122844219207764e+02 2.328071047090059853e+00 1.103553285317544841e+01
1.306328842639923096e+02 2.378072573015534097e+00 1.141054429761650546e+01
1.306512205600738525e+02 2.386072817163609638e+00 1.147054612872707224e+01
1.306921124458312988e+02 2.332071169164097846e+00 1.106553376873073447e+01
1.307063527107238770e+02 2.410073549607837151e+00 1.165055162205877792e+01
1.307182331085205078e+02 2.368072267830438893e+00 1.133554200872829121e+01
1.307315001487731934e+02 2.340071413312173831e+00 1.112553559984130302e+01
1.307457756996154785e+02 2.420073854792931911e+00 1.172555391094698862e+01
1.307575888633728027e+02 2.364072145756401344e+00 1.130554109317301048e+01
1.308084235191345215e+02 2.368072267830438893e+00 1.133554200872829121e+01
1.308234434127807617e+02 2.370072328867458111e+00 1.135054246650593512e+01
1.308397271633148193e+02 2.336071291238135839e+00 1.109553468428601875e+01
1.308550503253936768e+02 2.338071352275155057e+00 1.111053514206366266e+01
1.308680801391601562e+02 2.390072939237647631e+00 1.150054704428235652e+01
1.308825645446777344e+02 2.400073244422742391e+00 1.157554933317056722e+01
1.308993613719940186e+02 2.328071047090059853e+00 1.103553285317544841e+01
1.309127104282379150e+02 2.344071535386211380e+00 1.115553651539658553e+01
1.309271109104156494e+02 2.404073366496780384e+00 1.160555024872585328e+01
1.310052700042724609e+02 2.398073183385723617e+00 1.156054887539292686e+01
1.310362160205841064e+02 2.368072267830438893e+00 1.133554200872829121e+01
1.310923919677734375e+02 2.330071108127079071e+00 1.105053331095309233e+01
1.311063432693481445e+02 2.384072756126590864e+00 1.145554567094943188e+01
1.311320233345031738e+02 2.402073305459761610e+00 1.159054979094821292e+01
1.311715755462646484e+02 2.300070192571795236e+00 1.082552644428846378e+01
1.311857547760009766e+02 2.402073305459761610e+00 1.159054979094821292e+01
1.311979310512542725e+02 2.360072023682363351e+00 1.127554017761772442e+01
1.312134351730346680e+02 2.368072267830438893e+00 1.133554200872829121e+01
1.312274262905120850e+02 2.406073427533799602e+00 1.162055070650349720e+01
1.312762937545776367e+02 2.332071169164097846e+00 1.106553376873073447e+01
1.313004429340362549e+02 2.342071474349193050e+00 1.114053605761894872e+01
1.313208584785461426e+02 2.330071108127079071e+00 1.105053331095309233e+01
1.313350491523742676e+02 2.338071352275155057e+00 1.111053514206366266e+01
1.313481261730194092e+02 2.394073061311685624e+00 1.153054795983764258e+01
1.313618280887603760e+02 2.404073366496780384e+00 1.160555024872585328e+01
1.313745853900909424e+02 2.338071352275155057e+00 1.111053514206366266e+01
1.313903932571411133e+02 2.360072023682363351e+00 1.127554017761772442e+01
1.314097816944122314e+02 2.394073061311685624e+00 1.153054795983764258e+01
1.314852590560913086e+02 2.406073427533799602e+00 1.162055070650349720e+01
1.315155284404754639e+02 2.370072328867458111e+00 1.135054246650593512e+01
1.315715806484222412e+02 2.334071230201117064e+00 1.108053422650837838e+01
1.315914211273193359e+02 2.388072878200628413e+00 1.148554658650471261e+01
1.316130306720733643e+02 2.414073671681875144e+00 1.168055253761406398e+01
1.316425011157989502e+02 2.374072450941496104e+00 1.138054338206122118e+01
1.316732847690582275e+02 2.380072634052552871e+00 1.142554475539414582e+01
1.317003309726715088e+02 2.366072206793420118e+00 1.132054155095065084e+01
1.317312171459197998e+02 2.350071718497268591e+00 1.120053788872951372e+01
1.317568137645721436e+02 2.370072328867458111e+00 1.135054246650593512e+01
1.317855684757232666e+02 2.324070925016021860e+00 1.100553193762016413e+01
1.318132040500640869e+02 2.362072084719382570e+00 1.129054063539537012e+01
1.318254594802856445e+02 2.410073549607837151e+00 1.165055162205877792e+01
1.318442533016204834e+02 2.382072695089572090e+00 1.144054521317179152e+01
1.318606927394866943e+02 2.336071291238135839e+00 1.109553468428601875e+01
1.319035882949829102e+02 2.358071962645344577e+00 1.126053971984008406e+01
1.319274477958679199e+02 2.400073244422742391e+00 1.157554933317056722e+01
1.319461696147918701e+02 2.316070680867946319e+00 1.094553010650959735e+01
1.319606299400329590e+02 2.362072084719382570e+00 1.129054063539537012e+01
1.319841089248657227e+02 2.338071352275155057e+00 1.111053514206366266e+01
1.320032572746276855e+02 2.382072695089572090e+00 1.144054521317179152e+01
1.320177140235900879e+02 2.340071413312173831e+00 1.112553559984130302e+01
1.321070504188537598e+02 2.372072389904476886e+00 1.136554292428357726e+01
1.321382362842559814e+02 2.348071657460249373e+00 1.118553743095186981e+01
1.321938097476959229e+02 2.324070925016021860e+00 1.100553193762016413e+01
1.322072992324829102e+02 2.368072267830438893e+00 1.133554200872829121e+01
1.322348752021789551e+02 2.404073366496780384e+00 1.160555024872585328e+01
1.322661623954772949e+02 2.328071047090059853e+00 1.103553285317544841e+01
1.322868864536285400e+02 2.412073610644855925e+00 1.166555207983642006e+01
1.323019902706146240e+02 2.372072389904476886e+00 1.136554292428357726e+01
1.323213016986846924e+02 2.342071474349193050e+00 1.114053605761894872e+01
1.323352739810943604e+02 2.322070863979003530e+00 1.099053147984252732e+01
1.323798592090606689e+02 2.336071291238135839e+00 1.109553468428601875e+01
1.324011962413787842e+02 2.346071596423230599e+00 1.117053697317422944e+01
1.324135937690734863e+02 2.342071474349193050e+00 1.114053605761894872e+01
1.324270856380462646e+02 2.388072878200628413e+00 1.148554658650471261e+01
1.324401676654815674e+02 2.376072511978514878e+00 1.139554383983886154e+01
1.324544935226440430e+02 2.340071413312173831e+00 1.112553559984130302e+01
1.324676051139831543e+02 2.390072939237647631e+00 1.150054704428235652e+01
1.324810280799865723e+02 2.404073366496780384e+00 1.160555024872585328e+01
1.324969274997711182e+02 2.342071474349193050e+00 1.114053605761894872e+01
1.325248436927795410e+02 2.328071047090059853e+00 1.103553285317544841e+01
1.326152219772338867e+02 2.334071230201117064e+00 1.108053422650837838e+01
1.326747927665710449e+02 2.386072817163609638e+00 1.147054612872707224e+01
1.326880090236663818e+02 2.366072206793420118e+00 1.132054155095065084e+01
1.327160496711730957e+02 2.394073061311685624e+00 1.153054795983764258e+01
1.327569029331207275e+02 2.382072695089572090e+00 1.144054521317179152e+01
1.327720973491668701e+02 2.372072389904476886e+00 1.136554292428357726e+01
1.327860860824584961e+02 2.384072756126590864e+00 1.145554567094943188e+01
1.328009994029998779e+02 2.390072939237647631e+00 1.150054704428235652e+01
1.328158853054046631e+02 2.312070558793908326e+00 1.091552919095431307e+01
1.328717882633209229e+02 2.332071169164097846e+00 1.106553376873073447e+01
1.328901021480560303e+02 2.368072267830438893e+00 1.133554200872829121e+01
1.329034597873687744e+02 2.410073549607837151e+00 1.165055162205877792e+01
1.329169540405273438e+02 2.326070986053041079e+00 1.102053239539780805e+01
1.329292099475860596e+02 2.360072023682363351e+00 1.127554017761772442e+01
1.329496626853942871e+02 2.410073549607837151e+00 1.165055162205877792e+01
1.329677662849426270e+02 2.408073488570817933e+00 1.163555116428113401e+01
1.329901285171508789e+02 2.386072817163609638e+00 1.147054612872707224e+01
1.330891940593719482e+02 2.404073366496780384e+00 1.160555024872585328e+01
1.331479394435882568e+02 2.372072389904476886e+00 1.136554292428357726e+01
1.331613423824310303e+02 2.362072084719382570e+00 1.129054063539537012e+01
1.331872887611389160e+02 2.386072817163609638e+00 1.147054612872707224e+01
1.332245724201202393e+02 2.342071474349193050e+00 1.114053605761894872e+01
1.332544856071472168e+02 2.402073305459761610e+00 1.159054979094821292e+01
1.333044366836547852e+02 2.356071901608325359e+00 1.124553926206244014e+01
1.333275172710418701e+02 2.364072145756401344e+00 1.130554109317301048e+01
1.333569419384002686e+02 2.400073244422742391e+00 1.157554933317056722e+01
1.333926906585693359e+02 2.338071352275155057e+00 1.111053514206366266e+01
1.334049105644226074e+02 2.408073488570817933e+00 1.163555116428113401e+01
1.334199044704437256e+02 2.352071779534287366e+00 1.121553834650715586e+01
1.334324276447296143e+02 2.340071413312173831e+00 1.112553559984130302e+01
1.334488232135772705e+02 2.390072939237647631e+00 1.150054704428235652e+01
1.334998795986175537e+02 2.402073305459761610e+00 1.159054979094821292e+01
1.335134406089782715e+02 2.344071535386211380e+00 1.115553651539658553e+01
1.335263931751251221e+02 2.370072328867458111e+00 1.135054246650593512e+01
1.335393679141998291e+02 2.376072511978514878e+00 1.139554383983886154e+01
1.335543634891510010e+02 2.324070925016021860e+00 1.100553193762016413e+01
1.335692682266235352e+02 2.310070497756889552e+00 1.090052873317667093e+01
1.335826125144958496e+02 2.384072756126590864e+00 1.145554567094943188e+01
1.335960781574249268e+02 2.142065370647297406e+00 9.640490279854731170e+00
1.336149263381958008e+02 2.366072206793420118e+00 1.132054155095065084e+01
1.337109582424163818e+02 2.308070436719870333e+00 1.088552827539902701e+01
1.337252547740936279e+02 2.376072511978514878e+00 1.139554383983886154e+01
1.337804713249206543e+02 2.338071352275155057e+00 1.111053514206366266e+01
1.337933716773986816e+02 2.302070253608814010e+00 1.084052690206610592e+01
1.338195877075195312e+02 2.330071108127079071e+00 1.105053331095309233e+01
1.338483402729034424e+02 2.322070863979003530e+00 1.099053147984252732e+01
1.338708262443542480e+02 2.302070253608814010e+00 1.084052690206610592e+01
1.338896062374114990e+02 2.334071230201117064e+00 1.108053422650837838e+01
1.339010601043701172e+02 2.376072511978514878e+00 1.139554383983886154e+01
1.339179258346557617e+02 2.150065614795373392e+00 9.700492110965299730e+00
1.339383306503295898e+02 2.326070986053041079e+00 1.102053239539780805e+01
1.339862911701202393e+02 2.336071291238135839e+00 1.109553468428601875e+01
1.340019366741180420e+02 2.384072756126590864e+00 1.145554567094943188e+01
1.340221583843231201e+02 2.320070802941984311e+00 1.097553102206488163e+01
1.340403356552124023e+02 2.368072267830438893e+00 1.133554200872829121e+01
1.340534305572509766e+02 2.320070802941984311e+00 1.097553102206488163e+01
1.340718159675598145e+02 2.346071596423230599e+00 1.117053697317422944e+01
1.340899114608764648e+02 2.398073183385723617e+00 1.156054887539292686e+01
1.341324148178100586e+02 2.386072817163609638e+00 1.147054612872707224e+01
1.341960113048553467e+02 2.360072023682363351e+00 1.127554017761772442e+01
1.342102317810058594e+02 2.314070619830927544e+00 1.093052964873195698e+01
1.342648050785064697e+02 2.380072634052552871e+00 1.142554475539414582e+01
1.342788951396942139e+02 2.322070863979003530e+00 1.099053147984252732e+01
1.343033556938171387e+02 2.316070680867946319e+00 1.094553010650959735e+01
1.343469316959381104e+02 2.388072878200628413e+00 1.148554658650471261e+01
1.343659648895263672e+02 2.362072084719382570e+00 1.129054063539537012e+01
1.343811442852020264e+02 2.340071413312173831e+00 1.112553559984130302e+01
1.343968405723571777e+02 2.294070009460738024e+00 1.078052507095553558e+01
1.344231033325195312e+02 2.336071291238135839e+00 1.109553468428601875e+01
1.344705595970153809e+02 2.362072084719382570e+00 1.129054063539537012e+01
1.344923629760742188e+02 2.366072206793420118e+00 1.132054155095065084e+01
1.345052549839019775e+02 2.370072328867458111e+00 1.135054246650593512e+01
1.345195779800415039e+02 2.322070863979003530e+00 1.099053147984252732e+01
1.345316519737243652e+02 2.328071047090059853e+00 1.103553285317544841e+01
1.345463235378265381e+02 2.390072939237647631e+00 1.150054704428235652e+01
1.345597870349884033e+02 2.328071047090059853e+00 1.103553285317544841e+01
1.345750024318695068e+02 2.324070925016021860e+00 1.100553193762016413e+01
1.345918033123016357e+02 2.318070741904965537e+00 1.096053056428724126e+01
1.346569597721099854e+02 2.306070375682851559e+00 1.087052781762138665e+01
1.346865465641021729e+02 2.358071962645344577e+00 1.126053971984008406e+01
1.347425408363342285e+02 2.380072634052552871e+00 1.142554475539414582e+01
1.347584974765777588e+02 2.278069521164586497e+00 1.066052140873439846e+01
1.347880647182464600e+02 2.322070863979003530e+00 1.099053147984252732e+01
1.348225405216217041e+02 2.362072084719382570e+00 1.129054063539537012e+01
1.348525419235229492e+02 2.350071718497268591e+00 1.120053788872951372e+01
1.348883066177368164e+02 2.360072023682363351e+00 1.127554017761772442e+01
1.349154715538024902e+02 2.298070131534776017e+00 1.081052598651081986e+01
1.349504425525665283e+02 2.298070131534776017e+00 1.081052598651081986e+01
1.349724123477935791e+02 2.384072756126590864e+00 1.145554567094943188e+01
1.349874885082244873e+02 2.386072817163609638e+00 1.147054612872707224e+01
1.350030415058135986e+02 2.368072267830438893e+00 1.133554200872829121e+01
1.350201168060302734e+02 2.294070009460738024e+00 1.078052507095553558e+01
1.350749294757843018e+02 2.396073122348704398e+00 1.154554841761528294e+01
1.350924363136291504e+02 2.356071901608325359e+00 1.124553926206244014e+01
1.351053805351257324e+02 2.382072695089572090e+00 1.144054521317179152e+01
1.351188604831695557e+02 2.298070131534776017e+00 1.081052598651081986e+01
1.351318442821502686e+02 2.330071108127079071e+00 1.105053331095309233e+01
1.351489889621734619e+02 2.378072573015534097e+00 1.141054429761650546e+01
1.351733243465423584e+02 2.370072328867458111e+00 1.135054246650593512e+01
1.351921880245208740e+02 2.318070741904965537e+00 1.096053056428724126e+01
1.352396194934844971e+02 2.286069765312662039e+00 1.072052323984496525e+01
1.353110411167144775e+02 2.332071169164097846e+00 1.106553376873073447e+01
1.353723723888397217e+02 2.366072206793420118e+00 1.132054155095065084e+01
1.353855743408203125e+02 2.354071840571306584e+00 1.123053880428479978e+01
1.354117617607116699e+02 2.388072878200628413e+00 1.148554658650471261e+01
1.354443902969360352e+02 2.348071657460249373e+00 1.118553743095186981e+01
1.354711885452270508e+02 2.372072389904476886e+00 1.136554292428357726e+01
1.354856412410736084e+02 2.392073000274666406e+00 1.151554750205999866e+01
1.355026314258575439e+02 2.368072267830438893e+00 1.133554200872829121e+01
1.355185382366180420e+02 2.276069460127567723e+00 1.064552095095675810e+01
1.355708706378936768e+02 2.310070497756889552e+00 1.090052873317667093e+01
1.355882561206817627e+02 2.380072634052552871e+00 1.142554475539414582e+01
1.356034464836120605e+02 2.382072695089572090e+00 1.144054521317179152e+01
1.356170110702514648e+02 2.300070192571795236e+00 1.082552644428846378e+01
1.356341755390167236e+02 2.350071718497268591e+00 1.120053788872951372e+01
1.356506426334381104e+02 2.370072328867458111e+00 1.135054246650593512e+01
1.356752219200134277e+02 2.324070925016021860e+00 1.100553193762016413e+01
1.357623057365417480e+02 2.324070925016021860e+00 1.100553193762016413e+01
1.357937679290771484e+02 2.378072573015534097e+00 1.141054429761650546e+01
1.358533966541290283e+02 2.310070497756889552e+00 1.090052873317667093e+01
1.358709566593170166e+02 2.332071169164097846e+00 1.106553376873073447e+01
1.359000709056854248e+02 2.370072328867458111e+00 1.135054246650593512e+01
1.359204680919647217e+02 2.414073671681875144e+00 1.168055253761406398e+01
1.359382071495056152e+02 2.360072023682363351e+00 1.127554017761772442e+01
1.359649100303649902e+02 2.344071535386211380e+00 1.115553651539658553e+01
1.359793684482574463e+02 2.364072145756401344e+00 1.130554109317301048e+01
1.359932355880737305e+02 2.328071047090059853e+00 1.103553285317544841e+01
1.360073583126068115e+02 2.410073549607837151e+00 1.165055162205877792e+01
1.360208389759063721e+02 2.360072023682363351e+00 1.127554017761772442e+01
1.360747704505920410e+02 2.338071352275155057e+00 1.111053514206366266e+01
1.360912883281707764e+02 2.404073366496780384e+00 1.160555024872585328e+01
1.361156392097473145e+02 2.378072573015534097e+00 1.141054429761650546e+01
1.361308860778808594e+02 2.386072817163609638e+00 1.147054612872707224e+01
1.361476593017578125e+02 2.364072145756401344e+00 1.130554109317301048e+01
1.361641411781311035e+02 2.392073000274666406e+00 1.151554750205999866e+01
1.361828682422637939e+02 2.328071047090059853e+00 1.103553285317544841e+01
1.362256798744201660e+02 2.400073244422742391e+00 1.157554933317056722e+01
1.362965114116668701e+02 2.334071230201117064e+00 1.108053422650837838e+01
1.363570044040679932e+02 2.376072511978514878e+00 1.139554383983886154e+01
1.363702363967895508e+02 2.346071596423230599e+00 1.117053697317422944e+01
1.363969094753265381e+02 2.416073732718893918e+00 1.169555299539170434e+01
1.364278964996337891e+02 2.342071474349193050e+00 1.114053605761894872e+01
1.364569668769836426e+02 2.400073244422742391e+00 1.157554933317056722e+01
1.365096330642700195e+02 2.340071413312173831e+00 1.112553559984130302e+01
1.365216090679168701e+02 2.386072817163609638e+00 1.147054612872707224e+01
1.365377533435821533e+02 2.362072084719382570e+00 1.129054063539537012e+01
1.365735485553741455e+02 2.338071352275155057e+00 1.111053514206366266e+01
1.365938134193420410e+02 2.410073549607837151e+00 1.165055162205877792e+01
1.366069331169128418e+02 2.400073244422742391e+00 1.157554933317056722e+01
1.366216433048248291e+02 2.350071718497268591e+00 1.120053788872951372e+01
1.366363804340362549e+02 2.328071047090059853e+00 1.103553285317544841e+01
1.366492068767547607e+02 2.384072756126590864e+00 1.145554567094943188e+01
1.367054557800292969e+02 2.388072878200628413e+00 1.148554658650471261e+01
1.367231066226959229e+02 2.372072389904476886e+00 1.136554292428357726e+01
1.367376194000244141e+02 2.310070497756889552e+00 1.090052873317667093e+01
1.367513027191162109e+02 2.366072206793420118e+00 1.132054155095065084e+01
1.367662899494171143e+02 2.406073427533799602e+00 1.162055070650349720e+01
1.367811450958251953e+02 2.314070619830927544e+00 1.093052964873195698e+01
1.367931463718414307e+02 2.330071108127079071e+00 1.105053331095309233e+01
1.368080530166625977e+02 2.408073488570817933e+00 1.163555116428113401e+01
1.368413808345794678e+02 2.370072328867458111e+00 1.135054246650593512e+01
1.369016690254211426e+02 2.330071108127079071e+00 1.105053331095309233e+01
1.369327330589294434e+02 2.356071901608325359e+00 1.124553926206244014e+01
1.370026421546936035e+02 2.388072878200628413e+00 1.148554658650471261e+01
1.370166647434234619e+02 2.312070558793908326e+00 1.091552919095431307e+01
1.370418627262115479e+02 2.306070375682851559e+00 1.087052781762138665e+01
1.370751519203186035e+02 2.408073488570817933e+00 1.163555116428113401e+01
1.370938320159912109e+02 2.368072267830438893e+00 1.133554200872829121e+01
1.371152732372283936e+02 2.358071962645344577e+00 1.126053971984008406e+01
1.371280994415283203e+02 2.384072756126590864e+00 1.145554567094943188e+01
1.371464507579803467e+02 2.342071474349193050e+00 1.114053605761894872e+01
1.372124388217926025e+02 2.366072206793420118e+00 1.132054155095065084e+01
1.372273967266082764e+02 2.398073183385723617e+00 1.156054887539292686e+01
1.372444283962249756e+02 2.370072328867458111e+00 1.135054246650593512e+01
1.372576503753662109e+02 2.328071047090059853e+00 1.103553285317544841e+01
1.372721569538116455e+02 2.368072267830438893e+00 1.133554200872829121e+01
1.372875142097473145e+02 2.412073610644855925e+00 1.166555207983642006e+01
1.373043751716613770e+02 2.396073122348704398e+00 1.154554841761528294e+01
1.373457965850830078e+02 2.360072023682363351e+00 1.127554017761772442e+01
1.374162747859954834e+02 2.312070558793908326e+00 1.091552919095431307e+01
1.374757263660430908e+02 2.376072511978514878e+00 1.139554383983886154e+01
1.374892950057983398e+02 2.366072206793420118e+00 1.132054155095065084e+01
1.375253646373748779e+02 2.404073366496780384e+00 1.160555024872585328e+01
1.375429685115814209e+02 2.352071779534287366e+00 1.121553834650715586e+01
1.375679111480712891e+02 2.410073549607837151e+00 1.165055162205877792e+01
1.375827703475952148e+02 2.394073061311685624e+00 1.153054795983764258e+01
1.375994927883148193e+02 2.322070863979003530e+00 1.099053147984252732e+01
1.376144039630889893e+02 2.362072084719382570e+00 1.129054063539537012e+01
1.376315379142761230e+02 2.410073549607837151e+00 1.165055162205877792e+01
1.376748208999633789e+02 2.402073305459761610e+00 1.159054979094821292e+01
1.376993887424468994e+02 2.336071291238135839e+00 1.109553468428601875e+01
1.377173938751220703e+02 2.308070436719870333e+00 1.088552827539902701e+01
1.377345321178436279e+02 2.338071352275155057e+00 1.111053514206366266e+01
1.377461664676666260e+02 2.408073488570817933e+00 1.163555116428113401e+01
1.377622160911560059e+02 2.352071779534287366e+00 1.121553834650715586e+01
1.377758443355560303e+02 2.330071108127079071e+00 1.105053331095309233e+01
1.378011362552642822e+02 2.398073183385723617e+00 1.156054887539292686e+01
1.378682897090911865e+02 2.406073427533799602e+00 1.162055070650349720e+01
1.378987591266632080e+02 2.342071474349193050e+00 1.114053605761894872e+01
1.379543821811676025e+02 2.328071047090059853e+00 1.103553285317544841e+01
1.379697465896606445e+02 2.350071718497268591e+00 1.120053788872951372e+01
1.379994623661041260e+02 2.408073488570817933e+00 1.163555116428113401e+01
1.380280995368957520e+02 2.346071596423230599e+00 1.117053697317422944e+01
1.380569889545440674e+02 2.398073183385723617e+00 1.156054887539292686e+01
1.380989780426025391e+02 2.342071474349193050e+00 1.114053605761894872e+01
1.381200709342956543e+02 2.348071657460249373e+00 1.118553743095186981e+01
1.381494197845458984e+02 2.334071230201117064e+00 1.108053422650837838e+01
1.381749007701873779e+02 2.378072573015534097e+00 1.141054429761650546e+01
1.381911308765411377e+02 2.364072145756401344e+00 1.130554109317301048e+01
1.382110016345977783e+02 2.412073610644855925e+00 1.166555207983642006e+01
1.382250592708587646e+02 2.410073549607837151e+00 1.165055162205877792e+01
1.382442152500152588e+02 2.348071657460249373e+00 1.118553743095186981e+01
1.382784531116485596e+02 2.344071535386211380e+00 1.115553651539658553e+01
1.382941679954528809e+02 2.334071230201117064e+00 1.108053422650837838e+01
1.383090455532073975e+02 2.364072145756401344e+00 1.130554109317301048e+01
1.383224260807037354e+02 2.394073061311685624e+00 1.153054795983764258e+01
1.383358809947967529e+02 2.338071352275155057e+00 1.111053514206366266e+01
1.383531222343444824e+02 2.394073061311685624e+00 1.153054795983764258e+01
1.383648977279663086e+02 2.404073366496780384e+00 1.160555024872585328e+01
1.383799042701721191e+02 2.352071779534287366e+00 1.121553834650715586e+01
1.383959074020385742e+02 2.342071474349193050e+00 1.114053605761894872e+01
1.384394268989562988e+02 2.330071108127079071e+00 1.105053331095309233e+01
1.385104858875274658e+02 2.372072389904476886e+00 1.136554292428357726e+01
1.385712583065032959e+02 2.354071840571306584e+00 1.123053880428479978e+01
1.385847222805023193e+02 2.364072145756401344e+00 1.130554109317301048e+01
1.386082127094268799e+02 2.398073183385723617e+00 1.156054887539292686e+01
1.386520934104919434e+02 2.404073366496780384e+00 1.160555024872585328e+01
1.386696314811706543e+02 2.386072817163609638e+00 1.147054612872707224e+01
1.386844375133514404e+02 2.414073671681875144e+00 1.168055253761406398e+01
1.387013430595397949e+02 2.340071413312173831e+00 1.112553559984130302e+01
1.387260408401489258e+02 2.322070863979003530e+00 1.099053147984252732e+01
1.387702407836914062e+02 2.398073183385723617e+00 1.156054887539292686e+01
1.387924027442932129e+02 2.360072023682363351e+00 1.127554017761772442e+01
1.388112854957580566e+02 2.398073183385723617e+00 1.156054887539292686e+01
1.388290281295776367e+02 2.402073305459761610e+00 1.159054979094821292e+01
1.388439333438873291e+02 2.390072939237647631e+00 1.150054704428235652e+01
1.388557600975036621e+02 2.334071230201117064e+00 1.108053422650837838e+01
1.388733952045440674e+02 2.376072511978514878e+00 1.139554383983886154e+01
1.389608049392700195e+02 2.338071352275155057e+00 1.111053514206366266e+01
