1.947612812519073486e+02 2.012061403241065527e+00 8.665460524307992074e+00
1.947765142917633057e+02 1.808055177465132557e+00 7.135413830988493800e+00
1.947902975082397461e+02 1.864056886501663346e+00 7.555426648762475494e+00
1.948023383617401123e+02 2.310070497756889552e+00 1.090052873317667093e+01
1.948153920173645020e+02 1.814055360576189546e+00 7.180415204321421996e+00
1.948333549499511719e+02 1.854056581316568586e+00 7.480424359874264795e+00
1.948531167507171631e+02 1.870057069612720113e+00 7.600428022095401026e+00
1.948683888912200928e+02 2.090063783684804832e+00 9.250478377636035532e+00
1.949177412986755371e+02 1.854056581316568586e+00 7.480424359874264795e+00
1.949313707351684570e+02 1.834055970946379066e+00 7.330419782097843395e+00
1.949433403015136719e+02 2.276069460127567723e+00 1.064552095095675810e+01
1.949559462070465088e+02 1.816055421613208543e+00 7.195415662099064136e+00
1.949671099185943604e+02 2.056062746055482560e+00 8.995470595416119153e+00
1.949782545566558838e+02 2.050062562944425792e+00 8.950469222083192733e+00
1.949946124553680420e+02 1.888057618945890859e+00 7.735432142094181174e+00
1.950096516609191895e+02 2.062062929166539327e+00 9.040471968749045573e+00
1.950258154869079590e+02 2.252068727683340210e+00 1.046551545762505242e+01
1.950438828468322754e+02 2.138065248573259414e+00 9.610489364299445114e+00
1.950574431419372559e+02 1.828055787835322299e+00 7.285418408764916975e+00
1.950713393688201904e+02 1.896057863093966622e+00 7.795433973204749734e+00
1.950927655696868896e+02 2.280069582201605716e+00 1.067552186651204238e+01
1.951229636669158936e+02 2.258068910794396977e+00 1.051051683095797706e+01
1.952028725147247314e+02 2.256068849757378203e+00 1.049551637318033670e+01
1.952344343662261963e+02 2.150065614795373392e+00 9.700492110965299730e+00
1.952911653518676758e+02 1.798054872280037797e+00 7.060411542100283100e+00
1.953046507835388184e+02 2.248068605609302217e+00 1.043551454206976636e+01
1.953265564441680908e+02 1.838056093020417059e+00 7.360420697653127675e+00
1.953623795509338379e+02 2.360072023682363351e+00 1.127554017761772442e+01
1.953891642093658447e+02 2.340071413312173831e+00 1.112553559984130302e+01
1.954031043052673340e+02 2.358071962645344577e+00 1.126053971984008406e+01
1.954189546108245850e+02 1.812055299539170550e+00 7.165414746543778968e+00
1.954481256008148193e+02 1.820055543687246313e+00 7.225416577654347527e+00
1.954917619228363037e+02 2.252068727683340210e+00 1.046551545762505242e+01
1.955052440166473389e+02 2.310070497756889552e+00 1.090052873317667093e+01
1.955238013267517090e+02 1.832055909909360070e+00 7.315419324320200367e+00
1.955389592647552490e+02 1.826055726798303303e+00 7.270417950987274835e+00
1.955619513988494873e+02 1.816055421613208543e+00 7.195415662099064136e+00
1.955768120288848877e+02 1.824055665761284306e+00 7.255417493209632696e+00
1.955965466499328613e+02 1.830055848872341073e+00 7.300418866542558227e+00
1.957017962932586670e+02 1.830055848872341073e+00 7.300418866542558227e+00
1.957162182331085205e+02 1.802054994354075790e+00 7.090412457655568268e+00
1.957735204696655273e+02 1.818055482650227317e+00 7.210416119876704499e+00
1.957933118343353271e+02 2.106064271980956359e+00 9.370482039857172651e+00
1.958038594722747803e+02 2.270069277016510512e+00 1.060051957762382813e+01
1.958328628540039062e+02 2.140065309610278632e+00 9.625489822077089030e+00
1.958615942001342773e+02 1.926058778649250680e+00 8.020440839869380056e+00
1.958903496265411377e+02 1.824055665761284306e+00 7.255417493209632696e+00
1.959333653450012207e+02 2.150065614795373392e+00 9.700492110965299730e+00
1.959534809589385986e+02 2.276069460127567723e+00 1.064552095095675810e+01
1.959833533763885498e+02 1.878057313760796099e+00 7.660429853205970474e+00
1.960162956714630127e+02 1.966059999389629720e+00 8.320449995422222855e+00
1.960299673080444336e+02 1.902058046205023389e+00 7.840435346537675265e+00
1.960408942699432373e+02 2.214067567979979945e+00 1.018050675984984998e+01
1.960563135147094727e+02 1.832055909909360070e+00 7.315419324320200367e+00
1.961000087261199951e+02 1.876057252723777102e+00 7.645429395428328334e+00
1.961216826438903809e+02 1.826055726798303303e+00 7.270417950987274835e+00
1.961361558437347412e+02 1.824055665761284306e+00 7.255417493209632696e+00
1.961498012542724609e+02 2.090063783684804832e+00 9.250478377636035532e+00
1.961634614467620850e+02 2.216067629016999163e+00 1.019550721762749390e+01
1.961790268421173096e+02 1.812055299539170550e+00 7.165414746543778968e+00
1.961953310966491699e+02 1.840056154057435833e+00 7.375421155430768927e+00
1.962100853919982910e+02 2.064062990203558545e+00 9.055472426526689489e+00
1.962299053668975830e+02 2.256068849757378203e+00 1.049551637318033670e+01
1.963178286552429199e+02 2.172066286202582130e+00 9.865497146519366822e+00
1.963482103347778320e+02 2.192066896572771650e+00 1.001550172429578822e+01
1.964043662548065186e+02 2.272069338053529730e+00 1.061552003540147382e+01
1.964174873828887939e+02 1.804055055391094786e+00 7.105412915433211296e+00
1.964428808689117432e+02 1.816055421613208543e+00 7.195415662099064136e+00
1.964724056720733643e+02 2.164066042054506145e+00 9.805495315408796486e+00
1.964960589408874512e+02 1.834055970946379066e+00 7.330419782097843395e+00
1.965134356021881104e+02 1.814055360576189546e+00 7.180415204321421996e+00
1.965301940441131592e+02 2.266069154942472519e+00 1.057051866206854385e+01
1.965424702167510986e+02 2.284069704275643264e+00 1.070552278206732488e+01
1.965960400104522705e+02 2.370072328867458111e+00 1.135054246650593512e+01
1.966148574352264404e+02 1.880057374797815095e+00 7.675430310983613502e+00
1.966264927387237549e+02 2.260068971831416196e+00 1.052551728873562098e+01
1.966431913375854492e+02 2.138065248573259414e+00 9.610489364299445114e+00
1.966580791473388672e+02 1.826055726798303303e+00 7.270417950987274835e+00
1.966762506961822510e+02 1.828055787835322299e+00 7.285418408764916975e+00
1.966901390552520752e+02 2.024061769463179505e+00 8.755463270973846690e+00
1.967091183662414551e+02 2.260068971831416196e+00 1.052551728873562098e+01
1.967439494132995605e+02 2.256068849757378203e+00 1.049551637318033670e+01
1.968236944675445557e+02 2.284069704275643264e+00 1.070552278206732488e+01
1.968828787803649902e+02 1.818055482650227317e+00 7.210416119876704499e+00
1.968961064815521240e+02 1.802054994354075790e+00 7.090412457655568268e+00
1.969328773021697998e+02 1.820055543687246313e+00 7.225416577654347527e+00
1.969571349620819092e+02 2.082063539536728847e+00 9.190476546525466972e+00
1.969793441295623779e+02 1.878057313760796099e+00 7.660429853205970474e+00
1.969938552379608154e+02 1.850056459242530593e+00 7.450423444318979627e+00
1.970096240043640137e+02 2.104064210943937585e+00 9.355481582079532288e+00
1.970203094482421875e+02 2.178066469313638454e+00 9.910498519852287913e+00
1.970573656558990479e+02 1.802054994354075790e+00 7.090412457655568268e+00
1.970823934078216553e+02 1.820055543687246313e+00 7.225416577654347527e+00
1.970976779460906982e+02 1.824055665761284306e+00 7.255417493209632696e+00
1.971151697635650635e+02 2.034062074648274265e+00 8.830465559862057390e+00
1.971288130283355713e+02 2.116064577166051119e+00 9.445484328745383351e+00
1.971450262069702148e+02 2.362072084719382570e+00 1.129054063539537012e+01
1.971581819057464600e+02 1.826055726798303303e+00 7.270417950987274835e+00
1.971712813377380371e+02 1.876057252723777102e+00 7.645429395428328334e+00
1.971845004558563232e+02 2.362072084719382570e+00 1.129054063539537012e+01
1.972784664630889893e+02 1.924058717612231684e+00 8.005440382091737916e+00
1.973089261054992676e+02 2.218067690054017937e+00 1.021050767540513426e+01
1.973642580509185791e+02 2.258068910794396977e+00 1.051051683095797706e+01
1.973842146396636963e+02 1.814055360576189546e+00 7.180415204321421996e+00
1.974007103443145752e+02 1.806055116428113783e+00 7.120413373210853436e+00
1.974293534755706787e+02 1.804055055391094786e+00 7.105412915433211296e+00
1.974580504894256592e+02 2.366072206793420118e+00 1.132054155095065084e+01
1.974885885715484619e+02 1.828055787835322299e+00 7.285418408764916975e+00
1.975241961479187012e+02 2.322070863979003530e+00 1.099053147984252732e+01
1.975501871109008789e+02 1.824055665761284306e+00 7.255417493209632696e+00
1.975858116149902344e+02 1.824055665761284306e+00 7.255417493209632696e+00
1.976086795330047607e+02 2.012061403241065527e+00 8.665460524307992074e+00
1.976215963363647461e+02 2.150065614795373392e+00 9.700492110965299730e+00
1.976346399784088135e+02 1.820055543687246313e+00 7.225416577654347527e+00
1.976500823497772217e+02 2.262069032868434526e+00 1.054051774651325957e+01
1.977059822082519531e+02 2.360072023682363351e+00 1.127554017761772442e+01
1.977203519344329834e+02 1.836056031983398062e+00 7.345420239875485535e+00
1.977347996234893799e+02 1.858056703390606579e+00 7.510425275429549075e+00
1.977483284473419189e+02 2.168066164128544138e+00 9.835496230964080766e+00
1.977709369659423828e+02 2.144065431684316625e+00 9.655490737632375087e+00
1.977859439849853516e+02 2.286069765312662039e+00 1.072052323984496525e+01
1.978039681911468506e+02 2.166066103091524919e+00 9.820495773186436850e+00
1.978228559494018555e+02 1.822055604724265310e+00 7.240417035431989667e+00
1.979251549243927002e+02 1.822055604724265310e+00 7.240417035431989667e+00
1.979391536712646484e+02 2.048062501907407018e+00 8.935468764305552369e+00
1.979935655593872070e+02 1.818055482650227317e+00 7.210416119876704499e+00
1.980068681240081787e+02 2.252068727683340210e+00 1.046551545762505242e+01
1.980343472957611084e+02 2.298070131534776017e+00 1.081052598651081986e+01
1.980775787830352783e+02 1.826055726798303303e+00 7.270417950987274835e+00
1.980921361446380615e+02 2.028061891537217498e+00 8.785464186529130970e+00
1.981070487499237061e+02 2.262069032868434526e+00 1.054051774651325957e+01
1.981249198913574219e+02 1.990060731833857233e+00 8.500455488753928535e+00
1.981652574539184570e+02 1.804055055391094786e+00 7.105412915433211296e+00
1.981855521202087402e+02 2.260068971831416196e+00 1.052551728873562098e+01
1.981989009380340576e+02 1.824055665761284306e+00 7.255417493209632696e+00
1.982141327857971191e+02 1.832055909909360070e+00 7.315419324320200367e+00
1.982292954921722412e+02 2.254068788720358985e+00 1.048051591540269278e+01
1.982439951896667480e+02 2.126064882351145879e+00 9.520486617633594051e+00
1.982617020606994629e+02 1.820055543687246313e+00 7.225416577654347527e+00
1.982836709022521973e+02 1.816055421613208543e+00 7.195415662099064136e+00
1.983135657310485840e+02 1.836056031983398062e+00 7.345420239875485535e+00
1.983842706680297852e+02 1.854056581316568586e+00 7.480424359874264795e+00
1.984144957065582275e+02 2.258068910794396977e+00 1.051051683095797706e+01
1.984705011844635010e+02 1.910058290353099375e+00 7.900437177648245601e+00
1.984902625083923340e+02 2.340071413312173831e+00 1.112553559984130302e+01
1.985087482929229736e+02 2.132065065462203091e+00 9.565487990966524023e+00
1.985486152172088623e+02 1.898057924130985619e+00 7.810434430982391873e+00
1.985617458820343018e+02 2.164066042054506145e+00 9.805495315408796486e+00
1.985771982669830322e+02 1.802054994354075790e+00 7.090412457655568268e+00
1.985928308963775635e+02 1.872057130649739110e+00 7.615428479873043166e+00
1.986185438632965088e+02 2.298070131534776017e+00 1.081052598651081986e+01
1.986545391082763672e+02 2.352071779534287366e+00 1.121553834650715586e+01
1.986740274429321289e+02 1.836056031983398062e+00 7.345420239875485535e+00
1.986899321079254150e+02 2.250068666646320992e+00 1.045051499984740673e+01
1.987036137580871582e+02 2.142065370647297406e+00 9.640490279854731170e+00
1.987173428535461426e+02 1.828055787835322299e+00 7.285418408764916975e+00
1.987354137897491455e+02 2.088063722647786058e+00 9.235477919858395168e+00
1.987510840892791748e+02 2.056062746055482560e+00 8.995470595416119153e+00
1.987638602256774902e+02 2.256068849757378203e+00 1.049551637318033670e+01
1.988030443191528320e+02 2.256068849757378203e+00 1.049551637318033670e+01
1.988837909698486328e+02 2.210067445905941952e+00 1.015050584429456393e+01
1.989431536197662354e+02 1.818055482650227317e+00 7.210416119876704499e+00
1.989564788341522217e+02 1.808055177465132557e+00 7.135413830988493800e+00
1.989774568080902100e+02 1.826055726798303303e+00 7.270417950987274835e+00
1.990064542293548584e+02 1.838056093020417059e+00 7.360420697653127675e+00
1.990353426933288574e+02 2.270069277016510512e+00 1.060051957762382813e+01
1.990640537738800049e+02 2.054062685018463341e+00 8.980470137638475236e+00
1.991062164306640625e+02 1.998060975981932996e+00 8.560457319864497094e+00
1.991268880367279053e+02 1.816055421613208543e+00 7.195415662099064136e+00
1.991634280681610107e+02 2.138065248573259414e+00 9.610489364299445114e+00
1.991896517276763916e+02 2.264069093905453744e+00 1.055551820429090348e+01
1.992023599147796631e+02 2.166066103091524919e+00 9.820495773186436850e+00
1.992134602069854736e+02 1.830055848872341073e+00 7.300418866542558227e+00
1.992306649684906006e+02 2.270069277016510512e+00 1.060051957762382813e+01
1.992923536300659180e+02 2.358071962645344577e+00 1.126053971984008406e+01
1.993069732189178467e+02 2.286069765312662039e+00 1.072052323984496525e+01
1.993248870372772217e+02 1.826055726798303303e+00 7.270417950987274835e+00
1.993400156497955322e+02 1.824055665761284306e+00 7.255417493209632696e+00
1.993535892963409424e+02 1.878057313760796099e+00 7.660429853205970474e+00
1.993736557960510254e+02 2.272069338053529730e+00 1.061552003540147382e+01
1.993902068138122559e+02 2.240068361461226232e+00 1.037551271095919603e+01
1.994311523437500000e+02 2.274069399090548504e+00 1.063052049317911418e+01
1.995124881267547607e+02 1.920058595538193913e+00 7.975439466536454525e+00
1.995727915763854980e+02 2.250068666646320992e+00 1.045051499984740673e+01
1.995857372283935547e+02 2.268069215979491737e+00 1.058551911984618776e+01
1.996078810691833496e+02 1.814055360576189546e+00 7.180415204321421996e+00
1.996374208927154541e+02 2.130065004425183872e+00 9.550487533188878331e+00
1.996695721149444580e+02 2.200067140720847192e+00 1.007550355540635323e+01
1.996820073127746582e+02 2.070063173314615312e+00 9.100473799859614132e+00
1.996979353427886963e+02 1.764053834650715746e+00 6.805403759880368497e+00
1.997124052047729492e+02 2.008061281167027978e+00 8.635459608752709570e+00
1.997636570930480957e+02 2.186066713461714439e+00 9.970500350962858249e+00
1.997830519676208496e+02 1.722052552873317710e+00 6.490394146549882670e+00
1.997964813709259033e+02 1.732052858058412470e+00 6.565396435438093370e+00
1.998093988895416260e+02 2.048062501907407018e+00 8.935468764305552369e+00
1.998225440979003906e+02 2.104064210943937585e+00 9.355481582079532288e+00
1.998394708633422852e+02 1.796054811243019023e+00 7.045411084322642736e+00
1.998572418689727783e+02 1.854056581316568586e+00 7.480424359874264795e+00
1.998734452724456787e+02 1.906058168279061382e+00 7.870436262092960433e+00
1.999691970348358154e+02 1.774054139835810506e+00 6.880406048768579197e+00
2.000006151199340820e+02 1.824055665761284306e+00 7.255417493209632696e+00
2.000566272735595703e+02 1.790054628131962033e+00 7.000409710989715428e+00
2.000709760189056396e+02 2.016061525315103520e+00 8.695461439863276354e+00
2.000968658924102783e+02 2.246068544572282999e+00 1.042051408429212245e+01
2.001291897296905518e+02 1.806055116428113783e+00 7.120413373210853436e+00
2.001528711318969727e+02 2.296070070497757243e+00 1.079552552873317950e+01
2.001656575202941895e+02 2.336071291238135839e+00 1.109553468428601875e+01
2.001786255836486816e+02 1.792054689168981030e+00 7.015410168767357568e+00
2.001912417411804199e+02 2.058062807092501334e+00 9.010471053193759516e+00
2.002461421489715576e+02 2.036062135685293040e+00 8.845466017639697753e+00
2.002634017467498779e+02 1.800054933317056793e+00 7.075411999877926128e+00
2.002784185409545898e+02 1.806055116428113783e+00 7.120413373210853436e+00
2.002922341823577881e+02 1.942059266945402429e+00 8.140444502090517176e+00
2.003082482814788818e+02 2.338071352275155057e+00 1.111053514206366266e+01
2.003216342926025391e+02 1.954059633167515964e+00 8.230447248756370016e+00
2.003361709117889404e+02 1.808055177465132557e+00 7.135413830988493800e+00
2.003512809276580811e+02 2.238068300424207457e+00 1.036051225318155566e+01
2.003782472610473633e+02 2.138065248573259414e+00 9.610489364299445114e+00
2.004544780254364014e+02 2.084063600573748065e+00 9.205477004303110888e+00
2.004844822883605957e+02 1.802054994354075790e+00 7.090412457655568268e+00
2.005404438972473145e+02 1.968060060426648716e+00 8.335450453199864995e+00
2.005542781352996826e+02 1.796054811243019023e+00 7.045411084322642736e+00
2.005722873210906982e+02 1.912058351390118149e+00 7.915437635425885965e+00
2.006011259555816650e+02 2.172066286202582130e+00 9.865497146519366822e+00
2.006299743652343750e+02 1.780054322946867273e+00 6.925407422101504729e+00
2.006584177017211914e+02 2.292069948423719250e+00 1.076552461317789522e+01
2.007011003494262695e+02 1.804055055391094786e+00 7.105412915433211296e+00
2.007217807769775391e+02 1.802054994354075790e+00 7.090412457655568268e+00
2.007520370483398438e+02 1.802054994354075790e+00 7.090412457655568268e+00
2.007819392681121826e+02 2.248068605609302217e+00 1.043551454206976636e+01
2.007974593639373779e+02 1.800054933317056793e+00 7.075411999877926128e+00
2.008144135475158691e+02 2.104064210943937585e+00 9.355481582079532288e+00
2.008353908061981201e+02 2.204067262794885185e+00 1.010550447096163929e+01
2.008766741752624512e+02 2.236068239387188683e+00 1.034551179540391530e+01
2.008935008049011230e+02 2.224067873165074705e+00 1.025550904873806068e+01
2.009071946144104004e+02 2.344071535386211380e+00 1.115553651539658553e+01
2.009232327938079834e+02 2.112064455092013571e+00 9.415483413190102624e+00
2.009361009597778320e+02 1.798054872280037797e+00 7.060411542100283100e+00
2.009541444778442383e+02 2.016061525315103520e+00 8.695461439863276354e+00
2.009693777561187744e+02 2.340071413312173831e+00 1.112553559984130302e+01
2.009869322776794434e+02 2.156065797906430603e+00 9.745493484298229703e+00
2.010808703899383545e+02 2.142065370647297406e+00 9.640490279854731170e+00
2.011122162342071533e+02 2.132065065462203091e+00 9.565487990966524023e+00
2.011665165424346924e+02 2.258068910794396977e+00 1.051051683095797706e+01
2.011800048351287842e+02 1.778054261909848277e+00 6.910406964323861700e+00
2.012058117389678955e+02 1.806055116428113783e+00 7.120413373210853436e+00
2.012488603591918945e+02 2.128064943388165098e+00 9.535487075411237967e+00
2.012627480030059814e+02 1.914058412427137146e+00 7.930438093203528993e+00
2.012764790058135986e+02 1.814055360576189546e+00 7.180415204321421996e+00
2.012917377948760986e+02 2.246068544572282999e+00 1.042051408429212245e+01
2.013097295761108398e+02 2.316070680867946319e+00 1.094553010650959735e+01
2.013619291782379150e+02 2.324070925016021860e+00 1.100553193762016413e+01
2.013800237178802490e+02 1.802054994354075790e+00 7.090412457655568268e+00
2.013967096805572510e+02 1.812055299539170550e+00 7.165414746543778968e+00
2.014113266468048096e+02 2.066063051240577320e+00 9.070472884304329853e+00
2.014245622158050537e+02 2.186066713461714439e+00 9.970500350962858249e+00
2.014430634975433350e+02 1.804055055391094786e+00 7.105412915433211296e+00
2.014582636356353760e+02 1.810055238502151553e+00 7.150414288766136828e+00
2.015019590854644775e+02 1.802054994354075790e+00 7.090412457655568268e+00
2.015866112709045410e+02 2.026061830500198724e+00 8.770463728751490606e+00
2.016437530517578125e+02 2.270069277016510512e+00 1.060051957762382813e+01
2.016734209060668945e+02 1.800054933317056793e+00 7.075411999877926128e+00
2.017023789882659912e+02 2.258068910794396977e+00 1.051051683095797706e+01
2.017433025836944580e+02 2.266069154942472519e+00 1.057051866206854385e+01
2.017572135925292969e+02 1.838056093020417059e+00 7.360420697653127675e+00
2.017703788280487061e+02 2.250068666646320992e+00 1.045051499984740673e+01
2.017831397056579590e+02 2.060062868129520552e+00 9.025471510971403433e+00
2.018039243221282959e+02 1.826055726798303303e+00 7.270417950987274835e+00
2.018486163616180420e+02 1.826055726798303303e+00 7.270417950987274835e+00
2.018668768405914307e+02 1.832055909909360070e+00 7.315419324320200367e+00
2.018821821212768555e+02 1.884057496871852866e+00 7.705431226538896894e+00
2.019056618213653564e+02 1.818055482650227317e+00 7.210416119876704499e+00
2.019257583618164062e+02 2.162065981017486926e+00 9.790494857631152570e+00
2.019439597129821777e+02 1.822055604724265310e+00 7.240417035431989667e+00
2.019602341651916504e+02 1.826055726798303303e+00 7.270417950987274835e+00
2.020545234680175781e+02 1.960059816278572953e+00 8.275448622089296435e+00
2.020854876041412354e+02 1.826055726798303303e+00 7.270417950987274835e+00
2.021405000686645508e+02 1.832055909909360070e+00 7.315419324320200367e+00
2.021699044704437256e+02 1.800054933317056793e+00 7.075411999877926128e+00
2.021990001201629639e+02 2.276069460127567723e+00 1.064552095095675810e+01
2.022295665740966797e+02 1.826055726798303303e+00 7.270417950987274835e+00
2.022845754623413086e+02 2.272069338053529730e+00 1.061552003540147382e+01
2.023052678108215332e+02 1.832055909909360070e+00 7.315419324320200367e+00
2.023377747535705566e+02 2.042062318796350251e+00 8.890467390972627726e+00
2.023624784946441650e+02 1.898057924130985619e+00 7.810434430982391873e+00
2.023745763301849365e+02 1.890057679982909855e+00 7.750432599871824202e+00
2.023928511142730713e+02 2.266069154942472519e+00 1.057051866206854385e+01
2.024085106849670410e+02 2.308070436719870333e+00 1.088552827539902701e+01
2.024623148441314697e+02 2.264069093905453744e+00 1.055551820429090348e+01
2.024772295951843262e+02 1.880057374797815095e+00 7.675430310983613502e+00
2.024940938949584961e+02 2.068063112277596538e+00 9.085473342081973769e+00
2.025085985660552979e+02 2.272069338053529730e+00 1.061552003540147382e+01
2.025220038890838623e+02 1.838056093020417059e+00 7.360420697653127675e+00
2.025378656387329102e+02 1.818055482650227317e+00 7.210416119876704499e+00
2.025553913116455078e+02 2.132065065462203091e+00 9.565487990966524023e+00
2.025719192028045654e+02 2.208067384868923178e+00 1.013550538651692356e+01
2.026039826869964600e+02 2.298070131534776017e+00 1.081052598651081986e+01
2.026902856826782227e+02 2.156065797906430603e+00 9.745493484298229703e+00
2.027052419185638428e+02 2.356071901608325359e+00 1.124553926206244014e+01
2.027611494064331055e+02 1.848056398205511819e+00 7.435422986541338375e+00
2.027750155925750732e+02 1.816055421613208543e+00 7.195415662099064136e+00
2.027974262237548828e+02 1.872057130649739110e+00 7.615428479873043166e+00
2.028323776721954346e+02 1.856056642353587582e+00 7.495424817651906935e+00
2.028536255359649658e+02 2.348071657460249373e+00 1.118553743095186981e+01
2.028738071918487549e+02 2.262069032868434526e+00 1.054051774651325957e+01
2.028914606571197510e+02 2.304070314645832784e+00 1.085552735984374628e+01
2.029441967010498047e+02 2.294070009460738024e+00 1.078052507095553558e+01
2.029616472721099854e+02 1.828055787835322299e+00 7.285418408764916975e+00
2.029791355133056641e+02 1.868057008575701339e+00 7.585427564317759774e+00
2.029938189983367920e+02 2.140065309610278632e+00 9.625489822077089030e+00
2.030114200115203857e+02 2.300070192571795236e+00 1.082552644428846378e+01
2.030260577201843262e+02 2.170066225165562912e+00 9.850496688741721130e+00
2.030399818420410156e+02 1.816055421613208543e+00 7.195415662099064136e+00
2.030712878704071045e+02 1.878057313760796099e+00 7.660429853205970474e+00
2.031463170051574707e+02 2.306070375682851559e+00 1.087052781762138665e+01
2.031775491237640381e+02 2.118064638203069894e+00 9.460484786523023715e+00
2.032398102283477783e+02 1.896057863093966622e+00 7.795433973204749734e+00
2.032626256942749023e+02 1.882057435834833869e+00 7.690430768761253866e+00
2.032921094894409180e+02 1.826055726798303303e+00 7.270417950987274835e+00
2.033250880241394043e+02 2.276069460127567723e+00 1.064552095095675810e+01
2.033417115211486816e+02 1.824055665761284306e+00 7.255417493209632696e+00
2.033575198650360107e+02 1.834055970946379066e+00 7.330419782097843395e+00
2.033768882751464844e+02 2.114064516129032345e+00 9.430483870967742988e+00
2.034243550300598145e+02 2.004061159092989985e+00 8.605458693197425291e+00
2.034374451637268066e+02 1.826055726798303303e+00 7.270417950987274835e+00
2.034513247013092041e+02 2.222067812128055486e+00 1.024050859096041677e+01
2.034644107818603516e+02 2.110064394054994352e+00 9.400482955412456931e+00
2.034828269481658936e+02 1.822055604724265310e+00 7.240417035431989667e+00
2.035004472732543945e+02 1.900057985168004615e+00 7.825434888760034902e+00
2.035157876014709473e+02 2.038062196722312258e+00 8.860466475417341670e+00
2.035298657417297363e+02 2.258068910794396977e+00 1.051051683095797706e+01
2.035701715946197510e+02 1.824055665761284306e+00 7.255417493209632696e+00
2.036498508453369141e+02 2.262069032868434526e+00 1.054051774651325957e+01
2.037094266414642334e+02 1.822055604724265310e+00 7.240417035431989667e+00
2.037229769229888916e+02 1.830055848872341073e+00 7.300418866542558227e+00
2.037422926425933838e+02 1.870057069612720113e+00 7.600428022095401026e+00
2.037720403671264648e+02 1.826055726798303303e+00 7.270417950987274835e+00
2.038007061481475830e+02 2.254068788720358985e+00 1.048051591540269278e+01
2.038292562961578369e+02 1.866056947538682342e+00 7.570427106540117634e+00
2.038715026378631592e+02 2.296070070497757243e+00 1.079552552873317950e+01
2.038915376663208008e+02 2.164066042054506145e+00 9.805495315408796486e+00
2.039205393791198730e+02 2.352071779534287366e+00 1.121553834650715586e+01
2.039497568607330322e+02 1.820055543687246313e+00 7.225416577654347527e+00
2.039634261131286621e+02 1.832055909909360070e+00 7.315419324320200367e+00
2.039770557880401611e+02 1.836056031983398062e+00 7.345420239875485535e+00
2.039922418594360352e+02 2.228067995239112697e+00 1.028550996429334496e+01
2.040348234176635742e+02 2.148065553758354618e+00 9.685491653187659367e+00
2.040647590160369873e+02 2.062062929166539327e+00 9.040471968749045573e+00
2.040841121673583984e+02 1.810055238502151553e+00 7.150414288766136828e+00
2.040978872776031494e+02 1.836056031983398062e+00 7.345420239875485535e+00
2.041112790107727051e+02 2.260068971831416196e+00 1.052551728873562098e+01
2.041289639472961426e+02 1.876057252723777102e+00 7.645429395428328334e+00
2.041430425643920898e+02 1.824055665761284306e+00 7.255417493209632696e+00
2.041574985980987549e+02 1.844056276131473826e+00 7.405422070986054095e+00
2.041988561153411865e+02 2.256068849757378203e+00 1.049551637318033670e+01
2.042784309387207031e+02 1.824055665761284306e+00 7.255417493209632696e+00
2.043378601074218750e+02 2.230068056276131472e+00 1.030051042207098533e+01
2.043516867160797119e+02 2.170066225165562912e+00 9.850496688741721130e+00
2.043800148963928223e+02 2.206067323831903959e+00 1.012050492873927965e+01
2.044233195781707764e+02 1.826055726798303303e+00 7.270417950987274835e+00
2.044388809204101562e+02 1.842056215094454830e+00 7.390421613208411067e+00
2.044497687816619873e+02 2.238068300424207457e+00 1.036051225318155566e+01
2.044651551246643066e+02 1.824055665761284306e+00 7.255417493209632696e+00
2.044778749942779541e+02 1.836056031983398062e+00 7.345420239875485535e+00
2.045310897827148438e+02 1.820055543687246313e+00 7.225416577654347527e+00
2.045533452033996582e+02 2.258068910794396977e+00 1.051051683095797706e+01
2.045721535682678223e+02 2.348071657460249373e+00 1.118553743095186981e+01
2.045849106311798096e+02 2.166066103091524919e+00 9.820495773186436850e+00
2.046010637283325195e+02 1.806055116428113783e+00 7.120413373210853436e+00
2.046184945106506348e+02 1.878057313760796099e+00 7.660429853205970474e+00
2.046351335048675537e+02 2.134065126499221865e+00 9.580488448744164387e+00
2.046596863269805908e+02 2.278069521164586497e+00 1.066052140873439846e+01
2.047317922115325928e+02 2.154065736869411385e+00 9.730493026520585786e+00
2.047637033462524414e+02 1.830055848872341073e+00 7.300418866542558227e+00
2.048191220760345459e+02 1.816055421613208543e+00 7.195415662099064136e+00
2.048332386016845703e+02 1.988060670796838236e+00 8.485455030976286395e+00
2.048555636405944824e+02 2.260068971831416196e+00 1.052551728873562098e+01
2.048881435394287109e+02 2.038062196722312258e+00 8.860466475417341670e+00
2.049112973213195801e+02 2.134065126499221865e+00 9.580488448744164387e+00
2.049239368438720703e+02 1.852056520279549590e+00 7.465423902096621767e+00
2.049411842823028564e+02 1.828055787835322299e+00 7.285418408764916975e+00
2.049623594284057617e+02 1.826055726798303303e+00 7.270417950987274835e+00
2.050095953941345215e+02 1.828055787835322299e+00 7.285418408764916975e+00
2.050275943279266357e+02 2.136065187536240639e+00 9.595488906521804751e+00
2.050453069210052490e+02 1.822055604724265310e+00 7.240417035431989667e+00
2.050633778572082520e+02 1.840056154057435833e+00 7.375421155430768927e+00
2.050765914916992188e+02 1.848056398205511819e+00 7.435422986541338375e+00
2.050938854217529297e+02 2.256068849757378203e+00 1.049551637318033670e+01
2.051104066371917725e+02 2.216067629016999163e+00 1.019550721762749390e+01
2.052082548141479492e+02 1.832055909909360070e+00 7.315419324320200367e+00
2.052390961647033691e+02 1.832055909909360070e+00 7.315419324320200367e+00
2.052933554649353027e+02 1.878057313760796099e+00 7.660429853205970474e+00
2.053072583675384521e+02 2.344071535386211380e+00 1.115553651539658553e+01
2.053319399356842041e+02 2.334071230201117064e+00 1.108053422650837838e+01
2.053607439994812012e+02 2.264069093905453744e+00 1.055551820429090348e+01
2.053893482685089111e+02 1.888057618945890859e+00 7.735432142094181174e+00
2.054245395660400391e+02 2.232068117313150690e+00 1.031551087984863102e+01
2.054558622837066650e+02 1.856056642353587582e+00 7.495424817651906935e+00
2.054815633296966553e+02 2.350071718497268591e+00 1.120053788872951372e+01
2.055305979251861572e+02 2.264069093905453744e+00 1.055551820429090348e+01
2.055469121932983398e+02 1.836056031983398062e+00 7.345420239875485535e+00
2.055657119750976562e+02 1.824055665761284306e+00 7.255417493209632696e+00
2.055782663822174072e+02 1.830055848872341073e+00 7.300418866542558227e+00
2.056280198097229004e+02 2.040062257759331033e+00 8.875466933194982033e+00
2.056412131786346436e+02 1.822055604724265310e+00 7.240417035431989667e+00
2.056588776111602783e+02 2.076063356425672080e+00 9.145475173192540552e+00
2.056741437911987305e+02 2.010061342204047197e+00 8.650460066530353487e+00
2.056876525878906250e+02 2.308070436719870333e+00 1.088552827539902701e+01
2.057014420032501221e+02 1.824055665761284306e+00 7.255417493209632696e+00
2.057152097225189209e+02 2.000061037018951993e+00 8.575457777642139234e+00
2.057280702590942383e+02 2.348071657460249373e+00 1.118553743095186981e+01
2.057414329051971436e+02 1.820055543687246313e+00 7.225416577654347527e+00
2.057658393383026123e+02 2.044062379833369025e+00 8.905467848750268089e+00
2.058561139106750488e+02 2.294070009460738024e+00 1.078052507095553558e+01
2.058703851699829102e+02 2.156065797906430603e+00 9.745493484298229703e+00
2.059252262115478516e+02 2.208067384868923178e+00 1.013550538651692356e+01
2.059387967586517334e+02 1.812055299539170550e+00 7.165414746543778968e+00
2.059622564315795898e+02 1.850056459242530593e+00 7.450423444318979627e+00
2.060052797794342041e+02 1.822055604724265310e+00 7.240417035431989667e+00
2.060190596580505371e+02 1.830055848872341073e+00 7.300418866542558227e+00
2.060339164733886719e+02 2.140065309610278632e+00 9.625489822077089030e+00
2.060494236946105957e+02 2.288069826349681257e+00 1.073552369762260916e+01
2.060757703781127930e+02 1.822055604724265310e+00 7.240417035431989667e+00
2.061201033592224121e+02 2.034062074648274265e+00 8.830465559862057390e+00
2.061380481719970703e+02 2.140065309610278632e+00 9.625489822077089030e+00
2.061623229980468750e+02 2.082063539536728847e+00 9.190476546525466972e+00
2.061782956123352051e+02 1.882057435834833869e+00 7.690430768761253866e+00
2.061947505474090576e+02 2.062062929166539327e+00 9.040471968749045573e+00
2.062071297168731689e+02 2.262069032868434526e+00 1.054051774651325957e+01
2.062233862876892090e+02 1.822055604724265310e+00 7.240417035431989667e+00
2.063117187023162842e+02 1.820055543687246313e+00 7.225416577654347527e+00
2.063417968750000000e+02 1.876057252723777102e+00 7.645429395428328334e+00
2.063978724479675293e+02 1.820055543687246313e+00 7.225416577654347527e+00
2.064121575355529785e+02 2.144065431684316625e+00 9.655490737632375087e+00
2.064343526363372803e+02 2.278069521164586497e+00 1.066052140873439846e+01
2.064702904224395752e+02 1.826055726798303303e+00 7.270417950987274835e+00
2.064924042224884033e+02 2.134065126499221865e+00 9.580488448744164387e+00
2.065073864459991455e+02 2.132065065462203091e+00 9.565487990966524023e+00
2.065226333141326904e+02 1.824055665761284306e+00 7.255417493209632696e+00
2.065422294139862061e+02 1.888057618945890859e+00 7.735432142094181174e+00
2.065979151725769043e+02 2.188066774498733658e+00 9.985500808740502166e+00
2.066115872859954834e+02 2.276069460127567723e+00 1.064552095095675810e+01
2.066266698837280273e+02 2.132065065462203091e+00 9.565487990966524023e+00
2.066400811672210693e+02 1.830055848872341073e+00 7.300418866542558227e+00
2.066572890281677246e+02 1.888057618945890859e+00 7.735432142094181174e+00
2.066688075065612793e+02 2.250068666646320992e+00 1.045051499984740673e+01
2.066858067512512207e+02 1.816055421613208543e+00 7.195415662099064136e+00
2.067048230171203613e+02 1.786054506057924263e+00 6.970408795434432037e+00
2.067905197143554688e+02 1.810055238502151553e+00 7.150414288766136828e+00
2.068227741718292236e+02 1.800054933317056793e+00 7.075411999877926128e+00
2.068920054435729980e+02 2.158065858943448934e+00 9.760493942075866514e+00
2.069121482372283936e+02 2.116064577166051119e+00 9.445484328745383351e+00
2.069279890060424805e+02 1.946059389019440200e+00 8.170445417645801456e+00
2.069658703804016113e+02 1.900057985168004615e+00 7.825434888760034902e+00
2.069947688579559326e+02 1.806055116428113783e+00 7.120413373210853436e+00
2.070458927154541016e+02 2.226067934202093479e+00 1.027050950651570105e+01
2.070690393447875977e+02 1.814055360576189546e+00 7.180415204321421996e+00
2.071120996475219727e+02 1.998060975981932996e+00 8.560457319864497094e+00
2.071299338340759277e+02 2.154065736869411385e+00 9.730493026520585786e+00
2.071451590061187744e+02 2.014061464278084745e+00 8.680460982085635990e+00
2.071626012325286865e+02 1.802054994354075790e+00 7.090412457655568268e+00
2.071754767894744873e+02 1.924058717612231684e+00 8.005440382091737916e+00
2.072251663208007812e+02 1.808055177465132557e+00 7.135413830988493800e+00
2.072436234951019287e+02 1.796054811243019023e+00 7.045411084322642736e+00
2.072580235004425049e+02 1.878057313760796099e+00 7.660429853205970474e+00
2.072785987854003906e+02 1.894057802056947626e+00 7.780433515427107594e+00
2.072974436283111572e+02 2.028061891537217498e+00 8.785464186529130970e+00
2.073172259330749512e+02 2.272069338053529730e+00 1.061552003540147382e+01
2.073342480659484863e+02 2.276069460127567723e+00 1.064552095095675810e+01
2.074462909698486328e+02 1.778054261909848277e+00 6.910406964323861700e+00
2.075098571777343750e+02 1.798054872280037797e+00 7.060411542100283100e+00
2.075231723785400391e+02 1.774054139835810506e+00 6.880406048768579197e+00
2.075465922355651855e+02 1.808055177465132557e+00 7.135413830988493800e+00
2.075762515068054199e+02 1.804055055391094786e+00 7.105412915433211296e+00
2.076119747161865234e+02 2.080063478499710072e+00 9.175476088747824832e+00
2.076273524761199951e+02 2.272069338053529730e+00 1.061552003540147382e+01
2.076387996673583984e+02 1.794054750206000026e+00 7.030410626545000596e+00
2.076575489044189453e+02 2.244068483535264225e+00 1.040551362651448208e+01
2.077096667289733887e+02 2.034062074648274265e+00 8.830465559862057390e+00
2.077289676666259766e+02 2.086063661610766840e+00 9.220477462080751252e+00
2.077476096153259277e+02 1.810055238502151553e+00 7.150414288766136828e+00
2.077619962692260742e+02 1.786054506057924263e+00 6.970408795434432037e+00
2.077753670215606689e+02 2.046062440870388244e+00 8.920468306527912006e+00
2.077892053127288818e+02 2.310070497756889552e+00 1.090052873317667093e+01
2.078012797832489014e+02 1.772054078798791510e+00 6.865405590990936169e+00
2.078223366737365723e+02 1.962059877315591949e+00 8.290449079866938575e+00
2.078632130622863770e+02 1.876057252723777102e+00 7.645429395428328334e+00
2.079461581707000732e+02 2.088063722647786058e+00 9.235477919858395168e+00
2.080053703784942627e+02 1.798054872280037797e+00 7.060411542100283100e+00
2.080182511806488037e+02 1.788054567094943037e+00 6.985409253212072400e+00
2.080485255718231201e+02 2.108064333017975578e+00 9.385482497634816568e+00
2.080848617553710938e+02 1.884057496871852866e+00 7.705431226538896894e+00
2.081050450801849365e+02 1.804055055391094786e+00 7.105412915433211296e+00
2.081186115741729736e+02 1.812055299539170550e+00 7.165414746543778968e+00
2.081319613456726074e+02 2.234068178350169465e+00 1.033051133762627138e+01
2.081478142738342285e+02 1.812055299539170550e+00 7.165414746543778968e+00
2.082000074386596680e+02 1.802054994354075790e+00 7.090412457655568268e+00
2.082183196544647217e+02 2.026061830500198724e+00 8.770463728751490606e+00
2.082334070205688477e+02 2.274069399090548504e+00 1.063052049317911418e+01
2.082471768856048584e+02 2.050062562944425792e+00 8.950469222083192733e+00
2.082615451812744141e+02 1.808055177465132557e+00 7.135413830988493800e+00
2.082784097194671631e+02 1.886057557908871862e+00 7.720431684316539034e+00
2.082945549488067627e+02 2.268069215979491737e+00 1.058551911984618776e+01
2.083114550113677979e+02 2.126064882351145879e+00 9.520486617633594051e+00
2.084078848361968994e+02 2.124064821314127105e+00 9.505486159855953687e+00
2.084395546913146973e+02 2.120064699240089112e+00 9.475485244300667631e+00
2.084968791007995605e+02 1.802054994354075790e+00 7.090412457655568268e+00
2.085109958648681641e+02 2.256068849757378203e+00 1.049551637318033670e+01
2.085377602577209473e+02 2.298070131534776017e+00 1.081052598651081986e+01
2.085668511390686035e+02 2.004061159092989985e+00 8.605458693197425291e+00
2.085967841148376465e+02 1.806055116428113783e+00 7.120413373210853436e+00
2.086456384658813477e+02 1.876057252723777102e+00 7.645429395428328334e+00
2.086691157817840576e+02 1.788054567094943037e+00 6.985409253212072400e+00
2.087006723880767822e+02 2.124064821314127105e+00 9.505486159855953687e+00
2.087253329753875732e+02 1.876057252723777102e+00 7.645429395428328334e+00
2.087403466701507568e+02 1.802054994354075790e+00 7.090412457655568268e+00
2.087554013729095459e+02 2.218067690054017937e+00 1.021050767540513426e+01
2.087734887599945068e+02 2.242068422498245006e+00 1.039051316873683817e+01
2.088309528827667236e+02 2.238068300424207457e+00 1.036051225318155566e+01
2.088485722541809082e+02 2.134065126499221865e+00 9.580488448744164387e+00
2.088616294860839844e+02 1.798054872280037797e+00 7.060411542100283100e+00
2.088814480304718018e+02 1.800054933317056793e+00 7.075411999877926128e+00
2.088973820209503174e+02 2.030061952574236717e+00 8.800464644306774886e+00
2.089106488227844238e+02 2.336071291238135839e+00 1.109553468428601875e+01
2.089341924190521240e+02 1.802054994354075790e+00 7.090412457655568268e+00
2.089582979679107666e+02 2.170066225165562912e+00 9.850496688741721130e+00
2.090501732826232910e+02 1.828055787835322299e+00 7.285418408764916975e+00
2.090817475318908691e+02 1.828055787835322299e+00 7.285418408764916975e+00
2.091383886337280273e+02 1.828055787835322299e+00 7.285418408764916975e+00
2.091523146629333496e+02 2.210067445905941952e+00 1.015050584429456393e+01
2.091742367744445801e+02 2.352071779534287366e+00 1.121553834650715586e+01
2.092094826698303223e+02 1.816055421613208543e+00 7.195415662099064136e+00
2.092276401519775391e+02 1.830055848872341073e+00 7.300418866542558227e+00
2.092448670864105225e+02 1.834055970946379066e+00 7.330419782097843395e+00
2.092609267234802246e+02 1.892057741019928629e+00 7.765433057649464565e+00
2.092809212207794189e+02 2.052062623981445011e+00 8.965469679860838426e+00
2.093234369754791260e+02 2.058062807092501334e+00 9.010471053193759516e+00
2.093399147987365723e+02 1.900057985168004615e+00 7.825434888760034902e+00
2.093581850528717041e+02 2.006061220130009204e+00 8.620459150975069207e+00
2.093740818500518799e+02 2.278069521164586497e+00 1.066052140873439846e+01
2.093925957679748535e+02 2.172066286202582130e+00 9.865497146519366822e+00
2.094071259498596191e+02 1.836056031983398062e+00 7.345420239875485535e+00
2.094213116168975830e+02 1.818055482650227317e+00 7.210416119876704499e+00
2.094353826045989990e+02 2.046062440870388244e+00 8.920468306527912006e+00
2.095294771194458008e+02 1.834055970946379066e+00 7.330419782097843395e+00
2.095597000122070312e+02 2.188066774498733658e+00 9.985500808740502166e+00
2.096163327693939209e+02 1.892057741019928629e+00 7.765433057649464565e+00
2.096364417076110840e+02 2.272069338053529730e+00 1.061552003540147382e+01
2.096626615524291992e+02 2.278069521164586497e+00 1.066052140873439846e+01
2.096803193092346191e+02 2.052062623981445011e+00 8.965469679860838426e+00
2.097041547298431396e+02 2.152065675832392611e+00 9.715492568742945423e+00
2.097233808040618896e+02 1.826055726798303303e+00 7.270417950987274835e+00
2.097381880283355713e+02 1.840056154057435833e+00 7.375421155430768927e+00
2.097503674030303955e+02 2.286069765312662039e+00 1.072052323984496525e+01
2.098018708229064941e+02 2.240068361461226232e+00 1.037551271095919603e+01
2.098176233768463135e+02 1.886057557908871862e+00 7.720431684316539034e+00
2.098366446495056152e+02 2.056062746055482560e+00 8.995470595416119153e+00
2.098513855934143066e+02 2.372072389904476886e+00 1.136554292428357726e+01
2.098690299987792969e+02 1.826055726798303303e+00 7.270417950987274835e+00
2.098833386898040771e+02 1.826055726798303303e+00 7.270417950987274835e+00
2.098981750011444092e+02 1.874057191686758106e+00 7.630428937650686194e+00
2.099199311733245850e+02 2.154065736869411385e+00 9.730493026520585786e+00
2.100040144920349121e+02 2.082063539536728847e+00 9.190476546525466972e+00
2.100350875854492188e+02 2.280069582201605716e+00 1.067552186651204238e+01
2.100912935733795166e+02 2.242068422498245006e+00 1.039051316873683817e+01
2.101054120063781738e+02 1.916058473464156142e+00 7.945438550981171133e+00
2.101367197036743164e+02 1.826055726798303303e+00 7.270417950987274835e+00
2.101660394668579102e+02 2.144065431684316625e+00 9.655490737632375087e+00
2.102000310420989990e+02 1.796054811243019023e+00 7.045411084322642736e+00
2.102455241680145264e+02 1.884057496871852866e+00 7.705431226538896894e+00
2.102673006057739258e+02 1.842056215094454830e+00 7.390421613208411067e+00
2.103192777633666992e+02 1.826055726798303303e+00 7.270417950987274835e+00
2.103373436927795410e+02 1.890057679982909855e+00 7.750432599871824202e+00
2.103541431427001953e+02 2.346071596423230599e+00 1.117053697317422944e+01
2.103652486801147461e+02 2.074063295388652861e+00 9.130474715414896636e+00
2.103770012855529785e+02 1.840056154057435833e+00 7.375421155430768927e+00
2.104386465549468994e+02 1.842056215094454830e+00 7.390421613208411067e+00
2.104589087963104248e+02 2.224067873165074705e+00 1.025550904873806068e+01
2.104721410274505615e+02 2.248068605609302217e+00 1.043551454206976636e+01
2.104906592369079590e+02 2.218067690054017937e+00 1.021050767540513426e+01
2.105084049701690674e+02 1.830055848872341073e+00 7.300418866542558227e+00
2.105242593288421631e+02 1.830055848872341073e+00 7.300418866542558227e+00
2.105382125377655029e+02 1.882057435834833869e+00 7.690430768761253866e+00
2.106314113140106201e+02 2.258068910794396977e+00 1.051051683095797706e+01
2.106648335456848145e+02 1.900057985168004615e+00 7.825434888760034902e+00
2.107206480503082275e+02 1.804055055391094786e+00 7.105412915433211296e+00
2.107351522445678711e+02 2.084063600573748065e+00 9.205477004303110888e+00
2.107602422237396240e+02 2.128064943388165098e+00 9.535487075411237967e+00
2.107954018115997314e+02 1.876057252723777102e+00 7.645429395428328334e+00
2.108156054019927979e+02 2.352071779534287366e+00 1.121553834650715586e+01
2.108281600475311279e+02 2.140065309610278632e+00 9.625489822077089030e+00
2.108411638736724854e+02 1.818055482650227317e+00 7.210416119876704499e+00
2.108566858768463135e+02 2.258068910794396977e+00 1.051051683095797706e+01
2.109084854125976562e+02 2.264069093905453744e+00 1.055551820429090348e+01
2.109250848293304443e+02 1.824055665761284306e+00 7.255417493209632696e+00
2.109415938854217529e+02 1.852056520279549590e+00 7.465423902096621767e+00
2.109588563442230225e+02 1.864056886501663346e+00 7.555426648762475494e+00
2.109709703922271729e+02 2.262069032868434526e+00 1.054051774651325957e+01
2.109909420013427734e+02 1.820055543687246313e+00 7.225416577654347527e+00
2.110101759433746338e+02 1.978060365611743476e+00 8.410452742088075695e+00
2.111098766326904297e+02 1.808055177465132557e+00 7.135413830988493800e+00
2.111419382095336914e+02 1.830055848872341073e+00 7.300418866542558227e+00
2.111970250606536865e+02 1.876057252723777102e+00 7.645429395428328334e+00
2.112126333713531494e+02 2.274069399090548504e+00 1.063052049317911418e+01
2.112336437702178955e+02 2.360072023682363351e+00 1.127554017761772442e+01
2.112669255733489990e+02 1.826055726798303303e+00 7.270417950987274835e+00
2.112869701385498047e+02 1.830055848872341073e+00 7.300418866542558227e+00
2.113059916496276855e+02 1.826055726798303303e+00 7.270417950987274835e+00
2.113288555145263672e+02 1.818055482650227317e+00 7.210416119876704499e+00
2.113802106380462646e+02 2.260068971831416196e+00 1.052551728873562098e+01
2.113941385746002197e+02 2.256068849757378203e+00 1.049551637318033670e+01
2.114104328155517578e+02 2.278069521164586497e+00 1.066052140873439846e+01
2.114326803684234619e+02 2.198067079683828418e+00 1.006050309762871287e+01
2.114498183727264404e+02 2.250068666646320992e+00 1.045051499984740673e+01
2.114644231796264648e+02 1.800054933317056793e+00 7.075411999877926128e+00
2.114828250408172607e+02 1.824055665761284306e+00 7.255417493209632696e+00
2.115290923118591309e+02 2.084063600573748065e+00 9.205477004303110888e+00
2.116114897727966309e+02 2.246068544572282999e+00 1.042051408429212245e+01
2.116742959022521973e+02 2.376072511978514878e+00 1.139554383983886154e+01
2.116991360187530518e+02 1.840056154057435833e+00 7.375421155430768927e+00
2.117296843528747559e+02 2.006061220130009204e+00 8.620459150975069207e+00
2.117590477466583252e+02 2.108064333017975578e+00 9.385482497634816568e+00
2.117880048751831055e+02 2.206067323831903959e+00 1.012050492873927965e+01
2.118301680088043213e+02 1.832055909909360070e+00 7.315419324320200367e+00
2.118461563587188721e+02 1.804055055391094786e+00 7.105412915433211296e+00
2.118804993629455566e+02 1.826055726798303303e+00 7.270417950987274835e+00
2.119086005687713623e+02 1.832055909909360070e+00 7.315419324320200367e+00
2.119220201969146729e+02 1.820055543687246313e+00 7.225416577654347527e+00
2.119374210834503174e+02 1.874057191686758106e+00 7.630428937650686194e+00
2.119504973888397217e+02 2.346071596423230599e+00 1.117053697317422944e+01
2.119681408405303955e+02 1.822055604724265310e+00 7.240417035431989667e+00
2.120104289054870605e+02 1.810055238502151553e+00 7.150414288766136828e+00
2.120271341800689697e+02 1.824055665761284306e+00 7.255417493209632696e+00
2.120500388145446777e+02 1.822055604724265310e+00 7.240417035431989667e+00
2.120681078433990479e+02 2.174066347239600905e+00 9.880497604297007186e+00
2.120855197906494141e+02 1.816055421613208543e+00 7.195415662099064136e+00
2.121002459526062012e+02 1.866056947538682342e+00 7.570427106540117634e+00
2.121156823635101318e+02 2.268069215979491737e+00 1.058551911984618776e+01
2.121522641181945801e+02 2.088063722647786058e+00 9.235477919858395168e+00
2.122336890697479248e+02 1.838056093020417059e+00 7.360420697653127675e+00
2.122482204437255859e+02 2.296070070497757243e+00 1.079552552873317950e+01
2.123097622394561768e+02 2.262069032868434526e+00 1.054051774651325957e+01
2.123233072757720947e+02 1.798054872280037797e+00 7.060411542100283100e+00
2.123524336814880371e+02 1.826055726798303303e+00 7.270417950987274835e+00
2.123829269409179688e+02 2.252068727683340210e+00 1.046551545762505242e+01
2.123993160724639893e+02 1.916058473464156142e+00 7.945438550981171133e+00
2.124110553264617920e+02 2.268069215979491737e+00 1.058551911984618776e+01
2.124234712123870850e+02 1.830055848872341073e+00 7.300418866542558227e+00
2.124347536563873291e+02 2.060062868129520552e+00 9.025471510971403433e+00
2.124457385540008545e+02 2.056062746055482560e+00 8.995470595416119153e+00
2.124750742912292480e+02 1.844056276131473826e+00 7.405422070986054095e+00
2.125219550132751465e+02 2.300070192571795236e+00 1.082552644428846378e+01
2.125380322933197021e+02 1.870057069612720113e+00 7.600428022095401026e+00
2.125523588657379150e+02 2.260068971831416196e+00 1.052551728873562098e+01
2.125654547214508057e+02 1.830055848872341073e+00 7.300418866542558227e+00
2.125787792205810547e+02 1.872057130649739110e+00 7.615428479873043166e+00
2.125941803455352783e+02 2.254068788720358985e+00 1.048051591540269278e+01
2.126074666976928711e+02 2.144065431684316625e+00 9.655490737632375087e+00
2.126198980808258057e+02 1.834055970946379066e+00 7.330419782097843395e+00
2.126443302631378174e+02 2.246068544572282999e+00 1.042051408429212245e+01
2.127201015949249268e+02 2.134065126499221865e+00 9.580488448744164387e+00
2.127504062652587891e+02 1.828055787835322299e+00 7.285418408764916975e+00
2.128076946735382080e+02 2.242068422498245006e+00 1.039051316873683817e+01
2.128215312957763672e+02 1.804055055391094786e+00 7.105412915433211296e+00
2.128559863567352295e+02 1.842056215094454830e+00 7.390421613208411067e+00
2.128882408142089844e+02 2.264069093905453744e+00 1.055551820429090348e+01
2.129045448303222656e+02 1.830055848872341073e+00 7.300418866542558227e+00
2.129203538894653320e+02 1.864056886501663346e+00 7.555426648762475494e+00
2.129359283447265625e+02 2.068063112277596538e+00 9.085473342081973769e+00
2.129534149169921875e+02 2.276069460127567723e+00 1.064552095095675810e+01
2.130058517456054688e+02 2.274069399090548504e+00 1.063052049317911418e+01
2.130238959789276123e+02 1.828055787835322299e+00 7.285418408764916975e+00
2.130419342517852783e+02 1.886057557908871862e+00 7.720431684316539034e+00
2.130550632476806641e+02 2.128064943388165098e+00 9.535487075411237967e+00
2.130692925453186035e+02 2.238068300424207457e+00 1.036051225318155566e+01
2.130896358489990234e+02 1.822055604724265310e+00 7.240417035431989667e+00
2.131064803600311279e+02 1.822055604724265310e+00 7.240417035431989667e+00
2.131506409645080566e+02 2.278069521164586497e+00 1.066052140873439846e+01
2.132342038154602051e+02 2.266069154942472519e+00 1.057051866206854385e+01
2.132923352718353271e+02 2.252068727683340210e+00 1.046551545762505242e+01
2.133077418804168701e+02 1.960059816278572953e+00 8.275448622089296435e+00
2.133378462791442871e+02 1.828055787835322299e+00 7.285418408764916975e+00
2.133673024177551270e+02 2.128064943388165098e+00 9.535487075411237967e+00
2.133961672782897949e+02 1.828055787835322299e+00 7.285418408764916975e+00
2.134399831295013428e+02 2.252068727683340210e+00 1.046551545762505242e+01
2.134614751338958740e+02 2.280069582201605716e+00 1.067552186651204238e+01
2.134984629154205322e+02 1.848056398205511819e+00 7.435422986541338375e+00
2.135225877761840820e+02 1.840056154057435833e+00 7.375421155430768927e+00
2.135446329116821289e+02 1.822055604724265310e+00 7.240417035431989667e+00
2.135583193302154541e+02 1.876057252723777102e+00 7.645429395428328334e+00
2.135781152248382568e+02 2.290069887386700032e+00 1.075052415540024953e+01
2.136205620765686035e+02 2.256068849757378203e+00 1.049551637318033670e+01
2.136394734382629395e+02 2.180066530350657672e+00 9.925498977629931829e+00
2.136603772640228271e+02 2.142065370647297406e+00 9.640490279854731170e+00
2.136778552532196045e+02 1.874057191686758106e+00 7.630428937650686194e+00
2.136940233707427979e+02 2.308070436719870333e+00 1.088552827539902701e+01
2.137137188911437988e+02 2.150065614795373392e+00 9.700492110965299730e+00
2.137308235168457031e+02 2.152065675832392611e+00 9.715492568742945423e+00
2.137636027336120605e+02 1.818055482650227317e+00 7.210416119876704499e+00
2.138474757671356201e+02 1.846056337168492822e+00 7.420422528763696235e+00
2.138623528480529785e+02 1.814055360576189546e+00 7.180415204321421996e+00
2.139189710617065430e+02 1.816055421613208543e+00 7.195415662099064136e+00
2.139330942630767822e+02 2.256068849757378203e+00 1.049551637318033670e+01
2.139583001136779785e+02 2.356071901608325359e+00 1.124553926206244014e+01
2.139921510219573975e+02 1.722052552873317710e+00 6.490394146549882670e+00
2.140175943374633789e+02 2.030061952574236717e+00 8.800464644306774886e+00
2.140320215225219727e+02 2.294070009460738024e+00 1.078052507095553558e+01
2.140461955070495605e+02 1.802054994354075790e+00 7.090412457655568268e+00
2.140584561824798584e+02 1.872057130649739110e+00 7.615428479873043166e+00
2.141090354919433594e+02 2.364072145756401344e+00 1.130554109317301048e+01
2.141275913715362549e+02 1.804055055391094786e+00 7.105412915433211296e+00
2.141408705711364746e+02 1.816055421613208543e+00 7.195415662099064136e+00
2.141552376747131348e+02 2.200067140720847192e+00 1.007550355540635323e+01
2.141685473918914795e+02 2.154065736869411385e+00 9.730493026520585786e+00
2.141838755607604980e+02 1.802054994354075790e+00 7.090412457655568268e+00
2.142000207901000977e+02 1.946059389019440200e+00 8.170445417645801456e+00
2.142157375812530518e+02 2.248068605609302217e+00 1.043551454206976636e+01
2.142528390884399414e+02 2.066063051240577320e+00 9.070472884304329853e+00
2.143340132236480713e+02 1.780054322946867273e+00 6.925407422101504729e+00
2.143480477333068848e+02 2.242068422498245006e+00 1.039051316873683817e+01
2.144096703529357910e+02 2.352071779534287366e+00 1.121553834650715586e+01
2.144244291782379150e+02 1.786054506057924263e+00 6.970408795434432037e+00
2.144471609592437744e+02 1.812055299539170550e+00 7.165414746543778968e+00
2.144807069301605225e+02 2.244068483535264225e+00 1.040551362651448208e+01
2.145051076412200928e+02 1.920058595538193913e+00 7.975439466536454525e+00
2.145238366127014160e+02 1.866056947538682342e+00 7.570427106540117634e+00
2.145367608070373535e+02 2.038062196722312258e+00 8.860466475417341670e+00
2.145535421371459961e+02 2.264069093905453744e+00 1.055551820429090348e+01
2.146072852611541748e+02 2.272069338053529730e+00 1.061552003540147382e+01
2.146194217205047607e+02 1.860056764427625353e+00 7.525425733207190326e+00
2.146345884799957275e+02 2.244068483535264225e+00 1.040551362651448208e+01
2.146534602642059326e+02 1.872057130649739110e+00 7.615428479873043166e+00
2.146672122478485107e+02 1.870057069612720113e+00 7.600428022095401026e+00
2.146810281276702881e+02 1.830055848872341073e+00 7.300418866542558227e+00
2.146972482204437256e+02 2.064062990203558545e+00 9.055472426526689489e+00
2.147101528644561768e+02 2.230068056276131472e+00 1.030051042207098533e+01
2.148212566375732422e+02 2.258068910794396977e+00 1.051051683095797706e+01
2.148352527618408203e+02 2.026061830500198724e+00 8.770463728751490606e+00
2.148904504776000977e+02 2.362072084719382570e+00 1.129054063539537012e+01
2.149047009944915771e+02 1.776054200872829503e+00 6.895406506546221337e+00
2.149362714290618896e+02 1.986060609759819240e+00 8.470454573198644255e+00
2.149648563861846924e+02 2.248068605609302217e+00 1.043551454206976636e+01
2.149934308528900146e+02 1.832055909909360070e+00 7.315419324320200367e+00
2.150357303619384766e+02 2.288069826349681257e+00 1.073552369762260916e+01
2.150569903850555420e+02 2.164066042054506145e+00 9.805495315408796486e+00
2.150929729938507080e+02 2.246068544572282999e+00 1.042051408429212245e+01
2.151194956302642822e+02 2.084063600573748065e+00 9.205477004303110888e+00
2.151321854591369629e+02 2.308070436719870333e+00 1.088552827539902701e+01
2.151497128009796143e+02 1.806055116428113783e+00 7.120413373210853436e+00
2.151625766754150391e+02 1.800054933317056793e+00 7.075411999877926128e+00
2.152118561267852783e+02 2.182066591387676446e+00 9.940499435407573969e+00
2.152313413619995117e+02 2.168066164128544138e+00 9.835496230964080766e+00
2.152446742057800293e+02 1.808055177465132557e+00 7.135413830988493800e+00
2.152671406269073486e+02 1.808055177465132557e+00 7.135413830988493800e+00
2.152825407981872559e+02 1.794054750206000026e+00 7.030410626545000596e+00
2.153031811714172363e+02 2.096063966795861599e+00 9.295479750968961952e+00
2.153205971717834473e+02 1.818055482650227317e+00 7.210416119876704499e+00
2.153635010719299316e+02 2.068063112277596538e+00 9.085473342081973769e+00
2.154444282054901123e+02 1.796054811243019023e+00 7.045411084322642736e+00
2.155060606002807617e+02 2.046062440870388244e+00 8.920468306527912006e+00
2.155195202827453613e+02 1.870057069612720113e+00 7.600428022095401026e+00
2.155585229396820068e+02 1.796054811243019023e+00 7.045411084322642736e+00
2.155919954776763916e+02 2.240068361461226232e+00 1.037551271095919603e+01
2.156072292327880859e+02 1.978060365611743476e+00 8.410452742088075695e+00
2.156204569339752197e+02 1.882057435834833869e+00 7.690430768761253866e+00
2.156353375911712646e+02 2.254068788720358985e+00 1.048051591540269278e+01
2.156480100154876709e+02 1.950059511093478193e+00 8.200446333201085736e+00
2.156871960163116455e+02 1.816055421613208543e+00 7.195415662099064136e+00
2.157114679813385010e+02 1.804055055391094786e+00 7.105412915433211296e+00
2.157282876968383789e+02 1.786054506057924263e+00 6.970408795434432037e+00
2.157455191612243652e+02 1.810055238502151553e+00 7.150414288766136828e+00
2.157612967491149902e+02 1.792054689168981030e+00 7.015410168767357568e+00
2.157789695262908936e+02 2.244068483535264225e+00 1.040551362651448208e+01
2.157962613105773926e+02 2.268069215979491737e+00 1.058551911984618776e+01
2.158142042160034180e+02 2.250068666646320992e+00 1.045051499984740673e+01
2.158556990623474121e+02 1.924058717612231684e+00 8.005440382091737916e+00
2.159417629241943359e+02 1.856056642353587582e+00 7.495424817651906935e+00
2.159994919300079346e+02 1.798054872280037797e+00 7.060411542100283100e+00
2.160141911506652832e+02 2.234068178350169465e+00 1.033051133762627138e+01
2.160367188453674316e+02 2.360072023682363351e+00 1.127554017761772442e+01
2.160701448917388916e+02 1.802054994354075790e+00 7.090412457655568268e+00
2.160947694778442383e+02 2.016061525315103520e+00 8.695461439863276354e+00
2.161073863506317139e+02 1.856056642353587582e+00 7.495424817651906935e+00
2.161188917160034180e+02 1.814055360576189546e+00 7.180415204321421996e+00
2.161370553970336914e+02 2.362072084719382570e+00 1.129054063539537012e+01
2.161922361850738525e+02 2.242068422498245006e+00 1.039051316873683817e+01
2.162218804359436035e+02 2.030061952574236717e+00 8.800464644306774886e+00
2.162385399341583252e+02 2.008061281167027978e+00 8.635459608752709570e+00
2.162583301067352295e+02 2.280069582201605716e+00 1.067552186651204238e+01
2.162723228931427002e+02 2.274069399090548504e+00 1.063052049317911418e+01
2.162856876850128174e+02 1.826055726798303303e+00 7.270417950987274835e+00
2.163041622638702393e+02 1.868057008575701339e+00 7.585427564317759774e+00
2.163210201263427734e+02 1.864056886501663346e+00 7.555426648762475494e+00
2.163491475582122803e+02 2.258068910794396977e+00 1.051051683095797706e+01
2.164360489845275879e+02 2.202067201757865966e+00 1.009050401318399537e+01
2.165148813724517822e+02 2.284069704275643264e+00 1.070552278206732488e+01
2.165277857780456543e+02 1.922058656575212687e+00 7.990439924314094888e+00
2.165459766387939453e+02 1.826055726798303303e+00 7.270417950987274835e+00
2.165774965286254883e+02 1.828055787835322299e+00 7.285418408764916975e+00
2.166060881614685059e+02 2.284069704275643264e+00 1.070552278206732488e+01
2.166321160793304443e+02 1.810055238502151553e+00 7.150414288766136828e+00
2.166735837459564209e+02 2.142065370647297406e+00 9.640490279854731170e+00
2.166951344013214111e+02 1.832055909909360070e+00 7.315419324320200367e+00
2.167355880737304688e+02 2.298070131534776017e+00 1.081052598651081986e+01
2.167627935409545898e+02 1.882057435834833869e+00 7.690430768761253866e+00
2.167783982753753662e+02 2.052062623981445011e+00 8.965469679860838426e+00
2.167932546138763428e+02 2.318070741904965537e+00 1.096053056428724126e+01
2.168243534564971924e+02 1.888057618945890859e+00 7.735432142094181174e+00
2.168649301528930664e+02 2.134065126499221865e+00 9.580488448744164387e+00
2.168825540542602539e+02 2.070063173314615312e+00 9.100473799859614132e+00
2.169071030616760254e+02 2.006061220130009204e+00 8.620459150975069207e+00
2.169221603870391846e+02 1.840056154057435833e+00 7.375421155430768927e+00
2.169362215995788574e+02 2.148065553758354618e+00 9.685491653187659367e+00
2.169491481781005859e+02 2.166066103091524919e+00 9.820495773186436850e+00
2.169799072742462158e+02 1.808055177465132557e+00 7.135413830988493800e+00
2.170552306175231934e+02 2.128064943388165098e+00 9.535487075411237967e+00
2.170870108604431152e+02 1.838056093020417059e+00 7.360420697653127675e+00
2.171484038829803467e+02 2.166066103091524919e+00 9.820495773186436850e+00
2.171630411148071289e+02 1.806055116428113783e+00 7.120413373210853436e+00
2.171871395111083984e+02 1.838056093020417059e+00 7.360420697653127675e+00
2.172342708110809326e+02 1.814055360576189546e+00 7.180415204321421996e+00
2.172501313686370850e+02 1.918058534501175139e+00 7.960439008758813273e+00
2.172653899192810059e+02 1.824055665761284306e+00 7.255417493209632696e+00
2.172792549133300781e+02 1.968060060426648716e+00 8.335450453199864995e+00
2.173063766956329346e+02 2.338071352275155057e+00 1.111053514206366266e+01
2.173446037769317627e+02 2.268069215979491737e+00 1.058551911984618776e+01
2.173582277297973633e+02 2.034062074648274265e+00 8.830465559862057390e+00
2.173787889480590820e+02 2.262069032868434526e+00 1.054051774651325957e+01
2.173986651897430420e+02 1.918058534501175139e+00 7.960439008758813273e+00
2.174103498458862305e+02 2.354071840571306584e+00 1.123053880428479978e+01
2.174243168830871582e+02 1.824055665761284306e+00 7.255417493209632696e+00
2.174375343322753906e+02 2.048062501907407018e+00 8.935468764305552369e+00
2.174515385627746582e+02 2.280069582201605716e+00 1.067552186651204238e+01
2.175478429794311523e+02 2.170066225165562912e+00 9.850496688741721130e+00
2.175781390666961670e+02 2.370072328867458111e+00 1.135054246650593512e+01
2.176345136165618896e+02 2.144065431684316625e+00 9.655490737632375087e+00
2.176489658355712891e+02 2.152065675832392611e+00 9.715492568742945423e+00
2.176739773750305176e+02 2.080063478499710072e+00 9.175476088747824832e+00
2.177232873439788818e+02 1.882057435834833869e+00 7.690430768761253866e+00
2.177391040325164795e+02 1.902058046205023389e+00 7.840435346537675265e+00
2.177522218227386475e+02 2.366072206793420118e+00 1.132054155095065084e+01
2.177679076194763184e+02 1.814055360576189546e+00 7.180415204321421996e+00
2.178203270435333252e+02 2.354071840571306584e+00 1.123053880428479978e+01
2.178354294300079346e+02 2.268069215979491737e+00 1.058551911984618776e+01
2.178559439182281494e+02 2.278069521164586497e+00 1.066052140873439846e+01
2.178745129108428955e+02 2.156065797906430603e+00 9.745493484298229703e+00
2.178878664970397949e+02 1.836056031983398062e+00 7.345420239875485535e+00
2.179000427722930908e+02 1.890057679982909855e+00 7.750432599871824202e+00
2.179203615188598633e+02 2.266069154942472519e+00 1.057051866206854385e+01
2.179355072975158691e+02 2.288069826349681257e+00 1.073552369762260916e+01
2.180304636955261230e+02 1.894057802056947626e+00 7.780433515427107594e+00
2.180619809627532959e+02 2.168066164128544138e+00 9.835496230964080766e+00
2.181239225864410400e+02 1.840056154057435833e+00 7.375421155430768927e+00
2.181551315784454346e+02 1.834055970946379066e+00 7.330419782097843395e+00
2.181859321594238281e+02 2.350071718497268591e+00 1.120053788872951372e+01
2.182154109477996826e+02 1.828055787835322299e+00 7.285418408764916975e+00
2.182640841007232666e+02 2.242068422498245006e+00 1.039051316873683817e+01
2.182864577770233154e+02 2.056062746055482560e+00 8.995470595416119153e+00
2.183175189495086670e+02 1.824055665761284306e+00 7.255417493209632696e+00
2.183492255210876465e+02 2.278069521164586497e+00 1.066052140873439846e+01
2.183636064529418945e+02 1.814055360576189546e+00 7.180415204321421996e+00
2.183789680004119873e+02 2.128064943388165098e+00 9.535487075411237967e+00
2.184111907482147217e+02 2.132065065462203091e+00 9.565487990966524023e+00
2.184369111061096191e+02 2.170066225165562912e+00 9.850496688741721130e+00
2.184504520893096924e+02 2.294070009460738024e+00 1.078052507095553558e+01
2.184674422740936279e+02 1.824055665761284306e+00 7.255417493209632696e+00
2.184812841415405273e+02 1.834055970946379066e+00 7.330419782097843395e+00
2.184955449104309082e+02 2.260068971831416196e+00 1.052551728873562098e+01
2.185078802108764648e+02 1.852056520279549590e+00 7.465423902096621767e+00
2.185220878124237061e+02 1.832055909909360070e+00 7.315419324320200367e+00
2.185365345478057861e+02 2.146065492721335399e+00 9.670491195410015450e+00
2.185565254688262939e+02 2.368072267830438893e+00 1.133554200872829121e+01
2.186554217338562012e+02 2.136065187536240639e+00 9.595488906521804751e+00
2.186875658035278320e+02 1.854056581316568586e+00 7.480424359874264795e+00
2.187454121112823486e+02 1.820055543687246313e+00 7.225416577654347527e+00
2.187597696781158447e+02 1.880057374797815095e+00 7.675430310983613502e+00
2.187861077785491943e+02 1.886057557908871862e+00 7.720431684316539034e+00
2.188303048610687256e+02 2.148065553758354618e+00 9.685491653187659367e+00
2.188458306789398193e+02 1.820055543687246313e+00 7.225416577654347527e+00
2.188603360652923584e+02 1.880057374797815095e+00 7.675430310983613502e+00
2.188716404438018799e+02 2.330071108127079071e+00 1.105053331095309233e+01
2.188914062976837158e+02 1.814055360576189546e+00 7.180415204321421996e+00
2.189469544887542725e+02 1.826055726798303303e+00 7.270417950987274835e+00
2.189709885120391846e+02 1.828055787835322299e+00 7.285418408764916975e+00
2.189888775348663330e+02 1.824055665761284306e+00 7.255417493209632696e+00
2.190054845809936523e+02 1.822055604724265310e+00 7.240417035431989667e+00
2.190215537548065186e+02 2.046062440870388244e+00 8.920468306527912006e+00
2.190401821136474609e+02 2.268069215979491737e+00 1.058551911984618776e+01
2.190667974948883057e+02 2.352071779534287366e+00 1.121553834650715586e+01
2.191584815979003906e+02 2.278069521164586497e+00 1.066052140873439846e+01
2.191726307868957520e+02 2.272069338053529730e+00 1.061552003540147382e+01
2.192283458709716797e+02 2.158065858943448934e+00 9.760493942075866514e+00
2.192426617145538330e+02 1.802054994354075790e+00 7.090412457655568268e+00
2.192767364978790283e+02 2.166066103091524919e+00 9.820495773186436850e+00
2.193098857402801514e+02 2.276069460127567723e+00 1.064552095095675810e+01
2.193236854076385498e+02 1.812055299539170550e+00 7.165414746543778968e+00
2.193375060558319092e+02 2.158065858943448934e+00 9.760493942075866514e+00
2.193519821166992188e+02 2.172066286202582130e+00 9.865497146519366822e+00
2.193650841712951660e+02 1.830055848872341073e+00 7.300418866542558227e+00
2.194173705577850342e+02 1.874057191686758106e+00 7.630428937650686194e+00
2.194355199337005615e+02 2.264069093905453744e+00 1.055551820429090348e+01
2.194495897293090820e+02 1.986060609759819240e+00 8.470454573198644255e+00
2.194632091522216797e+02 1.832055909909360070e+00 7.315419324320200367e+00
2.194831733703613281e+02 2.132065065462203091e+00 9.565487990966524023e+00
2.195003690719604492e+02 1.992060792870876229e+00 8.515455946531570675e+00
2.195150871276855469e+02 2.358071962645344577e+00 1.126053971984008406e+01
2.195289087295532227e+02 2.064062990203558545e+00 9.055472426526689489e+00
2.196252231597900391e+02 1.832055909909360070e+00 7.315419324320200367e+00
2.196561005115509033e+02 2.142065370647297406e+00 9.640490279854731170e+00
2.197145977020263672e+02 2.260068971831416196e+00 1.052551728873562098e+01
2.197306022644042969e+02 2.040062257759331033e+00 8.875466933194982033e+00
2.197600200176239014e+02 1.912058351390118149e+00 7.915437635425885965e+00
2.197950172424316406e+02 1.840056154057435833e+00 7.375421155430768927e+00
2.198262474536895752e+02 2.344071535386211380e+00 1.115553651539658553e+01
2.198626484870910645e+02 1.822055604724265310e+00 7.240417035431989667e+00
2.198834056854248047e+02 2.260068971831416196e+00 1.052551728873562098e+01
2.199153530597686768e+02 1.840056154057435833e+00 7.375421155430768927e+00
2.199476778507232666e+02 1.830055848872341073e+00 7.300418866542558227e+00
2.199674882888793945e+02 1.816055421613208543e+00 7.195415662099064136e+00
2.199846851825714111e+02 1.828055787835322299e+00 7.285418408764916975e+00
2.200394704341888428e+02 1.836056031983398062e+00 7.345420239875485535e+00
2.200583000183105469e+02 2.262069032868434526e+00 1.054051774651325957e+01
2.200781028270721436e+02 2.348071657460249373e+00 1.118553743095186981e+01
2.200958044528961182e+02 2.150065614795373392e+00 9.700492110965299730e+00
2.201111383438110352e+02 2.290069887386700032e+00 1.075052415540024953e+01
2.201265707015991211e+02 1.824055665761284306e+00 7.255417493209632696e+00
2.201403901576995850e+02 1.852056520279549590e+00 7.465423902096621767e+00
2.201538364887237549e+02 2.288069826349681257e+00 1.073552369762260916e+01
2.201945223808288574e+02 2.168066164128544138e+00 9.835496230964080766e+00
2.202789027690887451e+02 2.210067445905941952e+00 1.015050584429456393e+01
2.203381319046020508e+02 1.864056886501663346e+00 7.555426648762475494e+00
2.203529591560363770e+02 2.344071535386211380e+00 1.115553651539658553e+01
2.203791522979736328e+02 2.354071840571306584e+00 1.123053880428479978e+01
2.204218249320983887e+02 1.822055604724265310e+00 7.240417035431989667e+00
2.204364936351776123e+02 2.180066530350657672e+00 9.925498977629931829e+00
2.204514849185943604e+02 1.950059511093478193e+00 8.200446333201085736e+00
2.204657967090606689e+02 1.822055604724265310e+00 7.240417035431989667e+00
2.204767625331878662e+02 2.042062318796350251e+00 8.890467390972627726e+00
2.205326120853424072e+02 1.852056520279549590e+00 7.465423902096621767e+00
2.205495166778564453e+02 1.826055726798303303e+00 7.270417950987274835e+00
2.205638804435729980e+02 1.810055238502151553e+00 7.150414288766136828e+00
2.205790171623229980e+02 1.936059083834345440e+00 8.095443128757590756e+00
2.205900244712829590e+02 2.254068788720358985e+00 1.048051591540269278e+01
2.206059811115264893e+02 1.806055116428113783e+00 7.120413373210853436e+00
2.206217615604400635e+02 2.018061586352122738e+00 8.710461897640920270e+00
2.206336429119110107e+02 2.274069399090548504e+00 1.063052049317911418e+01
2.206494357585906982e+02 1.800054933317056793e+00 7.075411999877926128e+00
2.207402110099792480e+02 1.824055665761284306e+00 7.255417493209632696e+00
2.207720823287963867e+02 1.826055726798303303e+00 7.270417950987274835e+00
2.208314328193664551e+02 2.174066347239600905e+00 9.880497604297007186e+00
2.208620193004608154e+02 2.264069093905453744e+00 1.055551820429090348e+01
2.209080073833465576e+02 1.934059022797326444e+00 8.080442670979948616e+00
2.209243588447570801e+02 1.828055787835322299e+00 7.285418408764916975e+00
2.209415140151977539e+02 2.008061281167027978e+00 8.635459608752709570e+00
2.209580976963043213e+02 2.264069093905453744e+00 1.055551820429090348e+01
2.210091016292572021e+02 2.262069032868434526e+00 1.054051774651325957e+01
2.210278441905975342e+02 1.838056093020417059e+00 7.360420697653127675e+00
2.210440709590911865e+02 1.832055909909360070e+00 7.315419324320200367e+00
2.210574038028717041e+02 2.112064455092013571e+00 9.415483413190102624e+00
2.210802366733551025e+02 2.196067018646809643e+00 1.004550263985107250e+01
2.210954811573028564e+02 2.262069032868434526e+00 1.054051774651325957e+01
2.211089601516723633e+02 1.848056398205511819e+00 7.435422986541338375e+00
2.211230785846710205e+02 1.820055543687246313e+00 7.225416577654347527e+00
2.211639957427978516e+02 2.186066713461714439e+00 9.970500350962858249e+00
2.212444806098937988e+02 1.770054017761772513e+00 6.850405133213294029e+00
2.213044188022613525e+02 2.142065370647297406e+00 9.640490279854731170e+00
2.213179020881652832e+02 2.070063173314615312e+00 9.100473799859614132e+00
2.213401820659637451e+02 2.230068056276131472e+00 1.030051042207098533e+01
2.213688342571258545e+02 2.252068727683340210e+00 1.046551545762505242e+01
2.213996264934539795e+02 1.802054994354075790e+00 7.090412457655568268e+00
2.214546463489532471e+02 1.884057496871852866e+00 7.705431226538896894e+00
2.214772806167602539e+02 1.842056215094454830e+00 7.390421613208411067e+00
2.215133590698242188e+02 2.280069582201605716e+00 1.067552186651204238e+01
2.215413117408752441e+02 2.276069460127567723e+00 1.064552095095675810e+01
2.215598304271697998e+02 2.256068849757378203e+00 1.049551637318033670e+01
2.215761823654174805e+02 2.290069887386700032e+00 1.075052415540024953e+01
2.216304442882537842e+02 2.290069887386700032e+00 1.075052415540024953e+01
2.216474313735961914e+02 1.812055299539170550e+00 7.165414746543778968e+00
2.216618638038635254e+02 1.874057191686758106e+00 7.630428937650686194e+00
2.216764738559722900e+02 2.240068361461226232e+00 1.037551271095919603e+01
2.216897165775299072e+02 2.152065675832392611e+00 9.715492568742945423e+00
2.217067611217498779e+02 1.800054933317056793e+00 7.075411999877926128e+00
2.217204103469848633e+02 1.984060548722800466e+00 8.455454115421003891e+00
2.217349863052368164e+02 2.312070558793908326e+00 1.091552919095431307e+01
2.217521419525146484e+02 1.812055299539170550e+00 7.165414746543778968e+00
2.218358862400054932e+02 1.810055238502151553e+00 7.150414288766136828e+00
2.218676090240478516e+02 1.828055787835322299e+00 7.285418408764916975e+00
2.219241750240325928e+02 1.778054261909848277e+00 6.910406964323861700e+00
2.219449748992919922e+02 2.032062013611255047e+00 8.815465102084413473e+00
2.219713394641876221e+02 2.126064882351145879e+00 9.520486617633594051e+00
2.219921617507934570e+02 1.778054261909848277e+00 6.910406964323861700e+00
2.220161662101745605e+02 2.266069154942472519e+00 1.057051866206854385e+01
2.220345456600189209e+02 2.152065675832392611e+00 9.715492568742945423e+00
2.220479319095611572e+02 1.806055116428113783e+00 7.120413373210853436e+00
2.220737330913543701e+02 1.864056886501663346e+00 7.555426648762475494e+00
2.221224484443664551e+02 2.192066896572771650e+00 1.001550172429578822e+01
2.221382451057434082e+02 2.246068544572282999e+00 1.042051408429212245e+01
2.221517076492309570e+02 2.204067262794885185e+00 1.010550447096163929e+01
2.221745500564575195e+02 1.794054750206000026e+00 7.030410626545000596e+00
