2.848276541233062744e+02 2.094063905758842381e+00 9.280479293191318035e+00
2.848427786827087402e+02 1.638049989318521860e+00 5.860374919888913681e+00
2.848569571971893311e+02 1.578048158207953300e+00 5.410361186559649482e+00
2.848691306114196777e+02 2.106064271980956359e+00 9.370482039857172651e+00
2.848803279399871826e+02 1.796054811243019023e+00 7.045411084322642736e+00
2.848960471153259277e+02 1.728052735984374477e+00 6.535395519882808202e+00
2.849088270664215088e+02 2.016061525315103520e+00 8.695461439863276354e+00
2.849208695888519287e+02 1.834055970946379066e+00 7.330419782097843395e+00
2.849355666637420654e+02 1.740053102206488234e+00 6.625398266548661930e+00
2.849603447914123535e+02 1.726052674947355481e+00 6.520395062105166062e+00
2.849848344326019287e+02 1.678051210058900677e+00 6.160384075441754703e+00
2.850091326236724854e+02 2.010061342204047197e+00 8.650460066530353487e+00
2.850254735946655273e+02 2.024061769463179505e+00 8.755463270973846690e+00
2.850397758483886719e+02 1.630049745170446096e+00 5.800373088778346009e+00
2.850585432052612305e+02 1.620049439985351114e+00 5.725370799890133533e+00
2.850723476409912109e+02 1.976060304574724480e+00 8.395452284310433555e+00
2.850879025459289551e+02 2.030061952574236717e+00 8.800464644306774886e+00
2.851061663627624512e+02 2.060062868129520552e+00 9.025471510971403433e+00
2.851179406642913818e+02 1.606049012726218583e+00 5.620367595446639442e+00
2.852417714595794678e+02 1.908058229316080379e+00 7.885436719870602573e+00
2.852728090286254883e+02 2.164066042054506145e+00 9.805495315408796486e+00
2.853324978351593018e+02 1.710052186651203954e+00 6.400391399884029831e+00
2.853465666770935059e+02 2.184066652424695665e+00 9.955499893185217886e+00
2.853824527263641357e+02 2.018061586352122738e+00 8.710461897640920270e+00
2.854195141792297363e+02 1.768053956724753517e+00 6.835404675435651001e+00
2.854324064254760742e+02 1.910058290353099375e+00 7.900437177648245601e+00
2.854470303058624268e+02 2.156065797906430603e+00 9.745493484298229703e+00
2.854632380008697510e+02 1.636049928281502863e+00 5.845374462111271541e+00
2.854925551414489746e+02 1.640050050355540856e+00 5.875375377666556709e+00
2.855346605777740479e+02 1.806055116428113783e+00 7.120413373210853436e+00
2.855505523681640625e+02 2.150065614795373392e+00 9.700492110965299730e+00
2.855654134750366211e+02 1.920058595538193913e+00 7.975439466536454525e+00
2.855832502841949463e+02 1.616049317911313343e+00 5.695369884334850141e+00
2.855984189510345459e+02 1.604048951689199587e+00 5.605367137668997302e+00
2.856120753288269043e+02 1.822055604724265310e+00 7.240417035431989667e+00
2.856272957324981689e+02 2.200067140720847192e+00 1.007550355540635323e+01
2.856400868892669678e+02 1.656050538651692383e+00 5.995379039887692940e+00
2.856798999309539795e+02 1.636049928281502863e+00 5.845374462111271541e+00
2.857812559604644775e+02 1.732052858058412470e+00 6.565396435438093370e+00
2.858437592983245850e+02 1.772054078798791510e+00 6.865405590990936169e+00
2.858575463294982910e+02 1.564047730948820547e+00 5.305357982116154503e+00
2.858790740966796875e+02 1.598048768578142820e+00 5.560365764336070882e+00
2.859079830646514893e+02 1.630049745170446096e+00 5.800373088778346009e+00
2.859428069591522217e+02 2.138065248573259414e+00 9.610489364299445114e+00
2.859734070301055908e+02 1.646050233466597623e+00 5.920376750999482240e+00
2.860096094608306885e+02 2.126064882351145879e+00 9.520486617633594051e+00
2.860357618331909180e+02 1.796054811243019023e+00 7.045411084322642736e+00
2.860792238712310791e+02 1.792054689168981030e+00 7.015410168767357568e+00
2.860927321910858154e+02 1.764053834650715746e+00 6.805403759880368497e+00
2.861068062782287598e+02 2.060062868129520552e+00 9.025471510971403433e+00
2.861238825321197510e+02 1.784054445020905266e+00 6.955408337656789897e+00
2.861483237743377686e+02 1.628049684133427100e+00 5.785372631000702981e+00
2.861903777122497559e+02 1.652050416577654390e+00 5.965378124332407772e+00
2.862054777145385742e+02 2.044062379833369025e+00 8.905467848750268089e+00
2.862217774391174316e+02 1.568047853022858318e+00 5.335358897671437006e+00
2.862388925552368164e+02 1.610049134800256354e+00 5.650368511001922833e+00
2.862596673965454102e+02 1.718052430799279717e+00 6.460393230994597502e+00
2.862729961872100830e+02 1.898057924130985619e+00 7.810434430982391873e+00
2.862906591892242432e+02 1.968060060426648716e+00 8.335450453199864995e+00
2.864062221050262451e+02 2.158065858943448934e+00 9.760493942075866514e+00
2.864384551048278809e+02 2.002061098055971211e+00 8.590458235419784927e+00
2.864983229637145996e+02 1.578048158207953300e+00 5.410361186559649482e+00
2.865121407508850098e+02 1.928058839686269677e+00 8.035441297647022196e+00
2.865347638130187988e+02 2.120064699240089112e+00 9.475485244300667631e+00
2.865890040397644043e+02 2.132065065462203091e+00 9.565487990966524023e+00
2.866031367778778076e+02 1.788054567094943037e+00 6.985409253212072400e+00
2.866204793453216553e+02 1.702051942503128190e+00 6.340389568773461271e+00
2.866396269798278809e+02 1.752053468428601990e+00 6.715401013214514769e+00
2.866937160491943359e+02 1.610049134800256354e+00 5.650368511001922833e+00
2.867125613689422607e+02 2.166066103091524919e+00 9.820495773186436850e+00
2.867282958030700684e+02 2.128064943388165098e+00 9.535487075411237967e+00
2.867422475814819336e+02 1.784054445020905266e+00 6.955408337656789897e+00
2.867655293941497803e+02 1.620049439985351114e+00 5.725370799890133533e+00
2.867806258201599121e+02 1.642050111392559630e+00 5.890375835444197072e+00
2.867948672771453857e+02 1.746053285317545001e+00 6.670399639881587461e+00
2.868337981700897217e+02 2.210067445905941952e+00 1.015050584429456393e+01
2.869355676174163818e+02 1.764053834650715746e+00 6.805403759880368497e+00
2.870076916217803955e+02 2.204067262794885185e+00 1.010550447096163929e+01
2.870208528041839600e+02 1.636049928281502863e+00 5.845374462111271541e+00
2.870471608638763428e+02 1.754053529465620986e+00 6.730401470992157797e+00
2.870768001079559326e+02 2.054062685018463341e+00 8.980470137638475236e+00
2.871054744720458984e+02 2.002061098055971211e+00 8.590458235419784927e+00
2.871358933448791504e+02 1.808055177465132557e+00 7.135413830988493800e+00
2.871718215942382812e+02 2.008061281167027978e+00 8.635459608752709570e+00
2.871980540752410889e+02 1.934059022797326444e+00 8.080442670979948616e+00
2.872485024929046631e+02 1.664050782799768147e+00 6.055380870998261500e+00
2.872635505199432373e+02 1.844056276131473826e+00 7.405422070986054095e+00
2.872764816284179688e+02 1.624049562059389107e+00 5.755371715445418701e+00
2.872916400432586670e+02 2.130065004425183872e+00 9.550487533188878331e+00
2.873314478397369385e+02 2.262069032868434526e+00 1.054051774651325957e+01
2.873557555675506592e+02 2.156065797906430603e+00 9.745493484298229703e+00
2.873744876384735107e+02 2.258068910794396977e+00 1.051051683095797706e+01
2.873894891738891602e+02 2.266069154942472519e+00 1.057051866206854385e+01
2.874030580520629883e+02 1.938059144871364436e+00 8.110443586535232896e+00
2.874161837100982666e+02 1.668050904873805917e+00 6.085381786553544003e+00
2.874348263740539551e+02 2.010061342204047197e+00 8.650460066530353487e+00
2.874483850002288818e+02 2.156065797906430603e+00 9.745493484298229703e+00
2.874784200191497803e+02 1.670050965910824914e+00 6.100382244331187032e+00
2.875883243083953857e+02 1.614049256874294347e+00 5.680369426557208001e+00
2.876028485298156738e+02 2.036062135685293040e+00 8.845466017639697753e+00
2.876574697494506836e+02 1.602048890652180591e+00 5.590366679891354273e+00
2.876709699630737305e+02 2.120064699240089112e+00 9.475485244300667631e+00
2.876995673179626465e+02 1.928058839686269677e+00 8.035441297647022196e+00
2.877392833232879639e+02 1.816055421613208543e+00 7.195415662099064136e+00
2.877549314498901367e+02 1.726052674947355481e+00 6.520395062105166062e+00
2.877672491073608398e+02 2.162065981017486926e+00 9.790494857631152570e+00
2.877825884819030762e+02 1.766053895687734521e+00 6.820404217658008861e+00
2.877994751930236816e+02 1.762053773613696750e+00 6.790403302102725469e+00
2.878529264926910400e+02 2.164066042054506145e+00 9.805495315408796486e+00
2.878676846027374268e+02 2.120064699240089112e+00 9.475485244300667631e+00
2.878855521678924561e+02 1.610049134800256354e+00 5.650368511001922833e+00
2.879002296924591064e+02 1.614049256874294347e+00 5.680369426557208001e+00
2.879147524833679199e+02 1.766053895687734521e+00 6.820404217658008861e+00
2.879278624057769775e+02 2.264069093905453744e+00 1.055551820429090348e+01
2.879412767887115479e+02 1.644050172429578627e+00 5.905376293221840101e+00
2.879601960182189941e+02 1.624049562059389107e+00 5.755371715445418701e+00
2.880722954273223877e+02 1.606049012726218583e+00 5.620367595446639442e+00
2.881021137237548828e+02 1.750053407391582994e+00 6.700400555436872629e+00
2.881639337539672852e+02 1.614049256874294347e+00 5.680369426557208001e+00
2.881869239807128906e+02 2.008061281167027978e+00 8.635459608752709570e+00
2.882167787551879883e+02 1.916058473464156142e+00 7.945438550981171133e+00
2.882453684806823730e+02 1.890057679982909855e+00 7.750432599871824202e+00
2.882737128734588623e+02 1.604048951689199587e+00 5.605367137668997302e+00
2.883168776035308838e+02 2.128064943388165098e+00 9.535487075411237967e+00
2.883368575572967529e+02 2.138065248573259414e+00 9.610489364299445114e+00
2.883668036460876465e+02 1.976060304574724480e+00 8.395452284310433555e+00
2.883990600109100342e+02 1.926058778649250680e+00 8.020440839869380056e+00
2.884186215400695801e+02 1.876057252723777102e+00 7.645429395428328334e+00
2.884313716888427734e+02 2.130065004425183872e+00 9.550487533188878331e+00
2.884571533203125000e+02 1.916058473464156142e+00 7.945438550981171133e+00
2.884981014728546143e+02 1.748053346354563997e+00 6.685400097659229601e+00
2.885109117031097412e+02 2.122064760277107887e+00 9.490485702078309771e+00
2.885279033184051514e+02 2.064062990203558545e+00 9.055472426526689489e+00
2.885397634506225586e+02 1.604048951689199587e+00 5.605367137668997302e+00
2.885515398979187012e+02 2.022061708426160731e+00 8.740462813196206326e+00
2.885643432140350342e+02 1.832055909909360070e+00 7.315419324320200367e+00
2.885815558433532715e+02 1.612049195837275350e+00 5.665368968779564973e+00
2.885979611873626709e+02 1.908058229316080379e+00 7.885436719870602573e+00
2.886419897079467773e+02 1.780054322946867273e+00 6.925407422101504729e+00
2.887432339191436768e+02 1.764053834650715746e+00 6.805403759880368497e+00
2.888025450706481934e+02 1.738053041169469237e+00 6.610397808771018902e+00
2.888160800933837891e+02 1.722052552873317710e+00 6.490394146549882670e+00
2.888443067073822021e+02 1.576048097170934303e+00 5.395360728782007342e+00
2.888800396919250488e+02 2.140065309610278632e+00 9.625489822077089030e+00
2.888998277187347412e+02 1.756053590502639761e+00 6.745401928769798161e+00
2.889126474857330322e+02 2.012061403241065527e+00 8.665460524307992074e+00
2.889277710914611816e+02 2.006061220130009204e+00 8.620459150975069207e+00
2.889483175277709961e+02 1.990060731833857233e+00 8.500455488753928535e+00
2.889939475059509277e+02 1.914058412427137146e+00 7.930438093203528993e+00
2.890158424377441406e+02 1.948059450056459196e+00 8.185445875423443596e+00
2.890294013023376465e+02 2.264069093905453744e+00 1.055551820429090348e+01
2.890470428466796875e+02 1.640050050355540856e+00 5.875375377666556709e+00
2.890621523857116699e+02 1.612049195837275350e+00 5.665368968779564973e+00
2.890758805274963379e+02 1.746053285317545001e+00 6.670399639881587461e+00
2.890915658473968506e+02 2.126064882351145879e+00 9.520486617633594051e+00
2.891076333522796631e+02 1.942059266945402429e+00 8.140444502090517176e+00
2.892144825458526611e+02 2.136065187536240639e+00 9.595488906521804751e+00
2.892458612918853760e+02 1.618049378948332340e+00 5.710370342112492281e+00
2.893078918457031250e+02 1.852056520279549590e+00 7.465423902096621767e+00
2.893310031890869141e+02 2.150065614795373392e+00 9.700492110965299730e+00
2.893607957363128662e+02 2.248068605609302217e+00 1.043551454206976636e+01
2.893897976875305176e+02 1.618049378948332340e+00 5.710370342112492281e+00
2.894183673858642578e+02 1.930058900723288673e+00 8.050441755424664336e+00
2.894625494480133057e+02 1.744053224280526226e+00 6.655399182103947098e+00
2.894822452068328857e+02 1.820055543687246313e+00 7.225416577654347527e+00
2.895131595134735107e+02 1.616049317911313343e+00 5.695369884334850141e+00
2.895452108383178711e+02 2.134065126499221865e+00 9.580488448744164387e+00
2.895601863861083984e+02 1.628049684133427100e+00 5.785372631000702981e+00
2.895761706829071045e+02 2.032062013611255047e+00 8.815465102084413473e+00
2.895928931236267090e+02 2.152065675832392611e+00 9.715492568742945423e+00
2.896492207050323486e+02 2.204067262794885185e+00 1.010550447096163929e+01
2.896664698123931885e+02 2.034062074648274265e+00 8.830465559862057390e+00
2.896806271076202393e+02 1.614049256874294347e+00 5.680369426557208001e+00
2.896931071281433105e+02 2.006061220130009204e+00 8.620459150975069207e+00
2.897065274715423584e+02 2.022061708426160731e+00 8.740462813196206326e+00
2.897197566032409668e+02 1.612049195837275350e+00 5.665368968779564973e+00
2.897333409786224365e+02 2.004061159092989985e+00 8.605458693197425291e+00
2.897464375495910645e+02 2.166066103091524919e+00 9.820495773186436850e+00
2.897872188091278076e+02 1.636049928281502863e+00 5.845374462111271541e+00
2.898900008201599121e+02 2.142065370647297406e+00 9.640490279854731170e+00
2.899487221240997314e+02 2.124064821314127105e+00 9.505486159855953687e+00
2.899623677730560303e+02 1.674051087984862685e+00 6.130383159886470423e+00
2.899859528541564941e+02 1.612049195837275350e+00 5.665368968779564973e+00
2.900193707942962646e+02 1.836056031983398062e+00 7.345420239875485535e+00
2.900433924198150635e+02 1.722052552873317710e+00 6.490394146549882670e+00
2.900610888004302979e+02 1.692051637318033430e+00 6.265387279885250571e+00
2.900740294456481934e+02 1.960059816278572953e+00 8.275448622089296435e+00
2.900937821865081787e+02 2.116064577166051119e+00 9.445484328745383351e+00
2.901349549293518066e+02 2.162065981017486926e+00 9.790494857631152570e+00
2.901520526409149170e+02 2.196067018646809643e+00 1.004550263985107250e+01
2.901672978401184082e+02 2.058062807092501334e+00 9.010471053193759516e+00
2.901809005737304688e+02 1.604048951689199587e+00 5.605367137668997302e+00
2.901945905685424805e+02 1.924058717612231684e+00 8.005440382091737916e+00
2.902127730846405029e+02 2.162065981017486926e+00 9.790494857631152570e+00
2.902281141281127930e+02 1.864056886501663346e+00 7.555426648762475494e+00
2.902454271316528320e+02 1.848056398205511819e+00 7.435422986541338375e+00
2.902670631408691406e+02 1.580048219244972074e+00 5.425361644337290734e+00
2.903626549243927002e+02 2.120064699240089112e+00 9.475485244300667631e+00
2.903954324722290039e+02 2.170066225165562912e+00 9.850496688741721130e+00
2.904521365165710449e+02 1.968060060426648716e+00 8.335450453199864995e+00
2.904659993648529053e+02 1.994060853907895225e+00 8.530456404309214591e+00
2.904895257949829102e+02 1.994060853907895225e+00 8.530456404309214591e+00
2.905254147052764893e+02 2.128064943388165098e+00 9.535487075411237967e+00
2.905566742420196533e+02 1.718052430799279717e+00 6.460393230994597502e+00
2.905896365642547607e+02 1.952059572130497189e+00 8.215446790978727876e+00
2.906218349933624268e+02 1.656050538651692383e+00 5.995379039887692940e+00
2.906415112018585205e+02 1.940059205908383433e+00 8.125444044312875036e+00
2.906823954582214355e+02 1.984060548722800466e+00 8.455454115421003891e+00
2.907024521827697754e+02 1.558047547837763558e+00 5.260356608783226307e+00
2.907178385257720947e+02 1.638049989318521860e+00 5.860374919888913681e+00
2.907325258255004883e+02 2.136065187536240639e+00 9.595488906521804751e+00
2.907536096572875977e+02 2.108064333017975578e+00 9.385482497634816568e+00
2.908108129501342773e+02 2.088063722647786058e+00 9.235477919858395168e+00
2.908285408020019531e+02 2.186066713461714439e+00 9.970500350962858249e+00
2.908414361476898193e+02 1.636049928281502863e+00 5.845374462111271541e+00
2.908616409301757812e+02 1.758053651539658757e+00 6.760402386547440301e+00
2.908770148754119873e+02 1.948059450056459196e+00 8.185445875423443596e+00
2.908959624767303467e+02 1.832055909909360070e+00 7.315419324320200367e+00
2.909256942272186279e+02 2.146065492721335399e+00 9.670491195410015450e+00
2.910404622554779053e+02 2.116064577166051119e+00 9.445484328745383351e+00
2.910561511516571045e+02 1.754053529465620986e+00 6.730401470992157797e+00
2.911101686954498291e+02 2.104064210943937585e+00 9.355481582079532288e+00
2.911238286495208740e+02 1.736052980132450241e+00 6.595397350993376762e+00
2.911487147808074951e+02 1.682051332132938670e+00 6.190384990997039871e+00
2.911814811229705811e+02 1.904058107242042386e+00 7.855435804315318293e+00
2.912070994377136230e+02 1.626049623096408103e+00 5.770372173223060841e+00
2.912213757038116455e+02 1.604048951689199587e+00 5.605367137668997302e+00
2.912365906238555908e+02 1.736052980132450241e+00 6.595397350993376762e+00
2.912829689979553223e+02 2.174066347239600905e+00 9.880497604297007186e+00
2.913137748241424561e+02 1.636049928281502863e+00 5.845374462111271541e+00
2.913328340053558350e+02 2.160065919980468152e+00 9.775494399853510430e+00
2.913446269035339355e+02 1.870057069612720113e+00 7.600428022095401026e+00
2.913605382442474365e+02 1.620049439985351114e+00 5.725370799890133533e+00
2.913762161731719971e+02 2.032062013611255047e+00 8.815465102084413473e+00
2.913985111713409424e+02 1.734052919095431466e+00 6.580396893215736398e+00
2.914271147251129150e+02 2.142065370647297406e+00 9.640490279854731170e+00
2.915386393070220947e+02 2.142065370647297406e+00 9.640490279854731170e+00
2.915525002479553223e+02 1.936059083834345440e+00 8.095443128757590756e+00
2.916078135967254639e+02 2.182066591387676446e+00 9.940499435407573969e+00
2.916216323375701904e+02 1.628049684133427100e+00 5.785372631000702981e+00
2.916520791053771973e+02 1.738053041169469237e+00 6.610397808771018902e+00
2.916807811260223389e+02 2.016061525315103520e+00 8.695461439863276354e+00
2.917064168453216553e+02 1.646050233466597623e+00 5.920376750999482240e+00
2.917645165920257568e+02 2.176066408276620123e+00 9.895498062074651102e+00
2.917840723991394043e+02 1.748053346354563997e+00 6.685400097659229601e+00
2.918245728015899658e+02 1.906058168279061382e+00 7.870436262092960433e+00
2.918476991653442383e+02 1.754053529465620986e+00 6.730401470992157797e+00
2.918630805015563965e+02 1.698051820429090197e+00 6.310388653218176103e+00
2.918745019435882568e+02 1.716052369762260721e+00 6.445392773216955362e+00
2.918882179260253906e+02 2.002061098055971211e+00 8.590458235419784927e+00
2.919424979686737061e+02 2.056062746055482560e+00 8.995470595416119153e+00
2.919673776626586914e+02 1.612049195837275350e+00 5.665368968779564973e+00
2.919821550846099854e+02 1.630049745170446096e+00 5.800373088778346009e+00
2.919968764781951904e+02 1.818055482650227317e+00 7.210416119876704499e+00
2.920114490985870361e+02 2.124064821314127105e+00 9.505486159855953687e+00
2.920259847640991211e+02 1.998060975981932996e+00 8.560457319864497094e+00
2.920432617664337158e+02 1.636049928281502863e+00 5.845374462111271541e+00
2.920581264495849609e+02 1.888057618945890859e+00 7.735432142094181174e+00
2.920918648242950439e+02 1.714052308725241724e+00 6.430392315439313222e+00
2.921964735984802246e+02 1.926058778649250680e+00 8.020440839869380056e+00
2.922541773319244385e+02 1.808055177465132557e+00 7.135413830988493800e+00
2.922679207324981689e+02 2.012061403241065527e+00 8.665460524307992074e+00
2.922926414012908936e+02 2.022061708426160731e+00 8.740462813196206326e+00
2.923284108638763428e+02 1.558047547837763558e+00 5.260356608783226307e+00
2.923493020534515381e+02 1.708052125614184957e+00 6.385390942106386802e+00
2.923682885169982910e+02 1.738053041169469237e+00 6.610397808771018902e+00
2.923906013965606689e+02 1.632049806207464870e+00 5.815373546555986373e+00
2.924311764240264893e+02 1.904058107242042386e+00 7.855435804315318293e+00
2.924581277370452881e+02 2.204067262794885185e+00 1.010550447096163929e+01
2.924827921390533447e+02 2.046062440870388244e+00 8.920468306527912006e+00
2.925073239803314209e+02 1.790054628131962033e+00 7.000409710989715428e+00
2.925254442691802979e+02 1.632049806207464870e+00 5.815373546555986373e+00
2.925425815582275391e+02 1.594048646504104827e+00 5.530364848780786602e+00
2.925736141204833984e+02 1.746053285317545001e+00 6.670399639881587461e+00
2.926670451164245605e+02 1.850056459242530593e+00 7.450423444318979627e+00
2.927000861167907715e+02 2.154065736869411385e+00 9.730493026520585786e+00
2.927571389675140381e+02 1.756053590502639761e+00 6.745401928769798161e+00
2.927814385890960693e+02 2.154065736869411385e+00 9.730493026520585786e+00
2.928073751926422119e+02 1.624049562059389107e+00 5.755371715445418701e+00
2.928363814353942871e+02 1.812055299539170550e+00 7.165414746543778968e+00
2.928713374137878418e+02 1.726052674947355481e+00 6.520395062105166062e+00
2.929148778915405273e+02 2.164066042054506145e+00 9.805495315408796486e+00
2.929351339340209961e+02 2.056062746055482560e+00 8.995470595416119153e+00
2.929644329547882080e+02 2.164066042054506145e+00 9.805495315408796486e+00
2.929978311061859131e+02 1.624049562059389107e+00 5.755371715445418701e+00
2.930099306106567383e+02 2.140065309610278632e+00 9.625489822077089030e+00
2.930294024944305420e+02 1.766053895687734521e+00 6.820404217658008861e+00
2.930498101711273193e+02 1.720052491836298714e+00 6.475393688772240530e+00
2.931004714965820312e+02 1.750053407391582994e+00 6.700400555436872629e+00
2.931139843463897705e+02 2.124064821314127105e+00 9.505486159855953687e+00
2.931329681873321533e+02 1.972060182500686709e+00 8.365451368755149275e+00
2.931509768962860107e+02 2.048062501907407018e+00 8.935468764305552369e+00
2.931644060611724854e+02 1.798054872280037797e+00 7.060411542100283100e+00
2.931790852546691895e+02 1.706052064577165961e+00 6.370390484328744662e+00
2.931927974224090576e+02 2.154065736869411385e+00 9.730493026520585786e+00
2.932053854465484619e+02 1.838056093020417059e+00 7.360420697653127675e+00
2.933189744949340820e+02 2.174066347239600905e+00 9.880497604297007186e+00
2.933507859706878662e+02 2.248068605609302217e+00 1.043551454206976636e+01
2.934054658412933350e+02 2.034062074648274265e+00 8.830465559862057390e+00
2.934189558029174805e+02 1.624049562059389107e+00 5.755371715445418701e+00
2.934434807300567627e+02 1.766053895687734521e+00 6.820404217658008861e+00
2.934761917591094971e+02 1.608049073763237580e+00 5.635368053224281581e+00
2.934999535083770752e+02 1.928058839686269677e+00 8.035441297647022196e+00
2.935142345428466797e+02 1.972060182500686709e+00 8.365451368755149275e+00
2.935263886451721191e+02 2.050062562944425792e+00 8.950469222083192733e+00
2.935487821102142334e+02 1.816055421613208543e+00 7.195415662099064136e+00
2.935966036319732666e+02 1.826055726798303303e+00 7.270417950987274835e+00
2.936117746829986572e+02 2.160065919980468152e+00 9.775494399853510430e+00
2.936250898838043213e+02 1.804055055391094786e+00 7.105412915433211296e+00
2.936411039829254150e+02 1.610049134800256354e+00 5.650368511001922833e+00
2.936584234237670898e+02 1.944059327982421204e+00 8.155444959868159316e+00
2.936749839782714844e+02 1.982060487685781469e+00 8.440453657643359975e+00
2.936941163539886475e+02 2.016061525315103520e+00 8.695461439863276354e+00
2.937246866226196289e+02 2.010061342204047197e+00 8.650460066530353487e+00
2.938450918197631836e+02 1.648050294503616620e+00 5.935377208777124380e+00
2.939024202823638916e+02 1.746053285317545001e+00 6.670399639881587461e+00
2.939224963188171387e+02 1.758053651539658757e+00 6.760402386547440301e+00
2.939386365413665771e+02 1.948059450056459196e+00 8.185445875423443596e+00
2.939683923721313477e+02 1.860056764427625353e+00 7.525425733207190326e+00
2.939977211952209473e+02 1.750053407391582994e+00 6.700400555436872629e+00
2.940282108783721924e+02 1.944059327982421204e+00 8.155444959868159316e+00
2.940641095638275146e+02 1.804055055391094786e+00 7.105412915433211296e+00
2.940901451110839844e+02 1.766053895687734521e+00 6.820404217658008861e+00
2.941229345798492432e+02 2.118064638203069894e+00 9.460484786523023715e+00
2.941459901332855225e+02 1.582048280281991071e+00 5.440362102114932874e+00
2.941591894626617432e+02 1.660050660725730376e+00 6.025379955442978108e+00
2.941763141155242920e+02 2.118064638203069894e+00 9.460484786523023715e+00
2.941888849735260010e+02 2.160065919980468152e+00 9.775494399853510430e+00
2.942302601337432861e+02 1.774054139835810506e+00 6.880406048768579197e+00
2.942569873332977295e+02 1.852056520279549590e+00 7.465423902096621767e+00
2.942708542346954346e+02 2.162065981017486926e+00 9.790494857631152570e+00
2.942850165367126465e+02 1.748053346354563997e+00 6.685400097659229601e+00
2.943018743991851807e+02 1.626049623096408103e+00 5.770372173223060841e+00
2.943193631172180176e+02 1.928058839686269677e+00 8.035441297647022196e+00
2.943364973068237305e+02 2.018061586352122738e+00 8.710461897640920270e+00
2.943510766029357910e+02 2.132065065462203091e+00 9.565487990966524023e+00
2.944651148319244385e+02 1.630049745170446096e+00 5.800373088778346009e+00
2.944957723617553711e+02 1.992060792870876229e+00 8.515455946531570675e+00
2.945504715442657471e+02 2.140065309610278632e+00 9.625489822077089030e+00
2.945641317367553711e+02 1.730052797021393474e+00 6.550395977660451230e+00
2.945892026424407959e+02 1.666050843836786921e+00 6.070381328775901864e+00
2.946332297325134277e+02 2.030061952574236717e+00 8.800464644306774886e+00
2.946458284854888916e+02 1.862056825464644350e+00 7.540426190984832466e+00
2.946613574028015137e+02 1.610049134800256354e+00 5.650368511001922833e+00
2.946765861511230469e+02 1.836056031983398062e+00 7.345420239875485535e+00
2.946876282691955566e+02 2.214067567979979945e+00 1.018050675984984998e+01
2.947416827678680420e+02 2.148065553758354618e+00 9.685491653187659367e+00
2.947559230327606201e+02 1.920058595538193913e+00 7.975439466536454525e+00
2.947783193588256836e+02 2.202067201757865966e+00 1.009050401318399537e+01
2.947933866977691650e+02 2.160065919980468152e+00 9.775494399853510430e+00
2.948070940971374512e+02 2.046062440870388244e+00 8.920468306527912006e+00
2.948246164321899414e+02 1.568047853022858318e+00 5.335358897671437006e+00
2.948392100334167480e+02 1.738053041169469237e+00 6.610397808771018902e+00
2.948563802242279053e+02 2.162065981017486926e+00 9.790494857631152570e+00
2.948891217708587646e+02 2.162065981017486926e+00 9.790494857631152570e+00
2.949882009029388428e+02 2.016061525315103520e+00 8.695461439863276354e+00
2.950474185943603516e+02 1.572047975096896311e+00 5.365359813226722174e+00
2.950609281063079834e+02 1.580048219244972074e+00 5.425361644337290734e+00
2.950863163471221924e+02 1.590048524430066834e+00 5.500363933225501434e+00
2.951161146163940430e+02 1.698051820429090197e+00 6.310388653218176103e+00
2.951447494029998779e+02 2.136065187536240639e+00 9.595488906521804751e+00
2.952044243812561035e+02 1.598048768578142820e+00 5.560365764336070882e+00
2.952272419929504395e+02 1.724052613910336706e+00 6.505394604327525698e+00
2.952572522163391113e+02 1.762053773613696750e+00 6.790403302102725469e+00
2.952852973937988281e+02 1.828055787835322299e+00 7.285418408764916975e+00
2.953005952835083008e+02 1.744053224280526226e+00 6.655399182103947098e+00
2.953174042701721191e+02 1.912058351390118149e+00 7.915437635425885965e+00
2.953383226394653320e+02 1.948059450056459196e+00 8.185445875423443596e+00
2.953821678161621094e+02 1.760053712576677754e+00 6.775402844325083329e+00
2.954012436866760254e+02 1.640050050355540856e+00 5.875375377666556709e+00
2.954237785339355469e+02 1.762053773613696750e+00 6.790403302102725469e+00
2.954437026977539062e+02 1.610049134800256354e+00 5.650368511001922833e+00
2.954573791027069092e+02 1.868057008575701339e+00 7.585427564317759774e+00
2.954726736545562744e+02 2.146065492721335399e+00 9.670491195410015450e+00
2.954898257255554199e+02 2.012061403241065527e+00 8.665460524307992074e+00
2.956041367053985596e+02 1.648050294503616620e+00 5.935377208777124380e+00
2.956354355812072754e+02 2.150065614795373392e+00 9.700492110965299730e+00
2.956916575431823730e+02 2.118064638203069894e+00 9.460484786523023715e+00
2.957049546241760254e+02 1.770054017761772513e+00 6.850405133213294029e+00
2.957295227050781250e+02 1.668050904873805917e+00 6.085381786553544003e+00
2.957810153961181641e+02 1.650050355540635616e+00 5.950377666554767409e+00
2.957967607975006104e+02 1.914058412427137146e+00 7.930438093203528993e+00
2.958141436576843262e+02 2.198067079683828418e+00 1.006050309762871287e+01
2.958267533779144287e+02 1.944059327982421204e+00 8.155444959868159316e+00
2.958828330039978027e+02 1.620049439985351114e+00 5.725370799890133533e+00
2.959067890644073486e+02 1.636049928281502863e+00 5.845374462111271541e+00
2.959232757091522217e+02 1.604048951689199587e+00 5.605367137668997302e+00
2.959382793903350830e+02 1.892057741019928629e+00 7.765433057649464565e+00
2.959527404308319092e+02 2.118064638203069894e+00 9.460484786523023715e+00
2.959666476249694824e+02 1.858056703390606579e+00 7.510425275429549075e+00
2.959845886230468750e+02 1.616049317911313343e+00 5.695369884334850141e+00
2.961070597171783447e+02 1.798054872280037797e+00 7.060411542100283100e+00
2.961395022869110107e+02 2.142065370647297406e+00 9.640490279854731170e+00
2.961964807510375977e+02 1.746053285317545001e+00 6.670399639881587461e+00
2.962103292942047119e+02 2.154065736869411385e+00 9.730493026520585786e+00
2.962342658042907715e+02 2.014061464278084745e+00 8.680460982085635990e+00
2.962642040252685547e+02 2.148065553758354618e+00 9.685491653187659367e+00
2.962932920455932617e+02 1.634049867244483867e+00 5.830374004333629401e+00
2.963193297386169434e+02 2.236068239387188683e+00 1.034551179540391530e+01
2.963616566658020020e+02 1.848056398205511819e+00 7.435422986541338375e+00
2.963818998336791992e+02 2.022061708426160731e+00 8.740462813196206326e+00
2.964118232727050781e+02 1.714052308725241724e+00 6.430392315439313222e+00
2.964465708732604980e+02 1.626049623096408103e+00 5.770372173223060841e+00
2.964591026306152344e+02 1.656050538651692383e+00 5.995379039887692940e+00
2.964704887866973877e+02 2.158065858943448934e+00 9.760493942075866514e+00
2.964891343116760254e+02 1.642050111392559630e+00 5.890375835444197072e+00
2.965327792167663574e+02 1.644050172429578627e+00 5.905376293221840101e+00
2.965555782318115234e+02 2.120064699240089112e+00 9.475485244300667631e+00
2.965674726963043213e+02 2.048062501907407018e+00 8.935468764305552369e+00
2.965829272270202637e+02 1.570047914059877314e+00 5.350359355449080034e+00
2.965984117984771729e+02 1.954059633167515964e+00 8.230447248756370016e+00
2.966151554584503174e+02 2.128064943388165098e+00 9.535487075411237967e+00
2.966311488151550293e+02 2.248068605609302217e+00 1.043551454206976636e+01
2.966446561813354492e+02 1.730052797021393474e+00 6.550395977660451230e+00
2.966578629016876221e+02 1.810055238502151553e+00 7.150414288766136828e+00
2.966825799942016602e+02 2.136065187536240639e+00 9.595488906521804751e+00
2.967782313823699951e+02 1.808055177465132557e+00 7.135413830988493800e+00
2.968088726997375488e+02 1.610049134800256354e+00 5.650368511001922833e+00
2.968660259246826172e+02 2.050062562944425792e+00 8.950469222083192733e+00
2.968792796134948730e+02 1.654050477614673387e+00 5.980378582110050800e+00
2.969083788394927979e+02 1.764053834650715746e+00 6.805403759880368497e+00
2.969406511783599854e+02 2.146065492721335399e+00 9.670491195410015450e+00
2.969626259803771973e+02 1.922058656575212687e+00 7.990439924314094888e+00
2.969783964157104492e+02 1.810055238502151553e+00 7.150414288766136828e+00
2.969939134120941162e+02 2.140065309610278632e+00 9.625489822077089030e+00
2.970135803222656250e+02 2.038062196722312258e+00 8.860466475417341670e+00
2.970470871925354004e+02 2.044062379833369025e+00 8.905467848750268089e+00
2.970688319206237793e+02 1.646050233466597623e+00 5.920376750999482240e+00
2.970839333534240723e+02 1.588048463393048060e+00 5.485363475447860182e+00
2.970973718166351318e+02 1.898057924130985619e+00 7.810434430982391873e+00
2.971122388839721680e+02 2.206067323831903959e+00 1.012050492873927965e+01
2.971256151199340820e+02 1.758053651539658757e+00 6.760402386547440301e+00
2.971409850120544434e+02 1.722052552873317710e+00 6.490394146549882670e+00
2.971583192348480225e+02 1.888057618945890859e+00 7.735432142094181174e+00
2.971733214855194092e+02 2.138065248573259414e+00 9.610489364299445114e+00
2.972905168533325195e+02 1.744053224280526226e+00 6.655399182103947098e+00
2.973218278884887695e+02 1.588048463393048060e+00 5.485363475447860182e+00
2.973775207996368408e+02 1.682051332132938670e+00 6.190384990997039871e+00
2.973915834426879883e+02 2.146065492721335399e+00 9.670491195410015450e+00
2.974093863964080811e+02 2.152065675832392611e+00 9.715492568742945423e+00
2.974446280002593994e+02 1.880057374797815095e+00 7.675430310983613502e+00
2.974745032787322998e+02 1.574048036133915307e+00 5.380360271004365202e+00
2.975054428577423096e+02 2.144065431684316625e+00 9.655490737632375087e+00
2.975418059825897217e+02 1.610049134800256354e+00 5.650368511001922833e+00
2.975683238506317139e+02 2.114064516129032345e+00 9.430483870967742988e+00
2.975977063179016113e+02 1.862056825464644350e+00 7.540426190984832466e+00
2.976229662895202637e+02 2.132065065462203091e+00 9.565487990966524023e+00
2.976393463611602783e+02 1.642050111392559630e+00 5.890375835444197072e+00
2.976564824581146240e+02 2.144065431684316625e+00 9.655490737632375087e+00
2.976694686412811279e+02 2.136065187536240639e+00 9.595488906521804751e+00
2.977123084068298340e+02 1.610049134800256354e+00 5.650368511001922833e+00
2.977351233959197998e+02 2.026061830500198724e+00 8.770463728751490606e+00
2.977525386810302734e+02 2.026061830500198724e+00 8.770463728751490606e+00
2.977710258960723877e+02 2.002061098055971211e+00 8.590458235419784927e+00
2.977936511039733887e+02 1.832055909909360070e+00 7.315419324320200367e+00
2.978102631568908691e+02 1.968060060426648716e+00 8.335450453199864995e+00
2.978232414722442627e+02 1.642050111392559630e+00 5.890375835444197072e+00
2.978426260948181152e+02 1.778054261909848277e+00 6.910406964323861700e+00
2.979717435836791992e+02 1.582048280281991071e+00 5.440362102114932874e+00
2.979858870506286621e+02 2.040062257759331033e+00 8.875466933194982033e+00
2.980421545505523682e+02 1.630049745170446096e+00 5.800373088778346009e+00
2.980555794239044189e+02 1.972060182500686709e+00 8.365451368755149275e+00
2.980848624706268311e+02 1.754053529465620986e+00 6.730401470992157797e+00
2.981261770725250244e+02 2.136065187536240639e+00 9.595488906521804751e+00
2.981399457454681396e+02 1.608049073763237580e+00 5.635368053224281581e+00
2.981564736366271973e+02 2.098064027832880374e+00 9.310480208746602315e+00
2.981735007762908936e+02 2.146065492721335399e+00 9.670491195410015450e+00
2.982201170921325684e+02 1.782054383983886270e+00 6.940407879879146869e+00
2.982422342300415039e+02 1.926058778649250680e+00 8.020440839869380056e+00
2.982608668804168701e+02 2.048062501907407018e+00 8.935468764305552369e+00
2.982751736640930176e+02 2.082063539536728847e+00 9.190476546525466972e+00
2.982996289730072021e+02 2.144065431684316625e+00 9.655490737632375087e+00
2.983176515102386475e+02 2.036062135685293040e+00 8.845466017639697753e+00
2.983352925777435303e+02 2.260068971831416196e+00 1.052551728873562098e+01
2.983840377330780029e+02 2.122064760277107887e+00 9.490485702078309771e+00
2.984872086048126221e+02 1.826055726798303303e+00 7.270417950987274835e+00
2.985473227500915527e+02 1.632049806207464870e+00 5.815373546555986373e+00
2.985606737136840820e+02 1.568047853022858318e+00 5.335358897671437006e+00
2.985832920074462891e+02 1.650050355540635616e+00 5.950377666554767409e+00
2.986121976375579834e+02 1.582048280281991071e+00 5.440362102114932874e+00
2.986480338573455811e+02 2.066063051240577320e+00 9.070472884304329853e+00
2.986739933490753174e+02 1.766053895687734521e+00 6.820404217658008861e+00
2.987144143581390381e+02 2.164066042054506145e+00 9.805495315408796486e+00
2.987361280918121338e+02 2.018061586352122738e+00 8.710461897640920270e+00
2.987664632797241211e+02 2.126064882351145879e+00 9.520486617633594051e+00
2.987998433113098145e+02 2.128064943388165098e+00 9.535487075411237967e+00
2.988129472732543945e+02 2.150065614795373392e+00 9.700492110965299730e+00
2.988281764984130859e+02 1.820055543687246313e+00 7.225416577654347527e+00
2.988433620929718018e+02 1.636049928281502863e+00 5.845374462111271541e+00
2.988660922050476074e+02 1.928058839686269677e+00 8.035441297647022196e+00
2.989071660041809082e+02 1.558047547837763558e+00 5.260356608783226307e+00
2.989210855960845947e+02 1.632049806207464870e+00 5.815373546555986373e+00
2.989350044727325439e+02 2.108064333017975578e+00 9.385482497634816568e+00
2.989490010738372803e+02 2.048062501907407018e+00 8.935468764305552369e+00
2.989651446342468262e+02 1.568047853022858318e+00 5.335358897671437006e+00
2.989793896675109863e+02 1.758053651539658757e+00 6.760402386547440301e+00
2.989961884021759033e+02 1.996060914944914000e+00 8.545456862086854954e+00
2.990106666088104248e+02 2.266069154942472519e+00 1.057051866206854385e+01
2.990523140430450439e+02 1.988060670796838236e+00 8.485455030976286395e+00
2.991483469009399414e+02 2.124064821314127105e+00 9.505486159855953687e+00
2.991623663902282715e+02 1.632049806207464870e+00 5.815373546555986373e+00
2.992185540199279785e+02 1.626049623096408103e+00 5.770372173223060841e+00
2.992322914600372314e+02 2.116064577166051119e+00 9.445484328745383351e+00
2.992574605941772461e+02 2.236068239387188683e+00 1.034551179540391530e+01
2.992910578250885010e+02 1.988060670796838236e+00 8.485455030976286395e+00
2.993070824146270752e+02 1.762053773613696750e+00 6.790403302102725469e+00
2.993194925785064697e+02 1.630049745170446096e+00 5.800373088778346009e+00
2.993313822746276855e+02 2.126064882351145879e+00 9.520486617633594051e+00
2.993430869579315186e+02 1.640050050355540856e+00 5.875375377666556709e+00
2.993544182777404785e+02 1.984060548722800466e+00 8.455454115421003891e+00
2.993657178878784180e+02 1.842056215094454830e+00 7.390421613208411067e+00
2.994070839881896973e+02 1.726052674947355481e+00 6.520395062105166062e+00
2.994245610237121582e+02 1.600048829615161594e+00 5.575366222113712134e+00
2.994381015300750732e+02 1.724052613910336706e+00 6.505394604327525698e+00
2.994538645744323730e+02 2.224067873165074705e+00 1.025550904873806068e+01
2.994743180274963379e+02 1.990060731833857233e+00 8.500455488753928535e+00
2.994892642498016357e+02 1.866056947538682342e+00 7.570427106540117634e+00
2.995039653778076172e+02 1.722052552873317710e+00 6.490394146549882670e+00
2.995170407295227051e+02 1.892057741019928629e+00 7.765433057649464565e+00
2.995305120944976807e+02 2.186066713461714439e+00 9.970500350962858249e+00
2.995714559555053711e+02 1.616049317911313343e+00 5.695369884334850141e+00
2.996709668636322021e+02 2.144065431684316625e+00 9.655490737632375087e+00
2.997442271709442139e+02 1.618049378948332340e+00 5.710370342112492281e+00
2.997576069831848145e+02 1.824055665761284306e+00 7.255417493209632696e+00
2.997768387794494629e+02 1.920058595538193913e+00 7.975439466536454525e+00
2.998073270320892334e+02 2.126064882351145879e+00 9.520486617633594051e+00
2.998364782333374023e+02 1.676051149021881681e+00 6.145383617664112563e+00
2.998655405044555664e+02 2.126064882351145879e+00 9.520486617633594051e+00
2.999099998474121094e+02 1.598048768578142820e+00 5.560365764336070882e+00
2.999302554130554199e+02 1.600048829615161594e+00 5.575366222113712134e+00
2.999775333404541016e+02 1.956059694204534960e+00 8.245447706534012156e+00
3.000045418739318848e+02 1.604048951689199587e+00 5.605367137668997302e+00
3.000160710811614990e+02 1.916058473464156142e+00 7.945438550981171133e+00
3.000342569351196289e+02 2.122064760277107887e+00 9.490485702078309771e+00
3.000554018020629883e+02 2.012061403241065527e+00 8.665460524307992074e+00
3.001003386974334717e+02 2.054062685018463341e+00 8.980470137638475236e+00
3.001169464588165283e+02 2.090063783684804832e+00 9.250478377636035532e+00
3.001374990940093994e+02 2.158065858943448934e+00 9.760493942075866514e+00
3.001546256542205811e+02 2.120064699240089112e+00 9.475485244300667631e+00
3.001733987331390381e+02 2.022061708426160731e+00 8.740462813196206326e+00
3.001931762695312500e+02 2.104064210943937585e+00 9.355481582079532288e+00
3.002112445831298828e+02 1.998060975981932996e+00 8.560457319864497094e+00
3.002282319068908691e+02 1.624049562059389107e+00 5.755371715445418701e+00
3.003428411483764648e+02 1.576048097170934303e+00 5.395360728782007342e+00
3.003731012344360352e+02 1.846056337168492822e+00 7.420422528763696235e+00
3.004292421340942383e+02 2.162065981017486926e+00 9.790494857631152570e+00
3.004445614814758301e+02 1.650050355540635616e+00 5.950377666554767409e+00
3.004702503681182861e+02 1.608049073763237580e+00 5.635368053224281581e+00
3.005218529701232910e+02 1.632049806207464870e+00 5.815373546555986373e+00
3.005382502079010010e+02 1.928058839686269677e+00 8.035441297647022196e+00
3.005570516586303711e+02 2.010061342204047197e+00 8.650460066530353487e+00
3.006025986671447754e+02 2.146065492721335399e+00 9.670491195410015450e+00
3.006298310756683350e+02 1.800054933317056793e+00 7.075411999877926128e+00
3.006531770229339600e+02 1.810055238502151553e+00 7.150414288766136828e+00
3.006680335998535156e+02 1.752053468428601990e+00 6.715401013214514769e+00
3.006828958988189697e+02 1.614049256874294347e+00 5.680369426557208001e+00
3.006963937282562256e+02 1.964059938352610724e+00 8.305449537644580715e+00
3.007093553543090820e+02 2.048062501907407018e+00 8.935468764305552369e+00
3.007285015583038330e+02 1.742053163243507230e+00 6.640398724326304070e+00
3.008356058597564697e+02 1.746053285317545001e+00 6.670399639881587461e+00
3.008682854175567627e+02 1.808055177465132557e+00 7.135413830988493800e+00
3.009260919094085693e+02 1.888057618945890859e+00 7.735432142094181174e+00
3.009403681755065918e+02 1.628049684133427100e+00 5.785372631000702981e+00
3.009635503292083740e+02 1.726052674947355481e+00 6.520395062105166062e+00
3.009954028129577637e+02 1.640050050355540856e+00 5.875375377666556709e+00
3.010248866081237793e+02 2.212067506942961170e+00 1.016550630207220962e+01
3.010852415561676025e+02 1.592048585467085831e+00 5.515364391003143574e+00
3.010975806713104248e+02 1.906058168279061382e+00 7.870436262092960433e+00
3.011212060451507568e+02 2.134065126499221865e+00 9.580488448744164387e+00
3.011541836261749268e+02 1.644050172429578627e+00 5.905376293221840101e+00
3.011758456230163574e+02 2.128064943388165098e+00 9.535487075411237967e+00
3.011896870136260986e+02 2.082063539536728847e+00 9.190476546525466972e+00
3.012052111625671387e+02 1.610049134800256354e+00 5.650368511001922833e+00
3.012187607288360596e+02 1.896057863093966622e+00 7.795433973204749734e+00
3.012792854309082031e+02 1.612049195837275350e+00 5.665368968779564973e+00
3.012925479412078857e+02 2.276069460127567723e+00 1.064552095095675810e+01
3.013103995323181152e+02 1.642050111392559630e+00 5.890375835444197072e+00
3.013261916637420654e+02 1.646050233466597623e+00 5.920376750999482240e+00
3.013420498371124268e+02 1.560047608874782554e+00 5.275357066560869335e+00
3.013577911853790283e+02 2.078063417462690854e+00 9.160475630970180916e+00
3.013761558532714844e+02 2.106064271980956359e+00 9.370482039857172651e+00
3.014909174442291260e+02 2.146065492721335399e+00 9.670491195410015450e+00
3.015227770805358887e+02 1.590048524430066834e+00 5.500363933225501434e+00
3.015782427787780762e+02 1.752053468428601990e+00 6.715401013214514769e+00
3.015921673774719238e+02 2.202067201757865966e+00 1.009050401318399537e+01
3.016165156364440918e+02 2.152065675832392611e+00 9.715492568742945423e+00
3.016495339870452881e+02 1.614049256874294347e+00 5.680369426557208001e+00
3.016723039150238037e+02 1.828055787835322299e+00 7.285418408764916975e+00
3.016916050910949707e+02 1.646050233466597623e+00 5.920376750999482240e+00
3.017049324512481689e+02 1.646050233466597623e+00 5.920376750999482240e+00
3.017207944393157959e+02 1.914058412427137146e+00 7.930438093203528993e+00
3.017652325630187988e+02 1.918058534501175139e+00 7.960439008758813273e+00
3.017832369804382324e+02 1.600048829615161594e+00 5.575366222113712134e+00
3.018057918548583984e+02 1.906058168279061382e+00 7.870436262092960433e+00
3.018209619522094727e+02 1.748053346354563997e+00 6.685400097659229601e+00
3.018341834545135498e+02 2.138065248573259414e+00 9.610489364299445114e+00
3.018535039424896240e+02 2.026061830500198724e+00 8.770463728751490606e+00
3.018672184944152832e+02 1.740053102206488234e+00 6.625398266548661930e+00
3.018983809947967529e+02 1.764053834650715746e+00 6.805403759880368497e+00
3.019900801181793213e+02 1.724052613910336706e+00 6.505394604327525698e+00
3.020205559730529785e+02 2.118064638203069894e+00 9.460484786523023715e+00
3.020767540931701660e+02 1.844056276131473826e+00 7.405422070986054095e+00
3.020971200466156006e+02 2.258068910794396977e+00 1.051051683095797706e+01
3.021138405799865723e+02 2.032062013611255047e+00 8.815465102084413473e+00
3.021433415412902832e+02 2.224067873165074705e+00 1.025550904873806068e+01
3.021721985340118408e+02 1.754053529465620986e+00 6.730401470992157797e+00
3.022032713890075684e+02 2.010061342204047197e+00 8.650460066530353487e+00
3.022392499446868896e+02 2.058062807092501334e+00 9.010471053193759516e+00
3.022662920951843262e+02 2.170066225165562912e+00 9.850496688741721130e+00
3.023102450370788574e+02 2.138065248573259414e+00 9.610489364299445114e+00
3.023243057727813721e+02 1.612049195837275350e+00 5.665368968779564973e+00
3.023385970592498779e+02 1.940059205908383433e+00 8.125444044312875036e+00
3.023529512882232666e+02 2.158065858943448934e+00 9.760493942075866514e+00
3.023649115562438965e+02 1.796054811243019023e+00 7.045411084322642736e+00
3.024057295322418213e+02 1.938059144871364436e+00 8.110443586535232896e+00
3.024332954883575439e+02 1.634049867244483867e+00 5.830374004333629401e+00
3.024482450485229492e+02 1.838056093020417059e+00 7.360420697653127675e+00
3.024608676433563232e+02 1.640050050355540856e+00 5.875375377666556709e+00
3.024766485691070557e+02 1.966059999389629720e+00 8.320449995422222855e+00
3.024898266792297363e+02 2.008061281167027978e+00 8.635459608752709570e+00
3.025047197341918945e+02 1.608049073763237580e+00 5.635368053224281581e+00
3.025234773159027100e+02 1.956059694204534960e+00 8.245447706534012156e+00
3.026399364471435547e+02 2.096063966795861599e+00 9.295479750968961952e+00
3.026704916954040527e+02 1.640050050355540856e+00 5.875375377666556709e+00
3.027262594699859619e+02 1.836056031983398062e+00 7.345420239875485535e+00
3.027395694255828857e+02 1.732052858058412470e+00 6.565396435438093370e+00
3.027683808803558350e+02 1.740053102206488234e+00 6.625398266548661930e+00
3.027979202270507812e+02 2.148065553758354618e+00 9.685491653187659367e+00
3.028205554485321045e+02 1.722052552873317710e+00 6.490394146549882670e+00
3.028339865207672119e+02 2.140065309610278632e+00 9.625489822077089030e+00
3.028463077545166016e+02 1.770054017761772513e+00 6.850405133213294029e+00
3.028617229461669922e+02 1.788054567094943037e+00 6.985409253212072400e+00
3.029135787487030029e+02 2.016061525315103520e+00 8.695461439863276354e+00
3.029305157661437988e+02 1.826055726798303303e+00 7.270417950987274835e+00
3.029530408382415771e+02 1.840056154057435833e+00 7.375421155430768927e+00
3.029754798412322998e+02 2.180066530350657672e+00 9.925498977629931829e+00
3.029890134334564209e+02 1.836056031983398062e+00 7.345420239875485535e+00
3.030021591186523438e+02 1.598048768578142820e+00 5.560365764336070882e+00
3.030165669918060303e+02 2.140065309610278632e+00 9.625489822077089030e+00
3.030439150333404541e+02 2.016061525315103520e+00 8.695461439863276354e+00
3.031566634178161621e+02 2.044062379833369025e+00 8.905467848750268089e+00
3.031712579727172852e+02 2.140065309610278632e+00 9.625489822077089030e+00
3.032265522480010986e+02 1.800054933317056793e+00 7.075411999877926128e+00
3.032401719093322754e+02 1.662050721762749150e+00 6.040380413220618472e+00
3.032575056552886963e+02 1.930058900723288673e+00 8.050441755424664336e+00
3.032872929573059082e+02 2.120064699240089112e+00 9.475485244300667631e+00
3.033162734508514404e+02 1.636049928281502863e+00 5.845374462111271541e+00
3.033447301387786865e+02 2.152065675832392611e+00 9.715492568742945423e+00
3.033873877525329590e+02 1.626049623096408103e+00 5.770372173223060841e+00
3.034032371044158936e+02 1.724052613910336706e+00 6.505394604327525698e+00
3.034501087665557861e+02 2.262069032868434526e+00 1.054051774651325957e+01
3.034703245162963867e+02 1.646050233466597623e+00 5.920376750999482240e+00
3.034872140884399414e+02 1.584048341319010067e+00 5.455362559892575902e+00
3.035025918483734131e+02 1.574048036133915307e+00 5.380360271004365202e+00
3.035251069068908691e+02 2.130065004425183872e+00 9.550487533188878331e+00
3.035670766830444336e+02 1.798054872280037797e+00 7.060411542100283100e+00
3.035850162506103516e+02 1.730052797021393474e+00 6.550395977660451230e+00
3.035975444316864014e+02 1.884057496871852866e+00 7.705431226538896894e+00
3.036170127391815186e+02 2.128064943388165098e+00 9.535487075411237967e+00
3.036305224895477295e+02 1.960059816278572953e+00 8.275448622089296435e+00
3.036439692974090576e+02 1.570047914059877314e+00 5.350359355449080034e+00
3.036620061397552490e+02 2.100064088869899592e+00 9.325480666524246232e+00
3.036766178607940674e+02 2.136065187536240639e+00 9.595488906521804751e+00
3.037170653343200684e+02 2.032062013611255047e+00 8.815465102084413473e+00
3.038218581676483154e+02 1.796054811243019023e+00 7.045411084322642736e+00
3.038784127235412598e+02 1.736052980132450241e+00 6.595397350993376762e+00
3.038918783664703369e+02 2.142065370647297406e+00 9.640490279854731170e+00
3.039167513847351074e+02 2.084063600573748065e+00 9.205477004303110888e+00
3.039457871913909912e+02 2.132065065462203091e+00 9.565487990966524023e+00
3.039723346233367920e+02 1.672051026947843688e+00 6.115382702108827395e+00
3.039883100986480713e+02 1.716052369762260721e+00 6.445392773216955362e+00
3.040101926326751709e+02 1.574048036133915307e+00 5.380360271004365202e+00
3.040533566474914551e+02 1.620049439985351114e+00 5.725370799890133533e+00
3.040762307643890381e+02 1.952059572130497189e+00 8.215446790978727876e+00
3.040904774665832520e+02 1.836056031983398062e+00 7.345420239875485535e+00
3.041089868545532227e+02 1.616049317911313343e+00 5.695369884334850141e+00
3.041286444664001465e+02 1.606049012726218583e+00 5.620367595446639442e+00
3.041434199810028076e+02 1.726052674947355481e+00 6.520395062105166062e+00
3.041587617397308350e+02 2.132065065462203091e+00 9.565487990966524023e+00
3.041759939193725586e+02 2.136065187536240639e+00 9.595488906521804751e+00
3.042912919521331787e+02 1.728052735984374477e+00 6.535395519882808202e+00
3.043215250968933105e+02 2.120064699240089112e+00 9.475485244300667631e+00
3.043774707317352295e+02 1.908058229316080379e+00 7.885436719870602573e+00
3.043914954662322998e+02 2.144065431684316625e+00 9.655490737632375087e+00
3.044096674919128418e+02 1.904058107242042386e+00 7.855435804315318293e+00
3.044389126300811768e+02 1.762053773613696750e+00 6.790403302102725469e+00
3.044675695896148682e+02 2.138065248573259414e+00 9.610489364299445114e+00
3.044960644245147705e+02 1.596048707541123823e+00 5.545365306558428742e+00
3.045385599136352539e+02 2.204067262794885185e+00 1.010550447096163929e+01
3.045600435733795166e+02 2.128064943388165098e+00 9.535487075411237967e+00
3.045898821353912354e+02 2.006061220130009204e+00 8.620459150975069207e+00
3.046171646118164062e+02 1.944059327982421204e+00 8.155444959868159316e+00
3.046338405609130859e+02 1.960059816278572953e+00 8.275448622089296435e+00
3.046505846977233887e+02 1.858056703390606579e+00 7.510425275429549075e+00
3.046667823791503906e+02 1.644050172429578627e+00 5.905376293221840101e+00
3.047239880561828613e+02 2.060062868129520552e+00 9.025471510971403433e+00
3.047355041503906250e+02 2.058062807092501334e+00 9.010471053193759516e+00
3.047511463165283203e+02 2.060062868129520552e+00 9.025471510971403433e+00
3.047681703567504883e+02 1.610049134800256354e+00 5.650368511001922833e+00
3.047869248390197754e+02 1.646050233466597623e+00 5.920376750999482240e+00
3.048001079559326172e+02 1.722052552873317710e+00 6.490394146549882670e+00
3.048158736228942871e+02 2.116064577166051119e+00 9.445484328745383351e+00
3.049371194839477539e+02 1.842056215094454830e+00 7.390421613208411067e+00
3.049698116779327393e+02 1.806055116428113783e+00 7.120413373210853436e+00
3.050272111892700195e+02 1.810055238502151553e+00 7.150414288766136828e+00
3.050406405925750732e+02 1.714052308725241724e+00 6.430392315439313222e+00
3.050655798912048340e+02 1.742053163243507230e+00 6.640398724326304070e+00
3.050984621047973633e+02 2.096063966795861599e+00 9.295479750968961952e+00
3.051211187839508057e+02 2.118064638203069894e+00 9.460484786523023715e+00
3.051414482593536377e+02 2.120064699240089112e+00 9.475485244300667631e+00
3.051556196212768555e+02 2.116064577166051119e+00 9.445484328745383351e+00
3.052023618221282959e+02 1.756053590502639761e+00 6.745401928769798161e+00
3.052241444587707520e+02 2.006061220130009204e+00 8.620459150975069207e+00
3.052400114536285400e+02 2.116064577166051119e+00 9.445484328745383351e+00
3.052553715705871582e+02 2.144065431684316625e+00 9.655490737632375087e+00
3.052735486030578613e+02 2.036062135685293040e+00 8.845466017639697753e+00
3.052876477241516113e+02 1.638049989318521860e+00 5.860374919888913681e+00
3.053012557029724121e+02 1.730052797021393474e+00 6.550395977660451230e+00
3.053153088092803955e+02 2.100064088869899592e+00 9.325480666524246232e+00
3.053282513618469238e+02 1.788054567094943037e+00 6.985409253212072400e+00
3.053698906898498535e+02 1.606049012726218583e+00 5.620367595446639442e+00
3.054697117805480957e+02 1.830055848872341073e+00 7.300418866542558227e+00
3.055287370681762695e+02 1.586048402356029063e+00 5.470363017670218042e+00
3.055419783592224121e+02 1.662050721762749150e+00 6.040380413220618472e+00
3.055679891109466553e+02 1.714052308725241724e+00 6.430392315439313222e+00
3.055979764461517334e+02 1.606049012726218583e+00 5.620367595446639442e+00
3.056268968582153320e+02 2.242068422498245006e+00 1.039051316873683817e+01
3.056575851440429688e+02 1.576048097170934303e+00 5.395360728782007342e+00
3.056926789283752441e+02 2.248068605609302217e+00 1.043551454206976636e+01
3.057188968658447266e+02 1.602048890652180591e+00 5.590366679891354273e+00
3.057476537227630615e+02 2.120064699240089112e+00 9.475485244300667631e+00
3.057705121040344238e+02 1.746053285317545001e+00 6.670399639881587461e+00
3.057830624580383301e+02 1.616049317911313343e+00 5.695369884334850141e+00
3.057985079288482666e+02 1.946059389019440200e+00 8.170445417645801456e+00
3.058116347789764404e+02 2.094063905758842381e+00 9.280479293191318035e+00
3.058553683757781982e+02 1.554047425763725787e+00 5.230355693227943803e+00
3.058807365894317627e+02 2.238068300424207457e+00 1.036051225318155566e+01
3.058969266414642334e+02 2.206067323831903959e+00 1.012050492873927965e+01
3.059144284725189209e+02 2.048062501907407018e+00 8.935468764305552369e+00
3.059322795867919922e+02 1.776054200872829503e+00 6.895406506546221337e+00
3.059442334175109863e+02 1.608049073763237580e+00 5.635368053224281581e+00
3.059618694782257080e+02 2.042062318796350251e+00 8.890467390972627726e+00
3.060179543495178223e+02 1.908058229316080379e+00 7.885436719870602573e+00
3.061231446266174316e+02 1.720052491836298714e+00 6.475393688772240530e+00
3.061804428100585938e+02 1.708052125614184957e+00 6.385390942106386802e+00
3.061935217380523682e+02 2.232068117313150690e+00 1.031551087984863102e+01
3.062225263118743896e+02 2.106064271980956359e+00 9.370482039857172651e+00
3.062633969783782959e+02 1.634049867244483867e+00 5.830374004333629401e+00
3.062767314910888672e+02 2.118064638203069894e+00 9.460484786523023715e+00
3.062892279624938965e+02 1.846056337168492822e+00 7.420422528763696235e+00
3.063045871257781982e+02 1.740053102206488234e+00 6.625398266548661930e+00
3.063173387050628662e+02 2.122064760277107887e+00 9.490485702078309771e+00
3.063584923744201660e+02 2.140065309610278632e+00 9.625489822077089030e+00
3.063826372623443604e+02 2.240068361461226232e+00 1.037551271095919603e+01
3.063961660861968994e+02 2.112064455092013571e+00 9.415483413190102624e+00
3.064150044918060303e+02 2.192066896572771650e+00 1.001550172429578822e+01
3.064277160167694092e+02 1.708052125614184957e+00 6.385390942106386802e+00
3.064450924396514893e+02 1.744053224280526226e+00 6.655399182103947098e+00
3.064596366882324219e+02 2.064062990203558545e+00 9.055472426526689489e+00
3.064733455181121826e+02 2.062062929166539327e+00 9.040471968749045573e+00
3.064994890689849854e+02 1.596048707541123823e+00 5.545365306558428742e+00
3.065964207649230957e+02 1.610049134800256354e+00 5.650368511001922833e+00
3.066276781558990479e+02 1.620049439985351114e+00 5.725370799890133533e+00
3.066825163364410400e+02 1.586048402356029063e+00 5.470363017670218042e+00
3.066965627670288086e+02 2.118064638203069894e+00 9.460484786523023715e+00
3.067138471603393555e+02 2.256068849757378203e+00 1.049551637318033670e+01
3.067486190795898438e+02 2.024061769463179505e+00 8.755463270973846690e+00
3.067781667709350586e+02 1.556047486800744784e+00 5.245356151005585943e+00
3.068083648681640625e+02 2.150065614795373392e+00 9.700492110965299730e+00
3.068443965911865234e+02 1.608049073763237580e+00 5.635368053224281581e+00
3.068706278800964355e+02 2.112064455092013571e+00 9.415483413190102624e+00
3.069063382148742676e+02 2.126064882351145879e+00 9.520486617633594051e+00
3.069281482696533203e+02 1.720052491836298714e+00 6.475393688772240530e+00
3.069417665004730225e+02 1.748053346354563997e+00 6.685400097659229601e+00
3.069577085971832275e+02 2.248068605609302217e+00 1.043551454206976636e+01
3.069694359302520752e+02 2.020061647389141513e+00 8.725462355418560634e+00
3.070193369388580322e+02 1.600048829615161594e+00 5.575366222113712134e+00
3.070372073650360107e+02 2.146065492721335399e+00 9.670491195410015450e+00
3.070527849197387695e+02 2.048062501907407018e+00 8.935468764305552369e+00
3.070661389827728271e+02 1.612049195837275350e+00 5.665368968779564973e+00
3.070834248065948486e+02 1.744053224280526226e+00 6.655399182103947098e+00
3.070978705883026123e+02 2.150065614795373392e+00 9.700492110965299730e+00
3.071103897094726562e+02 1.886057557908871862e+00 7.720431684316539034e+00
3.071295738220214844e+02 1.632049806207464870e+00 5.815373546555986373e+00
3.072440631389617920e+02 1.598048768578142820e+00 5.560365764336070882e+00
3.072754728794097900e+02 1.806055116428113783e+00 7.120413373210853436e+00
3.073322322368621826e+02 2.188066774498733658e+00 9.985500808740502166e+00
3.073474907875061035e+02 1.630049745170446096e+00 5.800373088778346009e+00
3.073832306861877441e+02 2.000061037018951993e+00 8.575457777642139234e+00
3.074199986457824707e+02 1.754053529465620986e+00 6.730401470992157797e+00
3.074406635761260986e+02 2.170066225165562912e+00 9.850496688741721130e+00
3.074574902057647705e+02 2.150065614795373392e+00 9.700492110965299730e+00
3.074792382717132568e+02 2.098064027832880374e+00 9.310480208746602315e+00
3.075312533378601074e+02 2.144065431684316625e+00 9.655490737632375087e+00
3.075495257377624512e+02 1.574048036133915307e+00 5.380360271004365202e+00
3.075720586776733398e+02 1.616049317911313343e+00 5.695369884334850141e+00
3.075934097766876221e+02 1.962059877315591949e+00 8.290449079866938575e+00
3.076127383708953857e+02 1.612049195837275350e+00 5.665368968779564973e+00
3.076250181198120117e+02 1.616049317911313343e+00 5.695369884334850141e+00
3.076451835632324219e+02 1.942059266945402429e+00 8.140444502090517176e+00
3.077539107799530029e+02 1.638049989318521860e+00 5.860374919888913681e+00
3.077855501174926758e+02 2.060062868129520552e+00 9.025471510971403433e+00
3.078420798778533936e+02 1.646050233466597623e+00 5.920376750999482240e+00
3.078672373294830322e+02 2.054062685018463341e+00 8.980470137638475236e+00
3.078981139659881592e+02 1.574048036133915307e+00 5.380360271004365202e+00
3.079275338649749756e+02 2.140065309610278632e+00 9.625489822077089030e+00
3.079564323425292969e+02 1.696051759392071201e+00 6.295388195440533963e+00
3.079990513324737549e+02 2.142065370647297406e+00 9.640490279854731170e+00
3.080190451145172119e+02 2.042062318796350251e+00 8.890467390972627726e+00
3.080549106597900391e+02 2.144065431684316625e+00 9.655490737632375087e+00
3.080815997123718262e+02 1.880057374797815095e+00 7.675430310983613502e+00
3.080933699607849121e+02 2.246068544572282999e+00 1.042051408429212245e+01
3.081087150573730469e+02 1.644050172429578627e+00 5.905376293221840101e+00
3.081238415241241455e+02 1.638049989318521860e+00 5.860374919888913681e+00
3.081653704643249512e+02 1.988060670796838236e+00 8.485455030976286395e+00
3.081869142055511475e+02 1.904058107242042386e+00 7.855435804315318293e+00
3.081986267566680908e+02 1.996060914944914000e+00 8.545456862086854954e+00
3.082135326862335205e+02 2.014061464278084745e+00 8.680460982085635990e+00
3.082329924106597900e+02 1.648050294503616620e+00 5.935377208777124380e+00
3.082476046085357666e+02 1.642050111392559630e+00 5.890375835444197072e+00
3.082606039047241211e+02 1.854056581316568586e+00 7.480424359874264795e+00
3.082744662761688232e+02 2.266069154942472519e+00 1.057051866206854385e+01
3.082883584499359131e+02 1.632049806207464870e+00 5.815373546555986373e+00
3.084020380973815918e+02 1.818055482650227317e+00 7.210416119876704499e+00
3.084328105449676514e+02 1.608049073763237580e+00 5.635368053224281581e+00
3.084886124134063721e+02 1.820055543687246313e+00 7.225416577654347527e+00
3.085016970634460449e+02 1.728052735984374477e+00 6.535395519882808202e+00
3.085308520793914795e+02 1.784054445020905266e+00 6.955408337656789897e+00
3.085600802898406982e+02 2.116064577166051119e+00 9.445484328745383351e+00
3.085826408863067627e+02 1.996060914944914000e+00 8.545456862086854954e+00
3.085954029560089111e+02 2.196067018646809643e+00 1.004550263985107250e+01
3.086119170188903809e+02 1.740053102206488234e+00 6.625398266548661930e+00
3.086273732185363770e+02 1.614049256874294347e+00 5.680369426557208001e+00
3.086707885265350342e+02 1.732052858058412470e+00 6.565396435438093370e+00
3.086930060386657715e+02 1.604048951689199587e+00 5.605367137668997302e+00
3.087065949440002441e+02 1.570047914059877314e+00 5.350359355449080034e+00
3.087203705310821533e+02 2.030061952574236717e+00 8.800464644306774886e+00
3.087382001876831055e+02 2.012061403241065527e+00 8.665460524307992074e+00
3.087530560493469238e+02 1.888057618945890859e+00 7.735432142094181174e+00
3.087676556110382080e+02 1.638049989318521860e+00 5.860374919888913681e+00
3.087845945358276367e+02 1.668050904873805917e+00 6.085381786553544003e+00
3.088033893108367920e+02 2.042062318796350251e+00 8.890467390972627726e+00
3.088342459201812744e+02 2.148065553758354618e+00 9.685491653187659367e+00
3.089359593391418457e+02 2.254068788720358985e+00 1.048051591540269278e+01
3.089953727722167969e+02 1.674051087984862685e+00 6.130383159886470423e+00
3.090089983940124512e+02 1.736052980132450241e+00 6.595397350993376762e+00
3.090346016883850098e+02 1.638049989318521860e+00 5.860374919888913681e+00
3.090646955966949463e+02 2.052062623981445011e+00 8.965469679860838426e+00
3.090933978557586670e+02 1.976060304574724480e+00 8.395452284310433555e+00
3.091531023979187012e+02 1.840056154057435833e+00 7.375421155430768927e+00
3.091661522388458252e+02 1.576048097170934303e+00 5.395360728782007342e+00
3.091980876922607422e+02 1.694051698355052205e+00 6.280387737662891823e+00
3.092312250137329102e+02 2.094063905758842381e+00 9.280479293191318035e+00
3.092443590164184570e+02 1.644050172429578627e+00 5.905376293221840101e+00
3.092604982852935791e+02 2.050062562944425792e+00 8.950469222083192733e+00
3.092757039070129395e+02 2.136065187536240639e+00 9.595488906521804751e+00
3.092932424545288086e+02 1.708052125614184957e+00 6.385390942106386802e+00
3.093410496711730957e+02 1.738053041169469237e+00 6.610397808771018902e+00
3.093559508323669434e+02 2.048062501907407018e+00 8.935468764305552369e+00
3.093743846416473389e+02 1.842056215094454830e+00 7.390421613208411067e+00
3.093945865631103516e+02 1.638049989318521860e+00 5.860374919888913681e+00
3.094082014560699463e+02 1.614049256874294347e+00 5.680369426557208001e+00
3.094237437248229980e+02 1.712052247688222950e+00 6.415391857661671970e+00
3.094395596981048584e+02 2.156065797906430603e+00 9.745493484298229703e+00
3.094558925628662109e+02 2.020061647389141513e+00 8.725462355418560634e+00
3.095642721652984619e+02 2.042062318796350251e+00 8.890467390972627726e+00
3.095943830013275146e+02 1.650050355540635616e+00 5.950377666554767409e+00
3.096500566005706787e+02 1.892057741019928629e+00 7.765433057649464565e+00
3.096634130477905273e+02 1.726052674947355481e+00 6.520395062105166062e+00
3.096884276866912842e+02 1.696051759392071201e+00 6.295388195440533963e+00
3.097182958126068115e+02 1.616049317911313343e+00 5.695369884334850141e+00
3.097446336746215820e+02 2.040062257759331033e+00 8.875466933194982033e+00
3.097612802982330322e+02 2.148065553758354618e+00 9.685491653187659367e+00
3.097807981967926025e+02 2.076063356425672080e+00 9.145475173192540552e+00
3.098344590663909912e+02 1.946059389019440200e+00 8.170445417645801456e+00
3.098529753684997559e+02 1.794054750206000026e+00 7.030410626545000596e+00
3.098668992519378662e+02 1.614049256874294347e+00 5.680369426557208001e+00
3.098812730312347412e+02 1.980060426648762473e+00 8.425453199865717835e+00
3.099005093574523926e+02 2.148065553758354618e+00 9.685491653187659367e+00
3.099186468124389648e+02 2.252068727683340210e+00 1.046551545762505242e+01
3.099389238357543945e+02 1.904058107242042386e+00 7.855435804315318293e+00
3.099839446544647217e+02 1.618049378948332340e+00 5.710370342112492281e+00
3.100832631587982178e+02 1.754053529465620986e+00 6.730401470992157797e+00
3.101417028903961182e+02 2.222067812128055486e+00 1.024050859096041677e+01
3.101551632881164551e+02 2.146065492721335399e+00 9.670491195410015450e+00
3.101759574413299561e+02 2.158065858943448934e+00 9.760493942075866514e+00
3.102046637535095215e+02 2.004061159092989985e+00 8.605458693197425291e+00
3.102334001064300537e+02 1.806055116428113783e+00 7.120413373210853436e+00
3.102620091438293457e+02 1.640050050355540856e+00 5.875375377666556709e+00
3.103046844005584717e+02 2.040062257759331033e+00 8.875466933194982033e+00
3.103245146274566650e+02 2.150065614795373392e+00 9.700492110965299730e+00
3.103758897781372070e+02 2.140065309610278632e+00 9.625489822077089030e+00
3.103929910659790039e+02 2.052062623981445011e+00 8.965469679860838426e+00
3.104082708358764648e+02 1.636049928281502863e+00 5.845374462111271541e+00
3.104212744235992432e+02 1.914058412427137146e+00 7.930438093203528993e+00
3.104651374816894531e+02 2.014061464278084745e+00 8.680460982085635990e+00
3.104926357269287109e+02 1.736052980132450241e+00 6.595397350993376762e+00
3.105096740722656250e+02 1.614049256874294347e+00 5.680369426557208001e+00
3.105290648937225342e+02 1.580048219244972074e+00 5.425361644337290734e+00
3.105416193008422852e+02 1.874057191686758106e+00 7.630428937650686194e+00
3.105540142059326172e+02 2.096063966795861599e+00 9.295479750968961952e+00
3.105699408054351807e+02 1.650050355540635616e+00 5.950377666554767409e+00
3.105855112075805664e+02 1.756053590502639761e+00 6.745401928769798161e+00
3.106143684387207031e+02 1.762053773613696750e+00 6.790403302102725469e+00
3.107070145606994629e+02 2.246068544572282999e+00 1.042051408429212245e+01
3.107375059127807617e+02 1.826055726798303303e+00 7.270417950987274835e+00
3.107939615249633789e+02 2.158065858943448934e+00 9.760493942075866514e+00
3.108078742027282715e+02 1.622049501022370110e+00 5.740371257667775673e+00
3.108316226005554199e+02 1.574048036133915307e+00 5.380360271004365202e+00
3.108668856620788574e+02 1.710052186651203954e+00 6.400391399884029831e+00
3.108847444057464600e+02 1.922058656575212687e+00 7.990439924314094888e+00
3.109006626605987549e+02 2.022061708426160731e+00 8.740462813196206326e+00
3.109151747226715088e+02 2.022061708426160731e+00 8.740462813196206326e+00
3.109359076023101807e+02 1.750053407391582994e+00 6.700400555436872629e+00
3.109681119918823242e+02 2.026061830500198724e+00 8.770463728751490606e+00
3.109975657463073730e+02 1.576048097170934303e+00 5.395360728782007342e+00
3.110128388404846191e+02 2.050062562944425792e+00 8.950469222083192733e+00
3.110264425277709961e+02 1.580048219244972074e+00 5.425361644337290734e+00
3.110396203994750977e+02 2.046062440870388244e+00 8.920468306527912006e+00
3.110581748485565186e+02 2.038062196722312258e+00 8.860466475417341670e+00
3.110733633041381836e+02 1.780054322946867273e+00 6.925407422101504729e+00
3.110908353328704834e+02 1.632049806207464870e+00 5.815373546555986373e+00
3.111143784523010254e+02 1.740053102206488234e+00 6.625398266548661930e+00
3.112110743522644043e+02 2.086063661610766840e+00 9.220477462080751252e+00
3.112439441680908203e+02 1.864056886501663346e+00 7.555426648762475494e+00
3.112999215126037598e+02 2.024061769463179505e+00 8.755463270973846690e+00
3.113191208839416504e+02 2.052062623981445011e+00 8.965469679860838426e+00
3.113353662490844727e+02 1.822055604724265310e+00 7.240417035431989667e+00
3.113694362640380859e+02 2.002061098055971211e+00 8.590458235419784927e+00
3.113949995040893555e+02 1.586048402356029063e+00 5.470363017670218042e+00
3.114234905242919922e+02 1.910058290353099375e+00 7.900437177648245601e+00
3.114591417312622070e+02 2.064062990203558545e+00 9.055472426526689489e+00
3.114784419536590576e+02 1.820055543687246313e+00 7.225416577654347527e+00
3.115150415897369385e+02 2.118064638203069894e+00 9.460484786523023715e+00
3.115426459312438965e+02 2.248068605609302217e+00 1.043551454206976636e+01
3.115611596107482910e+02 2.150065614795373392e+00 9.700492110965299730e+00
3.115804874897003174e+02 2.216067629016999163e+00 1.019550721762749390e+01
3.116209692955017090e+02 2.158065858943448934e+00 9.760493942075866514e+00
3.116488709449768066e+02 2.134065126499221865e+00 9.580488448744164387e+00
3.116647002696990967e+02 1.956059694204534960e+00 8.245447706534012156e+00
3.116789872646331787e+02 2.128064943388165098e+00 9.535487075411237967e+00
3.116950061321258545e+02 1.948059450056459196e+00 8.185445875423443596e+00
3.117082567214965820e+02 1.638049989318521860e+00 5.860374919888913681e+00
3.117257709503173828e+02 1.916058473464156142e+00 7.945438550981171133e+00
3.117435123920440674e+02 1.736052980132450241e+00 6.595397350993376762e+00
3.117695679664611816e+02 2.246068544572282999e+00 1.042051408429212245e+01
3.118601727485656738e+02 1.900057985168004615e+00 7.825434888760034902e+00
3.118925127983093262e+02 1.796054811243019023e+00 7.045411084322642736e+00
3.119472525119781494e+02 1.622049501022370110e+00 5.740371257667775673e+00
3.119611334800720215e+02 2.014061464278084745e+00 8.680460982085635990e+00
3.119856376647949219e+02 2.084063600573748065e+00 9.205477004303110888e+00
3.120294184684753418e+02 1.762053773613696750e+00 6.790403302102725469e+00
3.120425891876220703e+02 1.886057557908871862e+00 7.720431684316539034e+00
3.120605173110961914e+02 2.224067873165074705e+00 1.025550904873806068e+01
3.120775406360626221e+02 2.028061891537217498e+00 8.785464186529130970e+00
3.121229810714721680e+02 2.020061647389141513e+00 8.725462355418560634e+00
3.121493656635284424e+02 2.156065797906430603e+00 9.745493484298229703e+00
3.121651740074157715e+02 1.752053468428601990e+00 6.715401013214514769e+00
3.121783235073089600e+02 2.160065919980468152e+00 9.775494399853510430e+00
3.121942336559295654e+02 2.014061464278084745e+00 8.680460982085635990e+00
3.122102720737457275e+02 1.608049073763237580e+00 5.635368053224281581e+00
3.122236869335174561e+02 1.738053041169469237e+00 6.610397808771018902e+00
3.122371935844421387e+02 2.218067690054017937e+00 1.021050767540513426e+01
3.122843797206878662e+02 1.642050111392559630e+00 5.890375835444197072e+00
3.123898844718933105e+02 1.760053712576677754e+00 6.775402844325083329e+00
3.124487810134887695e+02 1.660050660725730376e+00 6.025379955442978108e+00
3.124626715183258057e+02 1.732052858058412470e+00 6.565396435438093370e+00
3.124874701499938965e+02 1.848056398205511819e+00 7.435422986541338375e+00
3.125235240459442139e+02 1.624049562059389107e+00 5.755371715445418701e+00
3.125541110038757324e+02 1.980060426648762473e+00 8.425453199865717835e+00
3.126075026988983154e+02 1.844056276131473826e+00 7.405422070986054095e+00
3.126210608482360840e+02 2.108064333017975578e+00 9.385482497634816568e+00
3.126443319320678711e+02 2.154065736869411385e+00 9.730493026520585786e+00
3.126923260688781738e+02 1.726052674947355481e+00 6.520395062105166062e+00
3.127112855911254883e+02 1.642050111392559630e+00 5.890375835444197072e+00
3.127268149852752686e+02 1.566047791985839543e+00 5.320358439893796643e+00
3.127442932128906250e+02 2.122064760277107887e+00 9.490485702078309771e+00
3.127979166507720947e+02 1.792054689168981030e+00 7.015410168767357568e+00
3.128115291595458984e+02 1.694051698355052205e+00 6.280387737662891823e+00
3.128280808925628662e+02 1.724052613910336706e+00 6.505394604327525698e+00
3.128519630432128906e+02 1.600048829615161594e+00 5.575366222113712134e+00
3.128701088428497314e+02 1.560047608874782554e+00 5.275357066560869335e+00
3.128861968517303467e+02 1.594048646504104827e+00 5.530364848780786602e+00
3.129059398174285889e+02 2.132065065462203091e+00 9.565487990966524023e+00
3.130111970901489258e+02 1.786054506057924263e+00 6.970408795434432037e+00
3.130437030792236328e+02 1.918058534501175139e+00 7.960439008758813273e+00
3.130986714363098145e+02 2.116064577166051119e+00 9.445484328745383351e+00
3.131118032932281494e+02 1.786054506057924263e+00 6.970408795434432037e+00
3.131366953849792480e+02 1.738053041169469237e+00 6.610397808771018902e+00
3.131664149761199951e+02 2.042062318796350251e+00 8.890467390972627726e+00
3.131900181770324707e+02 2.126064882351145879e+00 9.520486617633594051e+00
3.132055909633636475e+02 1.660050660725730376e+00 6.025379955442978108e+00
3.132168233394622803e+02 2.138065248573259414e+00 9.610489364299445114e+00
3.132296068668365479e+02 1.620049439985351114e+00 5.725370799890133533e+00
3.132540287971496582e+02 1.924058717612231684e+00 8.005440382091737916e+00
3.132932553291320801e+02 1.610049134800256354e+00 5.650368511001922833e+00
3.133120584487915039e+02 1.622049501022370110e+00 5.740371257667775673e+00
3.133299360275268555e+02 1.674051087984862685e+00 6.130383159886470423e+00
3.133460435867309570e+02 1.746053285317545001e+00 6.670399639881587461e+00
