3.772969379425048828e+02 1.510046082949308754e+00 4.900345622119815836e+00
3.773086004257202148e+02 1.914058412427137146e+00 7.930438093203528993e+00
3.773204805850982666e+02 1.552047364726706791e+00 5.215355235450300775e+00
3.773327071666717529e+02 2.064062990203558545e+00 9.055472426526689489e+00
3.773436846733093262e+02 1.524046510208441507e+00 5.005348826563311704e+00
3.773572876453399658e+02 1.884057496871852866e+00 7.705431226538896894e+00
3.773680787086486816e+02 1.938059144871364436e+00 8.110443586535232896e+00
3.773848683834075928e+02 1.516046266060365522e+00 4.945346995452741368e+00
3.773988707065582275e+02 1.722052552873317710e+00 6.490394146549882670e+00
3.774101963043212891e+02 1.994060853907895225e+00 8.530456404309214591e+00
3.774258842468261719e+02 1.422043397320474689e+00 4.240325479903560790e+00
3.774441099166870117e+02 1.534046815393536267e+00 5.080351115451522404e+00
3.774903769493103027e+02 1.500045777764213994e+00 4.825343333231605136e+00
3.775040829181671143e+02 1.530046693319498274e+00 5.050350199896237235e+00
3.775161404609680176e+02 1.818055482650227317e+00 7.210416119876704499e+00
3.775277101993560791e+02 1.800054933317056793e+00 7.075411999877926128e+00
3.775389304161071777e+02 1.626049623096408103e+00 5.770372173223060841e+00
3.775505697727203369e+02 1.988060670796838236e+00 8.485455030976286395e+00
3.775619735717773438e+02 1.450044251838740195e+00 4.450331888790551638e+00
3.775780086517333984e+02 1.822055604724265310e+00 7.240417035431989667e+00
3.775938892364501953e+02 2.032062013611255047e+00 8.815465102084413473e+00
3.776099352836608887e+02 1.794054750206000026e+00 7.030410626545000596e+00
3.776252441406250000e+02 1.446044129764702202e+00 4.420330973235266470e+00
3.776417148113250732e+02 1.704052003540146965e+00 6.355390026551102522e+00
3.776569628715515137e+02 1.906058168279061382e+00 7.870436262092960433e+00
3.776703677177429199e+02 2.024061769463179505e+00 8.755463270973846690e+00
3.777095899581909180e+02 2.012061403241065527e+00 8.665460524307992074e+00
3.778232371807098389e+02 1.596048707541123823e+00 5.545365306558428742e+00
3.778808801174163818e+02 1.500045777764213994e+00 4.825343333231605136e+00
3.778940212726593018e+02 2.024061769463179505e+00 8.755463270973846690e+00
3.779217174053192139e+02 2.022061708426160731e+00 8.740462813196206326e+00
3.779510798454284668e+02 1.634049867244483867e+00 5.830374004333629401e+00
3.779755461215972900e+02 2.016061525315103520e+00 8.695461439863276354e+00
3.779911541938781738e+02 1.914058412427137146e+00 7.930438093203528993e+00
3.780061330795288086e+02 1.518046327097384518e+00 4.960347453230383508e+00
3.780251545906066895e+02 1.500045777764213994e+00 4.825343333231605136e+00
3.780833792686462402e+02 1.514046205023346747e+00 4.930346537675101004e+00
3.780975108146667480e+02 2.004061159092989985e+00 8.605458693197425291e+00
3.781137032508850098e+02 1.898057924130985619e+00 7.810434430982391873e+00
3.781289572715759277e+02 1.908058229316080379e+00 7.885436719870602573e+00
3.781413564682006836e+02 1.520046388134403514e+00 4.975347911008026536e+00
3.781556921005249023e+02 2.012061403241065527e+00 8.665460524307992074e+00
3.781691186428070068e+02 1.740053102206488234e+00 6.625398266548661930e+00
3.781824700832366943e+02 1.480045167394024475e+00 4.675338755455183737e+00
3.781961264610290527e+02 2.018061586352122738e+00 8.710461897640920270e+00
3.782356042861938477e+02 2.012061403241065527e+00 8.665460524307992074e+00
3.783460330963134766e+02 1.518046327097384518e+00 4.960347453230383508e+00
3.784058573246002197e+02 1.816055421613208543e+00 7.195415662099064136e+00
3.784193120002746582e+02 1.790054628131962033e+00 7.000409710989715428e+00
3.784457237720489502e+02 1.798054872280037797e+00 7.060411542100283100e+00
3.784755716323852539e+02 1.424043458357493686e+00 4.255325937681202930e+00
3.785043079853057861e+02 1.916058473464156142e+00 7.945438550981171133e+00
3.785350553989410400e+02 1.580048219244972074e+00 5.425361644337290734e+00
3.785712981224060059e+02 2.002061098055971211e+00 8.590458235419784927e+00
3.785969321727752686e+02 1.402042786950285391e+00 4.090320902127140279e+00
3.786297435760498047e+02 1.420043336283455915e+00 4.225325022125919538e+00
3.786539204120635986e+02 1.626049623096408103e+00 5.770372173223060841e+00
3.786691694259643555e+02 1.532046754356517271e+00 5.065350657673879375e+00
3.786845395565032959e+02 1.644050172429578627e+00 5.905376293221840101e+00
3.786979298591613770e+02 1.892057741019928629e+00 7.765433057649464565e+00
3.787145371437072754e+02 1.918058534501175139e+00 7.960439008758813273e+00
3.787643041610717773e+02 1.900057985168004615e+00 7.825434888760034902e+00
3.787784860134124756e+02 1.928058839686269677e+00 8.035441297647022196e+00
3.787936792373657227e+02 1.972060182500686709e+00 8.365451368755149275e+00
3.788069987297058105e+02 1.542047059541612031e+00 5.140352946562090075e+00
3.788206896781921387e+02 1.800054933317056793e+00 7.075411999877926128e+00
3.788348109722137451e+02 2.050062562944425792e+00 8.950469222083192733e+00
3.788513762950897217e+02 1.606049012726218583e+00 5.620367595446639442e+00
3.788664753437042236e+02 1.432043702505569671e+00 4.315327768791772378e+00
3.789113769531250000e+02 1.812055299539170550e+00 7.165414746543778968e+00
3.790251469612121582e+02 1.518046327097384518e+00 4.960347453230383508e+00
3.790821602344512939e+02 1.410043031098361155e+00 4.150322733237708839e+00
3.790954582691192627e+02 2.036062135685293040e+00 8.845466017639697753e+00
3.791243989467620850e+02 1.866056947538682342e+00 7.570427106540117634e+00
3.791564891338348389e+02 1.520046388134403514e+00 4.975347911008026536e+00
3.791753668785095215e+02 1.906058168279061382e+00 7.870436262092960433e+00
3.791943893432617188e+02 2.036062135685293040e+00 8.845466017639697753e+00
3.792101438045501709e+02 1.780054322946867273e+00 6.925407422101504729e+00
3.792249145507812500e+02 1.416043214209417922e+00 4.195324106570634370e+00
3.792694282531738281e+02 1.606049012726218583e+00 5.620367595446639442e+00
3.792959587574005127e+02 1.642050111392559630e+00 5.890375835444197072e+00
3.793125512599945068e+02 1.930058900723288673e+00 8.050441755424664336e+00
3.793276360034942627e+02 1.580048219244972074e+00 5.425361644337290734e+00
3.793438622951507568e+02 1.604048951689199587e+00 5.605367137668997302e+00
3.793612558841705322e+02 1.772054078798791510e+00 6.865405590990936169e+00
3.793736994266510010e+02 2.146065492721335399e+00 9.670491195410015450e+00
3.793869836330413818e+02 1.514046205023346747e+00 4.930346537675101004e+00
3.794158465862274170e+02 1.734052919095431466e+00 6.580396893215736398e+00
3.795194208621978760e+02 1.714052308725241724e+00 6.430392315439313222e+00
3.795513091087341309e+02 1.754053529465620986e+00 6.730401470992157797e+00
3.796058542728424072e+02 1.562047669911801551e+00 5.290357524338511475e+00
3.796201441287994385e+02 1.684051393169957445e+00 6.205385448774681123e+00
3.796495146751403809e+02 1.792054689168981030e+00 7.015410168767357568e+00
3.796790568828582764e+02 1.494045594653157227e+00 4.780341959898679605e+00
3.797098782062530518e+02 2.006061220130009204e+00 8.620459150975069207e+00
3.797618312835693359e+02 1.524046510208441507e+00 5.005348826563311704e+00
3.797746298313140869e+02 2.090063783684804832e+00 9.250478377636035532e+00
3.798069088459014893e+02 2.028061891537217498e+00 8.785464186529130970e+00
3.798281462192535400e+02 1.640050050355540856e+00 5.875375377666556709e+00
3.798523967266082764e+02 1.488045411542100238e+00 4.735340586565751408e+00
3.798694233894348145e+02 1.506045960875270762e+00 4.870344706564530668e+00
3.798852646350860596e+02 1.490045472579119235e+00 4.750341044343394437e+00
3.798978807926177979e+02 1.940059205908383433e+00 8.125444044312875036e+00
3.799221408367156982e+02 1.764053834650715746e+00 6.805403759880368497e+00
3.799725689888000488e+02 2.028061891537217498e+00 8.785464186529130970e+00
3.799865863323211670e+02 1.502045838801232991e+00 4.840343791009247276e+00
3.800084223747253418e+02 1.454044373912777965e+00 4.480332804345835029e+00
3.800298776626586914e+02 1.624049562059389107e+00 5.755371715445418701e+00
3.800445742607116699e+02 1.644050172429578627e+00 5.905376293221840101e+00
3.800568134784698486e+02 2.008061281167027978e+00 8.635459608752709570e+00
3.800835528373718262e+02 1.658050599688711380e+00 6.010379497665335080e+00
3.801890451908111572e+02 2.040062257759331033e+00 8.875466933194982033e+00
3.802208397388458252e+02 2.144065431684316625e+00 9.655490737632375087e+00
3.802764995098114014e+02 1.958059755241553956e+00 8.260448164311654295e+00
3.802902998924255371e+02 1.720052491836298714e+00 6.475393688772240530e+00
3.803150689601898193e+02 1.674051087984862685e+00 6.130383159886470423e+00
3.803478701114654541e+02 1.974060243537705706e+00 8.380451826532793191e+00
3.803694903850555420e+02 1.494045594653157227e+00 4.780341959898679605e+00
3.803844060897827148e+02 1.496045655690176002e+00 4.795342417676319968e+00
3.803994309902191162e+02 1.988060670796838236e+00 8.485455030976286395e+00
3.804146203994750977e+02 2.140065309610278632e+00 9.625489822077089030e+00
3.804310746192932129e+02 1.520046388134403514e+00 4.975347911008026536e+00
3.804767913818359375e+02 1.658050599688711380e+00 6.010379497665335080e+00
3.804949707984924316e+02 1.936059083834345440e+00 8.095443128757590756e+00
3.805158054828643799e+02 1.942059266945402429e+00 8.140444502090517176e+00
3.805425958633422852e+02 2.144065431684316625e+00 9.655490737632375087e+00
3.805579402446746826e+02 2.020061647389141513e+00 8.725462355418560634e+00
3.805733797550201416e+02 2.032062013611255047e+00 8.815465102084413473e+00
3.805903329849243164e+02 1.500045777764213994e+00 4.825343333231605136e+00
3.807076678276062012e+02 1.612049195837275350e+00 5.665368968779564973e+00
3.807392218112945557e+02 1.966059999389629720e+00 8.320449995422222855e+00
3.807952315807342529e+02 2.034062074648274265e+00 8.830465559862057390e+00
3.808093478679656982e+02 1.684051393169957445e+00 6.205385448774681123e+00
3.808264226913452148e+02 1.526046571245460504e+00 5.020349284340953844e+00
3.808562948703765869e+02 1.520046388134403514e+00 4.975347911008026536e+00
3.808851337432861328e+02 2.026061830500198724e+00 8.770463728751490606e+00
3.809134557247161865e+02 1.818055482650227317e+00 7.210416119876704499e+00
3.809570147991180420e+02 1.734052919095431466e+00 6.580396893215736398e+00
3.809778873920440674e+02 1.698051820429090197e+00 6.310388653218176103e+00
3.810086314678192139e+02 2.112064455092013571e+00 9.415483413190102624e+00
3.810436513423919678e+02 1.516046266060365522e+00 4.945346995452741368e+00
3.810590064525604248e+02 2.004061159092989985e+00 8.605458693197425291e+00
3.810808358192443848e+02 2.034062074648274265e+00 8.830465559862057390e+00
3.811142482757568359e+02 2.016061525315103520e+00 8.695461439863276354e+00
3.811564862728118896e+02 2.004061159092989985e+00 8.605458693197425291e+00
3.811744940280914307e+02 1.614049256874294347e+00 5.680369426557208001e+00
3.811895582675933838e+02 1.484045289468062467e+00 4.705339671010468905e+00
3.812099137306213379e+02 1.610049134800256354e+00 5.650368511001922833e+00
3.812240281105041504e+02 1.606049012726218583e+00 5.620367595446639442e+00
3.812419469356536865e+02 1.812055299539170550e+00 7.165414746543778968e+00
3.812642686367034912e+02 2.016061525315103520e+00 8.695461439863276354e+00
3.813780188560485840e+02 1.900057985168004615e+00 7.825434888760034902e+00
3.814103045463562012e+02 1.594048646504104827e+00 5.530364848780786602e+00
3.814665768146514893e+02 1.512046143986327751e+00 4.915346079897457976e+00
3.814800796508789062e+02 1.840056154057435833e+00 7.375421155430768927e+00
3.815047638416290283e+02 1.974060243537705706e+00 8.380451826532793191e+00
3.815513234138488770e+02 1.704052003540146965e+00 6.355390026551102522e+00
3.815657451152801514e+02 1.482045228431043471e+00 4.690339213232825877e+00
3.815810489654541016e+02 2.002061098055971211e+00 8.590458235419784927e+00
3.815959308147430420e+02 2.030061952574236717e+00 8.800464644306774886e+00
3.816114296913146973e+02 1.518046327097384518e+00 4.960347453230383508e+00
3.816672379970550537e+02 1.522046449171422511e+00 4.990348368785668676e+00
3.816841411590576172e+02 1.644050172429578627e+00 5.905376293221840101e+00
3.817037048339843750e+02 2.034062074648274265e+00 8.830465559862057390e+00
3.817170794010162354e+02 2.036062135685293040e+00 8.845466017639697753e+00
3.817332837581634521e+02 1.894057802056947626e+00 7.780433515427107594e+00
3.817479002475738525e+02 1.494045594653157227e+00 4.780341959898679605e+00
3.817612931728363037e+02 1.818055482650227317e+00 7.210416119876704499e+00
3.817931432723999023e+02 1.864056886501663346e+00 7.555426648762475494e+00
3.819166038036346436e+02 2.010061342204047197e+00 8.650460066530353487e+00
3.819305217266082764e+02 1.910058290353099375e+00 7.900437177648245601e+00
3.819847843647003174e+02 1.486045350505081242e+00 4.720340128788109268e+00
3.819987976551055908e+02 1.936059083834345440e+00 8.095443128757590756e+00
3.820168776512145996e+02 2.020061647389141513e+00 8.725462355418560634e+00
3.820459020137786865e+02 2.008061281167027978e+00 8.635459608752709570e+00
3.820749695301055908e+02 1.640050050355540856e+00 5.875375377666556709e+00
3.821036589145660400e+02 1.652050416577654390e+00 5.965378124332407772e+00
3.821463913917541504e+02 1.812055299539170550e+00 7.165414746543778968e+00
3.821664991378784180e+02 1.950059511093478193e+00 8.200446333201085736e+00
3.822255754470825195e+02 1.610049134800256354e+00 5.650368511001922833e+00
3.822395565509796143e+02 2.024061769463179505e+00 8.755463270973846690e+00
3.822550044059753418e+02 2.018061586352122738e+00 8.710461897640920270e+00
3.822692499160766602e+02 1.484045289468062467e+00 4.705339671010468905e+00
3.822899141311645508e+02 1.496045655690176002e+00 4.795342417676319968e+00
3.823445835113525391e+02 1.494045594653157227e+00 4.780341959898679605e+00
3.823602750301361084e+02 2.026061830500198724e+00 8.770463728751490606e+00
3.823755476474761963e+02 1.930058900723288673e+00 8.050441755424664336e+00
3.823919284343719482e+02 1.674051087984862685e+00 6.130383159886470423e+00
3.824065835475921631e+02 1.494045594653157227e+00 4.780341959898679605e+00
3.824234640598297119e+02 1.824055665761284306e+00 7.255417493209632696e+00
3.824409310817718506e+02 2.000061037018951993e+00 8.575457777642139234e+00
3.825689172744750977e+02 1.836056031983398062e+00 7.345420239875485535e+00
3.825996258258819580e+02 1.930058900723288673e+00 8.050441755424664336e+00
3.826555953025817871e+02 2.012061403241065527e+00 8.665460524307992074e+00
3.826692426204681396e+02 1.512046143986327751e+00 4.915346079897457976e+00
3.826935057640075684e+02 1.482045228431043471e+00 4.690339213232825877e+00
3.827165374755859375e+02 1.700051881466109194e+00 6.325389110995819131e+00
3.827482190132141113e+02 1.636049928281502863e+00 5.845374462111271541e+00
3.827673914432525635e+02 1.466044740134891722e+00 4.570335551011687869e+00
3.827830259799957275e+02 1.648050294503616620e+00 5.935377208777124380e+00
3.828020105361938477e+02 2.028061891537217498e+00 8.785464186529130970e+00
3.828545129299163818e+02 2.034062074648274265e+00 8.830465559862057390e+00
3.828728871345520020e+02 1.632049806207464870e+00 5.815373546555986373e+00
3.828912541866302490e+02 1.460044557023834955e+00 4.525334177678762337e+00
3.829075648784637451e+02 1.596048707541123823e+00 5.545365306558428742e+00
3.829245007038116455e+02 1.744053224280526226e+00 6.655399182103947098e+00
3.829390802383422852e+02 2.010061342204047197e+00 8.650460066530353487e+00
3.829520876407623291e+02 1.714052308725241724e+00 6.430392315439313222e+00
3.829824461936950684e+02 1.508046021912289758e+00 4.885345164342172808e+00
3.831062159538269043e+02 1.496045655690176002e+00 4.795342417676319968e+00
3.831201257705688477e+02 1.796054811243019023e+00 7.045411084322642736e+00
3.831752362251281738e+02 2.140065309610278632e+00 9.625489822077089030e+00
3.831890366077423096e+02 1.516046266060365522e+00 4.945346995452741368e+00
3.832122311592102051e+02 1.440043946653645435e+00 4.375329599902340938e+00
3.832478756904602051e+02 1.898057924130985619e+00 7.810434430982391873e+00
3.832785232067108154e+02 1.534046815393536267e+00 5.080351115451522404e+00
3.833307800292968750e+02 2.036062135685293040e+00 8.845466017639697753e+00
3.833496806621551514e+02 1.690051576281014434e+00 6.250386822107608431e+00
3.833887426853179932e+02 1.512046143986327751e+00 4.915346079897457976e+00
3.834260225296020508e+02 1.520046388134403514e+00 4.975347911008026536e+00
3.834388129711151123e+02 2.032062013611255047e+00 8.815465102084413473e+00
3.834522459506988525e+02 1.730052797021393474e+00 6.550395977660451230e+00
3.834684555530548096e+02 1.620049439985351114e+00 5.725370799890133533e+00
3.834885852336883545e+02 1.792054689168981030e+00 7.015410168767357568e+00
3.835315203666687012e+02 1.758053651539658757e+00 6.760402386547440301e+00
3.835489132404327393e+02 1.604048951689199587e+00 5.605367137668997302e+00
3.835639362335205078e+02 1.800054933317056793e+00 7.075411999877926128e+00
3.835840964317321777e+02 2.026061830500198724e+00 8.770463728751490606e+00
3.836020674705505371e+02 1.980060426648762473e+00 8.425453199865717835e+00
3.836178863048553467e+02 2.028061891537217498e+00 8.785464186529130970e+00
3.836388323307037354e+02 1.740053102206488234e+00 6.625398266548661930e+00
3.836789712905883789e+02 1.704052003540146965e+00 6.355390026551102522e+00
3.837895948886871338e+02 1.522046449171422511e+00 4.990348368785668676e+00
3.838489582538604736e+02 1.840056154057435833e+00 7.375421155430768927e+00
3.838621511459350586e+02 1.832055909909360070e+00 7.315419324320200367e+00
3.838948087692260742e+02 1.492045533616138231e+00 4.765341502121036577e+00
3.839105250835418701e+02 1.606049012726218583e+00 5.620367595446639442e+00
3.839320406913757324e+02 1.794054750206000026e+00 7.030410626545000596e+00
3.839505436420440674e+02 1.464044679097872725e+00 4.555335093234045729e+00
3.839648690223693848e+02 1.796054811243019023e+00 7.045411084322642736e+00
3.839770433902740479e+02 2.028061891537217498e+00 8.785464186529130970e+00
3.839959936141967773e+02 1.642050111392559630e+00 5.890375835444197072e+00
3.840088348388671875e+02 1.488045411542100238e+00 4.735340586565751408e+00
3.840496375560760498e+02 1.624049562059389107e+00 5.755371715445418701e+00
3.840736410617828369e+02 1.486045350505081242e+00 4.720340128788109268e+00
3.840885398387908936e+02 1.490045472579119235e+00 4.750341044343394437e+00
3.841008508205413818e+02 1.922058656575212687e+00 7.990439924314094888e+00
3.841164233684539795e+02 1.914058412427137146e+00 7.930438093203528993e+00
3.841310858726501465e+02 1.486045350505081242e+00 4.720340128788109268e+00
3.841451222896575928e+02 1.606049012726218583e+00 5.620367595446639442e+00
3.841591966152191162e+02 2.092063844721824051e+00 9.265478835413681225e+00
3.841726579666137695e+02 1.652050416577654390e+00 5.965378124332407772e+00
3.842011821269989014e+02 1.630049745170446096e+00 5.800373088778346009e+00
3.843059821128845215e+02 1.634049867244483867e+00 5.830374004333629401e+00
3.843383641242980957e+02 2.124064821314127105e+00 9.505486159855953687e+00
3.843943376541137695e+02 2.016061525315103520e+00 8.695461439863276354e+00
3.844082925319671631e+02 1.488045411542100238e+00 4.735340586565751408e+00
3.844320356845855713e+02 1.518046327097384518e+00 4.960347453230383508e+00
3.844623987674713135e+02 1.504045899838251987e+00 4.855344248786890304e+00
3.844919502735137939e+02 2.026061830500198724e+00 8.770463728751490606e+00
3.845230684280395508e+02 1.502045838801232991e+00 4.840343791009247276e+00
3.845595450401306152e+02 2.006061220130009204e+00 8.620459150975069207e+00
3.845794258117675781e+02 1.658050599688711380e+00 6.010379497665335080e+00
3.846086354255676270e+02 1.908058229316080379e+00 7.885436719870602573e+00
3.846450049877166748e+02 2.012061403241065527e+00 8.665460524307992074e+00
3.846587617397308350e+02 2.036062135685293040e+00 8.845466017639697753e+00
3.846703648567199707e+02 1.550047303689687794e+00 5.200354777672658635e+00
3.846837074756622314e+02 1.810055238502151553e+00 7.150414288766136828e+00
3.846985855102539062e+02 2.026061830500198724e+00 8.770463728751490606e+00
3.847579548358917236e+02 1.900057985168004615e+00 7.825434888760034902e+00
3.847736661434173584e+02 1.662050721762749150e+00 6.040380413220618472e+00
3.847887821197509766e+02 1.480045167394024475e+00 4.675338755455183737e+00
3.848126301765441895e+02 1.642050111392559630e+00 5.890375835444197072e+00
3.848282892704010010e+02 1.424043458357493686e+00 4.255325937681202930e+00
3.848458340167999268e+02 1.888057618945890859e+00 7.735432142094181174e+00
3.848611025810241699e+02 2.018061586352122738e+00 8.710461897640920270e+00
3.848868434429168701e+02 1.710052186651203954e+00 6.400391399884029831e+00
3.849949471950531006e+02 2.012061403241065527e+00 8.665460524307992074e+00
3.850281765460968018e+02 1.560047608874782554e+00 5.275357066560869335e+00
3.850845391750335693e+02 1.576048097170934303e+00 5.395360728782007342e+00
3.850977082252502441e+02 2.112064455092013571e+00 9.415483413190102624e+00
3.851227686405181885e+02 2.034062074648274265e+00 8.830465559862057390e+00
3.851557259559631348e+02 2.018061586352122738e+00 8.710461897640920270e+00
3.851763820648193359e+02 1.774054139835810506e+00 6.880406048768579197e+00
3.851894767284393311e+02 1.508046021912289758e+00 4.885345164342172808e+00
3.852070417404174805e+02 1.512046143986327751e+00 4.915346079897457976e+00
3.852211897373199463e+02 2.026061830500198724e+00 8.770463728751490606e+00
3.852415380477905273e+02 1.766053895687734521e+00 6.820404217658008861e+00
3.853023912906646729e+02 1.632049806207464870e+00 5.815373546555986373e+00
3.853190128803253174e+02 2.100064088869899592e+00 9.325480666524246232e+00
3.853381726741790771e+02 1.930058900723288673e+00 8.050441755424664336e+00
3.853497250080108643e+02 1.522046449171422511e+00 4.990348368785668676e+00
3.853616654872894287e+02 1.796054811243019023e+00 7.045411084322642736e+00
3.853778812885284424e+02 2.030061952574236717e+00 8.800464644306774886e+00
3.853939015865325928e+02 1.520046388134403514e+00 4.975347911008026536e+00
3.854104709625244141e+02 1.606049012726218583e+00 5.620367595446639442e+00
3.855470435619354248e+02 1.516046266060365522e+00 4.945346995452741368e+00
3.855609018802642822e+02 1.860056764427625353e+00 7.525425733207190326e+00
3.856185379028320312e+02 2.024061769463179505e+00 8.755463270973846690e+00
3.856326470375061035e+02 1.676051149021881681e+00 6.145383617664112563e+00
3.856510632038116455e+02 1.514046205023346747e+00 4.930346537675101004e+00
3.856801905632019043e+02 1.406042909024323384e+00 4.120321817682425447e+00
3.857090494632720947e+02 2.042062318796350251e+00 8.890467390972627726e+00
3.857395644187927246e+02 1.512046143986327751e+00 4.915346079897457976e+00
3.857802913188934326e+02 1.994060853907895225e+00 8.530456404309214591e+00
3.858006401062011719e+02 1.690051576281014434e+00 6.250386822107608431e+00
3.858402438163757324e+02 2.070063173314615312e+00 9.100473799859614132e+00
3.858644104003906250e+02 2.046062440870388244e+00 8.920468306527912006e+00
3.858811292648315430e+02 2.028061891537217498e+00 8.785464186529130970e+00
3.858986203670501709e+02 2.082063539536728847e+00 9.190476546525466972e+00
3.859095890522003174e+02 1.524046510208441507e+00 5.005348826563311704e+00
3.859341406822204590e+02 2.014061464278084745e+00 8.680460982085635990e+00
3.859719297885894775e+02 1.920058595538193913e+00 7.975439466536454525e+00
3.859882450103759766e+02 1.534046815393536267e+00 5.080351115451522404e+00
3.860025134086608887e+02 1.914058412427137146e+00 7.930438093203528993e+00
3.860228326320648193e+02 2.140065309610278632e+00 9.625489822077089030e+00
3.860398745536804199e+02 2.128064943388165098e+00 9.535487075411237967e+00
3.860543742179870605e+02 1.716052369762260721e+00 6.445392773216955362e+00
3.860745625495910645e+02 1.494045594653157227e+00 4.780341959898679605e+00
3.861018333435058594e+02 1.520046388134403514e+00 4.975347911008026536e+00
3.862214419841766357e+02 1.802054994354075790e+00 7.090412457655568268e+00
3.862353839874267578e+02 2.008061281167027978e+00 8.635459608752709570e+00
3.862900490760803223e+02 1.512046143986327751e+00 4.915346079897457976e+00
3.863034470081329346e+02 1.848056398205511819e+00 7.435422986541338375e+00
3.863312735557556152e+02 1.898057924130985619e+00 7.810434430982391873e+00
3.863802311420440674e+02 1.900057985168004615e+00 7.825434888760034902e+00
3.863957736492156982e+02 1.900057985168004615e+00 7.825434888760034902e+00
3.864144227504730225e+02 1.500045777764213994e+00 4.825343333231605136e+00
3.864299135208129883e+02 1.436043824579607442e+00 4.345328684347055770e+00
3.864459989070892334e+02 1.640050050355540856e+00 5.875375377666556709e+00
3.864886727333068848e+02 2.022061708426160731e+00 8.740462813196206326e+00
3.865075404644012451e+02 1.786054506057924263e+00 6.970408795434432037e+00
3.865222172737121582e+02 2.026061830500198724e+00 8.770463728751490606e+00
3.865412814617156982e+02 2.136065187536240639e+00 9.595488906521804751e+00
3.865549924373626709e+02 1.662050721762749150e+00 6.040380413220618472e+00
3.865702447891235352e+02 1.608049073763237580e+00 5.635368053224281581e+00
3.865866608619689941e+02 1.716052369762260721e+00 6.445392773216955362e+00
3.866018760204315186e+02 2.022061708426160731e+00 8.740462813196206326e+00
3.866425671577453613e+02 1.718052430799279717e+00 6.460393230994597502e+00
3.867557277679443359e+02 1.554047425763725787e+00 5.230355693227943803e+00
3.868130497932434082e+02 1.716052369762260721e+00 6.445392773216955362e+00
3.868329622745513916e+02 1.512046143986327751e+00 4.915346079897457976e+00
3.868434941768646240e+02 1.752053468428601990e+00 6.715401013214514769e+00
3.868782608509063721e+02 1.612049195837275350e+00 5.665368968779564973e+00
3.869071791172027588e+02 1.654050477614673387e+00 5.980378582110050800e+00
3.869667985439300537e+02 1.478045106357005478e+00 4.660338297677540709e+00
3.869792289733886719e+02 2.144065431684316625e+00 9.655490737632375087e+00
3.870102748870849609e+02 1.916058473464156142e+00 7.945438550981171133e+00
3.870343952178955078e+02 1.996060914944914000e+00 8.545456862086854954e+00
3.870507695674896240e+02 1.420043336283455915e+00 4.225325022125919538e+00
3.870671918392181396e+02 1.828055787835322299e+00 7.285418408764916975e+00
3.870796437263488770e+02 2.116064577166051119e+00 9.445484328745383351e+00
3.870946519374847412e+02 1.692051637318033430e+00 6.265387279885250571e+00
3.871103661060333252e+02 1.486045350505081242e+00 4.720340128788109268e+00
3.871617844104766846e+02 1.520046388134403514e+00 4.975347911008026536e+00
3.871803307533264160e+02 1.682051332132938670e+00 6.190384990997039871e+00
3.871945524215698242e+02 1.706052064577165961e+00 6.370390484328744662e+00
3.872080502510070801e+02 1.518046327097384518e+00 4.960347453230383508e+00
3.872218890190124512e+02 1.984060548722800466e+00 8.455454115421003891e+00
3.872378442287445068e+02 1.728052735984374477e+00 6.535395519882808202e+00
3.872517859935760498e+02 1.508046021912289758e+00 4.885345164342172808e+00
3.872651779651641846e+02 1.802054994354075790e+00 7.090412457655568268e+00
3.872786014080047607e+02 2.032062013611255047e+00 8.815465102084413473e+00
3.873185167312622070e+02 1.690051576281014434e+00 6.250386822107608431e+00
3.874288496971130371e+02 1.516046266060365522e+00 4.945346995452741368e+00
3.874885952472686768e+02 2.036062135685293040e+00 8.845466017639697753e+00
3.875017716884613037e+02 2.026061830500198724e+00 8.770463728751490606e+00
3.875340225696563721e+02 1.638049989318521860e+00 5.860374919888913681e+00
3.875659842491149902e+02 1.914058412427137146e+00 7.930438093203528993e+00
3.875879485607147217e+02 2.030061952574236717e+00 8.800464644306774886e+00
3.876028823852539062e+02 2.012061403241065527e+00 8.665460524307992074e+00
3.876156656742095947e+02 1.724052613910336706e+00 6.505394604327525698e+00
3.876314132213592529e+02 1.510046082949308754e+00 4.900345622119815836e+00
3.876502320766448975e+02 1.816055421613208543e+00 7.195415662099064136e+00
3.876853325366973877e+02 1.848056398205511819e+00 7.435422986541338375e+00
3.877092823982238770e+02 2.020061647389141513e+00 8.725462355418560634e+00
3.877261788845062256e+02 1.888057618945890859e+00 7.735432142094181174e+00
3.877399961948394775e+02 2.034062074648274265e+00 8.830465559862057390e+00
3.877544860839843750e+02 1.520046388134403514e+00 4.975347911008026536e+00
3.877730739116668701e+02 1.450044251838740195e+00 4.450331888790551638e+00
3.877859745025634766e+02 1.748053346354563997e+00 6.685400097659229601e+00
3.878008103370666504e+02 1.980060426648762473e+00 8.425453199865717835e+00
3.878287372589111328e+02 1.542047059541612031e+00 5.140352946562090075e+00
3.879503071308135986e+02 1.522046449171422511e+00 4.990348368785668676e+00
3.879647469520568848e+02 1.716052369762260721e+00 6.445392773216955362e+00
3.880196495056152344e+02 2.018061586352122738e+00 8.710461897640920270e+00
3.880337822437286377e+02 1.638049989318521860e+00 5.860374919888913681e+00
3.880514504909515381e+02 1.494045594653157227e+00 4.780341959898679605e+00
3.880810484886169434e+02 1.534046815393536267e+00 5.080351115451522404e+00
3.881098735332489014e+02 1.956059694204534960e+00 8.245447706534012156e+00
3.881384158134460449e+02 1.842056215094454830e+00 7.390421613208411067e+00
3.881821448802947998e+02 2.006061220130009204e+00 8.620459150975069207e+00
3.882084205150604248e+02 1.666050843836786921e+00 6.070381328775901864e+00
3.882422814369201660e+02 1.702051942503128190e+00 6.340389568773461271e+00
3.882629618644714355e+02 2.036062135685293040e+00 8.845466017639697753e+00
3.882803890705108643e+02 2.070063173314615312e+00 9.100473799859614132e+00
3.882935628890991211e+02 1.522046449171422511e+00 4.990348368785668676e+00
3.883130335807800293e+02 1.564047730948820547e+00 5.305357982116154503e+00
3.883452081680297852e+02 1.512046143986327751e+00 4.915346079897457976e+00
3.883855521678924561e+02 1.606049012726218583e+00 5.620367595446639442e+00
3.884022617340087891e+02 2.028061891537217498e+00 8.785464186529130970e+00
3.884171903133392334e+02 1.716052369762260721e+00 6.445392773216955362e+00
3.884314925670623779e+02 1.478045106357005478e+00 4.660338297677540709e+00
3.884500865936279297e+02 1.854056581316568586e+00 7.480424359874264795e+00
3.884687385559082031e+02 2.004061159092989985e+00 8.605458693197425291e+00
3.884833707809448242e+02 2.008061281167027978e+00 8.635459608752709570e+00
3.886073527336120605e+02 1.666050843836786921e+00 6.070381328775901864e+00
3.886385848522186279e+02 1.490045472579119235e+00 4.750341044343394437e+00
3.886942172050476074e+02 1.700051881466109194e+00 6.325389110995819131e+00
3.887078869342803955e+02 1.600048829615161594e+00 5.575366222113712134e+00
3.887442991733551025e+02 1.452044312875759191e+00 4.465332346568193778e+00
3.887829475402832031e+02 2.016061525315103520e+00 8.695461439863276354e+00
3.887934648990631104e+02 1.662050721762749150e+00 6.040380413220618472e+00
3.888103783130645752e+02 1.774054139835810506e+00 6.880406048768579197e+00
3.888284590244293213e+02 1.932058961760307669e+00 8.065442213202306476e+00
3.888414397239685059e+02 2.026061830500198724e+00 8.770463728751490606e+00
3.888697733879089355e+02 1.674051087984862685e+00 6.130383159886470423e+00
3.889139006137847900e+02 2.084063600573748065e+00 9.205477004303110888e+00
3.889332845211029053e+02 1.762053773613696750e+00 6.790403302102725469e+00
3.889459149837493896e+02 1.858056703390606579e+00 7.510425275429549075e+00
3.889659218788146973e+02 1.892057741019928629e+00 7.765433057649464565e+00
3.889803299903869629e+02 1.888057618945890859e+00 7.735432142094181174e+00
3.889936480522155762e+02 1.512046143986327751e+00 4.915346079897457976e+00
3.890258774757385254e+02 1.510046082949308754e+00 4.900345622119815836e+00
3.891302042007446289e+02 1.510046082949308754e+00 4.900345622119815836e+00
3.891610898971557617e+02 1.576048097170934303e+00 5.395360728782007342e+00
3.892172996997833252e+02 1.902058046205023389e+00 7.840435346537675265e+00
3.892312700748443604e+02 1.502045838801232991e+00 4.840343791009247276e+00
3.892484335899353027e+02 1.618049378948332340e+00 5.710370342112492281e+00
3.892847037315368652e+02 1.400042725913266617e+00 4.075320444349499915e+00
3.893135166168212891e+02 2.030061952574236717e+00 8.800464644306774886e+00
3.893442463874816895e+02 1.450044251838740195e+00 4.450331888790551638e+00
3.893803765773773193e+02 2.120064699240089112e+00 9.475485244300667631e+00
3.894063551425933838e+02 1.488045411542100238e+00 4.735340586565751408e+00
3.894358947277069092e+02 1.954059633167515964e+00 8.230447248756370016e+00
3.894685893058776855e+02 1.796054811243019023e+00 7.045411084322642736e+00
3.894844808578491211e+02 2.004061159092989985e+00 8.605458693197425291e+00
3.895012578964233398e+02 1.716052369762260721e+00 6.445392773216955362e+00
3.895138876438140869e+02 1.520046388134403514e+00 4.975347911008026536e+00
3.895660848617553711e+02 1.704052003540146965e+00 6.355390026551102522e+00
3.895852510929107666e+02 1.898057924130985619e+00 7.810434430982391873e+00
3.896054139137268066e+02 2.110064394054994352e+00 9.400482955412456931e+00
3.896233420372009277e+02 2.018061586352122738e+00 8.710461897640920270e+00
3.896418917179107666e+02 1.698051820429090197e+00 6.310388653218176103e+00
3.896593751907348633e+02 1.510046082949308754e+00 4.900345622119815836e+00
3.896746380329132080e+02 1.490045472579119235e+00 4.750341044343394437e+00
3.897977275848388672e+02 2.026061830500198724e+00 8.770463728751490606e+00
3.898300917148590088e+02 1.600048829615161594e+00 5.575366222113712134e+00
3.898855016231536865e+02 1.796054811243019023e+00 7.045411084322642736e+00
3.898990161418914795e+02 1.924058717612231684e+00 8.005440382091737916e+00
3.899275460243225098e+02 1.836056031983398062e+00 7.345420239875485535e+00
3.899598789215087891e+02 1.402042786950285391e+00 4.090320902127140279e+00
3.899857974052429199e+02 1.598048768578142820e+00 5.560365764336070882e+00
3.899975397586822510e+02 1.924058717612231684e+00 8.005440382091737916e+00
3.900131163597106934e+02 1.468044801171910718e+00 4.585336008789330009e+00
3.900324783325195312e+02 1.692051637318033430e+00 6.265387279885250571e+00
3.900805399417877197e+02 1.892057741019928629e+00 7.765433057649464565e+00
3.901032354831695557e+02 1.530046693319498274e+00 5.050350199896237235e+00
3.901261141300201416e+02 2.038062196722312258e+00 8.860466475417341670e+00
3.901373593807220459e+02 1.848056398205511819e+00 7.435422986541338375e+00
3.901573121547698975e+02 1.530046693319498274e+00 5.050350199896237235e+00
3.901769616603851318e+02 1.524046510208441507e+00 5.005348826563311704e+00
3.901905722618103027e+02 1.460044557023834955e+00 4.525334177678762337e+00
3.902099351882934570e+02 1.506045960875270762e+00 4.870344706564530668e+00
3.902661974430084229e+02 1.728052735984374477e+00 6.535395519882808202e+00
3.903875024318695068e+02 2.038062196722312258e+00 8.860466475417341670e+00
3.904449257850646973e+02 1.882057435834833869e+00 7.690430768761253866e+00
3.904651553630828857e+02 1.890057679982909855e+00 7.750432599871824202e+00
3.904814276695251465e+02 1.706052064577165961e+00 6.370390484328744662e+00
3.905164859294891357e+02 2.018061586352122738e+00 8.710461897640920270e+00
3.905476202964782715e+02 1.486045350505081242e+00 4.720340128788109268e+00
3.906010324954986572e+02 2.018061586352122738e+00 8.710461897640920270e+00
3.906140136718750000e+02 1.502045838801232991e+00 4.840343791009247276e+00
3.906366310119628906e+02 1.498045716727194998e+00 4.810342875453962108e+00
3.906670587062835693e+02 1.980060426648762473e+00 8.425453199865717835e+00
3.906912817955017090e+02 2.006061220130009204e+00 8.620459150975069207e+00
3.907041850090026855e+02 2.032062013611255047e+00 8.815465102084413473e+00
3.907156078815460205e+02 1.694051698355052205e+00 6.280387737662891823e+00
3.907260537147521973e+02 1.776054200872829503e+00 6.895406506546221337e+00
3.907388997077941895e+02 1.856056642353587582e+00 7.495424817651906935e+00
3.907973577976226807e+02 1.520046388134403514e+00 4.975347911008026536e+00
3.908355052471160889e+02 1.488045411542100238e+00 4.735340586565751408e+00
3.908526504039764404e+02 1.568047853022858318e+00 5.335358897671437006e+00
3.908663146495819092e+02 2.014061464278084745e+00 8.680460982085635990e+00
3.908832669258117676e+02 2.052062623981445011e+00 8.965469679860838426e+00
3.909010717868804932e+02 1.688051515243995437e+00 6.235386364329965403e+00
3.909176878929138184e+02 1.508046021912289758e+00 4.885345164342172808e+00
3.909334728717803955e+02 1.510046082949308754e+00 4.900345622119815836e+00
3.909749221801757812e+02 1.902058046205023389e+00 7.840435346537675265e+00
3.910902073383331299e+02 1.830055848872341073e+00 7.300418866542558227e+00
3.911525905132293701e+02 1.498045716727194998e+00 4.810342875453962108e+00
3.911665534973144531e+02 1.922058656575212687e+00 7.990439924314094888e+00
3.911912941932678223e+02 2.010061342204047197e+00 8.650460066530353487e+00
3.912349004745483398e+02 1.606049012726218583e+00 5.620367595446639442e+00
3.912505474090576172e+02 1.720052491836298714e+00 6.475393688772240530e+00
3.912660977840423584e+02 2.028061891537217498e+00 8.785464186529130970e+00
3.912880260944366455e+02 2.024061769463179505e+00 8.755463270973846690e+00
3.913011894226074219e+02 1.940059205908383433e+00 8.125444044312875036e+00
3.913459038734436035e+02 1.594048646504104827e+00 5.530364848780786602e+00
3.913681447505950928e+02 1.972060182500686709e+00 8.365451368755149275e+00
3.913861689567565918e+02 1.900057985168004615e+00 7.825434888760034902e+00
3.914005138874053955e+02 1.778054261909848277e+00 6.910406964323861700e+00
3.914163534641265869e+02 1.486045350505081242e+00 4.720340128788109268e+00
3.914302120208740234e+02 1.626049623096408103e+00 5.770372173223060841e+00
3.914441730976104736e+02 2.082063539536728847e+00 9.190476546525466972e+00
3.914577910900115967e+02 1.700051881466109194e+00 6.325389110995819131e+00
3.914770104885101318e+02 1.610049134800256354e+00 5.650368511001922833e+00
3.915969471931457520e+02 1.524046510208441507e+00 5.005348826563311704e+00
3.916287522315979004e+02 2.142065370647297406e+00 9.640490279854731170e+00
3.916919071674346924e+02 1.832055909909360070e+00 7.315419324320200367e+00
3.917144172191619873e+02 1.518046327097384518e+00 4.960347453230383508e+00
3.917444062232971191e+02 1.500045777764213994e+00 4.825343333231605136e+00
3.917750272750854492e+02 2.032062013611255047e+00 8.815465102084413473e+00
3.918104624748229980e+02 1.500045777764213994e+00 4.825343333231605136e+00
3.918482553958892822e+02 1.850056459242530593e+00 7.450423444318979627e+00
3.918691320419311523e+02 1.976060304574724480e+00 8.395452284310433555e+00
3.919065284729003906e+02 2.018061586352122738e+00 8.710461897640920270e+00
3.919316418170928955e+02 1.898057924130985619e+00 7.810434430982391873e+00
3.919468874931335449e+02 2.006061220130009204e+00 8.620459150975069207e+00
3.919647665023803711e+02 1.900057985168004615e+00 7.825434888760034902e+00
3.919822678565979004e+02 2.034062074648274265e+00 8.830465559862057390e+00
3.920313301086425781e+02 2.036062135685293040e+00 8.845466017639697753e+00
3.920511348247528076e+02 1.982060487685781469e+00 8.440453657643359975e+00
3.920671598911285400e+02 2.008061281167027978e+00 8.635459608752709570e+00
3.920844380855560303e+02 1.738053041169469237e+00 6.610397808771018902e+00
3.921025626659393311e+02 1.732052858058412470e+00 6.565396435438093370e+00
3.921225416660308838e+02 1.608049073763237580e+00 5.635368053224281581e+00
3.921349432468414307e+02 1.494045594653157227e+00 4.780341959898679605e+00
3.921488142013549805e+02 1.902058046205023389e+00 7.840435346537675265e+00
3.921958498954772949e+02 2.034062074648274265e+00 8.830465559862057390e+00
3.923126440048217773e+02 1.800054933317056793e+00 7.075411999877926128e+00
3.923715932369232178e+02 1.510046082949308754e+00 4.900345622119815836e+00
3.923854851722717285e+02 2.028061891537217498e+00 8.785464186529130970e+00
3.924099345207214355e+02 2.052062623981445011e+00 8.965469679860838426e+00
3.924403438568115234e+02 1.842056215094454830e+00 7.390421613208411067e+00
3.924678905010223389e+02 1.926058778649250680e+00 8.020440839869380056e+00
3.924812409877777100e+02 1.930058900723288673e+00 8.050441755424664336e+00
3.924962878227233887e+02 1.504045899838251987e+00 4.855344248786890304e+00
3.925117323398590088e+02 1.646050233466597623e+00 5.920376750999482240e+00
3.925422353744506836e+02 2.012061403241065527e+00 8.665460524307992074e+00
3.925871183872222900e+02 1.644050172429578627e+00 5.905376293221840101e+00
3.926050429344177246e+02 1.722052552873317710e+00 6.490394146549882670e+00
3.926206152439117432e+02 1.938059144871364436e+00 8.110443586535232896e+00
3.926340475082397461e+02 1.516046266060365522e+00 4.945346995452741368e+00
3.926492629051208496e+02 1.854056581316568586e+00 7.480424359874264795e+00
3.926699664592742920e+02 1.936059083834345440e+00 8.095443128757590756e+00
3.926845667362213135e+02 2.126064882351145879e+00 9.520486617633594051e+00
3.927188959121704102e+02 1.518046327097384518e+00 4.960347453230383508e+00
3.928201415538787842e+02 1.608049073763237580e+00 5.635368053224281581e+00
3.928502433300018311e+02 2.098064027832880374e+00 9.310480208746602315e+00
3.929062712192535400e+02 1.916058473464156142e+00 7.945438550981171133e+00
3.929204063415527344e+02 1.880057374797815095e+00 7.675430310983613502e+00
3.929384565353393555e+02 1.700051881466109194e+00 6.325389110995819131e+00
3.929678754806518555e+02 1.498045716727194998e+00 4.810342875453962108e+00
3.930026099681854248e+02 2.032062013611255047e+00 8.815465102084413473e+00
3.930335307121276855e+02 1.734052919095431466e+00 6.580396893215736398e+00
3.930698955059051514e+02 1.746053285317545001e+00 6.670399639881587461e+00
3.930961382389068604e+02 2.012061403241065527e+00 8.665460524307992074e+00
3.931315007209777832e+02 1.432043702505569671e+00 4.315327768791772378e+00
3.931529240608215332e+02 2.028061891537217498e+00 8.785464186529130970e+00
3.931661198139190674e+02 2.030061952574236717e+00 8.800464644306774886e+00
3.931808319091796875e+02 1.692051637318033430e+00 6.265387279885250571e+00
3.931963672637939453e+02 1.492045533616138231e+00 4.765341502121036577e+00
3.932125914096832275e+02 1.818055482650227317e+00 7.210416119876704499e+00
3.932490489482879639e+02 1.536046876430555264e+00 5.095351573229164543e+00
3.932684197425842285e+02 2.018061586352122738e+00 8.710461897640920270e+00
3.932814133167266846e+02 1.936059083834345440e+00 8.095443128757590756e+00
3.932948684692382812e+02 1.414043153172398926e+00 4.180323648792992230e+00
3.933080732822418213e+02 1.948059450056459196e+00 8.185445875423443596e+00
3.933218748569488525e+02 1.940059205908383433e+00 8.125444044312875036e+00
3.933355233669281006e+02 1.512046143986327751e+00 4.915346079897457976e+00
3.933489537239074707e+02 1.868057008575701339e+00 7.585427564317759774e+00
3.933625602722167969e+02 1.944059327982421204e+00 8.155444959868159316e+00
3.933758454322814941e+02 1.506045960875270762e+00 4.870344706564530668e+00
3.934987664222717285e+02 1.718052430799279717e+00 6.460393230994597502e+00
3.935311698913574219e+02 1.854056581316568586e+00 7.480424359874264795e+00
3.935870888233184814e+02 1.912058351390118149e+00 7.915437635425885965e+00
3.936010289192199707e+02 1.802054994354075790e+00 7.090412457655568268e+00
3.936251177787780762e+02 1.678051210058900677e+00 6.160384075441754703e+00
3.936684565544128418e+02 2.034062074648274265e+00 8.830465559862057390e+00
3.936831331253051758e+02 1.946059389019440200e+00 8.170445417645801456e+00
3.936947686672210693e+02 1.512046143986327751e+00 4.915346079897457976e+00
3.937095088958740234e+02 2.018061586352122738e+00 8.710461897640920270e+00
3.937247884273529053e+02 2.160065919980468152e+00 9.775494399853510430e+00
3.937413904666900635e+02 1.544047120578631027e+00 5.155353404339733103e+00
3.937881369590759277e+02 1.546047181615650024e+00 5.170353862117375243e+00
3.938061237335205078e+02 2.154065736869411385e+00 9.730493026520585786e+00
3.938262860774993896e+02 1.906058168279061382e+00 7.870436262092960433e+00
3.938436551094055176e+02 1.698051820429090197e+00 6.310388653218176103e+00
3.938578629493713379e+02 1.522046449171422511e+00 4.990348368785668676e+00
3.938737325668334961e+02 1.510046082949308754e+00 4.900345622119815836e+00
3.938889143466949463e+02 2.006061220130009204e+00 8.620459150975069207e+00
3.939154920578002930e+02 1.778054261909848277e+00 6.910406964323861700e+00
3.940206723213195801e+02 1.628049684133427100e+00 5.785372631000702981e+00
3.940524096488952637e+02 2.018061586352122738e+00 8.710461897640920270e+00
3.941085460186004639e+02 1.842056215094454830e+00 7.390421613208411067e+00
3.941288957595825195e+02 2.034062074648274265e+00 8.830465559862057390e+00
3.941458754539489746e+02 1.786054506057924263e+00 6.970408795434432037e+00
3.941747593879699707e+02 1.962059877315591949e+00 8.290449079866938575e+00
3.942037181854248047e+02 1.828055787835322299e+00 7.285418408764916975e+00
3.942341091632843018e+02 1.740053102206488234e+00 6.625398266548661930e+00
3.942697281837463379e+02 1.812055299539170550e+00 7.165414746543778968e+00
3.942957227230072021e+02 1.934059022797326444e+00 8.080442670979948616e+00
3.943311522006988525e+02 1.524046510208441507e+00 5.005348826563311704e+00
3.943541421890258789e+02 2.014061464278084745e+00 8.680460982085635990e+00
3.943657031059265137e+02 2.022061708426160731e+00 8.740462813196206326e+00
3.943803093433380127e+02 1.576048097170934303e+00 5.395360728782007342e+00
3.943962452411651611e+02 1.404042847987304388e+00 4.105321359904783307e+00
3.944122149944305420e+02 1.936059083834345440e+00 8.095443128757590756e+00
3.944653313159942627e+02 1.790054628131962033e+00 7.000409710989715428e+00
3.944780912399291992e+02 1.518046327097384518e+00 4.960347453230383508e+00
3.944982204437255859e+02 1.630049745170446096e+00 5.800373088778346009e+00
3.945155189037322998e+02 1.638049989318521860e+00 5.860374919888913681e+00
3.945305330753326416e+02 1.880057374797815095e+00 7.675430310983613502e+00
3.945437285900115967e+02 1.960059816278572953e+00 8.275448622089296435e+00
3.945642368793487549e+02 1.524046510208441507e+00 5.005348826563311704e+00
3.946919736862182617e+02 1.484045289468062467e+00 4.705339671010468905e+00
3.947234315872192383e+02 1.760053712576677754e+00 6.775402844325083329e+00
3.947784364223480225e+02 1.656050538651692383e+00 5.995379039887692940e+00
3.947916722297668457e+02 1.734052919095431466e+00 6.580396893215736398e+00
3.948172686100006104e+02 1.812055299539170550e+00 7.165414746543778968e+00
3.948501217365264893e+02 1.902058046205023389e+00 7.840435346537675265e+00
3.948716919422149658e+02 2.034062074648274265e+00 8.830465559862057390e+00
3.948909761905670166e+02 1.956059694204534960e+00 8.245447706534012156e+00
3.949060208797454834e+02 2.026061830500198724e+00 8.770463728751490606e+00
3.949196662902832031e+02 1.640050050355540856e+00 5.875375377666556709e+00
3.949469127655029297e+02 1.654050477614673387e+00 5.980378582110050800e+00
3.949952530860900879e+02 1.508046021912289758e+00 4.885345164342172808e+00
3.950109536647796631e+02 2.014061464278084745e+00 8.680460982085635990e+00
3.950308334827423096e+02 2.024061769463179505e+00 8.755463270973846690e+00
3.950489759445190430e+02 1.816055421613208543e+00 7.195415662099064136e+00
3.950630407333374023e+02 1.936059083834345440e+00 8.095443128757590756e+00
3.950828113555908203e+02 1.520046388134403514e+00 4.975347911008026536e+00
3.951111447811126709e+02 1.538046937467574038e+00 5.110352031006804907e+00
3.952303974628448486e+02 1.638049989318521860e+00 5.860374919888913681e+00
3.952941536903381348e+02 2.072063234351634531e+00 9.115474257637259825e+00
3.953097434043884277e+02 2.028061891537217498e+00 8.785464186529130970e+00
3.953347938060760498e+02 1.878057313760796099e+00 7.660429853205970474e+00
3.953749182224273682e+02 1.498045716727194998e+00 4.810342875453962108e+00
3.954064302444458008e+02 1.682051332132938670e+00 6.190384990997039871e+00
3.954578073024749756e+02 1.972060182500686709e+00 8.365451368755149275e+00
3.954768261909484863e+02 1.886057557908871862e+00 7.720431684316539034e+00
3.955103373527526855e+02 1.514046205023346747e+00 4.930346537675101004e+00
3.955426516532897949e+02 2.032062013611255047e+00 8.815465102084413473e+00
3.955628242492675781e+02 1.640050050355540856e+00 5.875375377666556709e+00
3.955848019123077393e+02 1.494045594653157227e+00 4.780341959898679605e+00
3.955973029136657715e+02 1.500045777764213994e+00 4.825343333231605136e+00
3.956507647037506104e+02 1.630049745170446096e+00 5.800373088778346009e+00
3.956685109138488770e+02 1.900057985168004615e+00 7.825434888760034902e+00
3.956819701194763184e+02 1.738053041169469237e+00 6.610397808771018902e+00
3.956960196495056152e+02 1.516046266060365522e+00 4.945346995452741368e+00
3.957132647037506104e+02 2.010061342204047197e+00 8.650460066530353487e+00
3.957286384105682373e+02 2.034062074648274265e+00 8.830465559862057390e+00
3.957461137771606445e+02 1.688051515243995437e+00 6.235386364329965403e+00
3.957620179653167725e+02 1.722052552873317710e+00 6.490394146549882670e+00
3.958021664619445801e+02 1.540046998504593034e+00 5.125352488784447935e+00
3.959133596420288086e+02 1.584048341319010067e+00 5.455362559892575902e+00
3.959753129482269287e+02 2.050062562944425792e+00 8.950469222083192733e+00
3.959889855384826660e+02 2.002061098055971211e+00 8.590458235419784927e+00
3.960151536464691162e+02 2.006061220130009204e+00 8.620459150975069207e+00
3.960437469482421875e+02 1.666050843836786921e+00 6.070381328775901864e+00
3.960725576877593994e+02 1.412043092135379929e+00 4.165323191015350091e+00
3.960862097740173340e+02 1.996060914944914000e+00 8.545456862086854954e+00
3.960988306999206543e+02 1.518046327097384518e+00 4.960347453230383508e+00
3.961141557693481445e+02 1.864056886501663346e+00 7.555426648762475494e+00
3.961271049976348877e+02 2.070063173314615312e+00 9.100473799859614132e+00
3.961834516525268555e+02 1.632049806207464870e+00 5.815373546555986373e+00
3.962018048763275146e+02 1.406042909024323384e+00 4.120321817682425447e+00
3.962177691459655762e+02 1.480045167394024475e+00 4.675338755455183737e+00
3.962315421104431152e+02 1.900057985168004615e+00 7.825434888760034902e+00
3.962466199398040771e+02 1.908058229316080379e+00 7.885436719870602573e+00
3.962645652294158936e+02 1.704052003540146965e+00 6.355390026551102522e+00
3.962853865623474121e+02 1.764053834650715746e+00 6.805403759880368497e+00
3.963308508396148682e+02 1.402042786950285391e+00 4.090320902127140279e+00
3.964401669502258301e+02 1.512046143986327751e+00 4.915346079897457976e+00
3.964995479583740234e+02 1.746053285317545001e+00 6.670399639881587461e+00
3.965130403041839600e+02 1.758053651539658757e+00 6.760402386547440301e+00
3.965379359722137451e+02 1.848056398205511819e+00 7.435422986541338375e+00
3.965677664279937744e+02 1.520046388134403514e+00 4.975347911008026536e+00
3.965963625907897949e+02 1.762053773613696750e+00 6.790403302102725469e+00
3.966560943126678467e+02 1.506045960875270762e+00 4.870344706564530668e+00
3.966685140132904053e+02 2.030061952574236717e+00 8.800464644306774886e+00
3.966920542716979980e+02 2.028061891537217498e+00 8.785464186529130970e+00
3.967207982540130615e+02 1.790054628131962033e+00 7.000409710989715428e+00
3.967434744834899902e+02 1.522046449171422511e+00 4.990348368785668676e+00
3.967591269016265869e+02 1.478045106357005478e+00 4.660338297677540709e+00
3.967772381305694580e+02 1.616049317911313343e+00 5.695369884334850141e+00
3.967900052070617676e+02 2.014061464278084745e+00 8.680460982085635990e+00
3.968205657005310059e+02 1.914058412427137146e+00 7.930438093203528993e+00
3.968454265594482422e+02 2.006061220130009204e+00 8.620459150975069207e+00
3.968669617176055908e+02 1.520046388134403514e+00 4.975347911008026536e+00
3.968825225830078125e+02 1.494045594653157227e+00 4.780341959898679605e+00
3.969005119800567627e+02 1.518046327097384518e+00 4.960347453230383508e+00
3.969134991168975830e+02 1.608049073763237580e+00 5.635368053224281581e+00
3.969272382259368896e+02 2.026061830500198724e+00 8.770463728751490606e+00
3.969476721286773682e+02 1.750053407391582994e+00 6.700400555436872629e+00
3.969658105373382568e+02 1.866056947538682342e+00 7.570427106540117634e+00
3.970052680969238281e+02 1.490045472579119235e+00 4.750341044343394437e+00
3.971162104606628418e+02 1.520046388134403514e+00 4.975347911008026536e+00
3.971760804653167725e+02 2.026061830500198724e+00 8.770463728751490606e+00
3.971894283294677734e+02 2.020061647389141513e+00 8.725462355418560634e+00
3.972173101902008057e+02 2.004061159092989985e+00 8.605458693197425291e+00
3.972624635696411133e+02 1.894057802056947626e+00 7.780433515427107594e+00
3.972776272296905518e+02 1.480045167394024475e+00 4.675338755455183737e+00
3.972906649112701416e+02 1.966059999389629720e+00 8.320449995422222855e+00
3.973070006370544434e+02 2.034062074648274265e+00 8.830465559862057390e+00
3.973236854076385498e+02 1.510046082949308754e+00 4.900345622119815836e+00
3.973856737613677979e+02 1.564047730948820547e+00 5.305357982116154503e+00
3.973986046314239502e+02 1.482045228431043471e+00 4.690339213232825877e+00
3.974132673740386963e+02 1.852056520279549590e+00 7.465423902096621767e+00
3.974324424266815186e+02 1.918058534501175139e+00 7.960439008758813273e+00
3.974476144313812256e+02 2.004061159092989985e+00 8.605458693197425291e+00
3.974660379886627197e+02 1.610049134800256354e+00 5.650368511001922833e+00
3.974849271774291992e+02 1.490045472579119235e+00 4.750341044343394437e+00
3.975275027751922607e+02 1.722052552873317710e+00 6.490394146549882670e+00
3.976394503116607666e+02 1.496045655690176002e+00 4.795342417676319968e+00
3.976992881298065186e+02 1.890057679982909855e+00 7.750432599871824202e+00
3.977128009796142578e+02 1.814055360576189546e+00 7.180415204321421996e+00
3.977326881885528564e+02 1.866056947538682342e+00 7.570427106540117634e+00
3.977626340389251709e+02 2.000061037018951993e+00 8.575457777642139234e+00
3.977914059162139893e+02 1.514046205023346747e+00 4.930346537675101004e+00
3.978201236724853516e+02 2.034062074648274265e+00 8.830465559862057390e+00
3.978626155853271484e+02 1.426043519394512682e+00 4.270326395458845070e+00
3.978900237083435059e+02 1.592048585467085831e+00 5.515364391003143574e+00
3.979232733249664307e+02 1.506045960875270762e+00 4.870344706564530668e+00
3.979474244117736816e+02 1.578048158207953300e+00 5.410361186559649482e+00
3.979603044986724854e+02 1.512046143986327751e+00 4.915346079897457976e+00
3.979814743995666504e+02 1.640050050355540856e+00 5.875375377666556709e+00
3.979948978424072266e+02 1.682051332132938670e+00 6.190384990997039871e+00
3.980140581130981445e+02 2.126064882351145879e+00 9.520486617633594051e+00
3.980608398914337158e+02 1.848056398205511819e+00 7.435422986541338375e+00
3.980770196914672852e+02 1.494045594653157227e+00 4.780341959898679605e+00
3.980907645225524902e+02 2.018061586352122738e+00 8.710461897640920270e+00
3.981135084629058838e+02 2.028061891537217498e+00 8.785464186529130970e+00
3.981383943557739258e+02 2.034062074648274265e+00 8.830465559862057390e+00
3.981548521518707275e+02 1.980060426648762473e+00 8.425453199865717835e+00
3.981676354408264160e+02 2.130065004425183872e+00 9.550487533188878331e+00
3.981817455291748047e+02 1.520046388134403514e+00 4.975347911008026536e+00
3.982037670612335205e+02 1.610049134800256354e+00 5.650368511001922833e+00
3.983252439498901367e+02 1.700051881466109194e+00 6.325389110995819131e+00
3.983575685024261475e+02 2.012061403241065527e+00 8.665460524307992074e+00
3.984182612895965576e+02 1.496045655690176002e+00 4.795342417676319968e+00
3.984314363002777100e+02 1.988060670796838236e+00 8.485455030976286395e+00
3.984581131935119629e+02 1.792054689168981030e+00 7.015410168767357568e+00
3.984913997650146484e+02 1.618049378948332340e+00 5.710370342112492281e+00
3.985174317359924316e+02 2.016061525315103520e+00 8.695461439863276354e+00
3.985298764705657959e+02 2.012061403241065527e+00 8.665460524307992074e+00
3.985425348281860352e+02 1.642050111392559630e+00 5.890375835444197072e+00
3.985555965900421143e+02 1.606049012726218583e+00 5.620367595446639442e+00
3.985697164535522461e+02 2.070063173314615312e+00 9.100473799859614132e+00
3.986268730163574219e+02 2.038062196722312258e+00 8.860466475417341670e+00
3.986440665721893311e+02 1.616049317911313343e+00 5.695369884334850141e+00
3.986581223011016846e+02 1.486045350505081242e+00 4.720340128788109268e+00
3.986718451976776123e+02 2.010061342204047197e+00 8.650460066530353487e+00
3.986901295185089111e+02 2.038062196722312258e+00 8.860466475417341670e+00
3.987074897289276123e+02 1.696051759392071201e+00 6.295388195440533963e+00
3.987246997356414795e+02 1.888057618945890859e+00 7.735432142094181174e+00
3.987385013103485107e+02 1.412043092135379929e+00 4.165323191015350091e+00
3.988655240535736084e+02 1.936059083834345440e+00 8.095443128757590756e+00
3.988969542980194092e+02 1.614049256874294347e+00 5.680369426557208001e+00
3.989545283317565918e+02 1.604048951689199587e+00 5.605367137668997302e+00
3.989825463294982910e+02 2.000061037018951993e+00 8.575457777642139234e+00
3.990128831863403320e+02 1.492045533616138231e+00 4.765341502121036577e+00
3.990487046241760254e+02 1.742053163243507230e+00 6.640398724326304070e+00
3.990795197486877441e+02 1.910058290353099375e+00 7.900437177648245601e+00
3.991160795688629150e+02 1.638049989318521860e+00 5.860374919888913681e+00
3.991415648460388184e+02 2.126064882351145879e+00 9.520486617633594051e+00
3.991727941036224365e+02 1.504045899838251987e+00 4.855344248786890304e+00
3.991984350681304932e+02 1.968060060426648716e+00 8.335450453199864995e+00
3.992182326316833496e+02 1.624049562059389107e+00 5.755371715445418701e+00
3.992333142757415771e+02 2.010061342204047197e+00 8.650460066530353487e+00
3.992455949783325195e+02 1.896057863093966622e+00 7.795433973204749734e+00
3.992720105648040771e+02 1.616049317911313343e+00 5.695369884334850141e+00
3.993110988140106201e+02 1.496045655690176002e+00 4.795342417676319968e+00
3.993251647949218750e+02 1.870057069612720113e+00 7.600428022095401026e+00
3.993407135009765625e+02 1.514046205023346747e+00 4.930346537675101004e+00
3.993539111614227295e+02 1.816055421613208543e+00 7.195415662099064136e+00
3.993704237937927246e+02 2.124064821314127105e+00 9.505486159855953687e+00
3.993871023654937744e+02 1.630049745170446096e+00 5.800373088778346009e+00
3.994070916175842285e+02 1.722052552873317710e+00 6.490394146549882670e+00
3.994365260601043701e+02 1.488045411542100238e+00 4.735340586565751408e+00
3.995406172275543213e+02 1.516046266060365522e+00 4.945346995452741368e+00
3.995725080966949463e+02 2.036062135685293040e+00 8.845466017639697753e+00
3.996279089450836182e+02 2.124064821314127105e+00 9.505486159855953687e+00
3.996416046619415283e+02 1.514046205023346747e+00 4.930346537675101004e+00
3.996655089855194092e+02 1.504045899838251987e+00 4.855344248786890304e+00
3.997192227840423584e+02 2.006061220130009204e+00 8.620459150975069207e+00
3.997319526672363281e+02 2.018061586352122738e+00 8.710461897640920270e+00
3.997431728839874268e+02 1.722052552873317710e+00 6.490394146549882670e+00
3.997549660205841064e+02 1.646050233466597623e+00 5.920376750999482240e+00
3.997717862129211426e+02 1.992060792870876229e+00 8.515455946531570675e+00
3.998400578498840332e+02 1.932058961760307669e+00 8.065442213202306476e+00
3.998550601005554199e+02 1.782054383983886270e+00 6.940407879879146869e+00
3.998683476448059082e+02 2.034062074648274265e+00 8.830465559862057390e+00
3.998857307434082031e+02 1.696051759392071201e+00 6.295388195440533963e+00
3.998975996971130371e+02 1.514046205023346747e+00 4.930346537675101004e+00
3.999088547229766846e+02 2.022061708426160731e+00 8.740462813196206326e+00
3.999222583770751953e+02 1.518046327097384518e+00 4.960347453230383508e+00
3.999357893466949463e+02 1.654050477614673387e+00 5.980378582110050800e+00
3.999677166938781738e+02 2.036062135685293040e+00 8.845466017639697753e+00
4.000803437232971191e+02 1.530046693319498274e+00 5.050350199896237235e+00
4.000945663452148438e+02 1.614049256874294347e+00 5.680369426557208001e+00
4.001493859291076660e+02 2.036062135685293040e+00 8.845466017639697753e+00
4.001701765060424805e+02 1.730052797021393474e+00 6.550395977660451230e+00
4.001921319961547852e+02 1.538046937467574038e+00 5.110352031006804907e+00
4.002241864204406738e+02 1.900057985168004615e+00 7.825434888760034902e+00
4.002533218860626221e+02 1.524046510208441507e+00 5.005348826563311704e+00
4.003071908950805664e+02 1.850056459242530593e+00 7.450423444318979627e+00
4.003283579349517822e+02 1.488045411542100238e+00 4.735340586565751408e+00
4.003494627475738525e+02 1.522046449171422511e+00 4.990348368785668676e+00
4.003730571269989014e+02 1.650050355540635616e+00 5.950377666554767409e+00
4.003960881233215332e+02 2.014061464278084745e+00 8.680460982085635990e+00
4.004096162319183350e+02 2.092063844721824051e+00 9.265478835413681225e+00
4.004253218173980713e+02 1.522046449171422511e+00 4.990348368785668676e+00
4.004416046142578125e+02 1.508046021912289758e+00 4.885345164342172808e+00
4.004982662200927734e+02 1.510046082949308754e+00 4.900345622119815836e+00
4.005170631408691406e+02 2.044062379833369025e+00 8.905467848750268089e+00
4.005372321605682373e+02 1.992060792870876229e+00 8.515455946531570675e+00
4.005554366111755371e+02 1.818055482650227317e+00 7.210416119876704499e+00
4.005691885948181152e+02 2.092063844721824051e+00 9.265478835413681225e+00
4.005928683280944824e+02 1.722052552873317710e+00 6.490394146549882670e+00
4.006191246509552002e+02 2.052062623981445011e+00 8.965469679860838426e+00
4.007331767082214355e+02 1.890057679982909855e+00 7.750432599871824202e+00
4.007651026248931885e+02 1.514046205023346747e+00 4.930346537675101004e+00
4.008221707344055176e+02 1.580048219244972074e+00 5.425361644337290734e+00
4.008367774486541748e+02 1.612049195837275350e+00 5.665368968779564973e+00
4.008598887920379639e+02 1.838056093020417059e+00 7.360420697653127675e+00
4.008931953907012939e+02 1.512046143986327751e+00 4.915346079897457976e+00
4.009178936481475830e+02 2.020061647389141513e+00 8.725462355418560634e+00
4.009336776733398438e+02 2.004061159092989985e+00 8.605458693197425291e+00
4.009500372409820557e+02 2.050062562944425792e+00 8.950469222083192733e+00
4.009642019271850586e+02 1.516046266060365522e+00 4.945346995452741368e+00
4.010215954780578613e+02 1.516046266060365522e+00 4.945346995452741368e+00
4.010382483005523682e+02 1.912058351390118149e+00 7.915437635425885965e+00
4.010524601936340332e+02 2.020061647389141513e+00 8.725462355418560634e+00
4.010677626132965088e+02 1.780054322946867273e+00 6.925407422101504729e+00
4.010868108272552490e+02 1.634049867244483867e+00 5.830374004333629401e+00
4.011049592494964600e+02 1.482045228431043471e+00 4.690339213232825877e+00
4.011190893650054932e+02 1.634049867244483867e+00 5.830374004333629401e+00
4.011326131820678711e+02 2.032062013611255047e+00 8.815465102084413473e+00
4.011745176315307617e+02 1.930058900723288673e+00 8.050441755424664336e+00
4.012887499332427979e+02 1.746053285317545001e+00 6.670399639881587461e+00
4.013462169170379639e+02 1.896057863093966622e+00 7.795433973204749734e+00
4.013673732280731201e+02 1.510046082949308754e+00 4.900345622119815836e+00
4.013894114494323730e+02 1.432043702505569671e+00 4.315327768791772378e+00
4.014208269119262695e+02 2.130065004425183872e+00 9.550487533188878331e+00
4.014556818008422852e+02 1.526046571245460504e+00 5.020349284340953844e+00
4.015044634342193604e+02 1.808055177465132557e+00 7.135413830988493800e+00
4.015245318412780762e+02 1.604048951689199587e+00 5.605367137668997302e+00
4.015614256858825684e+02 1.504045899838251987e+00 4.855344248786890304e+00
4.015886170864105225e+02 1.506045960875270762e+00 4.870344706564530668e+00
4.016069984436035156e+02 1.500045777764213994e+00 4.825343333231605136e+00
4.016209743022918701e+02 1.482045228431043471e+00 4.690339213232825877e+00
4.016364197731018066e+02 2.022061708426160731e+00 8.740462813196206326e+00
4.016636278629302979e+02 1.856056642353587582e+00 7.495424817651906935e+00
4.017065110206604004e+02 2.080063478499710072e+00 9.175476088747824832e+00
4.017243695259094238e+02 1.550047303689687794e+00 5.200354777672658635e+00
4.017394468784332275e+02 1.680051271095919674e+00 6.175384533219397731e+00
4.017557363510131836e+02 2.026061830500198724e+00 8.770463728751490606e+00
4.017697386741638184e+02 2.056062746055482560e+00 8.995470595416119153e+00
4.017874433994293213e+02 1.522046449171422511e+00 4.990348368785668676e+00
4.018051500320434570e+02 1.486045350505081242e+00 4.720340128788109268e+00
4.019523930549621582e+02 1.926058778649250680e+00 8.020440839869380056e+00
4.020116736888885498e+02 1.650050355540635616e+00 5.950377666554767409e+00
4.020248353481292725e+02 1.626049623096408103e+00 5.770372173223060841e+00
4.020529789924621582e+02 1.660050660725730376e+00 6.025379955442978108e+00
4.020880918502807617e+02 2.100064088869899592e+00 9.325480666524246232e+00
4.021083407402038574e+02 1.522046449171422511e+00 4.990348368785668676e+00
4.021233274936676025e+02 1.498045716727194998e+00 4.810342875453962108e+00
4.021375067234039307e+02 1.816055421613208543e+00 7.195415662099064136e+00
4.021526560783386230e+02 2.014061464278084745e+00 8.680460982085635990e+00
4.021821482181549072e+02 1.704052003540146965e+00 6.355390026551102522e+00
4.022191522121429443e+02 1.936059083834345440e+00 8.095443128757590756e+00
4.022354941368103027e+02 2.032062013611255047e+00 8.815465102084413473e+00
4.022545034885406494e+02 1.914058412427137146e+00 7.930438093203528993e+00
4.022712714672088623e+02 2.038062196722312258e+00 8.860466475417341670e+00
4.022864294052124023e+02 1.716052369762260721e+00 6.445392773216955362e+00
4.023024575710296631e+02 1.486045350505081242e+00 4.720340128788109268e+00
4.023160867691040039e+02 1.828055787835322299e+00 7.285418408764916975e+00
4.023644969463348389e+02 1.974060243537705706e+00 8.380451826532793191e+00
4.024732904434204102e+02 2.026061830500198724e+00 8.770463728751490606e+00
4.025327074527740479e+02 1.670050965910824914e+00 6.100382244331187032e+00
4.025468649864196777e+02 1.700051881466109194e+00 6.325389110995819131e+00
4.025714302062988281e+02 1.624049562059389107e+00 5.755371715445418701e+00
4.026010894775390625e+02 1.910058290353099375e+00 7.900437177648245601e+00
4.026298031806945801e+02 1.834055970946379066e+00 7.330419782097843395e+00
4.026599526405334473e+02 1.798054872280037797e+00 7.060411542100283100e+00
4.026956779956817627e+02 1.806055116428113783e+00 7.120413373210853436e+00
4.027215082645416260e+02 1.930058900723288673e+00 8.050441755424664336e+00
4.027649555206298828e+02 1.906058168279061382e+00 7.870436262092960433e+00
4.027804887294769287e+02 1.536046876430555264e+00 5.095351573229164543e+00
4.027962012290954590e+02 2.018061586352122738e+00 8.710461897640920270e+00
4.028099336624145508e+02 2.034062074648274265e+00 8.830465559862057390e+00
4.028209838867187500e+02 1.502045838801232991e+00 4.840343791009247276e+00
4.028374185562133789e+02 2.020061647389141513e+00 8.725462355418560634e+00
4.028864574432373047e+02 1.682051332132938670e+00 6.190384990997039871e+00
4.029023520946502686e+02 1.518046327097384518e+00 4.960347453230383508e+00
4.029158720970153809e+02 1.824055665761284306e+00 7.255417493209632696e+00
4.029313290119171143e+02 2.106064271980956359e+00 9.370482039857172651e+00
4.029491040706634521e+02 1.538046937467574038e+00 5.110352031006804907e+00
4.029617888927459717e+02 1.446044129764702202e+00 4.420330973235266470e+00
4.029758913516998291e+02 2.022061708426160731e+00 8.740462813196206326e+00
4.029926555156707764e+02 1.932058961760307669e+00 8.065442213202306476e+00
4.030361590385437012e+02 1.936059083834345440e+00 8.095443128757590756e+00
4.031490318775177002e+02 1.810055238502151553e+00 7.150414288766136828e+00
4.032078416347503662e+02 1.410043031098361155e+00 4.150322733237708839e+00
4.032212321758270264e+02 1.470044862208929715e+00 4.600336466566973037e+00
4.032440407276153564e+02 1.906058168279061382e+00 7.870436262092960433e+00
4.032946417331695557e+02 1.892057741019928629e+00 7.765433057649464565e+00
4.033154211044311523e+02 1.922058656575212687e+00 7.990439924314094888e+00
4.033315942287445068e+02 1.918058534501175139e+00 7.960439008758813273e+00
4.033432142734527588e+02 1.514046205023346747e+00 4.930346537675101004e+00
4.033607800006866455e+02 1.848056398205511819e+00 7.435422986541338375e+00
4.033751323223114014e+02 1.962059877315591949e+00 8.290449079866938575e+00
4.034188513755798340e+02 1.894057802056947626e+00 7.780433515427107594e+00
4.034340739250183105e+02 2.026061830500198724e+00 8.770463728751490606e+00
4.034475505352020264e+02 1.738053041169469237e+00 6.610397808771018902e+00
4.034653036594390869e+02 1.476045045319986482e+00 4.645337839899898569e+00
4.034788384437561035e+02 1.620049439985351114e+00 5.725370799890133533e+00
4.034988822937011719e+02 1.990060731833857233e+00 8.500455488753928535e+00
4.035152127742767334e+02 2.020061647389141513e+00 8.725462355418560634e+00
4.035309257507324219e+02 2.038062196722312258e+00 8.860466475417341670e+00
4.036560077667236328e+02 1.910058290353099375e+00 7.900437177648245601e+00
4.036870427131652832e+02 1.566047791985839543e+00 5.320358439893796643e+00
4.037421698570251465e+02 1.480045167394024475e+00 4.675338755455183737e+00
4.037567083835601807e+02 1.822055604724265310e+00 7.240417035431989667e+00
4.037856590747833252e+02 1.892057741019928629e+00 7.765433057649464565e+00
4.038157007694244385e+02 1.438043885616626438e+00 4.360329142124697910e+00
4.038471333980560303e+02 2.036062135685293040e+00 8.845466017639697753e+00
4.038750331401824951e+02 1.516046266060365522e+00 4.945346995452741368e+00
4.039070413112640381e+02 1.710052186651203954e+00 6.400391399884029831e+00
4.039329707622528076e+02 1.624049562059389107e+00 5.755371715445418701e+00
4.039658472537994385e+02 1.600048829615161594e+00 5.575366222113712134e+00
4.039874060153961182e+02 1.492045533616138231e+00 4.765341502121036577e+00
4.040030238628387451e+02 1.504045899838251987e+00 4.855344248786890304e+00
4.040167098045349121e+02 1.828055787835322299e+00 7.285418408764916975e+00
4.040331175327301025e+02 1.904058107242042386e+00 7.855435804315318293e+00
4.040540821552276611e+02 1.682051332132938670e+00 6.190384990997039871e+00
4.040928554534912109e+02 2.024061769463179505e+00 8.755463270973846690e+00
4.041168742179870605e+02 1.846056337168492822e+00 7.420422528763696235e+00
4.041348781585693359e+02 2.112064455092013571e+00 9.415483413190102624e+00
4.041486170291900635e+02 1.842056215094454830e+00 7.390421613208411067e+00
4.041621980667114258e+02 1.402042786950285391e+00 4.090320902127140279e+00
4.041822910308837891e+02 1.956059694204534960e+00 8.245447706534012156e+00
4.042040271759033203e+02 1.472044923245948711e+00 4.615336924344615177e+00
4.042304258346557617e+02 1.800054933317056793e+00 7.075411999877926128e+00
4.043383278846740723e+02 1.490045472579119235e+00 4.750341044343394437e+00
4.043701367378234863e+02 1.856056642353587582e+00 7.495424817651906935e+00
4.044255392551422119e+02 1.634049867244483867e+00 5.830374004333629401e+00
4.044391648769378662e+02 1.612049195837275350e+00 5.665368968779564973e+00
4.044669291973114014e+02 1.824055665761284306e+00 7.255417493209632696e+00
4.045095479488372803e+02 1.938059144871364436e+00 8.110443586535232896e+00
4.045257031917572021e+02 1.480045167394024475e+00 4.675338755455183737e+00
4.045476369857788086e+02 1.500045777764213994e+00 4.825343333231605136e+00
4.045614335536956787e+02 1.584048341319010067e+00 5.455362559892575902e+00
4.045801174640655518e+02 2.028061891537217498e+00 8.785464186529130970e+00
4.046349549293518066e+02 2.024061769463179505e+00 8.755463270973846690e+00
4.046473259925842285e+02 1.678051210058900677e+00 6.160384075441754703e+00
4.046622755527496338e+02 1.636049928281502863e+00 5.845374462111271541e+00
4.046779301166534424e+02 2.000061037018951993e+00 8.575457777642139234e+00
4.046956877708435059e+02 2.124064821314127105e+00 9.505486159855953687e+00
4.047156915664672852e+02 1.926058778649250680e+00 8.020440839869380056e+00
4.047333695888519287e+02 2.004061159092989985e+00 8.605458693197425291e+00
4.048582527637481689e+02 1.564047730948820547e+00 5.305357982116154503e+00
4.048902580738067627e+02 1.500045777764213994e+00 4.825343333231605136e+00
4.049464383125305176e+02 1.692051637318033430e+00 6.265387279885250571e+00
4.049671237468719482e+02 1.460044557023834955e+00 4.525334177678762337e+00
4.049832177162170410e+02 1.622049501022370110e+00 5.740371257667775673e+00
4.050124986171722412e+02 1.624049562059389107e+00 5.755371715445418701e+00
4.050412921905517578e+02 1.688051515243995437e+00 6.235386364329965403e+00
4.050719096660614014e+02 1.770054017761772513e+00 6.850405133213294029e+00
4.051085906028747559e+02 1.520046388134403514e+00 4.975347911008026536e+00
4.051288590431213379e+02 1.510046082949308754e+00 4.900345622119815836e+00
4.051652526855468750e+02 1.516046266060365522e+00 4.945346995452741368e+00
4.052027590274810791e+02 1.604048951689199587e+00 5.605367137668997302e+00
4.052264325618743896e+02 1.600048829615161594e+00 5.575366222113712134e+00
4.052453911304473877e+02 1.492045533616138231e+00 4.765341502121036577e+00
4.052617712020874023e+02 1.784054445020905266e+00 6.955408337656789897e+00
4.053285641670227051e+02 1.888057618945890859e+00 7.735432142094181174e+00
4.053456349372863770e+02 1.538046937467574038e+00 5.110352031006804907e+00
4.053591403961181641e+02 1.680051271095919674e+00 6.175384533219397731e+00
4.053743124008178711e+02 2.036062135685293040e+00 8.845466017639697753e+00
4.053964011669158936e+02 2.076063356425672080e+00 9.145475173192540552e+00
4.054167587757110596e+02 1.878057313760796099e+00 7.660429853205970474e+00
4.054393126964569092e+02 2.098064027832880374e+00 9.310480208746602315e+00
4.055572884082794189e+02 1.746053285317545001e+00 6.670399639881587461e+00
4.055869834423065186e+02 1.634049867244483867e+00 5.830374004333629401e+00
4.056472880840301514e+02 1.490045472579119235e+00 4.750341044343394437e+00
4.056612229347229004e+02 1.542047059541612031e+00 5.140352946562090075e+00
4.056867957115173340e+02 1.812055299539170550e+00 7.165414746543778968e+00
4.057279329299926758e+02 1.922058656575212687e+00 7.990439924314094888e+00
4.057422599792480469e+02 1.574048036133915307e+00 5.380360271004365202e+00
4.057590334415435791e+02 2.028061891537217498e+00 8.785464186529130970e+00
4.057720568180084229e+02 2.014061464278084745e+00 8.680460982085635990e+00
4.057832672595977783e+02 1.506045960875270762e+00 4.870344706564530668e+00
4.058020548820495605e+02 2.014061464278084745e+00 8.680460982085635990e+00
4.058507778644561768e+02 1.634049867244483867e+00 5.830374004333629401e+00
4.058638451099395752e+02 1.460044557023834955e+00 4.525334177678762337e+00
4.058768973350524902e+02 1.986060609759819240e+00 8.470454573198644255e+00
