4.711205990314483643e+02 1.518046327097384518e+00 4.960347453230383508e+00
4.711381685733795166e+02 1.400042725913266617e+00 4.075320444349499915e+00
4.711495347023010254e+02 1.882057435834833869e+00 7.690430768761253866e+00
4.711614496707916260e+02 1.372041871395001111e+00 3.865314035462508180e+00
4.711732831001281738e+02 1.668050904873805917e+00 6.085381786553544003e+00
4.711849579811096191e+02 1.734052919095431466e+00 6.580396893215736398e+00
4.711972286701202393e+02 1.330040589617603075e+00 3.550304422132023241e+00
4.712129979133605957e+02 1.880057374797815095e+00 7.675430310983613502e+00
4.712277393341064453e+02 1.794054750206000026e+00 7.030410626545000596e+00
4.712408354282379150e+02 1.334040711691641068e+00 3.580305337687307965e+00
4.712560293674468994e+02 1.512046143986327751e+00 4.915346079897457976e+00
4.712706620693206787e+02 1.996060914944914000e+00 8.545456862086854954e+00
4.713109517097473145e+02 1.900057985168004615e+00 7.825434888760034902e+00
4.713396341800689697e+02 1.764053834650715746e+00 6.805403759880368497e+00
4.713593626022338867e+02 1.266038636432996523e+00 3.070289773247473875e+00
4.713792781829833984e+02 1.856056642353587582e+00 7.495424817651906935e+00
4.713961684703826904e+02 1.500045777764213994e+00 4.825343333231605136e+00
4.714113850593566895e+02 1.886057557908871862e+00 7.720431684316539034e+00
4.714242646694183350e+02 1.514046205023346747e+00 4.930346537675101004e+00
4.714381086826324463e+02 1.410043031098361155e+00 4.150322733237708839e+00
4.714512948989868164e+02 1.890057679982909855e+00 7.750432599871824202e+00
4.715675780773162842e+02 1.758053651539658757e+00 6.760402386547440301e+00
4.715994722843170166e+02 1.796054811243019023e+00 7.045411084322642736e+00
4.716562962532043457e+02 1.430043641468550675e+00 4.300327311014130238e+00
4.716697273254394531e+02 1.992060792870876229e+00 8.515455946531570675e+00
4.717008476257324219e+02 1.994060853907895225e+00 8.530456404309214591e+00
4.717266299724578857e+02 1.344041016876735828e+00 3.655307626575518665e+00
4.717535700798034668e+02 1.898057924130985619e+00 7.810434430982391873e+00
4.717683830261230469e+02 1.890057679982909855e+00 7.750432599871824202e+00
4.717835295200347900e+02 1.360041505172887355e+00 3.775311288796655340e+00
4.717979929447174072e+02 1.460044557023834955e+00 4.525334177678762337e+00
4.718098099231719971e+02 1.894057802056947626e+00 7.780433515427107594e+00
4.718399090766906738e+02 1.436043824579607442e+00 4.345328684347055770e+00
4.718880043029785156e+02 1.876057252723777102e+00 7.645429395428328334e+00
4.719052972793579102e+02 1.532046754356517271e+00 5.065350657673879375e+00
4.719196336269378662e+02 1.262038514358958752e+00 3.040288857692190483e+00
4.719329471588134766e+02 1.826055726798303303e+00 7.270417950987274835e+00
4.719627583026885986e+02 1.876057252723777102e+00 7.645429395428328334e+00
4.719775364398956299e+02 1.500045777764213994e+00 4.825343333231605136e+00
4.719992418289184570e+02 1.884057496871852866e+00 7.705431226538896894e+00
4.721089248657226562e+02 1.496045655690176002e+00 4.795342417676319968e+00
4.721403071880340576e+02 1.368041749320963341e+00 3.835313119907225232e+00
4.721964216232299805e+02 1.486045350505081242e+00 4.720340128788109268e+00
4.722161722183227539e+02 1.880057374797815095e+00 7.675430310983613502e+00
4.722322874069213867e+02 1.886057557908871862e+00 7.720431684316539034e+00
4.722612547874450684e+02 2.004061159092989985e+00 8.605458693197425291e+00
4.722920191287994385e+02 1.340040894802697835e+00 3.625306711020233941e+00
4.723204228878021240e+02 1.954059633167515964e+00 8.230447248756370016e+00
4.723559982776641846e+02 1.470044862208929715e+00 4.600336466566973037e+00
4.723829221725463867e+02 1.824055665761284306e+00 7.255417493209632696e+00
4.724134118556976318e+02 1.366041688283944344e+00 3.820312662129582648e+00
4.724392507076263428e+02 1.694051698355052205e+00 6.280387737662891823e+00
4.724544591903686523e+02 1.722052552873317710e+00 6.490394146549882670e+00
4.724693703651428223e+02 1.774054139835810506e+00 6.880406048768579197e+00
4.724836723804473877e+02 1.368041749320963341e+00 3.835313119907225232e+00
4.725026073455810547e+02 1.264038575395977748e+00 3.055289315469833067e+00
4.725501306056976318e+02 1.490045472579119235e+00 4.750341044343394437e+00
4.725727057456970215e+02 1.736052980132450241e+00 6.595397350993376762e+00
4.725865006446838379e+02 1.590048524430066834e+00 5.500363933225501434e+00
4.725999190807342529e+02 1.370041810357982115e+00 3.850313577684866040e+00
4.726149742603302002e+02 1.866056947538682342e+00 7.570427106540117634e+00
4.726332259178161621e+02 1.882057435834833869e+00 7.690430768761253866e+00
4.726469130516052246e+02 1.762053773613696750e+00 6.790403302102725469e+00
4.726607763767242432e+02 1.264038575395977748e+00 3.055289315469833067e+00
4.726731688976287842e+02 1.712052247688222950e+00 6.415391857661671970e+00
4.727177209854125977e+02 1.574048036133915307e+00 5.380360271004365202e+00
4.728226380348205566e+02 1.318040223395489319e+00 3.460301675466169957e+00
4.728800272941589355e+02 1.336040772728660064e+00 3.595305795464950549e+00
4.728933434486389160e+02 1.880057374797815095e+00 7.675430310983613502e+00
4.729189765453338623e+02 1.878057313760796099e+00 7.660429853205970474e+00
4.729543926715850830e+02 1.468044801171910718e+00 4.585336008789330009e+00
4.729771804809570312e+02 2.004061159092989985e+00 8.605458693197425291e+00
4.729897654056549072e+02 1.990060731833857233e+00 8.500455488753928535e+00
4.730049960613250732e+02 1.368041749320963341e+00 3.835313119907225232e+00
4.730201175212860107e+02 1.328040528580584301e+00 3.535303964354382433e+00
4.730360579490661621e+02 1.834055970946379066e+00 7.330419782097843395e+00
4.730863933563232422e+02 1.744053224280526226e+00 6.655399182103947098e+00
4.731051089763641357e+02 1.342040955839716831e+00 3.640307168797876081e+00
4.731225304603576660e+02 1.466044740134891722e+00 4.570335551011687869e+00
4.731402449607849121e+02 1.716052369762260721e+00 6.445392773216955362e+00
4.731553776264190674e+02 1.880057374797815095e+00 7.675430310983613502e+00
4.731695060729980469e+02 2.002061098055971211e+00 8.590458235419784927e+00
4.731888420581817627e+02 1.538046937467574038e+00 5.110352031006804907e+00
4.732079186439514160e+02 1.338040833765679061e+00 3.610306253242593133e+00
4.733289530277252197e+02 1.744053224280526226e+00 6.655399182103947098e+00
4.733592576980590820e+02 1.872057130649739110e+00 7.615428479873043166e+00
4.734162502288818359e+02 1.498045716727194998e+00 4.810342875453962108e+00
4.734305300712585449e+02 1.908058229316080379e+00 7.885436719870602573e+00
4.734655575752258301e+02 1.666050843836786921e+00 6.070381328775901864e+00
4.734950530529022217e+02 1.356041383098849584e+00 3.745310373241371948e+00
4.735265007019042969e+02 1.882057435834833869e+00 7.690430768761253866e+00
4.735538856983184814e+02 1.466044740134891722e+00 4.570335551011687869e+00
4.735863487720489502e+02 1.650050355540635616e+00 5.950377666554767409e+00
4.736009101867675781e+02 1.368041749320963341e+00 3.835313119907225232e+00
4.736249661445617676e+02 1.486045350505081242e+00 4.720340128788109268e+00
4.736544229984283447e+02 1.788054567094943037e+00 6.985409253212072400e+00
4.736768095493316650e+02 1.870057069612720113e+00 7.600428022095401026e+00
4.736962249279022217e+02 1.722052552873317710e+00 6.490394146549882670e+00
4.737118220329284668e+02 1.898057924130985619e+00 7.810434430982391873e+00
4.737310113906860352e+02 1.526046571245460504e+00 5.020349284340953844e+00
4.737817003726959229e+02 1.508046021912289758e+00 4.885345164342172808e+00
4.738073854446411133e+02 1.306039857173375784e+00 3.370298928800318450e+00
4.738230037689208984e+02 1.360041505172887355e+00 3.775311288796655340e+00
4.738414928913116455e+02 1.340040894802697835e+00 3.625306711020233941e+00
4.738591015338897705e+02 1.574048036133915307e+00 5.380360271004365202e+00
4.738741481304168701e+02 1.880057374797815095e+00 7.675430310983613502e+00
4.738992524147033691e+02 1.866056947538682342e+00 7.570427106540117634e+00
4.739429805278778076e+02 1.666050843836786921e+00 6.070381328775901864e+00
4.740492191314697266e+02 1.622049501022370110e+00 5.740371257667775673e+00
4.741091029644012451e+02 1.802054994354075790e+00 7.090412457655568268e+00
4.741232602596282959e+02 1.400042725913266617e+00 4.075320444349499915e+00
4.741505854129791260e+02 1.352041261024811591e+00 3.715309457686086780e+00
4.741798892021179199e+02 1.880057374797815095e+00 7.675430310983613502e+00
4.742028572559356689e+02 1.484045289468062467e+00 4.705339671010468905e+00
4.742190442085266113e+02 1.478045106357005478e+00 4.660338297677540709e+00
4.742365028858184814e+02 1.876057252723777102e+00 7.645429395428328334e+00
4.742485408782958984e+02 1.936059083834345440e+00 8.095443128757590756e+00
4.742633390426635742e+02 1.348041138950773821e+00 3.685308542130803833e+00
4.742885422706604004e+02 1.348041138950773821e+00 3.685308542130803833e+00
4.743288087844848633e+02 1.530046693319498274e+00 5.050350199896237235e+00
4.743437180519104004e+02 1.348041138950773821e+00 3.685308542130803833e+00
4.743572421073913574e+02 1.526046571245460504e+00 5.020349284340953844e+00
4.743706393241882324e+02 2.004061159092989985e+00 8.605458693197425291e+00
4.743900575637817383e+02 1.582048280281991071e+00 5.440362102114932874e+00
4.744082405567169189e+02 1.528046632282479278e+00 5.035349742118594207e+00
4.744221210479736328e+02 1.366041688283944344e+00 3.820312662129582648e+00
4.744353773593902588e+02 1.720052491836298714e+00 6.475393688772240530e+00
4.744677743911743164e+02 1.984060548722800466e+00 8.455454115421003891e+00
4.745540289878845215e+02 1.362041566209906351e+00 3.790311746574297480e+00
4.745844974517822266e+02 1.496045655690176002e+00 4.795342417676319968e+00
4.746411552429199219e+02 1.340040894802697835e+00 3.625306711020233941e+00
4.746549999713897705e+02 1.694051698355052205e+00 6.280387737662891823e+00
4.746782922744750977e+02 1.886057557908871862e+00 7.720431684316539034e+00
4.747079465389251709e+02 1.692051637318033430e+00 6.265387279885250571e+00
4.747368268966674805e+02 1.376041993469039104e+00 3.895314951017793348e+00
4.747686216831207275e+02 1.378042054506058101e+00 3.910315408795435932e+00
4.748051762580871582e+02 1.518046327097384518e+00 4.960347453230383508e+00
4.748250317573547363e+02 1.464044679097872725e+00 4.555335093234045729e+00
4.748620212078094482e+02 1.340040894802697835e+00 3.625306711020233941e+00
4.748919818401336670e+02 1.412043092135379929e+00 4.165323191015350091e+00
4.749083938598632812e+02 1.496045655690176002e+00 4.795342417676319968e+00
4.749235513210296631e+02 1.368041749320963341e+00 3.835313119907225232e+00
4.749353556632995605e+02 1.482045228431043471e+00 4.690339213232825877e+00
4.749494459629058838e+02 1.784054445020905266e+00 6.955408337656789897e+00
4.749751958847045898e+02 1.358041444135868581e+00 3.760310831019014532e+00
4.750129153728485107e+02 1.372041871395001111e+00 3.865314035462508180e+00
4.750301663875579834e+02 1.536046876430555264e+00 5.095351573229164543e+00
4.750497472286224365e+02 1.498045716727194998e+00 4.810342875453962108e+00
4.750656533241271973e+02 1.376041993469039104e+00 3.895314951017793348e+00
4.750842335224151611e+02 1.378042054506058101e+00 3.910315408795435932e+00
4.750974307060241699e+02 1.474044984282967707e+00 4.630337382122258205e+00
4.751112811565399170e+02 1.888057618945890859e+00 7.735432142094181174e+00
4.751252694129943848e+02 1.514046205023346747e+00 4.930346537675101004e+00
4.752453854084014893e+02 1.468044801171910718e+00 4.585336008789330009e+00
4.752778100967407227e+02 1.652050416577654390e+00 5.965378124332407772e+00
4.753341250419616699e+02 1.694051698355052205e+00 6.280387737662891823e+00
4.753474366664886475e+02 1.742053163243507230e+00 6.640398724326304070e+00
4.753845784664154053e+02 1.936059083834345440e+00 8.095443128757590756e+00
4.754184825420379639e+02 1.360041505172887355e+00 3.775311288796655340e+00
4.754342188835144043e+02 1.890057679982909855e+00 7.750432599871824202e+00
4.754481773376464844e+02 1.604048951689199587e+00 5.605367137668997302e+00
4.754630591869354248e+02 1.276038941618091505e+00 3.145292062135686351e+00
4.754799659252166748e+02 1.460044557023834955e+00 4.525334177678762337e+00
4.754950590133666992e+02 1.746053285317545001e+00 6.670399639881587461e+00
4.755422558784484863e+02 1.986060609759819240e+00 8.470454573198644255e+00
4.755655496120452881e+02 1.532046754356517271e+00 5.065350657673879375e+00
4.755782272815704346e+02 1.472044923245948711e+00 4.615336924344615177e+00
4.755926361083984375e+02 1.978060365611743476e+00 8.410452742088075695e+00
4.756084032058715820e+02 1.536046876430555264e+00 5.095351573229164543e+00
4.756270301342010498e+02 1.456044434949796962e+00 4.495333262123477169e+00
4.756434752941131592e+02 1.346041077913754824e+00 3.670308084353161249e+00
4.756606552600860596e+02 1.650050355540635616e+00 5.950377666554767409e+00
4.756967504024505615e+02 1.890057679982909855e+00 7.750432599871824202e+00
4.758028867244720459e+02 1.898057924130985619e+00 7.810434430982391873e+00
4.758181138038635254e+02 1.372041871395001111e+00 3.865314035462508180e+00
4.758744258880615234e+02 1.756053590502639761e+00 6.745401928769798161e+00
4.758941612243652344e+02 1.768053956724753517e+00 6.835404675435651001e+00
4.759158613681793213e+02 1.568047853022858318e+00 5.335358897671437006e+00
4.759468128681182861e+02 1.882057435834833869e+00 7.690430768761253866e+00
4.759726252555847168e+02 1.382042176580095871e+00 3.940316324350718880e+00
4.760014564990997314e+02 1.898057924130985619e+00 7.810434430982391873e+00
4.760378232002258301e+02 1.874057191686758106e+00 7.630428937650686194e+00
4.760644829273223877e+02 1.940059205908383433e+00 8.125444044312875036e+00
4.760981492996215820e+02 1.908058229316080379e+00 7.885436719870602573e+00
4.761297705173492432e+02 1.760053712576677754e+00 6.775402844325083329e+00
4.761448292732238770e+02 1.450044251838740195e+00 4.450331888790551638e+00
4.761563146114349365e+02 1.476045045319986482e+00 4.645337839899898569e+00
4.761689414978027344e+02 1.756053590502639761e+00 6.745401928769798161e+00
4.761818778514862061e+02 1.262038514358958752e+00 3.040288857692190483e+00
4.762113568782806396e+02 1.880057374797815095e+00 7.675430310983613502e+00
4.762552797794342041e+02 1.738053041169469237e+00 6.610397808771018902e+00
4.762739193439483643e+02 1.742053163243507230e+00 6.640398724326304070e+00
4.762876796722412109e+02 1.560047608874782554e+00 5.275357066560869335e+00
4.763095238208770752e+02 1.336040772728660064e+00 3.595305795464950549e+00
4.763272953033447266e+02 1.462044618060853951e+00 4.540334635456404477e+00
4.763417518138885498e+02 1.304039796136356788e+00 3.355298471022675866e+00
4.763550195693969727e+02 1.806055116428113783e+00 7.120413373210853436e+00
4.763940684795379639e+02 1.678051210058900677e+00 6.160384075441754703e+00
4.765013508796691895e+02 1.760053712576677754e+00 6.775402844325083329e+00
4.765575935840606689e+02 1.486045350505081242e+00 4.720340128788109268e+00
4.765713176727294922e+02 1.982060487685781469e+00 8.440453657643359975e+00
4.765988457202911377e+02 1.900057985168004615e+00 7.825434888760034902e+00
4.766405682563781738e+02 1.348041138950773821e+00 3.685308542130803833e+00
4.766562144756317139e+02 1.752053468428601990e+00 6.715401013214514769e+00
4.766701526641845703e+02 1.754053529465620986e+00 6.730401470992157797e+00
4.766848380565643311e+02 1.366041688283944344e+00 3.820312662129582648e+00
4.766964359283447266e+02 1.544047120578631027e+00 5.155353404339733103e+00
4.767138710021972656e+02 1.862056825464644350e+00 7.540426190984832466e+00
4.767619683742523193e+02 1.502045838801232991e+00 4.840343791009247276e+00
4.767822566032409668e+02 1.556047486800744784e+00 5.245356151005585943e+00
4.767982730865478516e+02 1.652050416577654390e+00 5.965378124332407772e+00
4.768121993541717529e+02 1.936059083834345440e+00 8.095443128757590756e+00
4.768248872756958008e+02 1.406042909024323384e+00 4.120321817682425447e+00
4.768369896411895752e+02 1.650050355540635616e+00 5.950377666554767409e+00
4.768528082370758057e+02 1.914058412427137146e+00 7.930438093203528993e+00
4.768679389953613281e+02 1.470044862208929715e+00 4.600336466566973037e+00
4.768849506378173828e+02 1.344041016876735828e+00 3.655307626575518665e+00
4.769243156909942627e+02 1.572047975096896311e+00 5.365359813226722174e+00
4.770321154594421387e+02 1.832055909909360070e+00 7.315419324320200367e+00
4.770903770923614502e+02 2.002061098055971211e+00 8.590458235419784927e+00
4.771043601036071777e+02 1.416043214209417922e+00 4.195324106570634370e+00
4.771223957538604736e+02 1.350041199987792595e+00 3.700308999908444640e+00
4.771564240455627441e+02 1.440043946653645435e+00 4.375329599902340938e+00
4.771855061054229736e+02 1.886057557908871862e+00 7.720431684316539034e+00
4.772207062244415283e+02 1.346041077913754824e+00 3.670308084353161249e+00
4.772522974014282227e+02 1.890057679982909855e+00 7.750432599871824202e+00
4.772784192562103271e+02 1.380042115543077097e+00 3.925315866573078516e+00
4.773079254627227783e+02 1.678051210058900677e+00 6.160384075441754703e+00
4.773291344642639160e+02 1.382042176580095871e+00 3.940316324350718880e+00
4.773451704978942871e+02 1.362041566209906351e+00 3.790311746574297480e+00
4.773607640266418457e+02 1.362041566209906351e+00 3.790311746574297480e+00
4.773752627372741699e+02 1.868057008575701339e+00 7.585427564317759774e+00
4.773916025161743164e+02 1.930058900723288673e+00 8.050441755424664336e+00
4.774447884559631348e+02 1.388042359691152861e+00 3.985317697683646632e+00
4.774718925952911377e+02 1.356041383098849584e+00 3.745310373241371948e+00
4.774864678382873535e+02 1.468044801171910718e+00 4.585336008789330009e+00
4.775015180110931396e+02 1.362041566209906351e+00 3.790311746574297480e+00
4.775142848491668701e+02 1.868057008575701339e+00 7.585427564317759774e+00
4.775276348590850830e+02 1.598048768578142820e+00 5.560365764336070882e+00
4.775462572574615479e+02 1.350041199987792595e+00 3.700308999908444640e+00
4.775680167675018311e+02 1.456044434949796962e+00 4.495333262123477169e+00
4.775923049449920654e+02 1.362041566209906351e+00 3.790311746574297480e+00
4.776872041225433350e+02 1.370041810357982115e+00 3.850313577684866040e+00
4.777184982299804688e+02 1.676051149021881681e+00 6.145383617664112563e+00
4.777735745906829834e+02 1.844056276131473826e+00 7.405422070986054095e+00
4.777871382236480713e+02 1.556047486800744784e+00 5.245356151005585943e+00
4.778144800662994385e+02 1.514046205023346747e+00 4.930346537675101004e+00
4.778565661907196045e+02 1.456044434949796962e+00 4.495333262123477169e+00
4.778717625141143799e+02 1.820055543687246313e+00 7.225416577654347527e+00
4.778829109668731689e+02 1.370041810357982115e+00 3.850313577684866040e+00
4.778979892730712891e+02 1.538046937467574038e+00 5.110352031006804907e+00
4.779140677452087402e+02 1.898057924130985619e+00 7.810434430982391873e+00
4.779262285232543945e+02 1.546047181615650024e+00 5.170353862117375243e+00
4.779780209064483643e+02 1.458044495986815958e+00 4.510333719901119309e+00
4.780046751499176025e+02 1.890057679982909855e+00 7.750432599871824202e+00
4.780203757286071777e+02 1.646050233466597623e+00 5.920376750999482240e+00
4.780375893115997314e+02 1.746053285317545001e+00 6.670399639881587461e+00
4.780494215488433838e+02 1.774054139835810506e+00 6.880406048768579197e+00
4.780632548332214355e+02 1.348041138950773821e+00 3.685308542130803833e+00
4.780782489776611328e+02 1.696051759392071201e+00 6.295388195440533963e+00
4.780945260524749756e+02 1.886057557908871862e+00 7.720431684316539034e+00
4.782323756217956543e+02 1.354041322061830588e+00 3.730309915463729364e+00
4.782463054656982422e+02 1.652050416577654390e+00 5.965378124332407772e+00
4.783014254570007324e+02 1.360041505172887355e+00 3.775311288796655340e+00
4.783156518936157227e+02 1.744053224280526226e+00 6.655399182103947098e+00
4.783326425552368164e+02 1.896057863093966622e+00 7.795433973204749734e+00
4.783624236583709717e+02 1.810055238502151553e+00 7.150414288766136828e+00
4.783960177898406982e+02 1.486045350505081242e+00 4.720340128788109268e+00
4.784558949470520020e+02 1.898057924130985619e+00 7.810434430982391873e+00
4.784680254459381104e+02 1.710052186651203954e+00 6.400391399884029831e+00
4.785095212459564209e+02 1.494045594653157227e+00 4.780341959898679605e+00
4.785448369979858398e+02 1.646050233466597623e+00 5.920376750999482240e+00
4.785614044666290283e+02 1.644050172429578627e+00 5.905376293221840101e+00
4.785822737216949463e+02 1.880057374797815095e+00 7.675430310983613502e+00
4.785955076217651367e+02 1.870057069612720113e+00 7.600428022095401026e+00
4.786072850227355957e+02 1.734052919095431466e+00 6.580396893215736398e+00
4.786698985099792480e+02 1.896057863093966622e+00 7.795433973204749734e+00
4.786862664222717285e+02 1.344041016876735828e+00 3.655307626575518665e+00
4.787017269134521484e+02 1.530046693319498274e+00 5.050350199896237235e+00
4.787199330329895020e+02 1.696051759392071201e+00 6.295388195440533963e+00
4.787341578006744385e+02 1.900057985168004615e+00 7.825434888760034902e+00
4.787470145225524902e+02 1.550047303689687794e+00 5.200354777672658635e+00
4.787611894607543945e+02 1.288039307840205039e+00 3.235294808801537858e+00
4.787952888011932373e+02 1.730052797021393474e+00 6.550395977660451230e+00
4.789065411090850830e+02 1.708052125614184957e+00 6.385390942106386802e+00
4.789207389354705811e+02 1.310039979247413555e+00 3.400299844355601842e+00
4.789760189056396484e+02 1.684051393169957445e+00 6.205385448774681123e+00
4.789894802570343018e+02 1.760053712576677754e+00 6.775402844325083329e+00
4.790145344734191895e+02 1.764053834650715746e+00 6.805403759880368497e+00
4.790689835548400879e+02 1.960059816278572953e+00 8.275448622089296435e+00
4.790832557678222656e+02 1.364041627246925348e+00 3.805312204351940064e+00
4.790981779098510742e+02 1.730052797021393474e+00 6.550395977660451230e+00
4.791171030998229980e+02 1.728052735984374477e+00 6.535395519882808202e+00
4.791533305644989014e+02 1.728052735984374477e+00 6.535395519882808202e+00
4.791952533721923828e+02 1.458044495986815958e+00 4.510333719901119309e+00
4.792151207923889160e+02 1.682051332132938670e+00 6.190384990997039871e+00
4.792357962131500244e+02 1.568047853022858318e+00 5.335358897671437006e+00
4.792504076957702637e+02 1.816055421613208543e+00 7.195415662099064136e+00
4.792724204063415527e+02 1.756053590502639761e+00 6.745401928769798161e+00
4.792883942127227783e+02 1.368041749320963341e+00 3.835313119907225232e+00
4.793043591976165771e+02 1.360041505172887355e+00 3.775311288796655340e+00
4.793297607898712158e+02 1.738053041169469237e+00 6.610397808771018902e+00
4.794519639015197754e+02 1.906058168279061382e+00 7.870436262092960433e+00
4.795117809772491455e+02 1.362041566209906351e+00 3.790311746574297480e+00
4.795255088806152344e+02 1.366041688283944344e+00 3.820312662129582648e+00
4.795466678142547607e+02 1.422043397320474689e+00 4.240325479903560790e+00
4.795814790725708008e+02 1.348041138950773821e+00 3.685308542130803833e+00
4.796106147766113281e+02 1.692051637318033430e+00 6.265387279885250571e+00
4.796701591014862061e+02 1.878057313760796099e+00 7.660429853205970474e+00
4.796824271678924561e+02 1.258038392284920759e+00 3.010287942136905759e+00
4.797060027122497559e+02 1.490045472579119235e+00 4.750341044343394437e+00
4.797370343208312988e+02 1.804055055391094786e+00 7.105412915433211296e+00
4.797563364505767822e+02 1.872057130649739110e+00 7.615428479873043166e+00
4.797683553695678711e+02 1.662050721762749150e+00 6.040380413220618472e+00
4.797809653282165527e+02 1.400042725913266617e+00 4.075320444349499915e+00
4.798018391132354736e+02 1.788054567094943037e+00 6.985409253212072400e+00
4.798154728412628174e+02 1.880057374797815095e+00 7.675430310983613502e+00
4.798320024013519287e+02 1.760053712576677754e+00 6.775402844325083329e+00
4.798868982791900635e+02 1.870057069612720113e+00 7.600428022095401026e+00
4.799039936065673828e+02 1.502045838801232991e+00 4.840343791009247276e+00
4.799205965995788574e+02 1.776054200872829503e+00 6.895406506546221337e+00
4.799384431838989258e+02 1.892057741019928629e+00 7.765433057649464565e+00
4.799568531513214111e+02 1.916058473464156142e+00 7.945438550981171133e+00
4.799722874164581299e+02 1.798054872280037797e+00 7.060411542100283100e+00
4.799890508651733398e+02 1.576048097170934303e+00 5.395360728782007342e+00
4.801230154037475586e+02 1.984060548722800466e+00 8.455454115421003891e+00
4.801368803977966309e+02 1.564047730948820547e+00 5.305357982116154503e+00
4.801914324760437012e+02 1.912058351390118149e+00 7.915437635425885965e+00
4.802051041126251221e+02 1.372041871395001111e+00 3.865314035462508180e+00
4.802387542724609375e+02 1.730052797021393474e+00 6.550395977660451230e+00
4.802759594917297363e+02 1.486045350505081242e+00 4.720340128788109268e+00
4.803121368885040283e+02 1.430043641468550675e+00 4.300327311014130238e+00
4.803236639499664307e+02 1.372041871395001111e+00 3.865314035462508180e+00
4.803396797180175781e+02 1.732052858058412470e+00 6.565396435438093370e+00
4.803601260185241699e+02 1.680051271095919674e+00 6.175384533219397731e+00
4.803787887096405029e+02 1.878057313760796099e+00 7.660429853205970474e+00
4.804271492958068848e+02 1.596048707541123823e+00 5.545365306558428742e+00
4.804445428848266602e+02 1.462044618060853951e+00 4.540334635456404477e+00
4.804599914550781250e+02 1.478045106357005478e+00 4.660338297677540709e+00
4.804737005233764648e+02 1.878057313760796099e+00 7.660429853205970474e+00
4.804868943691253662e+02 1.510046082949308754e+00 4.900345622119815836e+00
4.805006034374237061e+02 1.486045350505081242e+00 4.720340128788109268e+00
4.805144162178039551e+02 1.900057985168004615e+00 7.825434888760034902e+00
4.805277266502380371e+02 1.558047547837763558e+00 5.260356608783226307e+00
4.805413184165954590e+02 1.400042725913266617e+00 4.075320444349499915e+00
4.805652089118957520e+02 1.878057313760796099e+00 7.660429853205970474e+00
4.806602749824523926e+02 1.514046205023346747e+00 4.930346537675101004e+00
4.806903696060180664e+02 1.346041077913754824e+00 3.670308084353161249e+00
4.807471077442169189e+02 1.566047791985839543e+00 5.320358439893796643e+00
4.807609987258911133e+02 1.460044557023834955e+00 4.525334177678762337e+00
4.807945008277893066e+02 1.370041810357982115e+00 3.850313577684866040e+00
4.808237376213073730e+02 1.754053529465620986e+00 6.730401470992157797e+00
4.808542921543121338e+02 1.418043275246436918e+00 4.210324564348276510e+00
4.809058864116668701e+02 1.902058046205023389e+00 7.840435346537675265e+00
4.809180107116699219e+02 1.664050782799768147e+00 6.055380870998261500e+00
4.809406325817108154e+02 1.872057130649739110e+00 7.615428479873043166e+00
4.809828159809112549e+02 1.382042176580095871e+00 3.940316324350718880e+00
4.809973397254943848e+02 1.736052980132450241e+00 6.595397350993376762e+00
4.810124120712280273e+02 1.988060670796838236e+00 8.485455030976286395e+00
4.810278041362762451e+02 1.538046937467574038e+00 5.110352031006804907e+00
4.810406723022460938e+02 1.376041993469039104e+00 3.895314951017793348e+00
4.810531468391418457e+02 1.918058534501175139e+00 7.960439008758813273e+00
4.811132090091705322e+02 1.990060731833857233e+00 8.500455488753928535e+00
4.811269218921661377e+02 1.404042847987304388e+00 4.105321359904783307e+00
4.811444370746612549e+02 1.360041505172887355e+00 3.775311288796655340e+00
4.811576027870178223e+02 1.708052125614184957e+00 6.385390942106386802e+00
4.811712877750396729e+02 1.862056825464644350e+00 7.540426190984832466e+00
4.811847877502441406e+02 1.366041688283944344e+00 3.820312662129582648e+00
4.811982874870300293e+02 1.480045167394024475e+00 4.675338755455183737e+00
4.812116177082061768e+02 1.898057924130985619e+00 7.810434430982391873e+00
4.812307918071746826e+02 1.368041749320963341e+00 3.835313119907225232e+00
4.813397877216339111e+02 1.580048219244972074e+00 5.425361644337290734e+00
4.813711309432983398e+02 1.368041749320963341e+00 3.835313119907225232e+00
4.814272494316101074e+02 1.600048829615161594e+00 5.575366222113712134e+00
4.814406700134277344e+02 1.502045838801232991e+00 4.840343791009247276e+00
4.814668660163879395e+02 1.494045594653157227e+00 4.780341959898679605e+00
4.814959535598754883e+02 1.350041199987792595e+00 3.700308999908444640e+00
4.815249519348144531e+02 1.682051332132938670e+00 6.190384990997039871e+00
4.815430622100830078e+02 1.482045228431043471e+00 4.690339213232825877e+00
4.815589003562927246e+02 1.788054567094943037e+00 6.985409253212072400e+00
4.815729615688323975e+02 1.784054445020905266e+00 6.955408337656789897e+00
4.815871353149414062e+02 1.368041749320963341e+00 3.835313119907225232e+00
4.816412699222564697e+02 1.454044373912777965e+00 4.480332804345835029e+00
4.816592884063720703e+02 1.968060060426648716e+00 8.335450453199864995e+00
4.816738429069519043e+02 1.866056947538682342e+00 7.570427106540117634e+00
4.816890647411346436e+02 1.534046815393536267e+00 5.080351115451522404e+00
4.817015194892883301e+02 1.384042237617114868e+00 3.955316782128361464e+00
4.817153558731079102e+02 1.868057008575701339e+00 7.585427564317759774e+00
4.817292566299438477e+02 1.802054994354075790e+00 7.090412457655568268e+00
4.817491862773895264e+02 1.352041261024811591e+00 3.715309457686086780e+00
4.818865022659301758e+02 1.782054383983886270e+00 6.940407879879146869e+00
4.819013071060180664e+02 1.286039246803186265e+00 3.220294351023897050e+00
4.819560940265655518e+02 1.720052491836298714e+00 6.475393688772240530e+00
4.819705588817596436e+02 1.748053346354563997e+00 6.685400097659229601e+00
4.819889979362487793e+02 1.790054628131962033e+00 7.000409710989715428e+00
4.820228168964385986e+02 1.388042359691152861e+00 3.985317697683646632e+00
4.820521731376647949e+02 1.662050721762749150e+00 6.040380413220618472e+00
4.820823955535888672e+02 1.670050965910824914e+00 6.100382244331187032e+00
4.821184661388397217e+02 1.650050355540635616e+00 5.950377666554767409e+00
4.821376709938049316e+02 1.750053407391582994e+00 6.700400555436872629e+00
4.821733443737030029e+02 1.888057618945890859e+00 7.735432142094181174e+00
4.822004523277282715e+02 1.462044618060853951e+00 4.540334635456404477e+00
4.822177050113677979e+02 1.870057069612720113e+00 7.600428022095401026e+00
4.822331042289733887e+02 1.752053468428601990e+00 6.715401013214514769e+00
4.822502951622009277e+02 1.546047181615650024e+00 5.170353862117375243e+00
4.822711257934570312e+02 1.348041138950773821e+00 3.685308542130803833e+00
4.823196384906768799e+02 1.540046998504593034e+00 5.125352488784447935e+00
4.823385772705078125e+02 1.882057435834833869e+00 7.690430768761253866e+00
4.823561661243438721e+02 1.896057863093966622e+00 7.795433973204749734e+00
4.823695456981658936e+02 1.548047242652668798e+00 5.185354319895015607e+00
4.823856406211853027e+02 1.268038697470015519e+00 3.085290231025116459e+00
4.824039380550384521e+02 1.262038514358958752e+00 3.040288857692190483e+00
4.824173030853271484e+02 1.764053834650715746e+00 6.805403759880368497e+00
4.824307370185852051e+02 1.790054628131962033e+00 7.000409710989715428e+00
4.824505221843719482e+02 1.260038453321939755e+00 3.025288399914548343e+00
4.825665087699890137e+02 1.858056703390606579e+00 7.510425275429549075e+00
4.825807330608367920e+02 1.360041505172887355e+00 3.775311288796655340e+00
4.826354098320007324e+02 1.812055299539170550e+00 7.165414746543778968e+00
4.826488361358642578e+02 1.564047730948820547e+00 5.305357982116154503e+00
4.826744334697723389e+02 1.552047364726706791e+00 5.215355235450300775e+00
4.827035808563232422e+02 1.904058107242042386e+00 7.855435804315318293e+00
4.827281315326690674e+02 1.768053956724753517e+00 6.835404675435651001e+00
4.827436852455139160e+02 1.452044312875759191e+00 4.465332346568193778e+00
4.827588467597961426e+02 1.656050538651692383e+00 5.995379039887692940e+00
4.827771046161651611e+02 1.752053468428601990e+00 6.715401013214514769e+00
4.827898862361907959e+02 1.730052797021393474e+00 6.550395977660451230e+00
4.828063571453094482e+02 1.262038514358958752e+00 3.040288857692190483e+00
4.828675909042358398e+02 1.740053102206488234e+00 6.625398266548661930e+00
4.828900098800659180e+02 1.340040894802697835e+00 3.625306711020233941e+00
4.829051461219787598e+02 1.364041627246925348e+00 3.805312204351940064e+00
4.829223887920379639e+02 1.498045716727194998e+00 4.810342875453962108e+00
4.829406783580780029e+02 1.638049989318521860e+00 5.860374919888913681e+00
4.829553391933441162e+02 1.928058839686269677e+00 8.035441297647022196e+00
4.829811131954193115e+02 1.476045045319986482e+00 4.645337839899898569e+00
4.830804822444915771e+02 1.480045167394024475e+00 4.675338755455183737e+00
4.831102726459503174e+02 1.368041749320963341e+00 3.835313119907225232e+00
4.831673440933227539e+02 1.510046082949308754e+00 4.900345622119815836e+00
4.831811432838439941e+02 1.464044679097872725e+00 4.555335093234045729e+00
4.831995155811309814e+02 1.670050965910824914e+00 6.100382244331187032e+00
4.832281005382537842e+02 1.870057069612720113e+00 7.600428022095401026e+00
4.832564482688903809e+02 1.342040955839716831e+00 3.640307168797876081e+00
4.832846214771270752e+02 1.750053407391582994e+00 6.700400555436872629e+00
4.833273878097534180e+02 1.424043458357493686e+00 4.255325937681202930e+00
4.833545923233032227e+02 1.454044373912777965e+00 4.480332804345835029e+00
4.833777830600738525e+02 1.896057863093966622e+00 7.795433973204749734e+00
4.834134039878845215e+02 1.800054933317056793e+00 7.075411999877926128e+00
4.834323253631591797e+02 1.498045716727194998e+00 4.810342875453962108e+00
4.834488508701324463e+02 1.342040955839716831e+00 3.640307168797876081e+00
4.834681558609008789e+02 1.378042054506058101e+00 3.910315408795435932e+00
4.835424399375915527e+02 1.690051576281014434e+00 6.250386822107608431e+00
4.835576357841491699e+02 1.870057069612720113e+00 7.600428022095401026e+00
4.835711200237274170e+02 1.752053468428601990e+00 6.715401013214514769e+00
4.835888288021087646e+02 1.472044923245948711e+00 4.615336924344615177e+00
4.836077587604522705e+02 1.370041810357982115e+00 3.850313577684866040e+00
4.836227614879608154e+02 1.486045350505081242e+00 4.720340128788109268e+00
4.836429719924926758e+02 1.834055970946379066e+00 7.330419782097843395e+00
4.837518727779388428e+02 1.452044312875759191e+00 4.465332346568193778e+00
4.837836368083953857e+02 1.838056093020417059e+00 7.360420697653127675e+00
4.838392794132232666e+02 1.456044434949796962e+00 4.495333262123477169e+00
4.838526580333709717e+02 1.878057313760796099e+00 7.660429853205970474e+00
4.838775110244750977e+02 1.758053651539658757e+00 6.760402386547440301e+00
4.839220099449157715e+02 1.900057985168004615e+00 7.825434888760034902e+00
4.839366786479949951e+02 1.874057191686758106e+00 7.630428937650686194e+00
4.839500203132629395e+02 1.746053285317545001e+00 6.670399639881587461e+00
4.839628000259399414e+02 1.366041688283944344e+00 3.820312662129582648e+00
4.839779527187347412e+02 1.762053773613696750e+00 6.790403302102725469e+00
4.839967472553253174e+02 1.762053773613696750e+00 6.790403302102725469e+00
4.840550732612609863e+02 1.464044679097872725e+00 4.555335093234045729e+00
4.840724380016326904e+02 1.488045411542100238e+00 4.735340586565751408e+00
4.840885260105133057e+02 1.520046388134403514e+00 4.975347911008026536e+00
4.841045424938201904e+02 1.328040528580584301e+00 3.535303964354382433e+00
4.841201882362365723e+02 1.876057252723777102e+00 7.645429395428328334e+00
4.841383886337280273e+02 1.952059572130497189e+00 8.215446790978727876e+00
4.841546366214752197e+02 1.910058290353099375e+00 7.900437177648245601e+00
4.841741411685943604e+02 1.486045350505081242e+00 4.720340128788109268e+00
4.842808358669281006e+02 1.932058961760307669e+00 8.065442213202306476e+00
4.843122041225433350e+02 1.370041810357982115e+00 3.850313577684866040e+00
4.843682696819305420e+02 1.578048158207953300e+00 5.410361186559649482e+00
4.843821587562561035e+02 1.360041505172887355e+00 3.775311288796655340e+00
4.844056107997894287e+02 1.626049623096408103e+00 5.770372173223060841e+00
4.844353721141815186e+02 1.354041322061830588e+00 3.730309915463729364e+00
4.844639911651611328e+02 1.716052369762260721e+00 6.445392773216955362e+00
4.844948961734771729e+02 1.494045594653157227e+00 4.780341959898679605e+00
4.845304269790649414e+02 1.774054139835810506e+00 6.880406048768579197e+00
4.845508246421813965e+02 1.294039490951262028e+00 3.280296182134465166e+00
4.845726423263549805e+02 1.374041932432020108e+00 3.880314493240150764e+00
4.846061248779296875e+02 1.474044984282967707e+00 4.630337382122258205e+00
4.846263825893402100e+02 1.276038941618091505e+00 3.145292062135686351e+00
4.846402032375335693e+02 1.678051210058900677e+00 6.160384075441754703e+00
4.846577539443969727e+02 1.908058229316080379e+00 7.885436719870602573e+00
4.846726539134979248e+02 1.900057985168004615e+00 7.825434888760034902e+00
4.846892073154449463e+02 1.350041199987792595e+00 3.700308999908444640e+00
4.847375202178955078e+02 1.348041138950773821e+00 3.685308542130803833e+00
4.847517690658569336e+02 1.594048646504104827e+00 5.530364848780786602e+00
4.847689239978790283e+02 1.360041505172887355e+00 3.775311288796655340e+00
4.847830805778503418e+02 1.358041444135868581e+00 3.760310831019014532e+00
4.848031334877014160e+02 1.686051454206976441e+00 6.220385906552323263e+00
4.848203907012939453e+02 1.756053590502639761e+00 6.745401928769798161e+00
4.848352279663085938e+02 1.942059266945402429e+00 8.140444502090517176e+00
4.848572793006896973e+02 1.690051576281014434e+00 6.250386822107608431e+00
4.849641396999359131e+02 1.798054872280037797e+00 7.060411542100283100e+00
4.849949827194213867e+02 1.956059694204534960e+00 8.245447706534012156e+00
4.850503823757171631e+02 1.756053590502639761e+00 6.745401928769798161e+00
4.850646417140960693e+02 1.266038636432996523e+00 3.070289773247473875e+00
4.850925264358520508e+02 1.362041566209906351e+00 3.790311746574297480e+00
4.851336064338684082e+02 1.898057924130985619e+00 7.810434430982391873e+00
4.851466469764709473e+02 1.370041810357982115e+00 3.850313577684866040e+00
4.851669566631317139e+02 1.462044618060853951e+00 4.540334635456404477e+00
4.851788077354431152e+02 1.632049806207464870e+00 5.815373546555986373e+00
4.851963379383087158e+02 1.758053651539658757e+00 6.760402386547440301e+00
4.852089049816131592e+02 1.536046876430555264e+00 5.095351573229164543e+00
4.852700431346893311e+02 1.932058961760307669e+00 8.065442213202306476e+00
4.852914848327636719e+02 1.318040223395489319e+00 3.460301675466169957e+00
4.853103826045989990e+02 1.452044312875759191e+00 4.465332346568193778e+00
4.853256790637969971e+02 1.356041383098849584e+00 3.745310373241371948e+00
4.853438658714294434e+02 1.470044862208929715e+00 4.600336466566973037e+00
4.853608722686767578e+02 1.882057435834833869e+00 7.690430768761253866e+00
4.853738803863525391e+02 1.986060609759819240e+00 8.470454573198644255e+00
4.854880368709564209e+02 1.572047975096896311e+00 5.365359813226722174e+00
4.855201416015625000e+02 1.928058839686269677e+00 8.035441297647022196e+00
4.855768337249755859e+02 1.766053895687734521e+00 6.820404217658008861e+00
4.855909759998321533e+02 1.780054322946867273e+00 6.925407422101504729e+00
4.856077110767364502e+02 1.500045777764213994e+00 4.825343333231605136e+00
4.856372375488281250e+02 1.362041566209906351e+00 3.790311746574297480e+00
4.856656105518341064e+02 1.940059205908383433e+00 8.125444044312875036e+00
4.856940565109252930e+02 1.536046876430555264e+00 5.095351573229164543e+00
4.857371802330017090e+02 1.780054322946867273e+00 6.925407422101504729e+00
4.857575807571411133e+02 1.576048097170934303e+00 5.395360728782007342e+00
4.857942605018615723e+02 1.892057741019928629e+00 7.765433057649464565e+00
4.858206143379211426e+02 1.880057374797815095e+00 7.675430310983613502e+00
4.858398203849792480e+02 1.748053346354563997e+00 6.685400097659229601e+00
4.858550317287445068e+02 1.884057496871852866e+00 7.705431226538896894e+00
4.858699152469635010e+02 1.472044923245948711e+00 4.615336924344615177e+00
4.858890712261199951e+02 1.358041444135868581e+00 3.760310831019014532e+00
4.859295630455017090e+02 1.422043397320474689e+00 4.240325479903560790e+00
4.859556589126586914e+02 1.338040833765679061e+00 3.610306253242593133e+00
4.859725327491760254e+02 1.620049439985351114e+00 5.725370799890133533e+00
4.859876356124877930e+02 1.368041749320963341e+00 3.835313119907225232e+00
4.860044682025909424e+02 1.364041627246925348e+00 3.805312204351940064e+00
4.860164926052093506e+02 1.868057008575701339e+00 7.585427564317759774e+00
4.860342338085174561e+02 1.602048890652180591e+00 5.590366679891354273e+00
4.860512692928314209e+02 1.548047242652668798e+00 5.185354319895015607e+00
4.860931780338287354e+02 1.474044984282967707e+00 4.630337382122258205e+00
4.861950404644012451e+02 1.974060243537705706e+00 8.380451826532793191e+00
4.862538812160491943e+02 1.378042054506058101e+00 3.910315408795435932e+00
4.862672288417816162e+02 1.366041688283944344e+00 3.820312662129582648e+00
4.862950773239135742e+02 1.370041810357982115e+00 3.850313577684866040e+00
4.863242797851562500e+02 1.854056581316568586e+00 7.480424359874264795e+00
4.863505892753601074e+02 1.870057069612720113e+00 7.600428022095401026e+00
4.863725659847259521e+02 1.340040894802697835e+00 3.625306711020233941e+00
4.863859026432037354e+02 1.340040894802697835e+00 3.625306711020233941e+00
4.864009101390838623e+02 1.712052247688222950e+00 6.415391857661671970e+00
4.864161438941955566e+02 1.896057863093966622e+00 7.795433973204749734e+00
4.864772472381591797e+02 1.578048158207953300e+00 5.410361186559649482e+00
4.864981262683868408e+02 1.794054750206000026e+00 7.030410626545000596e+00
4.865128519535064697e+02 1.810055238502151553e+00 7.150414288766136828e+00
4.865270447731018066e+02 1.348041138950773821e+00 3.685308542130803833e+00
4.865424690246582031e+02 1.406042909024323384e+00 4.120321817682425447e+00
4.865534484386444092e+02 1.962059877315591949e+00 8.290449079866938575e+00
4.865669035911560059e+02 1.370041810357982115e+00 3.850313577684866040e+00
4.865868322849273682e+02 1.442044007690664431e+00 4.390330057679983078e+00
4.866316268444061279e+02 1.358041444135868581e+00 3.760310831019014532e+00
4.867336783409118652e+02 1.880057374797815095e+00 7.675430310983613502e+00
4.867934279441833496e+02 1.340040894802697835e+00 3.625306711020233941e+00
4.868069212436676025e+02 1.370041810357982115e+00 3.850313577684866040e+00
4.868287382125854492e+02 1.370041810357982115e+00 3.850313577684866040e+00
4.868576581478118896e+02 1.338040833765679061e+00 3.610306253242593133e+00
4.868915238380432129e+02 1.914058412427137146e+00 7.930438093203528993e+00
4.869223759174346924e+02 1.510046082949308754e+00 4.900345622119815836e+00
4.869588422775268555e+02 1.690051576281014434e+00 6.250386822107608431e+00
4.869852213859558105e+02 1.788054567094943037e+00 6.985409253212072400e+00
4.870208945274353027e+02 1.764053834650715746e+00 6.805403759880368497e+00
4.870434784889221191e+02 1.804055055391094786e+00 7.105412915433211296e+00
4.870560255050659180e+02 1.894057802056947626e+00 7.780433515427107594e+00
4.870679237842559814e+02 1.486045350505081242e+00 4.720340128788109268e+00
4.870851297378540039e+02 1.618049378948332340e+00 5.710370342112492281e+00
4.871018698215484619e+02 1.874057191686758106e+00 7.630428937650686194e+00
4.871601676940917969e+02 1.786054506057924263e+00 6.970408795434432037e+00
4.871752781867980957e+02 1.820055543687246313e+00 7.225416577654347527e+00
4.871916699409484863e+02 1.490045472579119235e+00 4.750341044343394437e+00
4.872075757980346680e+02 1.366041688283944344e+00 3.820312662129582648e+00
4.872204141616821289e+02 1.468044801171910718e+00 4.585336008789330009e+00
4.872339370250701904e+02 1.924058717612231684e+00 8.005440382091737916e+00
4.872464971542358398e+02 1.368041749320963341e+00 3.835313119907225232e+00
4.872607820034027100e+02 1.562047669911801551e+00 5.290357524338511475e+00
4.872750835418701172e+02 1.976060304574724480e+00 8.395452284310433555e+00
4.873895010948181152e+02 1.376041993469039104e+00 3.895314951017793348e+00
4.874216926097869873e+02 1.662050721762749150e+00 6.040380413220618472e+00
4.874765295982360840e+02 1.822055604724265310e+00 7.240417035431989667e+00
4.874896564483642578e+02 1.544047120578631027e+00 5.155353404339733103e+00
4.875191953182220459e+02 1.530046693319498274e+00 5.050350199896237235e+00
4.875601565837860107e+02 1.480045167394024475e+00 4.675338755455183737e+00
4.875753271579742432e+02 1.950059511093478193e+00 8.200446333201085736e+00
4.875925078392028809e+02 1.418043275246436918e+00 4.210324564348276510e+00
4.876044380664825439e+02 1.282039124729148272e+00 3.190293435468611882e+00
4.876200287342071533e+02 1.762053773613696750e+00 6.790403302102725469e+00
4.876778926849365234e+02 1.950059511093478193e+00 8.200446333201085736e+00
4.876935493946075439e+02 1.896057863093966622e+00 7.795433973204749734e+00
4.877085280418395996e+02 1.338040833765679061e+00 3.610306253242593133e+00
4.877269170284271240e+02 1.528046632282479278e+00 5.035349742118594207e+00
4.877433607578277588e+02 1.730052797021393474e+00 6.550395977660451230e+00
4.877603974342346191e+02 1.846056337168492822e+00 7.420422528763696235e+00
4.877753455638885498e+02 1.990060731833857233e+00 8.500455488753928535e+00
4.877922580242156982e+02 1.424043458357493686e+00 4.255325937681202930e+00
4.878112022876739502e+02 1.352041261024811591e+00 3.715309457686086780e+00
4.879220857620239258e+02 1.344041016876735828e+00 3.655307626575518665e+00
4.879522638320922852e+02 1.354041322061830588e+00 3.730309915463729364e+00
4.880085813999176025e+02 1.548047242652668798e+00 5.185354319895015607e+00
4.880229096412658691e+02 1.374041932432020108e+00 3.880314493240150764e+00
4.880399105548858643e+02 1.644050172429578627e+00 5.905376293221840101e+00
4.880695173740386963e+02 1.876057252723777102e+00 7.645429395428328334e+00
4.881039891242980957e+02 1.580048219244972074e+00 5.425361644337290734e+00
4.881390051841735840e+02 1.344041016876735828e+00 3.655307626575518665e+00
4.881707661151885986e+02 1.708052125614184957e+00 6.385390942106386802e+00
4.881969013214111328e+02 1.416043214209417922e+00 4.195324106570634370e+00
4.882299518585205078e+02 1.982060487685781469e+00 8.440453657643359975e+00
4.882554163932800293e+02 1.374041932432020108e+00 3.880314493240150764e+00
4.882682311534881592e+02 1.370041810357982115e+00 3.850313577684866040e+00
4.882831842899322510e+02 1.482045228431043471e+00 4.690339213232825877e+00
4.882983286380767822e+02 1.872057130649739110e+00 7.615428479873043166e+00
4.883133027553558350e+02 1.760053712576677754e+00 6.775402844325083329e+00
4.883747966289520264e+02 1.782054383983886270e+00 6.940407879879146869e+00
4.883999192714691162e+02 1.796054811243019023e+00 7.045411084322642736e+00
4.884148485660552979e+02 1.838056093020417059e+00 7.360420697653127675e+00
4.884377274513244629e+02 1.636049928281502863e+00 5.845374462111271541e+00
4.884524283409118652e+02 1.740053102206488234e+00 6.625398266548661930e+00
4.884675548076629639e+02 1.344041016876735828e+00 3.655307626575518665e+00
4.884803574085235596e+02 1.662050721762749150e+00 6.040380413220618472e+00
4.885210192203521729e+02 1.796054811243019023e+00 7.045411084322642736e+00
4.886261577606201172e+02 1.492045533616138231e+00 4.765341502121036577e+00
4.886839687824249268e+02 1.296039551988281024e+00 3.295296639912107750e+00
4.886972515583038330e+02 1.874057191686758106e+00 7.630428937650686194e+00
4.887226371765136719e+02 1.896057863093966622e+00 7.795433973204749734e+00
4.887751858234405518e+02 1.568047853022858318e+00 5.335358897671437006e+00
4.887908859252929688e+02 1.576048097170934303e+00 5.395360728782007342e+00
4.888040664196014404e+02 1.356041383098849584e+00 3.745310373241371948e+00
4.888191339969635010e+02 1.892057741019928629e+00 7.765433057649464565e+00
4.888322649002075195e+02 1.760053712576677754e+00 6.775402844325083329e+00
4.888484692573547363e+02 1.292039429914243032e+00 3.265295724356822582e+00
4.889123334884643555e+02 1.660050660725730376e+00 6.025379955442978108e+00
4.889298472404479980e+02 1.358041444135868581e+00 3.760310831019014532e+00
4.889462332725524902e+02 1.472044923245948711e+00 4.615336924344615177e+00
4.889640522003173828e+02 1.358041444135868581e+00 3.760310831019014532e+00
4.889871814250946045e+02 1.668050904873805917e+00 6.085381786553544003e+00
4.890025842189788818e+02 1.710052186651203954e+00 6.400391399884029831e+00
4.891171007156372070e+02 1.868057008575701339e+00 7.585427564317759774e+00
4.891491181850433350e+02 1.496045655690176002e+00 4.795342417676319968e+00
4.892053525447845459e+02 1.348041138950773821e+00 3.685308542130803833e+00
4.892193684577941895e+02 1.676051149021881681e+00 6.145383617664112563e+00
4.892375817298889160e+02 1.884057496871852866e+00 7.705431226538896894e+00
4.892660856246948242e+02 1.984060548722800466e+00 8.455454115421003891e+00
4.892947530746459961e+02 1.416043214209417922e+00 4.195324106570634370e+00
4.893230881690979004e+02 1.512046143986327751e+00 4.915346079897457976e+00
4.893655819892883301e+02 1.656050538651692383e+00 5.995379039887692940e+00
4.893855879306793213e+02 1.824055665761284306e+00 7.255417493209632696e+00
4.894159693717956543e+02 1.452044312875759191e+00 4.465332346568193778e+00
4.894467287063598633e+02 1.776054200872829503e+00 6.895406506546221337e+00
4.894622330665588379e+02 1.756053590502639761e+00 6.745401928769798161e+00
4.894750010967254639e+02 1.974060243537705706e+00 8.380451826532793191e+00
4.894925470352172852e+02 1.404042847987304388e+00 4.105321359904783307e+00
4.895060811042785645e+02 1.278039002655110279e+00 3.160292519913327158e+00
4.895210847854614258e+02 1.786054506057924263e+00 6.970408795434432037e+00
4.895527958869934082e+02 1.762053773613696750e+00 6.790403302102725469e+00
4.895766940116882324e+02 1.414043153172398926e+00 4.180323648792992230e+00
4.895966305732727051e+02 1.986060609759819240e+00 8.470454573198644255e+00
4.896100869178771973e+02 1.438043885616626438e+00 4.360329142124697910e+00
4.896220054626464844e+02 1.468044801171910718e+00 4.585336008789330009e+00
4.896355392932891846e+02 1.936059083834345440e+00 8.095443128757590756e+00
4.896534099578857422e+02 1.454044373912777965e+00 4.480332804345835029e+00
4.896696937084197998e+02 1.386042298654133864e+00 3.970317239906004048e+00
4.896842594146728516e+02 1.446044129764702202e+00 4.420330973235266470e+00
4.898001027107238770e+02 1.584048341319010067e+00 5.455362559892575902e+00
4.898312983512878418e+02 1.282039124729148272e+00 3.190293435468611882e+00
4.898872330188751221e+02 1.442044007690664431e+00 4.390330057679983078e+00
4.899007391929626465e+02 1.664050782799768147e+00 6.055380870998261500e+00
4.899257850646972656e+02 1.714052308725241724e+00 6.430392315439313222e+00
4.899695973396301270e+02 1.372041871395001111e+00 3.865314035462508180e+00
4.899848816394805908e+02 1.302039735099337792e+00 3.340298013245033282e+00
4.900021741390228271e+02 1.878057313760796099e+00 7.660429853205970474e+00
4.900150561332702637e+02 1.958059755241553956e+00 8.260448164311654295e+00
4.900261416435241699e+02 1.370041810357982115e+00 3.850313577684866040e+00
4.900447444915771484e+02 1.688051515243995437e+00 6.235386364329965403e+00
4.900993714332580566e+02 1.652050416577654390e+00 5.965378124332407772e+00
4.901258897781372070e+02 1.576048097170934303e+00 5.395360728782007342e+00
4.901435434818267822e+02 1.418043275246436918e+00 4.210324564348276510e+00
4.901572170257568359e+02 1.890057679982909855e+00 7.750432599871824202e+00
4.901731071472167969e+02 1.782054383983886270e+00 6.940407879879146869e+00
4.901842219829559326e+02 1.274038880581072508e+00 3.130291604358043767e+00
4.901973505020141602e+02 1.876057252723777102e+00 7.645429395428328334e+00
4.902111101150512695e+02 1.580048219244972074e+00 5.425361644337290734e+00
4.902438144683837891e+02 1.966059999389629720e+00 8.320449995422222855e+00
4.903499059677124023e+02 1.576048097170934303e+00 5.395360728782007342e+00
4.903644442558288574e+02 1.358041444135868581e+00 3.760310831019014532e+00
4.904202115535736084e+02 1.560047608874782554e+00 5.275357066560869335e+00
4.904341099262237549e+02 1.940059205908383433e+00 8.125444044312875036e+00
4.904574017524719238e+02 1.728052735984374477e+00 6.535395519882808202e+00
4.904871687889099121e+02 1.932058961760307669e+00 8.065442213202306476e+00
4.905159893035888672e+02 1.462044618060853951e+00 4.540334635456404477e+00
4.905469727516174316e+02 1.786054506057924263e+00 6.970408795434432037e+00
4.905833408832550049e+02 1.432043702505569671e+00 4.315327768791772378e+00
4.906089248657226562e+02 1.966059999389629720e+00 8.320449995422222855e+00
4.906536662578582764e+02 1.936059083834345440e+00 8.095443128757590756e+00
4.906724863052368164e+02 1.570047914059877314e+00 5.350359355449080034e+00
4.906881761550903320e+02 1.366041688283944344e+00 3.820312662129582648e+00
4.907052285671234131e+02 1.648050294503616620e+00 5.935377208777124380e+00
4.907185323238372803e+02 1.874057191686758106e+00 7.630428937650686194e+00
4.907382597923278809e+02 1.686051454206976441e+00 6.220385906552323263e+00
4.907937266826629639e+02 1.980060426648762473e+00 8.425453199865717835e+00
4.908126881122589111e+02 1.362041566209906351e+00 3.790311746574297480e+00
4.908280284404754639e+02 1.362041566209906351e+00 3.790311746574297480e+00
4.908487236499786377e+02 1.356041383098849584e+00 3.745310373241371948e+00
4.908671088218688965e+02 1.358041444135868581e+00 3.760310831019014532e+00
4.908802492618560791e+02 1.706052064577165961e+00 6.370390484328744662e+00
4.908935320377349854e+02 1.820055543687246313e+00 7.225416577654347527e+00
4.909189653396606445e+02 1.328040528580584301e+00 3.535303964354382433e+00
4.910295889377593994e+02 1.730052797021393474e+00 6.550395977660451230e+00
4.910435369014739990e+02 1.272038819544053512e+00 3.115291146580401183e+00
4.910985608100891113e+02 1.714052308725241724e+00 6.430392315439313222e+00
4.911119282245635986e+02 1.726052674947355481e+00 6.520395062105166062e+00
4.911369152069091797e+02 1.570047914059877314e+00 5.350359355449080034e+00
4.911693990230560303e+02 1.918058534501175139e+00 7.960439008758813273e+00
4.911923530101776123e+02 1.366041688283944344e+00 3.820312662129582648e+00
4.912074751853942871e+02 1.284039185766167268e+00 3.205293893246254466e+00
4.912222905158996582e+02 1.668050904873805917e+00 6.085381786553544003e+00
4.912374906539916992e+02 1.862056825464644350e+00 7.540426190984832466e+00
4.912524807453155518e+02 1.572047975096896311e+00 5.365359813226722174e+00
4.913135738372802734e+02 1.352041261024811591e+00 3.715309457686086780e+00
4.913256986141204834e+02 1.286039246803186265e+00 3.220294351023897050e+00
4.913431696891784668e+02 1.640050050355540856e+00 5.875375377666556709e+00
4.913574752807617188e+02 1.876057252723777102e+00 7.645429395428328334e+00
4.913749394416809082e+02 1.746053285317545001e+00 6.670399639881587461e+00
4.913914179801940918e+02 1.342040955839716831e+00 3.640307168797876081e+00
4.914089593887329102e+02 1.346041077913754824e+00 3.670308084353161249e+00
4.914228062629699707e+02 1.484045289468062467e+00 4.705339671010468905e+00
4.915405595302581787e+02 1.788054567094943037e+00 6.985409253212072400e+00
4.915707786083221436e+02 1.354041322061830588e+00 3.730309915463729364e+00
4.916272065639495850e+02 1.366041688283944344e+00 3.820312662129582648e+00
4.916409702301025391e+02 1.624049562059389107e+00 5.755371715445418701e+00
4.916639490127563477e+02 1.870057069612720113e+00 7.600428022095401026e+00
4.916940696239471436e+02 1.632049806207464870e+00 5.815373546555986373e+00
4.917228739261627197e+02 1.456044434949796962e+00 4.495333262123477169e+00
4.917535173892974854e+02 1.722052552873317710e+00 6.490394146549882670e+00
4.917892122268676758e+02 1.494045594653157227e+00 4.780341959898679605e+00
4.918088700771331787e+02 1.592048585467085831e+00 5.515364391003143574e+00
4.918396096229553223e+02 1.336040772728660064e+00 3.595305795464950549e+00
4.918742740154266357e+02 1.340040894802697835e+00 3.625306711020233941e+00
4.918893132209777832e+02 1.482045228431043471e+00 4.690339213232825877e+00
4.919021668434143066e+02 1.568047853022858318e+00 5.335358897671437006e+00
4.919195616245269775e+02 1.756053590502639761e+00 6.745401928769798161e+00
4.919323391914367676e+02 1.690051576281014434e+00 6.250386822107608431e+00
4.919905247688293457e+02 1.422043397320474689e+00 4.240325479903560790e+00
4.920087227821350098e+02 1.318040223395489319e+00 3.460301675466169957e+00
4.920317075252532959e+02 1.342040955839716831e+00 3.640307168797876081e+00
4.920472729206085205e+02 1.382042176580095871e+00 3.940316324350718880e+00
4.920611951351165771e+02 1.666050843836786921e+00 6.070381328775901864e+00
4.920743327140808105e+02 1.898057924130985619e+00 7.810434430982391873e+00
4.920876789093017578e+02 1.364041627246925348e+00 3.805312204351940064e+00
4.921016147136688232e+02 1.614049256874294347e+00 5.680369426557208001e+00
4.921414628028869629e+02 1.896057863093966622e+00 7.795433973204749734e+00
4.922431387901306152e+02 1.458044495986815958e+00 4.510333719901119309e+00
4.923035793304443359e+02 1.970060121463667713e+00 8.350450910977507135e+00
4.923168845176696777e+02 1.880057374797815095e+00 7.675430310983613502e+00
4.923447184562683105e+02 1.880057374797815095e+00 7.675430310983613502e+00
4.923777899742126465e+02 1.460044557023834955e+00 4.525334177678762337e+00
4.924047052860260010e+02 1.376041993469039104e+00 3.895314951017793348e+00
4.924210705757141113e+02 1.890057679982909855e+00 7.750432599871824202e+00
4.924350566864013672e+02 1.908058229316080379e+00 7.885436719870602573e+00
4.924478802680969238e+02 1.364041627246925348e+00 3.805312204351940064e+00
4.924611344337463379e+02 1.668050904873805917e+00 6.085381786553544003e+00
4.925208292007446289e+02 1.602048890652180591e+00 5.590366679891354273e+00
4.925372478961944580e+02 1.910058290353099375e+00 7.900437177648245601e+00
4.925566544532775879e+02 1.810055238502151553e+00 7.150414288766136828e+00
4.925700862407684326e+02 1.370041810357982115e+00 3.850313577684866040e+00
4.925824916362762451e+02 1.478045106357005478e+00 4.660338297677540709e+00
4.925984673500061035e+02 1.902058046205023389e+00 7.840435346537675265e+00
4.926168138980865479e+02 1.916058473464156142e+00 7.945438550981171133e+00
4.926491403579711914e+02 1.460044557023834955e+00 4.525334177678762337e+00
4.927622699737548828e+02 1.746053285317545001e+00 6.670399639881587461e+00
4.927767922878265381e+02 1.876057252723777102e+00 7.645429395428328334e+00
4.928316137790679932e+02 1.774054139835810506e+00 6.880406048768579197e+00
4.928518409729003906e+02 1.326040467543565304e+00 3.520303506576739849e+00
4.928713507652282715e+02 1.448044190801721198e+00 4.435331431012908610e+00
4.929000413417816162e+02 1.366041688283944344e+00 3.820312662129582648e+00
4.929287774562835693e+02 1.914058412427137146e+00 7.930438093203528993e+00
4.929590587615966797e+02 1.280039063692129275e+00 3.175292977690969742e+00
4.929948616027832031e+02 1.936059083834345440e+00 8.095443128757590756e+00
4.930214123725891113e+02 1.346041077913754824e+00 3.670308084353161249e+00
4.930561840534210205e+02 1.808055177465132557e+00 7.135413830988493800e+00
4.930810189247131348e+02 1.884057496871852866e+00 7.705431226538896894e+00
4.930991590023040771e+02 1.904058107242042386e+00 7.855435804315318293e+00
4.931121270656585693e+02 1.592048585467085831e+00 5.515364391003143574e+00
4.931298010349273682e+02 1.322040345469527312e+00 3.490302591021454681e+00
4.931469759941101074e+02 1.360041505172887355e+00 3.775311288796655340e+00
4.931969265937805176e+02 1.336040772728660064e+00 3.595305795464950549e+00
4.932152237892150879e+02 1.542047059541612031e+00 5.140352946562090075e+00
4.932314956188201904e+02 1.574048036133915307e+00 5.380360271004365202e+00
4.932492027282714844e+02 1.344041016876735828e+00 3.655307626575518665e+00
4.932661275863647461e+02 1.476045045319986482e+00 4.645337839899898569e+00
4.932858030796051025e+02 1.710052186651203954e+00 6.400391399884029831e+00
4.932983443737030029e+02 1.878057313760796099e+00 7.660429853205970474e+00
4.933135626316070557e+02 1.544047120578631027e+00 5.155353404339733103e+00
4.933486435413360596e+02 1.584048341319010067e+00 5.455362559892575902e+00
4.934441621303558350e+02 1.464044679097872725e+00 4.555335093234045729e+00
4.934584577083587646e+02 1.746053285317545001e+00 6.670399639881587461e+00
4.935126469135284424e+02 1.764053834650715746e+00 6.805403759880368497e+00
4.935275399684906006e+02 1.340040894802697835e+00 3.625306711020233941e+00
4.935555319786071777e+02 1.310039979247413555e+00 3.400299844355601842e+00
4.935847353935241699e+02 1.890057679982909855e+00 7.750432599871824202e+00
4.936120028495788574e+02 1.460044557023834955e+00 4.525334177678762337e+00
4.936276774406433105e+02 1.290039368877224035e+00 3.250295266579180442e+00
4.936507461071014404e+02 1.362041566209906351e+00 3.790311746574297480e+00
4.936625325679779053e+02 1.500045777764213994e+00 4.825343333231605136e+00
4.937328794002532959e+02 1.964059938352610724e+00 8.305449537644580715e+00
4.937582581043243408e+02 1.794054750206000026e+00 7.030410626545000596e+00
4.937727789878845215e+02 1.578048158207953300e+00 5.410361186559649482e+00
4.937907912731170654e+02 1.358041444135868581e+00 3.760310831019014532e+00
4.938122994899749756e+02 1.360041505172887355e+00 3.775311288796655340e+00
4.938291120529174805e+02 1.356041383098849584e+00 3.745310373241371948e+00
4.938438718318939209e+02 1.504045899838251987e+00 4.855344248786890304e+00
4.938846316337585449e+02 1.340040894802697835e+00 3.625306711020233941e+00
4.939873690605163574e+02 1.278039002655110279e+00 3.160292519913327158e+00
4.940468482971191406e+02 1.818055482650227317e+00 7.210416119876704499e+00
4.940622103214263916e+02 1.778054261909848277e+00 6.910406964323861700e+00
4.940881719589233398e+02 1.776054200872829503e+00 6.895406506546221337e+00
4.941218581199645996e+02 1.338040833765679061e+00 3.610306253242593133e+00
4.941529083251953125e+02 1.874057191686758106e+00 7.630428937650686194e+00
4.942065060138702393e+02 1.478045106357005478e+00 4.660338297677540709e+00
4.942292869091033936e+02 1.654050477614673387e+00 5.980378582110050800e+00
4.942657921314239502e+02 1.288039307840205039e+00 3.235294808801537858e+00
4.942917532920837402e+02 1.876057252723777102e+00 7.645429395428328334e+00
4.943070795536041260e+02 1.498045716727194998e+00 4.810342875453962108e+00
4.943197000026702881e+02 1.850056459242530593e+00 7.450423444318979627e+00
4.943343162536621094e+02 1.750053407391582994e+00 6.700400555436872629e+00
4.943509035110473633e+02 1.522046449171422511e+00 4.990348368785668676e+00
4.943792228698730469e+02 1.470044862208929715e+00 4.600336466566973037e+00
4.944288518428802490e+02 1.356041383098849584e+00 3.745310373241371948e+00
4.944454491138458252e+02 1.346041077913754824e+00 3.670308084353161249e+00
4.944624483585357666e+02 1.878057313760796099e+00 7.660429853205970474e+00
4.944811978340148926e+02 1.846056337168492822e+00 7.420422528763696235e+00
4.945062713623046875e+02 1.974060243537705706e+00 8.380451826532793191e+00
4.945199394226074219e+02 1.874057191686758106e+00 7.630428937650686194e+00
4.945619556903839111e+02 1.912058351390118149e+00 7.915437635425885965e+00
4.946697084903717041e+02 1.316040162358470544e+00 3.445301217688529150e+00
4.947272632122039795e+02 1.366041688283944344e+00 3.820312662129582648e+00
4.947407226562500000e+02 1.746053285317545001e+00 6.670399639881587461e+00
4.947694847583770752e+02 1.460044557023834955e+00 4.525334177678762337e+00
4.948102090358734131e+02 1.762053773613696750e+00 6.790403302102725469e+00
4.948248500823974609e+02 1.382042176580095871e+00 3.940316324350718880e+00
4.948378405570983887e+02 1.892057741019928629e+00 7.765433057649464565e+00
4.948536057472229004e+02 1.516046266060365522e+00 4.945346995452741368e+00
4.948664104938507080e+02 1.308039918210394559e+00 3.385299386577959257e+00
4.948836109638214111e+02 1.870057069612720113e+00 7.600428022095401026e+00
4.949277994632720947e+02 1.892057741019928629e+00 7.765433057649464565e+00
4.949579083919525146e+02 1.304039796136356788e+00 3.355298471022675866e+00
4.949732661247253418e+02 1.544047120578631027e+00 5.155353404339733103e+00
4.949935078620910645e+02 1.366041688283944344e+00 3.820312662129582648e+00
4.950105628967285156e+02 1.366041688283944344e+00 3.820312662129582648e+00
4.950250782966613770e+02 1.368041749320963341e+00 3.835313119907225232e+00
4.950452914237976074e+02 1.876057252723777102e+00 7.645429395428328334e+00
4.951637892723083496e+02 1.656050538651692383e+00 5.995379039887692940e+00
4.951951031684875488e+02 1.364041627246925348e+00 3.805312204351940064e+00
4.952809231281280518e+02 1.662050721762749150e+00 6.040380413220618472e+00
4.952950515747070312e+02 1.900057985168004615e+00 7.825434888760034902e+00
4.953150613307952881e+02 1.782054383983886270e+00 6.940407879879146869e+00
4.953434870243072510e+02 1.606049012726218583e+00 5.620367595446639442e+00
4.953721864223480225e+02 1.740053102206488234e+00 6.625398266548661930e+00
4.954004652500152588e+02 1.322040345469527312e+00 3.490302591021454681e+00
4.954431505203247070e+02 1.884057496871852866e+00 7.705431226538896894e+00
4.954632203578948975e+02 1.920058595538193913e+00 7.975439466536454525e+00
4.954926438331604004e+02 1.882057435834833869e+00 7.690430768761253866e+00
4.955241236686706543e+02 1.412043092135379929e+00 4.165323191015350091e+00
4.955425162315368652e+02 1.872057130649739110e+00 7.615428479873043166e+00
4.955556232929229736e+02 1.898057924130985619e+00 7.810434430982391873e+00
4.955708088874816895e+02 1.366041688283944344e+00 3.820312662129582648e+00
4.955850925445556641e+02 1.494045594653157227e+00 4.780341959898679605e+00
4.955971415042877197e+02 1.894057802056947626e+00 7.780433515427107594e+00
4.956601386070251465e+02 1.324040406506546308e+00 3.505303048799097265e+00
4.956735434532165527e+02 1.788054567094943037e+00 6.985409253212072400e+00
4.956869771480560303e+02 1.352041261024811591e+00 3.715309457686086780e+00
4.957000801563262939e+02 1.836056031983398062e+00 7.345420239875485535e+00
4.957115159034729004e+02 1.582048280281991071e+00 5.440362102114932874e+00
4.957253625392913818e+02 1.476045045319986482e+00 4.645337839899898569e+00
4.957452242374420166e+02 1.736052980132450241e+00 6.595397350993376762e+00
4.957611405849456787e+02 1.890057679982909855e+00 7.750432599871824202e+00
4.957829182147979736e+02 1.904058107242042386e+00 7.855435804315318293e+00
4.958066446781158447e+02 1.878057313760796099e+00 7.660429853205970474e+00
4.959112422466278076e+02 1.368041749320963341e+00 3.835313119907225232e+00
4.959716186523437500e+02 1.712052247688222950e+00 6.415391857661671970e+00
4.959851360321044922e+02 1.410043031098361155e+00 4.150322733237708839e+00
4.960105540752410889e+02 1.488045411542100238e+00 4.735340586565751408e+00
4.960395662784576416e+02 1.346041077913754824e+00 3.670308084353161249e+00
4.960669538974761963e+02 1.734052919095431466e+00 6.580396893215736398e+00
4.960879588127136230e+02 1.478045106357005478e+00 4.660338297677540709e+00
4.961003665924072266e+02 1.800054933317056793e+00 7.075411999877926128e+00
4.961155138015747070e+02 1.772054078798791510e+00 6.865405590990936169e+00
4.961310768127441406e+02 1.698051820429090197e+00 6.310388653218176103e+00
4.961731312274932861e+02 1.352041261024811591e+00 3.715309457686086780e+00
4.962015514373779297e+02 1.524046510208441507e+00 5.005348826563311704e+00
4.962268116474151611e+02 1.806055116428113783e+00 7.120413373210853436e+00
4.962416133880615234e+02 1.758053651539658757e+00 6.760402386547440301e+00
4.962563116550445557e+02 1.906058168279061382e+00 7.870436262092960433e+00
4.962731373310089111e+02 1.550047303689687794e+00 5.200354777672658635e+00
4.962896428108215332e+02 1.358041444135868581e+00 3.760310831019014532e+00
4.964094717502593994e+02 1.706052064577165961e+00 6.370390484328744662e+00
4.964399127960205078e+02 1.758053651539658757e+00 6.760402386547440301e+00
4.964954109191894531e+02 1.984060548722800466e+00 8.455454115421003891e+00
4.965091753005981445e+02 1.370041810357982115e+00 3.850313577684866040e+00
4.965274822711944580e+02 1.310039979247413555e+00 3.400299844355601842e+00
4.965614848136901855e+02 1.476045045319986482e+00 4.645337839899898569e+00
4.965909416675567627e+02 1.942059266945402429e+00 8.140444502090517176e+00
4.966259448528289795e+02 1.740053102206488234e+00 6.625398266548661930e+00
4.966575908660888672e+02 1.890057679982909855e+00 7.750432599871824202e+00
4.966768712997436523e+02 1.392042481765190631e+00 4.015318613238929579e+00
4.967198355197906494e+02 1.678051210058900677e+00 6.160384075441754703e+00
4.967426462173461914e+02 1.876057252723777102e+00 7.645429395428328334e+00
4.967591173648834229e+02 1.882057435834833869e+00 7.690430768761253866e+00
4.967806146144866943e+02 1.968060060426648716e+00 8.335450453199864995e+00
4.967974362373352051e+02 1.904058107242042386e+00 7.855435804315318293e+00
4.968558404445648193e+02 1.356041383098849584e+00 3.745310373241371948e+00
4.968728287220001221e+02 1.358041444135868581e+00 3.760310831019014532e+00
4.968863792419433594e+02 1.446044129764702202e+00 4.420330973235266470e+00
4.969066379070281982e+02 1.716052369762260721e+00 6.445392773216955362e+00
4.969217307567596436e+02 1.872057130649739110e+00 7.615428479873043166e+00
4.969419095516204834e+02 1.674051087984862685e+00 6.130383159886470423e+00
4.969576625823974609e+02 1.846056337168492822e+00 7.420422528763696235e+00
4.969858038425445557e+02 1.384042237617114868e+00 3.955316782128361464e+00
4.970991771221160889e+02 1.366041688283944344e+00 3.820312662129582648e+00
4.971136922836303711e+02 1.852056520279549590e+00 7.465423902096621767e+00
4.971685981750488281e+02 1.362041566209906351e+00 3.790311746574297480e+00
4.971818425655364990e+02 1.702051942503128190e+00 6.340389568773461271e+00
4.972062542438507080e+02 1.854056581316568586e+00 7.480424359874264795e+00
4.972356421947479248e+02 1.492045533616138231e+00 4.765341502121036577e+00
4.972639887332916260e+02 1.776054200872829503e+00 6.895406506546221337e+00
4.972770338058471680e+02 1.964059938352610724e+00 8.305449537644580715e+00
4.972914519309997559e+02 1.370041810357982115e+00 3.850313577684866040e+00
4.973068828582763672e+02 1.296039551988281024e+00 3.295296639912107750e+00
4.973243215084075928e+02 1.880057374797815095e+00 7.675430310983613502e+00
4.973709254264831543e+02 1.892057741019928629e+00 7.765433057649464565e+00
4.973970468044281006e+02 1.306039857173375784e+00 3.370298928800318450e+00
4.974172530174255371e+02 1.752053468428601990e+00 6.715401013214514769e+00
4.974301254749298096e+02 1.372041871395001111e+00 3.865314035462508180e+00
4.974477992057800293e+02 1.494045594653157227e+00 4.780341959898679605e+00
4.974629647731781006e+02 1.882057435834833869e+00 7.690430768761253866e+00
4.974765665531158447e+02 1.824055665761284306e+00 7.255417493209632696e+00
4.974922318458557129e+02 1.566047791985839543e+00 5.320358439893796643e+00
4.975325627326965332e+02 1.322040345469527312e+00 3.490302591021454681e+00
4.976405696868896484e+02 1.888057618945890859e+00 7.735432142094181174e+00
4.976995017528533936e+02 1.794054750206000026e+00 7.030410626545000596e+00
4.977134790420532227e+02 1.788054567094943037e+00 6.985409253212072400e+00
4.977321603298187256e+02 1.502045838801232991e+00 4.840343791009247276e+00
4.977611355781555176e+02 1.366041688283944344e+00 3.820312662129582648e+00
4.977909240722656250e+02 1.882057435834833869e+00 7.690430768761253866e+00
4.978209867477416992e+02 1.448044190801721198e+00 4.435331431012908610e+00
4.978620998859405518e+02 1.880057374797815095e+00 7.675430310983613502e+00
4.978893430233001709e+02 1.782054383983886270e+00 6.940407879879146869e+00
4.979337255954742432e+02 1.962059877315591949e+00 8.290449079866938575e+00
4.979489095211029053e+02 1.344041016876735828e+00 3.655307626575518665e+00
4.979668231010437012e+02 1.678051210058900677e+00 6.160384075441754703e+00
4.979799907207489014e+02 1.882057435834833869e+00 7.690430768761253866e+00
4.979924094676971436e+02 1.572047975096896311e+00 5.365359813226722174e+00
4.980049164295196533e+02 1.498045716727194998e+00 4.810342875453962108e+00
4.980518472194671631e+02 1.480045167394024475e+00 4.675338755455183737e+00
4.980786359310150146e+02 1.368041749320963341e+00 3.835313119907225232e+00
4.980963218212127686e+02 1.902058046205023389e+00 7.840435346537675265e+00
4.981196846961975098e+02 1.510046082949308754e+00 4.900345622119815836e+00
4.981357414722442627e+02 1.792054689168981030e+00 7.015410168767357568e+00
4.981509253978729248e+02 1.440043946653645435e+00 4.375329599902340938e+00
4.981670160293579102e+02 1.314040101321451548e+00 3.430300759910886566e+00
4.981945111751556396e+02 1.876057252723777102e+00 7.645429395428328334e+00
4.983109903335571289e+02 1.826055726798303303e+00 7.270417950987274835e+00
4.983254942893981934e+02 1.276038941618091505e+00 3.145292062135686351e+00
4.983802337646484375e+02 1.740053102206488234e+00 6.625398266548661930e+00
4.983935306072235107e+02 1.584048341319010067e+00 5.455362559892575902e+00
4.984226014614105225e+02 1.570047914059877314e+00 5.350359355449080034e+00
4.984549005031585693e+02 1.436043824579607442e+00 4.345328684347055770e+00
4.984783089160919189e+02 1.366041688283944344e+00 3.820312662129582648e+00
4.984940073490142822e+02 1.562047669911801551e+00 5.290357524338511475e+00
4.985133152008056641e+02 1.394042542802209628e+00 4.030319071016572607e+00
4.985294153690338135e+02 1.358041444135868581e+00 3.760310831019014532e+00
4.985564901828765869e+02 1.554047425763725787e+00 5.230355693227943803e+00
4.986093575954437256e+02 1.352041261024811591e+00 3.715309457686086780e+00
4.986236860752105713e+02 1.670050965910824914e+00 6.100382244331187032e+00
4.986405344009399414e+02 1.866056947538682342e+00 7.570427106540117634e+00
4.986595978736877441e+02 1.772054078798791510e+00 6.865405590990936169e+00
4.986787672042846680e+02 1.492045533616138231e+00 4.765341502121036577e+00
4.986919953823089600e+02 1.500045777764213994e+00 4.825343333231605136e+00
4.987261383533477783e+02 1.334040711691641068e+00 3.580305337687307965e+00
4.988209462165832520e+02 1.328040528580584301e+00 3.535303964354382433e+00
4.988509073257446289e+02 1.478045106357005478e+00 4.660338297677540709e+00
4.989074418544769287e+02 1.352041261024811591e+00 3.715309457686086780e+00
4.989212982654571533e+02 1.734052919095431466e+00 6.580396893215736398e+00
4.989383177757263184e+02 1.894057802056947626e+00 7.780433515427107594e+00
4.989682741165161133e+02 1.794054750206000026e+00 7.030410626545000596e+00
4.989970812797546387e+02 1.476045045319986482e+00 4.645337839899898569e+00
4.990254151821136475e+02 1.490045472579119235e+00 4.750341044343394437e+00
4.990673134326934814e+02 1.680051271095919674e+00 6.175384533219397731e+00
4.990881116390228271e+02 1.894057802056947626e+00 7.780433515427107594e+00
4.991186273097991943e+02 1.520046388134403514e+00 4.975347911008026536e+00
4.991493918895721436e+02 1.416043214209417922e+00 4.195324106570634370e+00
