6.244732813835144043e+02 1.296039551988281024e+00 3.295296639912107750e+00
6.245060944557189941e+02 1.440043946653645435e+00 4.375329599902340938e+00
6.245211849212646484e+02 1.450044251838740195e+00 4.450331888790551638e+00
6.245339543819427490e+02 1.434043763542588446e+00 4.330328226569413630e+00
6.245466403961181641e+02 1.870057069612720113e+00 7.600428022095401026e+00
6.245596783161163330e+02 1.452044312875759191e+00 4.465332346568193778e+00
6.245754027366638184e+02 1.452044312875759191e+00 4.465332346568193778e+00
6.245910739898681641e+02 1.838056093020417059e+00 7.360420697653127675e+00
6.246075043678283691e+02 1.868057008575701339e+00 7.585427564317759774e+00
6.246233305931091309e+02 1.570047914059877314e+00 5.350359355449080034e+00
6.246369409561157227e+02 1.302039735099337792e+00 3.340298013245033282e+00
6.246550724506378174e+02 1.836056031983398062e+00 7.345420239875485535e+00
6.246903774738311768e+02 1.836056031983398062e+00 7.345420239875485535e+00
6.247070577144622803e+02 1.938059144871364436e+00 8.110443586535232896e+00
6.247194435596466064e+02 1.464044679097872725e+00 4.555335093234045729e+00
6.247323069572448730e+02 1.616049317911313343e+00 5.695369884334850141e+00
6.247457253932952881e+02 1.914058412427137146e+00 7.930438093203528993e+00
6.247674629688262939e+02 1.308039918210394559e+00 3.385299386577959257e+00
6.247831821441650391e+02 1.558047547837763558e+00 5.260356608783226307e+00
6.247983846664428711e+02 1.300039674062318795e+00 3.325297555467391142e+00
6.248120336532592773e+02 1.630049745170446096e+00 5.800373088778346009e+00
6.248303802013397217e+02 1.884057496871852866e+00 7.705431226538896894e+00
6.248471629619598389e+02 1.704052003540146965e+00 6.355390026551102522e+00
6.248650157451629639e+02 1.510046082949308754e+00 4.900345622119815836e+00
6.248790905475616455e+02 1.300039674062318795e+00 3.325297555467391142e+00
6.249228365421295166e+02 1.600048829615161594e+00 5.575366222113712134e+00
6.251379380226135254e+02 1.238037781914731239e+00 2.860283364360484359e+00
6.252002205848693848e+02 1.794054750206000026e+00 7.030410626545000596e+00
6.252135527133941650e+02 1.472044923245948711e+00 4.615336924344615177e+00
6.252421512603759766e+02 1.488045411542100238e+00 4.735340586565751408e+00
6.252923905849456787e+02 1.850056459242530593e+00 7.450423444318979627e+00
6.253073370456695557e+02 1.868057008575701339e+00 7.585427564317759774e+00
6.253212623596191406e+02 1.472044923245948711e+00 4.615336924344615177e+00
6.253369874954223633e+02 1.498045716727194998e+00 4.810342875453962108e+00
6.253508551120758057e+02 1.700051881466109194e+00 6.325389110995819131e+00
6.253857436180114746e+02 1.784054445020905266e+00 6.955408337656789897e+00
6.254204099178314209e+02 1.838056093020417059e+00 7.360420697653127675e+00
6.254351253509521484e+02 1.578048158207953300e+00 5.410361186559649482e+00
6.254504220485687256e+02 1.836056031983398062e+00 7.345420239875485535e+00
6.254635624885559082e+02 1.636049928281502863e+00 5.845374462111271541e+00
6.254769146442413330e+02 1.336040772728660064e+00 3.595305795464950549e+00
6.254982988834381104e+02 1.458044495986815958e+00 4.510333719901119309e+00
6.255155620574951172e+02 1.422043397320474689e+00 4.240325479903560790e+00
6.255296144485473633e+02 1.836056031983398062e+00 7.345420239875485535e+00
6.255670518875122070e+02 1.870057069612720113e+00 7.600428022095401026e+00
6.257753295898437500e+02 1.846056337168492822e+00 7.420422528763696235e+00
6.258071630001068115e+02 1.352041261024811591e+00 3.715309457686086780e+00
6.258637700080871582e+02 1.734052919095431466e+00 6.580396893215736398e+00
6.258840010166168213e+02 1.304039796136356788e+00 3.355298471022675866e+00
6.259013161659240723e+02 1.308039918210394559e+00 3.385299386577959257e+00
6.259305694103240967e+02 1.308039918210394559e+00 3.385299386577959257e+00
6.259595046043395996e+02 1.836056031983398062e+00 7.345420239875485535e+00
6.259855046272277832e+02 1.282039124729148272e+00 3.190293435468611882e+00
6.260263845920562744e+02 1.530046693319498274e+00 5.050350199896237235e+00
6.260480241775512695e+02 1.342040955839716831e+00 3.640307168797876081e+00
6.261114313602447510e+02 1.846056337168492822e+00 7.420422528763696235e+00
6.261234529018402100e+02 1.738053041169469237e+00 6.610397808771018902e+00
6.261376276016235352e+02 1.326040467543565304e+00 3.520303506576739849e+00
6.261609272956848145e+02 1.318040223395489319e+00 3.460301675466169957e+00
6.262042150497436523e+02 1.444044068727683205e+00 4.405330515457624330e+00
6.262284822463989258e+02 1.504045899838251987e+00 4.855344248786890304e+00
6.262446594238281250e+02 1.454044373912777965e+00 4.480332804345835029e+00
6.262586464881896973e+02 1.302039735099337792e+00 3.340298013245033282e+00
6.262767901420593262e+02 1.708052125614184957e+00 6.385390942106386802e+00
6.262915873527526855e+02 1.834055970946379066e+00 7.330419782097843395e+00
6.263075594902038574e+02 1.862056825464644350e+00 7.540426190984832466e+00
6.263210530281066895e+02 1.330040589617603075e+00 3.550304422132023241e+00
6.263397829532623291e+02 1.248038087099825999e+00 2.935285653248695059e+00
6.263868083953857422e+02 1.664050782799768147e+00 6.055380870998261500e+00
6.265996603965759277e+02 1.320040284432508315e+00 3.475302133243812541e+00
6.266731891632080078e+02 1.702051942503128190e+00 6.340389568773461271e+00
6.266861085891723633e+02 1.822055604724265310e+00 7.240417035431989667e+00
6.267098183631896973e+02 1.332040650654622072e+00 3.565304879909665381e+00
6.267383680343627930e+02 1.726052674947355481e+00 6.520395062105166062e+00
6.267656369209289551e+02 1.386042298654133864e+00 3.970317239906004048e+00
6.267822709083557129e+02 1.374041932432020108e+00 3.880314493240150764e+00
6.267985255718231201e+02 1.220037232581560716e+00 2.725279244361705544e+00
6.268152122497558594e+02 1.794054750206000026e+00 7.030410626545000596e+00
6.268285565376281738e+02 1.844056276131473826e+00 7.405422070986054095e+00
6.268827912807464600e+02 1.752053468428601990e+00 6.715401013214514769e+00
6.268985774517059326e+02 1.322040345469527312e+00 3.490302591021454681e+00
6.269197571277618408e+02 1.298039613025299799e+00 3.310297097689748558e+00
6.269338779449462891e+02 1.646050233466597623e+00 5.920376750999482240e+00
6.269509749412536621e+02 1.840056154057435833e+00 7.375421155430768927e+00
6.269651906490325928e+02 1.756053590502639761e+00 6.745401928769798161e+00
6.269835925102233887e+02 1.324040406506546308e+00 3.505303048799097265e+00
6.269997885227203369e+02 1.298039613025299799e+00 3.310297097689748558e+00
6.270111098289489746e+02 1.642050111392559630e+00 5.890375835444197072e+00
6.270523586273193359e+02 1.860056764427625353e+00 7.525425733207190326e+00
6.272756671905517578e+02 1.710052186651203954e+00 6.400391399884029831e+00
6.273341395854949951e+02 1.442044007690664431e+00 4.390330057679983078e+00
6.273484737873077393e+02 1.842056215094454830e+00 7.390421613208411067e+00
6.273671295642852783e+02 1.754053529465620986e+00 6.730401470992157797e+00
6.273959805965423584e+02 1.680051271095919674e+00 6.175384533219397731e+00
6.274247930049896240e+02 1.628049684133427100e+00 5.785372631000702981e+00
6.274535489082336426e+02 1.298039613025299799e+00 3.310297097689748558e+00
6.274961285591125488e+02 1.832055909909360070e+00 7.315419324320200367e+00
6.275162336826324463e+02 1.842056215094454830e+00 7.390421613208411067e+00
6.275531837940216064e+02 1.604048951689199587e+00 5.605367137668997302e+00
6.275822424888610840e+02 1.418043275246436918e+00 4.210324564348276510e+00
6.275953104496002197e+02 1.418043275246436918e+00 4.210324564348276510e+00
6.276151449680328369e+02 1.840056154057435833e+00 7.375421155430768927e+00
6.276309015750885010e+02 1.838056093020417059e+00 7.360420697653127675e+00
6.276910159587860107e+02 1.330040589617603075e+00 3.550304422132023241e+00
6.277097589969635010e+02 1.860056764427625353e+00 7.525425733207190326e+00
6.277273416519165039e+02 1.526046571245460504e+00 5.020349284340953844e+00
6.277435228824615479e+02 1.456044434949796962e+00 4.495333262123477169e+00
6.277586488723754883e+02 1.458044495986815958e+00 4.510333719901119309e+00
6.277729234695434570e+02 1.716052369762260721e+00 6.445392773216955362e+00
6.277860383987426758e+02 1.718052430799279717e+00 6.460393230994597502e+00
6.278084380626678467e+02 1.522046449171422511e+00 4.990348368785668676e+00
6.280376110076904297e+02 1.736052980132450241e+00 6.595397350993376762e+00
6.280704276561737061e+02 1.552047364726706791e+00 5.215355235450300775e+00
6.281269891262054443e+02 1.956059694204534960e+00 8.245447706534012156e+00
6.281405382156372070e+02 1.318040223395489319e+00 3.460301675466169957e+00
6.281638576984405518e+02 1.608049073763237580e+00 5.635368053224281581e+00
6.282082498073577881e+02 1.506045960875270762e+00 4.870344706564530668e+00
6.282333030700683594e+02 1.886057557908871862e+00 7.720431684316539034e+00
6.282503035068511963e+02 1.744053224280526226e+00 6.655399182103947098e+00
6.282635397911071777e+02 1.462044618060853951e+00 4.540334635456404477e+00
6.282776920795440674e+02 1.438043885616626438e+00 4.360329142124697910e+00
6.282919147014617920e+02 1.862056825464644350e+00 7.540426190984832466e+00
6.283386197090148926e+02 1.348041138950773821e+00 3.685308542130803833e+00
6.283596878051757812e+02 1.582048280281991071e+00 5.440362102114932874e+00
6.283813748359680176e+02 1.596048707541123823e+00 5.545365306558428742e+00
6.283982529640197754e+02 1.638049989318521860e+00 5.860374919888913681e+00
6.284138021469116211e+02 1.836056031983398062e+00 7.345420239875485535e+00
6.284318301677703857e+02 1.856056642353587582e+00 7.495424817651906935e+00
6.284487447738647461e+02 1.536046876430555264e+00 5.095351573229164543e+00
6.284656875133514404e+02 1.514046205023346747e+00 4.930346537675101004e+00
6.284980130195617676e+02 1.300039674062318795e+00 3.325297555467391142e+00
6.285226218700408936e+02 1.852056520279549590e+00 7.465423902096621767e+00
6.287337079048156738e+02 1.706052064577165961e+00 6.370390484328744662e+00
6.287939538955688477e+02 1.718052430799279717e+00 6.460393230994597502e+00
6.288073654174804688e+02 1.850056459242530593e+00 7.450423444318979627e+00
6.288304505348205566e+02 1.852056520279549590e+00 7.465423902096621767e+00
6.288593466281890869e+02 1.866056947538682342e+00 7.570427106540117634e+00
6.288880722522735596e+02 1.422043397320474689e+00 4.240325479903560790e+00
6.289173982143402100e+02 1.512046143986327751e+00 4.915346079897457976e+00
6.289600572586059570e+02 1.570047914059877314e+00 5.350359355449080034e+00
6.289709420204162598e+02 1.726052674947355481e+00 6.520395062105166062e+00
6.289937899112701416e+02 1.932058961760307669e+00 8.065442213202306476e+00
6.290434961318969727e+02 1.834055970946379066e+00 7.330419782097843395e+00
6.290656342506408691e+02 1.386042298654133864e+00 3.970317239906004048e+00
6.290793957710266113e+02 1.262038514358958752e+00 3.040288857692190483e+00
6.290962536334991455e+02 1.822055604724265310e+00 7.240417035431989667e+00
6.291204419136047363e+02 1.844056276131473826e+00 7.405422070986054095e+00
6.291565463542938232e+02 1.580048219244972074e+00 5.425361644337290734e+00
6.291738283634185791e+02 1.808055177465132557e+00 7.135413830988493800e+00
6.291923902034759521e+02 1.844056276131473826e+00 7.405422070986054095e+00
6.292065196037292480e+02 1.598048768578142820e+00 5.560365764336070882e+00
6.292192823886871338e+02 1.294039490951262028e+00 3.280296182134465166e+00
6.292380976676940918e+02 1.724052613910336706e+00 6.505394604327525698e+00
6.292531657218933105e+02 1.852056520279549590e+00 7.465423902096621767e+00
6.292674655914306641e+02 1.810055238502151553e+00 7.150414288766136828e+00
6.292808973789215088e+02 1.328040528580584301e+00 3.535303964354382433e+00
6.293108241558074951e+02 1.666050843836786921e+00 6.070381328775901864e+00
6.295136396884918213e+02 1.876057252723777102e+00 7.645429395428328334e+00
6.295444626808166504e+02 1.270038758507034515e+00 3.100290688802759043e+00
6.296021006107330322e+02 1.442044007690664431e+00 4.390330057679983078e+00
6.296164681911468506e+02 1.446044129764702202e+00 4.420330973235266470e+00
6.296409697532653809e+02 1.862056825464644350e+00 7.540426190984832466e+00
6.296709067821502686e+02 1.338040833765679061e+00 3.610306253242593133e+00
6.296989991664886475e+02 1.830055848872341073e+00 7.300418866542558227e+00
6.297139554023742676e+02 1.836056031983398062e+00 7.345420239875485535e+00
6.297295658588409424e+02 1.866056947538682342e+00 7.570427106540117634e+00
6.297482643127441406e+02 1.638049989318521860e+00 5.860374919888913681e+00
6.297611794471740723e+02 1.326040467543565304e+00 3.520303506576739849e+00
6.297827630043029785e+02 1.424043458357493686e+00 4.255325937681202930e+00
6.298265287876129150e+02 1.834055970946379066e+00 7.330419782097843395e+00
6.298411939144134521e+02 1.324040406506546308e+00 3.505303048799097265e+00
6.298537855148315430e+02 1.650050355540635616e+00 5.950377666554767409e+00
6.298694453239440918e+02 1.750053407391582994e+00 6.700400555436872629e+00
6.298825962543487549e+02 1.332040650654622072e+00 3.565304879909665381e+00
6.299035863876342773e+02 1.446044129764702202e+00 4.420330973235266470e+00
6.299231224060058594e+02 1.296039551988281024e+00 3.295296639912107750e+00
6.299390425682067871e+02 1.558047547837763558e+00 5.260356608783226307e+00
6.301775212287902832e+02 1.832055909909360070e+00 7.315419324320200367e+00
6.302094581127166748e+02 1.342040955839716831e+00 3.640307168797876081e+00
6.302850203514099121e+02 1.730052797021393474e+00 6.550395977660451230e+00
6.302979669570922852e+02 1.332040650654622072e+00 3.565304879909665381e+00
6.303104567527770996e+02 1.830055848872341073e+00 7.300418866542558227e+00
6.303231923580169678e+02 1.514046205023346747e+00 4.930346537675101004e+00
6.303344330787658691e+02 1.498045716727194998e+00 4.810342875453962108e+00
6.303489129543304443e+02 1.836056031983398062e+00 7.345420239875485535e+00
6.303607923984527588e+02 1.326040467543565304e+00 3.520303506576739849e+00
6.303813817501068115e+02 1.690051576281014434e+00 6.250386822107608431e+00
6.303991677761077881e+02 1.458044495986815958e+00 4.510333719901119309e+00
6.304111213684082031e+02 1.824055665761284306e+00 7.255417493209632696e+00
6.304271519184112549e+02 1.492045533616138231e+00 4.765341502121036577e+00
6.304453167915344238e+02 1.314040101321451548e+00 3.430300759910886566e+00
6.304655895233154297e+02 1.466044740134891722e+00 4.570335551011687869e+00
6.304929311275482178e+02 1.448044190801721198e+00 4.435331431012908610e+00
6.305201697349548340e+02 1.858056703390606579e+00 7.510425275429549075e+00
6.305515985488891602e+02 1.354041322061830588e+00 3.730309915463729364e+00
6.305825402736663818e+02 1.964059938352610724e+00 8.305449537644580715e+00
6.306170332431793213e+02 1.410043031098361155e+00 4.150322733237708839e+00
6.306284320354461670e+02 1.962059877315591949e+00 8.290449079866938575e+00
6.306515533924102783e+02 1.726052674947355481e+00 6.520395062105166062e+00
6.306698026657104492e+02 1.870057069612720113e+00 7.600428022095401026e+00
6.306913623809814453e+02 1.506045960875270762e+00 4.870344706564530668e+00
6.307252831459045410e+02 1.474044984282967707e+00 4.630337382122258205e+00
6.307544345855712891e+02 1.320040284432508315e+00 3.475302133243812541e+00
6.307692129611968994e+02 1.836056031983398062e+00 7.345420239875485535e+00
6.307824325561523438e+02 1.512046143986327751e+00 4.915346079897457976e+00
6.307938327789306641e+02 1.598048768578142820e+00 5.560365764336070882e+00
6.308521518707275391e+02 1.810055238502151553e+00 7.150414288766136828e+00
6.308677558898925781e+02 1.520046388134403514e+00 4.975347911008026536e+00
6.308846380710601807e+02 1.438043885616626438e+00 4.360329142124697910e+00
6.309016339778900146e+02 1.258038392284920759e+00 3.010287942136905759e+00
6.309154887199401855e+02 1.690051576281014434e+00 6.250386822107608431e+00
6.309313583374023438e+02 1.862056825464644350e+00 7.540426190984832466e+00
6.309458637237548828e+02 1.528046632282479278e+00 5.035349742118594207e+00
6.309586069583892822e+02 1.318040223395489319e+00 3.460301675466169957e+00
6.309828176498413086e+02 1.832055909909360070e+00 7.315419324320200367e+00
6.312192986011505127e+02 1.840056154057435833e+00 7.375421155430768927e+00
6.312504880428314209e+02 1.470044862208929715e+00 4.600336466566973037e+00
6.313130033016204834e+02 1.658050599688711380e+00 6.010379497665335080e+00
6.313262779712677002e+02 1.710052186651203954e+00 6.400391399884029831e+00
6.313471608161926270e+02 1.720052491836298714e+00 6.475393688772240530e+00
6.313847658634185791e+02 1.714052308725241724e+00 6.430392315439313222e+00
6.314158134460449219e+02 1.842056215094454830e+00 7.390421613208411067e+00
6.314275050163269043e+02 1.954059633167515964e+00 8.230447248756370016e+00
6.314457402229309082e+02 1.330040589617603075e+00 3.550304422132023241e+00
6.314589924812316895e+02 1.300039674062318795e+00 3.325297555467391142e+00
6.314711697101593018e+02 1.774054139835810506e+00 6.880406048768579197e+00
6.315242035388946533e+02 1.650050355540635616e+00 5.950377666554767409e+00
6.315416669845581055e+02 1.282039124729148272e+00 3.190293435468611882e+00
6.315596365928649902e+02 1.704052003540146965e+00 6.355390026551102522e+00
6.315755786895751953e+02 1.582048280281991071e+00 5.440362102114932874e+00
6.315888142585754395e+02 1.868057008575701339e+00 7.585427564317759774e+00
6.316031169891357422e+02 1.300039674062318795e+00 3.325297555467391142e+00
6.316208219528198242e+02 1.428043580431531678e+00 4.285326853236487210e+00
6.316374919414520264e+02 1.814055360576189546e+00 7.180415204321421996e+00
6.316563074588775635e+02 1.806055116428113783e+00 7.120413373210853436e+00
6.316989853382110596e+02 1.864056886501663346e+00 7.555426648762475494e+00
6.319214463233947754e+02 1.392042481765190631e+00 4.015318613238929579e+00
6.319819829463958740e+02 1.352041261024811591e+00 3.715309457686086780e+00
6.319956328868865967e+02 1.536046876430555264e+00 5.095351573229164543e+00
6.320153982639312744e+02 1.774054139835810506e+00 6.880406048768579197e+00
6.320445561408996582e+02 1.838056093020417059e+00 7.360420697653127675e+00
6.320738632678985596e+02 1.310039979247413555e+00 3.400299844355601842e+00
6.321028683185577393e+02 1.868057008575701339e+00 7.585427564317759774e+00
6.321461315155029297e+02 1.276038941618091505e+00 3.145292062135686351e+00
6.321670408248901367e+02 1.246038026062807003e+00 2.920285195471052475e+00
6.322208967208862305e+02 1.704052003540146965e+00 6.355390026551102522e+00
6.322351341247558594e+02 1.652050416577654390e+00 5.965378124332407772e+00
6.322504498958587646e+02 1.860056764427625353e+00 7.525425733207190326e+00
6.322661998271942139e+02 1.334040711691641068e+00 3.580305337687307965e+00
6.322823960781097412e+02 1.278039002655110279e+00 3.160292519913327158e+00
6.323402962684631348e+02 1.320040284432508315e+00 3.475302133243812541e+00
6.323602011203765869e+02 1.666050843836786921e+00 6.070381328775901864e+00
6.323744828701019287e+02 1.790054628131962033e+00 7.000409710989715428e+00
6.323938760757446289e+02 1.892057741019928629e+00 7.765433057649464565e+00
6.324055676460266113e+02 1.586048402356029063e+00 5.470363017670218042e+00
6.324222147464752197e+02 1.262038514358958752e+00 3.040288857692190483e+00
6.324360976219177246e+02 1.698051820429090197e+00 6.310388653218176103e+00
6.324517564773559570e+02 1.834055970946379066e+00 7.330419782097843395e+00
6.324693133831024170e+02 1.716052369762260721e+00 6.445392773216955362e+00
6.326956863403320312e+02 1.388042359691152861e+00 3.985317697683646632e+00
6.327283282279968262e+02 1.298039613025299799e+00 3.310297097689748558e+00
6.327857661247253418e+02 1.752053468428601990e+00 6.715401013214514769e+00
6.327993423938751221e+02 1.316040162358470544e+00 3.445301217688529150e+00
6.328262767791748047e+02 1.422043397320474689e+00 4.240325479903560790e+00
6.328607070446014404e+02 1.822055604724265310e+00 7.240417035431989667e+00
6.328832619190216064e+02 1.444044068727683205e+00 4.405330515457624330e+00
6.328963935375213623e+02 1.612049195837275350e+00 5.665368968779564973e+00
6.329105083942413330e+02 1.860056764427625353e+00 7.525425733207190326e+00
6.329255244731903076e+02 1.746053285317545001e+00 6.670399639881587461e+00
6.329735438823699951e+02 1.348041138950773821e+00 3.685308542130803833e+00
6.329934866428375244e+02 1.844056276131473826e+00 7.405422070986054095e+00
6.330085668563842773e+02 1.536046876430555264e+00 5.095351573229164543e+00
6.330232844352722168e+02 1.336040772728660064e+00 3.595305795464950549e+00
6.330387687683105469e+02 1.324040406506546308e+00 3.505303048799097265e+00
6.330556099414825439e+02 1.740053102206488234e+00 6.625398266548661930e+00
6.330738663673400879e+02 1.724052613910336706e+00 6.505394604327525698e+00
6.330886781215667725e+02 1.590048524430066834e+00 5.500363933225501434e+00
6.331118369102478027e+02 1.332040650654622072e+00 3.565304879909665381e+00
6.331450145244598389e+02 1.308039918210394559e+00 3.385299386577959257e+00
6.333430473804473877e+02 1.322040345469527312e+00 3.490302591021454681e+00
6.333740639686584473e+02 1.740053102206488234e+00 6.625398266548661930e+00
6.334360222816467285e+02 1.852056520279549590e+00 7.465423902096621767e+00
6.334604489803314209e+02 1.346041077913754824e+00 3.670308084353161249e+00
6.334894638061523438e+02 1.456044434949796962e+00 4.495333262123477169e+00
6.335178310871124268e+02 1.634049867244483867e+00 5.830374004333629401e+00
6.335461888313293457e+02 1.834055970946379066e+00 7.330419782097843395e+00
6.335879721641540527e+02 1.348041138950773821e+00 3.685308542130803833e+00
6.336089544296264648e+02 1.314040101321451548e+00 3.430300759910886566e+00
6.336463494300842285e+02 1.662050721762749150e+00 6.040380413220618472e+00
6.336684715747833252e+02 1.754053529465620986e+00 6.730401470992157797e+00
6.336857812404632568e+02 1.306039857173375784e+00 3.370298928800318450e+00
6.336987829208374023e+02 1.312040040284432552e+00 3.415300302133243981e+00
6.337115509510040283e+02 1.852056520279549590e+00 7.465423902096621767e+00
6.337244029045104980e+02 1.462044618060853951e+00 4.540334635456404477e+00
6.337721464633941650e+02 1.476045045319986482e+00 4.645337839899898569e+00
6.337995202541351318e+02 1.544047120578631027e+00 5.155353404339733103e+00
6.338130338191986084e+02 1.856056642353587582e+00 7.495424817651906935e+00
6.338320932388305664e+02 1.726052674947355481e+00 6.520395062105166062e+00
6.338426358699798584e+02 1.448044190801721198e+00 4.435331431012908610e+00
6.338560273647308350e+02 1.612049195837275350e+00 5.665368968779564973e+00
6.338732244968414307e+02 1.862056825464644350e+00 7.540426190984832466e+00
6.338897407054901123e+02 1.554047425763725787e+00 5.230355693227943803e+00
6.339104964733123779e+02 1.446044129764702202e+00 4.420330973235266470e+00
6.341365990638732910e+02 1.570047914059877314e+00 5.350359355449080034e+00
6.341684472560882568e+02 1.306039857173375784e+00 3.370298928800318450e+00
6.342247812747955322e+02 1.546047181615650024e+00 5.170353862117375243e+00
6.342381405830383301e+02 1.446044129764702202e+00 4.420330973235266470e+00
6.342594065666198730e+02 1.428043580431531678e+00 4.285326853236487210e+00
6.342891821861267090e+02 1.604048951689199587e+00 5.605367137668997302e+00
6.343173182010650635e+02 1.598048768578142820e+00 5.560365764336070882e+00
6.343293387889862061e+02 1.858056703390606579e+00 7.510425275429549075e+00
6.343458154201507568e+02 1.312040040284432552e+00 3.415300302133243981e+00
6.343578717708587646e+02 1.392042481765190631e+00 4.015318613238929579e+00
6.343695914745330811e+02 1.908058229316080379e+00 7.885436719870602573e+00
6.343851449489593506e+02 1.306039857173375784e+00 3.370298928800318450e+00
6.344237356185913086e+02 1.534046815393536267e+00 5.080351115451522404e+00
6.344493777751922607e+02 1.320040284432508315e+00 3.475302133243812541e+00
6.344679522514343262e+02 1.482045228431043471e+00 4.690339213232825877e+00
6.344916064739227295e+02 1.374041932432020108e+00 3.880314493240150764e+00
6.345070929527282715e+02 1.498045716727194998e+00 4.810342875453962108e+00
6.345204181671142578e+02 1.332040650654622072e+00 3.565304879909665381e+00
6.345353631973266602e+02 1.738053041169469237e+00 6.610397808771018902e+00
6.345483334064483643e+02 1.746053285317545001e+00 6.670399639881587461e+00
6.345622429847717285e+02 1.300039674062318795e+00 3.325297555467391142e+00
6.346043405532836914e+02 1.544047120578631027e+00 5.155353404339733103e+00
6.348218288421630859e+02 1.634049867244483867e+00 5.830374004333629401e+00
6.348785257339477539e+02 1.312040040284432552e+00 3.415300302133243981e+00
6.348926446437835693e+02 1.832055909909360070e+00 7.315419324320200367e+00
6.349180202484130859e+02 1.854056581316568586e+00 7.480424359874264795e+00
6.349478664398193359e+02 1.664050782799768147e+00 6.055380870998261500e+00
6.349765164852142334e+02 1.328040528580584301e+00 3.535303964354382433e+00
6.350361621379852295e+02 1.376041993469039104e+00 3.895314951017793348e+00
6.350552051067352295e+02 1.738053041169469237e+00 6.610397808771018902e+00
6.350813181400299072e+02 1.712052247688222950e+00 6.415391857661671970e+00
6.351057834625244141e+02 1.448044190801721198e+00 4.435331431012908610e+00
6.351242592334747314e+02 1.218037171544541719e+00 2.710278786584062960e+00
6.351435871124267578e+02 1.338040833765679061e+00 3.610306253242593133e+00
6.351610555648803711e+02 1.296039551988281024e+00 3.295296639912107750e+00
6.351760976314544678e+02 1.832055909909360070e+00 7.315419324320200367e+00
6.352389540672302246e+02 1.300039674062318795e+00 3.325297555467391142e+00
6.352521302700042725e+02 1.844056276131473826e+00 7.405422070986054095e+00
6.352674019336700439e+02 1.516046266060365522e+00 4.945346995452741368e+00
6.352858495712280273e+02 1.328040528580584301e+00 3.535303964354382433e+00
6.353106606006622314e+02 1.330040589617603075e+00 3.550304422132023241e+00
6.353258073329925537e+02 1.484045289468062467e+00 4.705339671010468905e+00
6.353392417430877686e+02 1.428043580431531678e+00 4.285326853236487210e+00
6.353578450679779053e+02 1.714052308725241724e+00 6.430392315439313222e+00
6.355770184993743896e+02 1.412043092135379929e+00 4.165323191015350091e+00
6.356093728542327881e+02 1.724052613910336706e+00 6.505394604327525698e+00
6.356648271083831787e+02 1.530046693319498274e+00 5.050350199896237235e+00
6.356789710521697998e+02 1.450044251838740195e+00 4.450331888790551638e+00
6.357019145488739014e+02 1.516046266060365522e+00 4.945346995452741368e+00
6.357348546981811523e+02 1.322040345469527312e+00 3.490302591021454681e+00
6.357543890476226807e+02 1.858056703390606579e+00 7.510425275429549075e+00
6.357668859958648682e+02 1.546047181615650024e+00 5.170353862117375243e+00
6.357864060401916504e+02 1.442044007690664431e+00 4.390330057679983078e+00
6.358051788806915283e+02 1.332040650654622072e+00 3.565304879909665381e+00
6.358540678024291992e+02 1.482045228431043471e+00 4.690339213232825877e+00
6.358819763660430908e+02 1.856056642353587582e+00 7.495424817651906935e+00
6.358945364952087402e+02 1.792054689168981030e+00 7.015410168767357568e+00
6.359063293933868408e+02 1.546047181615650024e+00 5.170353862117375243e+00
6.359256701469421387e+02 1.322040345469527312e+00 3.490302591021454681e+00
6.359405560493469238e+02 1.368041749320963341e+00 3.835313119907225232e+00
6.359559848308563232e+02 1.850056459242530593e+00 7.450423444318979627e+00
6.359761450290679932e+02 1.842056215094454830e+00 7.390421613208411067e+00
6.359937889575958252e+02 1.934059022797326444e+00 8.080442670979948616e+00
6.360370781421661377e+02 1.860056764427625353e+00 7.525425733207190326e+00
6.362480199337005615e+02 1.578048158207953300e+00 5.410361186559649482e+00
6.363072726726531982e+02 1.304039796136356788e+00 3.355298471022675866e+00
6.363235504627227783e+02 1.280039063692129275e+00 3.175292977690969742e+00
6.363498861789703369e+02 1.306039857173375784e+00 3.370298928800318450e+00
6.363798162937164307e+02 1.708052125614184957e+00 6.385390942106386802e+00
6.364110164642333984e+02 1.306039857173375784e+00 3.370298928800318450e+00
6.364394047260284424e+02 1.738053041169469237e+00 6.610397808771018902e+00
6.364748523235321045e+02 1.688051515243995437e+00 6.235386364329965403e+00
6.364949848651885986e+02 1.568047853022858318e+00 5.335358897671437006e+00
6.365248727798461914e+02 1.836056031983398062e+00 7.345420239875485535e+00
6.365589230060577393e+02 1.832055909909360070e+00 7.315419324320200367e+00
6.365728771686553955e+02 1.858056703390606579e+00 7.510425275429549075e+00
6.365838062763214111e+02 1.442044007690664431e+00 4.390330057679983078e+00
6.366035811901092529e+02 1.414043153172398926e+00 4.180323648792992230e+00
6.366152620315551758e+02 1.576048097170934303e+00 5.395360728782007342e+00
6.366593844890594482e+02 1.772054078798791510e+00 6.865405590990936169e+00
6.366829540729522705e+02 1.772054078798791510e+00 6.865405590990936169e+00
6.367021574974060059e+02 1.692051637318033430e+00 6.265387279885250571e+00
6.367203669548034668e+02 1.416043214209417922e+00 4.195324106570634370e+00
6.367383370399475098e+02 1.858056703390606579e+00 7.510425275429549075e+00
6.367535109519958496e+02 1.832055909909360070e+00 7.315419324320200367e+00
6.367674632072448730e+02 1.540046998504593034e+00 5.125352488784447935e+00
6.367802195549011230e+02 1.320040284432508315e+00 3.475302133243812541e+00
6.368026328086853027e+02 1.836056031983398062e+00 7.345420239875485535e+00
6.368258743286132812e+02 1.216037110507522723e+00 2.695278328806420376e+00
6.370458660125732422e+02 1.334040711691641068e+00 3.580305337687307965e+00
6.370603072643280029e+02 1.322040345469527312e+00 3.490302591021454681e+00
6.371160564422607422e+02 1.502045838801232991e+00 4.840343791009247276e+00
6.371295018196105957e+02 1.754053529465620986e+00 6.730401470992157797e+00
6.371544222831726074e+02 1.728052735984374477e+00 6.535395519882808202e+00
6.371994791030883789e+02 1.650050355540635616e+00 5.950377666554767409e+00
6.372127406597137451e+02 1.858056703390606579e+00 7.510425275429549075e+00
6.372241258621215820e+02 1.510046082949308754e+00 4.900345622119815836e+00
6.372410180568695068e+02 1.616049317911313343e+00 5.695369884334850141e+00
6.372602801322937012e+02 1.834055970946379066e+00 7.330419782097843395e+00
6.373248326778411865e+02 1.818055482650227317e+00 7.210416119876704499e+00
6.373389065265655518e+02 1.442044007690664431e+00 4.390330057679983078e+00
6.373547646999359131e+02 1.952059572130497189e+00 8.215446790978727876e+00
6.373724188804626465e+02 1.824055665761284306e+00 7.255417493209632696e+00
6.373886303901672363e+02 1.486045350505081242e+00 4.720340128788109268e+00
6.374064569473266602e+02 1.324040406506546308e+00 3.505303048799097265e+00
6.374279897212982178e+02 1.522046449171422511e+00 4.990348368785668676e+00
6.374462189674377441e+02 1.324040406506546308e+00 3.505303048799097265e+00
6.376636378765106201e+02 1.316040162358470544e+00 3.445301217688529150e+00
6.376949703693389893e+02 1.724052613910336706e+00 6.505394604327525698e+00
6.377504193782806396e+02 1.842056215094454830e+00 7.390421613208411067e+00
6.377642357349395752e+02 1.330040589617603075e+00 3.550304422132023241e+00
6.377896540164947510e+02 1.298039613025299799e+00 3.310297097689748558e+00
6.378200869560241699e+02 1.546047181615650024e+00 5.170353862117375243e+00
6.378486630916595459e+02 1.724052613910336706e+00 6.505394604327525698e+00
6.378793172836303711e+02 1.492045533616138231e+00 4.765341502121036577e+00
6.379154574871063232e+02 1.682051332132938670e+00 6.190384990997039871e+00
6.379355111122131348e+02 1.684051393169957445e+00 6.205385448774681123e+00
6.379653306007385254e+02 1.908058229316080379e+00 7.885436719870602573e+00
6.380002808570861816e+02 1.472044923245948711e+00 4.615336924344615177e+00
6.380129985809326172e+02 1.856056642353587582e+00 7.495424817651906935e+00
6.380306584835052490e+02 1.526046571245460504e+00 5.020349284340953844e+00
6.380436487197875977e+02 1.316040162358470544e+00 3.445301217688529150e+00
6.380700058937072754e+02 1.618049378948332340e+00 5.710370342112492281e+00
6.381213223934173584e+02 1.848056398205511819e+00 7.435422986541338375e+00
6.381364731788635254e+02 1.618049378948332340e+00 5.710370342112492281e+00
6.381501791477203369e+02 1.808055177465132557e+00 7.135413830988493800e+00
6.381631038188934326e+02 1.314040101321451548e+00 3.430300759910886566e+00
6.381767790317535400e+02 1.618049378948332340e+00 5.710370342112492281e+00
6.381969799995422363e+02 1.852056520279549590e+00 7.465423902096621767e+00
6.382150516510009766e+02 1.856056642353587582e+00 7.495424817651906935e+00
6.382371289730072021e+02 1.922058656575212687e+00 7.990439924314094888e+00
6.384539690017700195e+02 1.840056154057435833e+00 7.375421155430768927e+00
6.384872355461120605e+02 1.454044373912777965e+00 4.480332804345835029e+00
6.385428438186645508e+02 1.348041138950773821e+00 3.685308542130803833e+00
6.385561778545379639e+02 1.662050721762749150e+00 6.040380413220618472e+00
6.385813367366790771e+02 1.718052430799279717e+00 6.460393230994597502e+00
6.386102190017700195e+02 1.440043946653645435e+00 4.375329599902340938e+00
6.386378130912780762e+02 1.834055970946379066e+00 7.330419782097843395e+00
6.386504213809967041e+02 1.874057191686758106e+00 7.630428937650686194e+00
6.386656689643859863e+02 1.328040528580584301e+00 3.535303964354382433e+00
6.386810214519500732e+02 1.304039796136356788e+00 3.355298471022675866e+00
6.387003741264343262e+02 1.840056154057435833e+00 7.375421155430768927e+00
6.387483506202697754e+02 1.458044495986815958e+00 4.510333719901119309e+00
6.387653746604919434e+02 1.420043336283455915e+00 4.225325022125919538e+00
6.387786016464233398e+02 1.450044251838740195e+00 4.450331888790551638e+00
6.387924408912658691e+02 1.844056276131473826e+00 7.405422070986054095e+00
6.388054664134979248e+02 1.442044007690664431e+00 4.390330057679983078e+00
6.388270297050476074e+02 1.328040528580584301e+00 3.535303964354382433e+00
6.388450145721435547e+02 1.408042970061342158e+00 4.135322275460065811e+00
6.388675601482391357e+02 1.272038819544053512e+00 3.115291146580401183e+00
6.389110140800476074e+02 1.436043824579607442e+00 4.345328684347055770e+00
6.391275358200073242e+02 1.326040467543565304e+00 3.520303506576739849e+00
6.391847908496856689e+02 1.512046143986327751e+00 4.915346079897457976e+00
6.391991467475891113e+02 1.446044129764702202e+00 4.420330973235266470e+00
6.392236292362213135e+02 1.608049073763237580e+00 5.635368053224281581e+00
6.392533807754516602e+02 1.268038697470015519e+00 3.085290231025116459e+00
6.392820193767547607e+02 1.754053529465620986e+00 6.730401470992157797e+00
6.393125553131103516e+02 1.414043153172398926e+00 4.180323648792992230e+00
6.393484494686126709e+02 1.718052430799279717e+00 6.460393230994597502e+00
6.393858318328857422e+02 1.576048097170934303e+00 5.395360728782007342e+00
6.394096877574920654e+02 1.228037476729636479e+00 2.785281075472273660e+00
6.394311006069183350e+02 1.388042359691152861e+00 3.985317697683646632e+00
6.394447019100189209e+02 1.328040528580584301e+00 3.535303964354382433e+00
6.394592854976654053e+02 1.524046510208441507e+00 5.005348826563311704e+00
6.394809873104095459e+02 1.616049317911313343e+00 5.695369884334850141e+00
6.395379641056060791e+02 1.444044068727683205e+00 4.405330515457624330e+00
6.395619950294494629e+02 1.850056459242530593e+00 7.450423444318979627e+00
6.395835394859313965e+02 1.316040162358470544e+00 3.445301217688529150e+00
6.395969605445861816e+02 1.710052186651203954e+00 6.400391399884029831e+00
6.396118710041046143e+02 1.732052858058412470e+00 6.565396435438093370e+00
6.396268658638000488e+02 1.338040833765679061e+00 3.610306253242593133e+00
6.396451809406280518e+02 1.296039551988281024e+00 3.295296639912107750e+00
6.396810996532440186e+02 1.234037659840693468e+00 2.830282448805200968e+00
6.398837788105010986e+02 1.854056581316568586e+00 7.480424359874264795e+00
6.399164800643920898e+02 1.818055482650227317e+00 7.210416119876704499e+00
6.399723744392395020e+02 1.834055970946379066e+00 7.330419782097843395e+00
6.399855663776397705e+02 1.436043824579607442e+00 4.345328684347055770e+00
6.400122892856597900e+02 1.338040833765679061e+00 3.610306253242593133e+00
6.400448131561279297e+02 1.864056886501663346e+00 7.555426648762475494e+00
6.400773010253906250e+02 1.686051454206976441e+00 6.220385906552323263e+00
6.400944774150848389e+02 1.772054078798791510e+00 6.865405590990936169e+00
6.401055209636688232e+02 1.516046266060365522e+00 4.945346995452741368e+00
6.401182484626770020e+02 1.540046998504593034e+00 5.125352488784447935e+00
6.401751554012298584e+02 1.762053773613696750e+00 6.790403302102725469e+00
6.401927204132080078e+02 1.946059389019440200e+00 8.170445417645801456e+00
6.402080821990966797e+02 1.622049501022370110e+00 5.740371257667775673e+00
6.402236485481262207e+02 1.324040406506546308e+00 3.505303048799097265e+00
6.402355391979217529e+02 1.634049867244483867e+00 5.830374004333629401e+00
6.402494459152221680e+02 1.930058900723288673e+00 8.050441755424664336e+00
6.402688238620758057e+02 1.274038880581072508e+00 3.130291604358043767e+00
6.402856554985046387e+02 1.370041810357982115e+00 3.850313577684866040e+00
6.403088045120239258e+02 1.366041688283944344e+00 3.820312662129582648e+00
6.405255336761474609e+02 1.536046876430555264e+00 5.095351573229164543e+00
6.405573878288269043e+02 1.952059572130497189e+00 8.215446790978727876e+00
6.406140234470367432e+02 1.724052613910336706e+00 6.505394604327525698e+00
6.406281886100769043e+02 1.750053407391582994e+00 6.700400555436872629e+00
6.406471378803253174e+02 1.474044984282967707e+00 4.630337382122258205e+00
6.406757884025573730e+02 1.334040711691641068e+00 3.580305337687307965e+00
6.407101457118988037e+02 1.628049684133427100e+00 5.785372631000702981e+00
6.407705664634704590e+02 1.844056276131473826e+00 7.405422070986054095e+00
6.407836048603057861e+02 1.310039979247413555e+00 3.400299844355601842e+00
6.408045849800109863e+02 1.270038758507034515e+00 3.100290688802759043e+00
6.408484356403350830e+02 1.846056337168492822e+00 7.420422528763696235e+00
6.408614144325256348e+02 1.314040101321451548e+00 3.430300759910886566e+00
6.408757846355438232e+02 1.698051820429090197e+00 6.310388653218176103e+00
6.408914117813110352e+02 1.678051210058900677e+00 6.160384075441754703e+00
6.409082136154174805e+02 1.518046327097384518e+00 4.960347453230383508e+00
6.409343013763427734e+02 1.350041199987792595e+00 3.700308999908444640e+00
6.409784653186798096e+02 1.922058656575212687e+00 7.990439924314094888e+00
6.409962460994720459e+02 1.938059144871364436e+00 8.110443586535232896e+00
6.410131790637969971e+02 1.926058778649250680e+00 8.020440839869380056e+00
6.410276947021484375e+02 1.516046266060365522e+00 4.945346995452741368e+00
6.410459227561950684e+02 1.366041688283944344e+00 3.820312662129582648e+00
6.410604543685913086e+02 1.432043702505569671e+00 4.315327768791772378e+00
6.410756702423095703e+02 1.848056398205511819e+00 7.435422986541338375e+00
6.410917994976043701e+02 1.724052613910336706e+00 6.505394604327525698e+00
6.413374850749969482e+02 1.334040711691641068e+00 3.580305337687307965e+00
6.413515064716339111e+02 1.852056520279549590e+00 7.465423902096621767e+00
6.414069447517395020e+02 1.752053468428601990e+00 6.715401013214514769e+00
6.414206731319427490e+02 1.320040284432508315e+00 3.475302133243812541e+00
6.414406447410583496e+02 1.382042176580095871e+00 3.940316324350718880e+00
6.414755089282989502e+02 1.590048524430066834e+00 5.500363933225501434e+00
6.414980776309967041e+02 1.704052003540146965e+00 6.355390026551102522e+00
6.415142998695373535e+02 1.858056703390606579e+00 7.510425275429549075e+00
6.415293822288513184e+02 1.768053956724753517e+00 6.835404675435651001e+00
6.415423457622528076e+02 1.294039490951262028e+00 3.280296182134465166e+00
6.415573892593383789e+02 1.714052308725241724e+00 6.430392315439313222e+00
6.416009824275970459e+02 1.856056642353587582e+00 7.495424817651906935e+00
6.416254804134368896e+02 1.636049928281502863e+00 5.845374462111271541e+00
6.416434504985809326e+02 1.306039857173375784e+00 3.370298928800318450e+00
6.416621265411376953e+02 1.398042664876247620e+00 4.060319986571856887e+00
6.416774115562438965e+02 1.824055665761284306e+00 7.255417493209632696e+00
6.416951093673706055e+02 1.816055421613208543e+00 7.195415662099064136e+00
6.417136723995208740e+02 1.894057802056947626e+00 7.780433515427107594e+00
6.417271349430084229e+02 1.492045533616138231e+00 4.765341502121036577e+00
6.417449443340301514e+02 1.454044373912777965e+00 4.480332804345835029e+00
6.419620263576507568e+02 1.324040406506546308e+00 3.505303048799097265e+00
6.419943399429321289e+02 1.672051026947843688e+00 6.115382702108827395e+00
6.420506410598754883e+02 1.920058595538193913e+00 7.975439466536454525e+00
6.420705227851867676e+02 1.428043580431531678e+00 4.285326853236487210e+00
6.420924625396728516e+02 1.314040101321451548e+00 3.430300759910886566e+00
6.421218807697296143e+02 1.726052674947355481e+00 6.520395062105166062e+00
6.421528234481811523e+02 1.454044373912777965e+00 4.480332804345835029e+00
6.421803839206695557e+02 1.846056337168492822e+00 7.420422528763696235e+00
6.422115685939788818e+02 1.872057130649739110e+00 7.615428479873043166e+00
6.422397043704986572e+02 1.852056520279549590e+00 7.465423902096621767e+00
6.422808914184570312e+02 1.856056642353587582e+00 7.495424817651906935e+00
6.422950482368469238e+02 1.856056642353587582e+00 7.495424817651906935e+00
6.423102405071258545e+02 1.752053468428601990e+00 6.715401013214514769e+00
6.423253407478332520e+02 1.436043824579607442e+00 4.345328684347055770e+00
6.423401327133178711e+02 1.442044007690664431e+00 4.390330057679983078e+00
6.423975243568420410e+02 1.616049317911313343e+00 5.695369884334850141e+00
6.424161753654479980e+02 1.852056520279549590e+00 7.465423902096621767e+00
6.424303050041198730e+02 1.864056886501663346e+00 7.555426648762475494e+00
6.424533271789550781e+02 1.514046205023346747e+00 4.930346537675101004e+00
6.424679780006408691e+02 1.530046693319498274e+00 5.050350199896237235e+00
6.424860181808471680e+02 1.250038148136844995e+00 2.950286111026337643e+00
6.424978923797607422e+02 1.444044068727683205e+00 4.405330515457624330e+00
6.425153086185455322e+02 1.954059633167515964e+00 8.230447248756370016e+00
6.425605528354644775e+02 1.906058168279061382e+00 7.870436262092960433e+00
6.427734582424163818e+02 1.838056093020417059e+00 7.360420697653127675e+00
6.428331208229064941e+02 1.470044862208929715e+00 4.600336466566973037e+00
6.428459248542785645e+02 1.482045228431043471e+00 4.690339213232825877e+00
6.428755652904510498e+02 1.322040345469527312e+00 3.490302591021454681e+00
6.429044575691223145e+02 1.852056520279549590e+00 7.465423902096621767e+00
6.429292964935302734e+02 1.624049562059389107e+00 5.755371715445418701e+00
6.429444229602813721e+02 1.324040406506546308e+00 3.505303048799097265e+00
6.429574902057647705e+02 1.490045472579119235e+00 4.750341044343394437e+00
6.429741091728210449e+02 1.736052980132450241e+00 6.595397350993376762e+00
6.429909870624542236e+02 1.572047975096896311e+00 5.365359813226722174e+00
6.430442488193511963e+02 1.582048280281991071e+00 5.440362102114932874e+00
6.430601198673248291e+02 1.512046143986327751e+00 4.915346079897457976e+00
6.430745368003845215e+02 1.832055909909360070e+00 7.315419324320200367e+00
6.430870318412780762e+02 1.620049439985351114e+00 5.725370799890133533e+00
6.431015844345092773e+02 1.238037781914731239e+00 2.860283364360484359e+00
6.431195938587188721e+02 1.612049195837275350e+00 5.665368968779564973e+00
6.431326072216033936e+02 1.854056581316568586e+00 7.480424359874264795e+00
6.431449003219604492e+02 1.386042298654133864e+00 3.970317239906004048e+00
6.431620860099792480e+02 1.480045167394024475e+00 4.675338755455183737e+00
6.433917710781097412e+02 1.514046205023346747e+00 4.930346537675101004e+00
6.434242324829101562e+02 1.312040040284432552e+00 3.415300302133243981e+00
6.434794034957885742e+02 1.306039857173375784e+00 3.370298928800318450e+00
6.434928853511810303e+02 1.842056215094454830e+00 7.390421613208411067e+00
6.435148775577545166e+02 1.950059511093478193e+00 8.200446333201085736e+00
6.435442903041839600e+02 1.844056276131473826e+00 7.405422070986054095e+00
6.435731091499328613e+02 1.226037415692617483e+00 2.770280617694631076e+00
6.436015257835388184e+02 1.676051149021881681e+00 6.145383617664112563e+00
6.436446621417999268e+02 1.434043763542588446e+00 4.330328226569413630e+00
6.436574697494506836e+02 1.504045899838251987e+00 4.855344248786890304e+00
6.436701517105102539e+02 1.860056764427625353e+00 7.525425733207190326e+00
6.436828877925872803e+02 1.320040284432508315e+00 3.475302133243812541e+00
6.436940541267395020e+02 1.718052430799279717e+00 6.460393230994597502e+00
6.437051219940185547e+02 1.508046021912289758e+00 4.885345164342172808e+00
6.437171509265899658e+02 1.430043641468550675e+00 4.300327311014130238e+00
6.437273976802825928e+02 1.720052491836298714e+00 6.475393688772240530e+00
6.437373859882354736e+02 1.438043885616626438e+00 4.360329142124697910e+00
6.437478775978088379e+02 1.722052552873317710e+00 6.490394146549882670e+00
6.437602565288543701e+02 1.322040345469527312e+00 3.490302591021454681e+00
6.437925357818603516e+02 1.310039979247413555e+00 3.400299844355601842e+00
6.438162653446197510e+02 1.956059694204534960e+00 8.245447706534012156e+00
6.438368773460388184e+02 1.442044007690664431e+00 4.390330057679983078e+00
6.438470289707183838e+02 1.724052613910336706e+00 6.505394604327525698e+00
6.438569836616516113e+02 1.450044251838740195e+00 4.450331888790551638e+00
6.438668766021728516e+02 1.728052735984374477e+00 6.535395519882808202e+00
6.438771004676818848e+02 1.448044190801721198e+00 4.435331431012908610e+00
6.438869764804840088e+02 1.720052491836298714e+00 6.475393688772240530e+00
6.438982582092285156e+02 1.452044312875759191e+00 4.465332346568193778e+00
6.439085249900817871e+02 1.860056764427625353e+00 7.525425733207190326e+00
6.439191837310791016e+02 1.316040162358470544e+00 3.445301217688529150e+00
6.439299898147583008e+02 1.954059633167515964e+00 8.230447248756370016e+00
6.439432423114776611e+02 1.316040162358470544e+00 3.445301217688529150e+00
6.439663882255554199e+02 1.736052980132450241e+00 6.595397350993376762e+00
6.440139634609222412e+02 1.326040467543565304e+00 3.520303506576739849e+00
6.440328774452209473e+02 1.726052674947355481e+00 6.520395062105166062e+00
6.440532329082489014e+02 1.954059633167515964e+00 8.230447248756370016e+00
6.440725231170654297e+02 1.488045411542100238e+00 4.735340586565751408e+00
6.441073808670043945e+02 1.750053407391582994e+00 6.700400555436872629e+00
6.441452391147613525e+02 1.888057618945890859e+00 7.735432142094181174e+00
6.441590073108673096e+02 1.470044862208929715e+00 4.600336466566973037e+00
6.441827986240386963e+02 1.858056703390606579e+00 7.510425275429549075e+00
6.441982786655426025e+02 1.658050599688711380e+00 6.010379497665335080e+00
6.442184174060821533e+02 1.942059266945402429e+00 8.140444502090517176e+00
6.442411134243011475e+02 1.670050965910824914e+00 6.100382244331187032e+00
6.442579629421234131e+02 1.848056398205511819e+00 7.435422986541338375e+00
6.443370618820190430e+02 1.860056764427625353e+00 7.525425733207190326e+00
6.445733611583709717e+02 1.534046815393536267e+00 5.080351115451522404e+00
6.446560919284820557e+02 1.470044862208929715e+00 4.600336466566973037e+00
6.446689817905426025e+02 1.752053468428601990e+00 6.715401013214514769e+00
6.446819779872894287e+02 1.304039796136356788e+00 3.355298471022675866e+00
6.446942145824432373e+02 1.838056093020417059e+00 7.360420697653127675e+00
6.447070934772491455e+02 1.646050233466597623e+00 5.920376750999482240e+00
6.447216899394989014e+02 1.306039857173375784e+00 3.370298928800318450e+00
6.447347998619079590e+02 1.838056093020417059e+00 7.360420697653127675e+00
6.447504870891571045e+02 1.858056703390606579e+00 7.510425275429549075e+00
6.447648618221282959e+02 1.450044251838740195e+00 4.450331888790551638e+00
6.447771286964416504e+02 1.596048707541123823e+00 5.545365306558428742e+00
6.447902278900146484e+02 1.952059572130497189e+00 8.215446790978727876e+00
6.448179430961608887e+02 1.740053102206488234e+00 6.625398266548661930e+00
6.448541624546051025e+02 1.656050538651692383e+00 5.995379039887692940e+00
6.448812949657440186e+02 1.842056215094454830e+00 7.390421613208411067e+00
6.449109292030334473e+02 1.420043336283455915e+00 4.225325022125919538e+00
6.449721937179565430e+02 1.444044068727683205e+00 4.405330515457624330e+00
6.449864799976348877e+02 1.342040955839716831e+00 3.640307168797876081e+00
6.449994125366210938e+02 1.404042847987304388e+00 4.105321359904783307e+00
6.450186123847961426e+02 1.450044251838740195e+00 4.450331888790551638e+00
6.450543670654296875e+02 1.722052552873317710e+00 6.490394146549882670e+00
6.450952720642089844e+02 1.888057618945890859e+00 7.735432142094181174e+00
6.451140294075012207e+02 1.744053224280526226e+00 6.655399182103947098e+00
6.451342051029205322e+02 1.514046205023346747e+00 4.930346537675101004e+00
6.451495890617370605e+02 1.724052613910336706e+00 6.505394604327525698e+00
6.451731057167053223e+02 1.452044312875759191e+00 4.465332346568193778e+00
6.452440116405487061e+02 1.534046815393536267e+00 5.080351115451522404e+00
6.452789869308471680e+02 1.456044434949796962e+00 4.495333262123477169e+00
6.452961089611053467e+02 1.832055909909360070e+00 7.315419324320200367e+00
6.453184826374053955e+02 1.808055177465132557e+00 7.135413830988493800e+00
6.453395748138427734e+02 1.448044190801721198e+00 4.435331431012908610e+00
6.453602657318115234e+02 1.712052247688222950e+00 6.415391857661671970e+00
6.453845403194427490e+02 1.834055970946379066e+00 7.330419782097843395e+00
6.454021914005279541e+02 1.322040345469527312e+00 3.490302591021454681e+00
6.454183959960937500e+02 1.458044495986815958e+00 4.510333719901119309e+00
6.454832708835601807e+02 1.432043702505569671e+00 4.315327768791772378e+00
6.457051861286163330e+02 1.444044068727683205e+00 4.405330515457624330e+00
6.457672202587127686e+02 1.598048768578142820e+00 5.560365764336070882e+00
6.457830603122711182e+02 1.314040101321451548e+00 3.430300759910886566e+00
6.458169903755187988e+02 1.720052491836298714e+00 6.475393688772240530e+00
6.458783431053161621e+02 1.844056276131473826e+00 7.405422070986054095e+00
6.458922657966613770e+02 1.930058900723288673e+00 8.050441755424664336e+00
6.459048807621002197e+02 1.384042237617114868e+00 3.955316782128361464e+00
6.459179627895355225e+02 1.566047791985839543e+00 5.320358439893796643e+00
6.459367673397064209e+02 1.950059511093478193e+00 8.200446333201085736e+00
6.459496240615844727e+02 1.724052613910336706e+00 6.505394604327525698e+00
6.460026454925537109e+02 1.372041871395001111e+00 3.865314035462508180e+00
6.460195987224578857e+02 1.792054689168981030e+00 7.015410168767357568e+00
6.460440032482147217e+02 1.226037415692617483e+00 2.770280617694631076e+00
6.460581772327423096e+02 1.648050294503616620e+00 5.935377208777124380e+00
6.460739002227783203e+02 1.964059938352610724e+00 8.305449537644580715e+00
6.461038289070129395e+02 1.856056642353587582e+00 7.495424817651906935e+00
6.461158788204193115e+02 1.662050721762749150e+00 6.040380413220618472e+00
6.461334877014160156e+02 1.720052491836298714e+00 6.475393688772240530e+00
6.461659231185913086e+02 1.834055970946379066e+00 7.330419782097843395e+00
6.464756715297698975e+02 1.846056337168492822e+00 7.420422528763696235e+00
6.465163671970367432e+02 1.334040711691641068e+00 3.580305337687307965e+00
6.465968995094299316e+02 1.748053346354563997e+00 6.685400097659229601e+00
6.466110160350799561e+02 1.862056825464644350e+00 7.540426190984832466e+00
6.466417565345764160e+02 1.860056764427625353e+00 7.525425733207190326e+00
6.466819798946380615e+02 1.454044373912777965e+00 4.480332804345835029e+00
6.467164051532745361e+02 1.434043763542588446e+00 4.330328226569413630e+00
6.467485890388488770e+02 1.824055665761284306e+00 7.255417493209632696e+00
6.467893750667572021e+02 1.684051393169957445e+00 6.205385448774681123e+00
6.468119814395904541e+02 1.316040162358470544e+00 3.445301217688529150e+00
6.468536639213562012e+02 1.944059327982421204e+00 8.155444959868159316e+00
6.468876042366027832e+02 1.724052613910336706e+00 6.505394604327525698e+00
6.469069764614105225e+02 1.322040345469527312e+00 3.490302591021454681e+00
6.469249355792999268e+02 1.260038453321939755e+00 3.025288399914548343e+00
6.469432013034820557e+02 1.616049317911313343e+00 5.695369884334850141e+00
6.470088441371917725e+02 1.350041199987792595e+00 3.700308999908444640e+00
6.470439803600311279e+02 1.522046449171422511e+00 4.990348368785668676e+00
6.470635824203491211e+02 1.322040345469527312e+00 3.490302591021454681e+00
6.470927188396453857e+02 1.544047120578631027e+00 5.155353404339733103e+00
6.471118960380554199e+02 1.842056215094454830e+00 7.390421613208411067e+00
6.471385090351104736e+02 1.748053346354563997e+00 6.685400097659229601e+00
6.471597480773925781e+02 1.886057557908871862e+00 7.720431684316539034e+00
6.471779694557189941e+02 1.630049745170446096e+00 5.800373088778346009e+00
6.472253503799438477e+02 1.838056093020417059e+00 7.360420697653127675e+00
6.474794180393218994e+02 1.848056398205511819e+00 7.435422986541338375e+00
6.474939148426055908e+02 1.752053468428601990e+00 6.715401013214514769e+00
6.475500125885009766e+02 1.946059389019440200e+00 8.170445417645801456e+00
6.475634725093841553e+02 1.304039796136356788e+00 3.355298471022675866e+00
6.475809519290924072e+02 1.638049989318521860e+00 5.860374919888913681e+00
6.476153924465179443e+02 1.854056581316568586e+00 7.480424359874264795e+00
6.476481604576110840e+02 1.846056337168492822e+00 7.420422528763696235e+00
6.476921329498291016e+02 1.616049317911313343e+00 5.695369884334850141e+00
6.477143309116363525e+02 1.754053529465620986e+00 6.730401470992157797e+00
6.477429842948913574e+02 1.844056276131473826e+00 7.405422070986054095e+00
6.477717986106872559e+02 1.794054750206000026e+00 7.030410626545000596e+00
6.478222854137420654e+02 1.514046205023346747e+00 4.930346537675101004e+00
6.478416221141815186e+02 1.426043519394512682e+00 4.270326395458845070e+00
6.478596372604370117e+02 1.844056276131473826e+00 7.405422070986054095e+00
6.478836336135864258e+02 1.652050416577654390e+00 5.965378124332407772e+00
6.479068691730499268e+02 1.336040772728660064e+00 3.595305795464950549e+00
6.479245083332061768e+02 1.450044251838740195e+00 4.450331888790551638e+00
6.479452946186065674e+02 1.254038270210882988e+00 2.980287026581622367e+00
6.479621398448944092e+02 1.314040101321451548e+00 3.430300759910886566e+00
6.482396190166473389e+02 1.876057252723777102e+00 7.645429395428328334e+00
6.482783167362213135e+02 1.754053529465620986e+00 6.730401470992157797e+00
6.483845665454864502e+02 1.400042725913266617e+00 4.075320444349499915e+00
6.483986363410949707e+02 1.438043885616626438e+00 4.360329142124697910e+00
6.484093589782714844e+02 1.894057802056947626e+00 7.780433515427107594e+00
6.484196224212646484e+02 1.236037720877712243e+00 2.845282906582841775e+00
6.484298715591430664e+02 1.962059877315591949e+00 8.290449079866938575e+00
6.484401881694793701e+02 1.230037537766655475e+00 2.800281533249916244e+00
6.484611437320709229e+02 1.842056215094454830e+00 7.390421613208411067e+00
6.484873247146606445e+02 1.464044679097872725e+00 4.555335093234045729e+00
6.485171344280242920e+02 1.336040772728660064e+00 3.595305795464950549e+00
6.485470733642578125e+02 1.828055787835322299e+00 7.285418408764916975e+00
6.485965580940246582e+02 1.210036927396465956e+00 2.650276955473494844e+00
6.486116719245910645e+02 1.860056764427625353e+00 7.525425733207190326e+00
6.486367530822753906e+02 1.858056703390606579e+00 7.510425275429549075e+00
6.486893513202667236e+02 1.910058290353099375e+00 7.900437177648245601e+00
6.487069578170776367e+02 1.316040162358470544e+00 3.445301217688529150e+00
6.487280864715576172e+02 1.418043275246436918e+00 4.210324564348276510e+00
6.487416729927062988e+02 1.266038636432996523e+00 3.070289773247473875e+00
6.487626338005065918e+02 1.744053224280526226e+00 6.655399182103947098e+00
6.488111636638641357e+02 1.498045716727194998e+00 4.810342875453962108e+00
6.488325865268707275e+02 1.954059633167515964e+00 8.230447248756370016e+00
6.488458721637725830e+02 1.338040833765679061e+00 3.610306253242593133e+00
6.488608369827270508e+02 1.428043580431531678e+00 4.285326853236487210e+00
6.488743059635162354e+02 1.838056093020417059e+00 7.360420697653127675e+00
6.488885440826416016e+02 1.748053346354563997e+00 6.685400097659229601e+00
6.489060902595520020e+02 1.232037598803674472e+00 2.815281991027558384e+00
6.489211513996124268e+02 1.536046876430555264e+00 5.095351573229164543e+00
6.489379630088806152e+02 1.836056031983398062e+00 7.345420239875485535e+00
6.492076959609985352e+02 1.832055909909360070e+00 7.315419324320200367e+00
6.492389652729034424e+02 1.424043458357493686e+00 4.255325937681202930e+00
6.493106014728546143e+02 1.678051210058900677e+00 6.160384075441754703e+00
6.493234329223632812e+02 1.304039796136356788e+00 3.355298471022675866e+00
6.493466153144836426e+02 1.630049745170446096e+00 5.800373088778346009e+00
6.493778064250946045e+02 1.334040711691641068e+00 3.580305337687307965e+00
6.494037525653839111e+02 1.666050843836786921e+00 6.070381328775901864e+00
6.494167642593383789e+02 1.672051026947843688e+00 6.115382702108827395e+00
6.494318919181823730e+02 1.776054200872829503e+00 6.895406506546221337e+00
6.494484505653381348e+02 1.546047181615650024e+00 5.170353862117375243e+00
6.494631166458129883e+02 1.324040406506546308e+00 3.505303048799097265e+00
6.495204927921295166e+02 1.230037537766655475e+00 2.800281533249916244e+00
6.495422310829162598e+02 1.838056093020417059e+00 7.360420697653127675e+00
6.495563049316406250e+02 1.822055604724265310e+00 7.240417035431989667e+00
6.495712368488311768e+02 1.758053651539658757e+00 6.760402386547440301e+00
6.495899491310119629e+02 1.506045960875270762e+00 4.870344706564530668e+00
6.496029863357543945e+02 1.226037415692617483e+00 2.770280617694631076e+00
6.496183779239654541e+02 1.628049684133427100e+00 5.785372631000702981e+00
6.496312122344970703e+02 1.848056398205511819e+00 7.435422986541338375e+00
6.496461162567138672e+02 1.312040040284432552e+00 3.415300302133243981e+00
6.496793961524963379e+02 1.516046266060365522e+00 4.945346995452741368e+00
6.499114921092987061e+02 1.868057008575701339e+00 7.585427564317759774e+00
6.499257838726043701e+02 1.524046510208441507e+00 5.005348826563311704e+00
6.499813983440399170e+02 1.320040284432508315e+00 3.475302133243812541e+00
6.499970250129699707e+02 1.826055726798303303e+00 7.270417950987274835e+00
6.500189583301544189e+02 1.754053529465620986e+00 6.730401470992157797e+00
6.500509388446807861e+02 1.702051942503128190e+00 6.340389568773461271e+00
6.500814812183380127e+02 1.708052125614184957e+00 6.385390942106386802e+00
6.501109592914581299e+02 1.686051454206976441e+00 6.220385906552323263e+00
6.501540534496307373e+02 1.604048951689199587e+00 5.605367137668997302e+00
6.501745073795318604e+02 1.520046388134403514e+00 4.975347911008026536e+00
6.502047436237335205e+02 1.850056459242530593e+00 7.450423444318979627e+00
6.502497987747192383e+02 1.802054994354075790e+00 7.090412457655568268e+00
6.502778308391571045e+02 1.344041016876735828e+00 3.655307626575518665e+00
6.503000245094299316e+02 1.870057069612720113e+00 7.600428022095401026e+00
6.503156096935272217e+02 1.790054628131962033e+00 7.000409710989715428e+00
6.503342468738555908e+02 1.680051271095919674e+00 6.175384533219397731e+00
6.504142620563507080e+02 1.950059511093478193e+00 8.200446333201085736e+00
6.504289779663085938e+02 1.622049501022370110e+00 5.740371257667775673e+00
6.504470381736755371e+02 1.224037354655598708e+00 2.755280159916990268e+00
6.504612383842468262e+02 1.358041444135868581e+00 3.760310831019014532e+00
6.504759328365325928e+02 1.738053041169469237e+00 6.610397808771018902e+00
6.504901223182678223e+02 1.754053529465620986e+00 6.730401470992157797e+00
6.505121586322784424e+02 1.488045411542100238e+00 4.735340586565751408e+00
6.505305716991424561e+02 1.510046082949308754e+00 4.900345622119815836e+00
6.505446348190307617e+02 1.336040772728660064e+00 3.595305795464950549e+00
6.505862460136413574e+02 1.626049623096408103e+00 5.770372173223060841e+00
6.507990217208862305e+02 1.602048890652180591e+00 5.590366679891354273e+00
6.508600487709045410e+02 1.858056703390606579e+00 7.510425275429549075e+00
6.508731529712677002e+02 1.848056398205511819e+00 7.435422986541338375e+00
6.508853206634521484e+02 1.508046021912289758e+00 4.885345164342172808e+00
6.509092571735382080e+02 1.322040345469527312e+00 3.490302591021454681e+00
6.509419019222259521e+02 1.214037049470503726e+00 2.680277871028778236e+00
6.509664046764373779e+02 1.250038148136844995e+00 2.950286111026337643e+00
6.509817321300506592e+02 1.436043824579607442e+00 4.345328684347055770e+00
6.509936861991882324e+02 1.854056581316568586e+00 7.480424359874264795e+00
6.510104882717132568e+02 1.450044251838740195e+00 4.450331888790551638e+00
6.510319166183471680e+02 1.318040223395489319e+00 3.460301675466169957e+00
6.510634958744049072e+02 1.504045899838251987e+00 4.855344248786890304e+00
6.510919644832611084e+02 1.216037110507522723e+00 2.695278328806420376e+00
6.511096091270446777e+02 1.730052797021393474e+00 6.550395977660451230e+00
6.511232879161834717e+02 1.314040101321451548e+00 3.430300759910886566e+00
6.511391515731811523e+02 1.430043641468550675e+00 4.300327311014130238e+00
6.511565923690795898e+02 1.962059877315591949e+00 8.290449079866938575e+00
6.511733965873718262e+02 1.854056581316568586e+00 7.480424359874264795e+00
6.511920239925384521e+02 1.562047669911801551e+00 5.290357524338511475e+00
6.512252130508422852e+02 1.328040528580584301e+00 3.535303964354382433e+00
6.514561147689819336e+02 1.844056276131473826e+00 7.405422070986054095e+00
6.515192246437072754e+02 1.376041993469039104e+00 3.895314951017793348e+00
6.515330259799957275e+02 1.846056337168492822e+00 7.420422528763696235e+00
6.515510635375976562e+02 1.798054872280037797e+00 7.060411542100283100e+00
6.515795052051544189e+02 1.596048707541123823e+00 5.545365306558428742e+00
6.516082870960235596e+02 1.690051576281014434e+00 6.250386822107608431e+00
6.516370007991790771e+02 1.318040223395489319e+00 3.460301675466169957e+00
6.516826121807098389e+02 1.834055970946379066e+00 7.330419782097843395e+00
6.517108099460601807e+02 1.658050599688711380e+00 6.010379497665335080e+00
6.517401692867279053e+02 1.632049806207464870e+00 5.815373546555986373e+00
6.517663564682006836e+02 1.288039307840205039e+00 3.235294808801537858e+00
6.517836349010467529e+02 1.320040284432508315e+00 3.475302133243812541e+00
6.518008971214294434e+02 1.704052003540146965e+00 6.355390026551102522e+00
6.518177807331085205e+02 1.844056276131473826e+00 7.405422070986054095e+00
6.518623774051666260e+02 1.850056459242530593e+00 7.450423444318979627e+00
6.518902623653411865e+02 1.334040711691641068e+00 3.580305337687307965e+00
6.519066591262817383e+02 1.334040711691641068e+00 3.580305337687307965e+00
6.519220857620239258e+02 1.292039429914243032e+00 3.265295724356822582e+00
6.519401128292083740e+02 1.830055848872341073e+00 7.300418866542558227e+00
6.519536354541778564e+02 1.966059999389629720e+00 8.320449995422222855e+00
6.519662046432495117e+02 1.376041993469039104e+00 3.895314951017793348e+00
6.519826269149780273e+02 1.578048158207953300e+00 5.410361186559649482e+00
6.519992780685424805e+02 1.832055909909360070e+00 7.315419324320200367e+00
6.520455315113067627e+02 1.734052919095431466e+00 6.580396893215736398e+00
6.522564072608947754e+02 1.840056154057435833e+00 7.375421155430768927e+00
6.523155965805053711e+02 1.662050721762749150e+00 6.040380413220618472e+00
6.523287768363952637e+02 1.592048585467085831e+00 5.515364391003143574e+00
6.523615369796752930e+02 1.722052552873317710e+00 6.490394146549882670e+00
6.523968648910522461e+02 1.472044923245948711e+00 4.615336924344615177e+00
6.524198613166809082e+02 1.838056093020417059e+00 7.360420697653127675e+00
6.524327547550201416e+02 1.956059694204534960e+00 8.245447706534012156e+00
6.524472568035125732e+02 1.354041322061830588e+00 3.730309915463729364e+00
6.524665510654449463e+02 1.332040650654622072e+00 3.565304879909665381e+00
6.525259501934051514e+02 1.306039857173375784e+00 3.370298928800318450e+00
6.525420057773590088e+02 1.422043397320474689e+00 4.240325479903560790e+00
6.525562288761138916e+02 1.798054872280037797e+00 7.060411542100283100e+00
6.525693857669830322e+02 1.748053346354563997e+00 6.685400097659229601e+00
6.525823314189910889e+02 1.228037476729636479e+00 2.785281075472273660e+00
6.525955579280853271e+02 1.816055421613208543e+00 7.195415662099064136e+00
6.526114592552185059e+02 1.856056642353587582e+00 7.495424817651906935e+00
6.526257019042968750e+02 1.326040467543565304e+00 3.520303506576739849e+00
6.526382336616516113e+02 1.580048219244972074e+00 5.425361644337290734e+00
6.526545310020446777e+02 1.856056642353587582e+00 7.495424817651906935e+00
6.526914646625518799e+02 1.864056886501663346e+00 7.555426648762475494e+00
6.529073686599731445e+02 1.308039918210394559e+00 3.385299386577959257e+00
6.529661424160003662e+02 1.472044923245948711e+00 4.615336924344615177e+00
6.529856183528900146e+02 1.384042237617114868e+00 3.955316782128361464e+00
6.530020771026611328e+02 1.620049439985351114e+00 5.725370799890133533e+00
6.530368795394897461e+02 1.320040284432508315e+00 3.475302133243812541e+00
6.530676491260528564e+02 1.856056642353587582e+00 7.495424817651906935e+00
6.530948235988616943e+02 1.334040711691641068e+00 3.580305337687307965e+00
6.531258749961853027e+02 1.458044495986815958e+00 4.510333719901119309e+00
6.531514701843261719e+02 1.612049195837275350e+00 5.665368968779564973e+00
6.531808874607086182e+02 1.738053041169469237e+00 6.610397808771018902e+00
6.532093257904052734e+02 1.322040345469527312e+00 3.490302591021454681e+00
6.532229242324829102e+02 1.322040345469527312e+00 3.490302591021454681e+00
6.532382564544677734e+02 1.830055848872341073e+00 7.300418866542558227e+00
6.532501006126403809e+02 1.838056093020417059e+00 7.360420697653127675e+00
6.532680170536041260e+02 1.302039735099337792e+00 3.340298013245033282e+00
6.533279697895050049e+02 1.318040223395489319e+00 3.460301675466169957e+00
6.533461613655090332e+02 1.336040772728660064e+00 3.595305795464950549e+00
6.533652780055999756e+02 1.322040345469527312e+00 3.490302591021454681e+00
6.533812651634216309e+02 1.550047303689687794e+00 5.200354777672658635e+00
6.534003751277923584e+02 1.718052430799279717e+00 6.460393230994597502e+00
6.534163017272949219e+02 1.966059999389629720e+00 8.320449995422222855e+00
6.534349415302276611e+02 1.856056642353587582e+00 7.495424817651906935e+00
6.534761364459991455e+02 1.740053102206488234e+00 6.625398266548661930e+00
6.536878364086151123e+02 1.450044251838740195e+00 4.450331888790551638e+00
6.537476067543029785e+02 1.452044312875759191e+00 4.465332346568193778e+00
6.537614870071411133e+02 1.388042359691152861e+00 3.985317697683646632e+00
6.537892103195190430e+02 1.322040345469527312e+00 3.490302591021454681e+00
6.538217244148254395e+02 1.494045594653157227e+00 4.780341959898679605e+00
6.538434989452362061e+02 1.354041322061830588e+00 3.730309915463729364e+00
6.538592650890350342e+02 1.610049134800256354e+00 5.650368511001922833e+00
6.538762631416320801e+02 1.870057069612720113e+00 7.600428022095401026e+00
6.538889269828796387e+02 1.628049684133427100e+00 5.785372631000702981e+00
6.539158904552459717e+02 1.236037720877712243e+00 2.845282906582841775e+00
6.539634680747985840e+02 1.488045411542100238e+00 4.735340586565751408e+00
6.539811635017395020e+02 1.824055665761284306e+00 7.255417493209632696e+00
6.539962365627288818e+02 1.752053468428601990e+00 6.715401013214514769e+00
6.540097980499267578e+02 1.732052858058412470e+00 6.565396435438093370e+00
6.540233132839202881e+02 1.308039918210394559e+00 3.385299386577959257e+00
6.540368413925170898e+02 1.736052980132450241e+00 6.595397350993376762e+00
6.540590856075286865e+02 1.962059877315591949e+00 8.290449079866938575e+00
6.540735843181610107e+02 1.966059999389629720e+00 8.320449995422222855e+00
6.541163787841796875e+02 1.722052552873317710e+00 6.490394146549882670e+00
6.543292734622955322e+02 1.552047364726706791e+00 5.215355235450300775e+00
6.543883450031280518e+02 1.322040345469527312e+00 3.490302591021454681e+00
6.544018568992614746e+02 1.324040406506546308e+00 3.505303048799097265e+00
6.544280109405517578e+02 1.320040284432508315e+00 3.475302133243812541e+00
6.544653801918029785e+02 1.830055848872341073e+00 7.300418866542558227e+00
6.544940383434295654e+02 1.216037110507522723e+00 2.695278328806420376e+00
6.545210130214691162e+02 1.858056703390606579e+00 7.510425275429549075e+00
6.545522544384002686e+02 1.904058107242042386e+00 7.855435804315318293e+00
6.545781474113464355e+02 1.328040528580584301e+00 3.535303964354382433e+00
6.546222906112670898e+02 1.330040589617603075e+00 3.550304422132023241e+00
6.546366415023803711e+02 1.728052735984374477e+00 6.535395519882808202e+00
6.546499259471893311e+02 1.722052552873317710e+00 6.490394146549882670e+00
6.546650757789611816e+02 1.244037965025788228e+00 2.905284737693411667e+00
6.546775684356689453e+02 1.652050416577654390e+00 5.965378124332407772e+00
6.546940259933471680e+02 1.788054567094943037e+00 6.985409253212072400e+00
6.547330462932586670e+02 1.886057557908871862e+00 7.720431684316539034e+00
6.547505939006805420e+02 1.512046143986327751e+00 4.915346079897457976e+00
6.547653746604919434e+02 1.304039796136356788e+00 3.355298471022675866e+00
6.547783219814300537e+02 1.616049317911313343e+00 5.695369884334850141e+00
6.547917585372924805e+02 1.860056764427625353e+00 7.525425733207190326e+00
6.548092479705810547e+02 1.334040711691641068e+00 3.580305337687307965e+00
6.548228483200073242e+02 1.216037110507522723e+00 2.695278328806420376e+00
6.548392784595489502e+02 1.826055726798303303e+00 7.270417950987274835e+00
6.548558096885681152e+02 1.968060060426648716e+00 8.335450453199864995e+00
6.548800485134124756e+02 1.870057069612720113e+00 7.600428022095401026e+00
6.549168465137481689e+02 1.428043580431531678e+00 4.285326853236487210e+00
6.551283359527587891e+02 1.480045167394024475e+00 4.675338755455183737e+00
6.551873860359191895e+02 1.396042603839228624e+00 4.045319528794214747e+00
6.552006866931915283e+02 1.434043763542588446e+00 4.330328226569413630e+00
6.552228457927703857e+02 1.832055909909360070e+00 7.315419324320200367e+00
6.552616107463836670e+02 1.472044923245948711e+00 4.615336924344615177e+00
6.552860510349273682e+02 1.516046266060365522e+00 4.945346995452741368e+00
6.553002245426177979e+02 1.454044373912777965e+00 4.480332804345835029e+00
6.553155860900878906e+02 1.936059083834345440e+00 8.095443128757590756e+00
6.553282804489135742e+02 1.538046937467574038e+00 5.110352031006804907e+00
6.553396477699279785e+02 1.320040284432508315e+00 3.475302133243812541e+00
6.554024033546447754e+02 1.826055726798303303e+00 7.270417950987274835e+00
6.554161517620086670e+02 1.836056031983398062e+00 7.345420239875485535e+00
6.554297127723693848e+02 1.588048463393048060e+00 5.485363475447860182e+00
6.554428951740264893e+02 1.272038819544053512e+00 3.115291146580401183e+00
6.554566340446472168e+02 1.838056093020417059e+00 7.360420697653127675e+00
6.554704568386077881e+02 1.604048951689199587e+00 5.605367137668997302e+00
6.554839894771575928e+02 1.252038209173863992e+00 2.965286568803979783e+00
6.555019190311431885e+02 1.794054750206000026e+00 7.030410626545000596e+00
6.555175602436065674e+02 1.836056031983398062e+00 7.345420239875485535e+00
6.555429039001464844e+02 1.324040406506546308e+00 3.505303048799097265e+00
6.557474505901336670e+02 1.328040528580584301e+00 3.535303964354382433e+00
6.557778201103210449e+02 1.858056703390606579e+00 7.510425275429549075e+00
6.558331627845764160e+02 1.840056154057435833e+00 7.375421155430768927e+00
6.558470451831817627e+02 1.516046266060365522e+00 4.945346995452741368e+00
6.558643493652343750e+02 1.332040650654622072e+00 3.565304879909665381e+00
6.558938739299774170e+02 1.324040406506546308e+00 3.505303048799097265e+00
6.559225318431854248e+02 1.848056398205511819e+00 7.435422986541338375e+00
6.559511935710906982e+02 1.638049989318521860e+00 5.860374919888913681e+00
6.559949085712432861e+02 1.836056031983398062e+00 7.345420239875485535e+00
6.560205259323120117e+02 1.496045655690176002e+00 4.795342417676319968e+00
6.560501611232757568e+02 1.582048280281991071e+00 5.440362102114932874e+00
6.560744364261627197e+02 1.788054567094943037e+00 6.985409253212072400e+00
6.560938162803649902e+02 1.906058168279061382e+00 7.870436262092960433e+00
6.561125817298889160e+02 1.862056825464644350e+00 7.540426190984832466e+00
6.561280212402343750e+02 1.502045838801232991e+00 4.840343791009247276e+00
6.561680090427398682e+02 1.296039551988281024e+00 3.295296639912107750e+00
6.561987791061401367e+02 1.426043519394512682e+00 4.270326395458845070e+00
6.562126574516296387e+02 1.842056215094454830e+00 7.390421613208411067e+00
6.562262506484985352e+02 1.332040650654622072e+00 3.565304879909665381e+00
6.562407636642456055e+02 1.536046876430555264e+00 5.095351573229164543e+00
6.562575931549072266e+02 1.836056031983398062e+00 7.345420239875485535e+00
6.562753407955169678e+02 1.768053956724753517e+00 6.835404675435651001e+00
6.562914292812347412e+02 1.718052430799279717e+00 6.460393230994597502e+00
6.563058767318725586e+02 1.306039857173375784e+00 3.370298928800318450e+00
6.565326445102691650e+02 1.216037110507522723e+00 2.695278328806420376e+00
6.565646448135375977e+02 1.570047914059877314e+00 5.350359355449080034e+00
6.566203379631042480e+02 1.324040406506546308e+00 3.505303048799097265e+00
6.566339762210845947e+02 1.840056154057435833e+00 7.375421155430768927e+00
6.566595208644866943e+02 1.846056337168492822e+00 7.420422528763696235e+00
6.567062492370605469e+02 1.500045777764213994e+00 4.825343333231605136e+00
6.567226636409759521e+02 1.384042237617114868e+00 3.955316782128361464e+00
6.567368953227996826e+02 1.836056031983398062e+00 7.345420239875485535e+00
6.567542798519134521e+02 1.858056703390606579e+00 7.510425275429549075e+00
6.567764103412628174e+02 1.540046998504593034e+00 5.125352488784447935e+00
6.568170180320739746e+02 1.798054872280037797e+00 7.060411542100283100e+00
6.568351495265960693e+02 1.748053346354563997e+00 6.685400097659229601e+00
6.568530662059783936e+02 1.488045411542100238e+00 4.735340586565751408e+00
6.568683292865753174e+02 1.436043824579607442e+00 4.345328684347055770e+00
6.568813617229461670e+02 1.230037537766655475e+00 2.800281533249916244e+00
6.568959782123565674e+02 1.828055787835322299e+00 7.285418408764916975e+00
6.569096324443817139e+02 1.638049989318521860e+00 5.860374919888913681e+00
6.569235827922821045e+02 1.318040223395489319e+00 3.460301675466169957e+00
6.569443044662475586e+02 1.430043641468550675e+00 4.300327311014130238e+00
6.569902479648590088e+02 1.300039674062318795e+00 3.325297555467391142e+00
6.572061409950256348e+02 1.256038331247901763e+00 2.995287484359263175e+00
