7.235195450782775879e+02 1.862056825464644350e+00 7.540426190984832466e+00
7.235340790748596191e+02 1.320040284432508315e+00 3.475302133243812541e+00
7.235468938350677490e+02 1.836056031983398062e+00 7.345420239875485535e+00
7.235584671497344971e+02 1.490045472579119235e+00 4.750341044343394437e+00
7.235719091892242432e+02 1.420043336283455915e+00 4.225325022125919538e+00
7.235840816497802734e+02 1.842056215094454830e+00 7.390421613208411067e+00
7.235981686115264893e+02 1.376041993469039104e+00 3.895314951017793348e+00
7.236108586788177490e+02 1.394042542802209628e+00 4.030319071016572607e+00
7.236249575614929199e+02 1.856056642353587582e+00 7.495424817651906935e+00
7.236400854587554932e+02 1.560047608874782554e+00 5.275357066560869335e+00
7.236545033454895020e+02 1.326040467543565304e+00 3.520303506576739849e+00
7.236971924304962158e+02 1.632049806207464870e+00 5.815373546555986373e+00
7.237124953269958496e+02 1.386042298654133864e+00 3.970317239906004048e+00
7.237243914604187012e+02 1.840056154057435833e+00 7.375421155430768927e+00
7.237381856441497803e+02 1.332040650654622072e+00 3.565304879909665381e+00
7.237555208206176758e+02 1.322040345469527312e+00 3.490302591021454681e+00
7.237701251506805420e+02 1.632049806207464870e+00 5.815373546555986373e+00
7.237833101749420166e+02 1.844056276131473826e+00 7.405422070986054095e+00
7.237968854904174805e+02 1.334040711691641068e+00 3.580305337687307965e+00
7.238103699684143066e+02 1.600048829615161594e+00 5.575366222113712134e+00
7.238275625705718994e+02 1.854056581316568586e+00 7.480424359874264795e+00
7.238415896892547607e+02 1.532046754356517271e+00 5.065350657673879375e+00
7.238600771427154541e+02 1.312040040284432552e+00 3.415300302133243981e+00
7.239634032249450684e+02 1.294039490951262028e+00 3.280296182134465166e+00
7.239936544895172119e+02 1.838056093020417059e+00 7.360420697653127675e+00
7.240491149425506592e+02 1.484045289468062467e+00 4.705339671010468905e+00
7.240623693466186523e+02 1.714052308725241724e+00 6.430392315439313222e+00
7.240932216644287109e+02 1.740053102206488234e+00 6.625398266548661930e+00
7.241260881423950195e+02 1.830055848872341073e+00 7.300418866542558227e+00
7.241479780673980713e+02 1.718052430799279717e+00 6.460393230994597502e+00
7.241638860702514648e+02 1.738053041169469237e+00 6.610397808771018902e+00
7.241796145439147949e+02 1.474044984282967707e+00 4.630337382122258205e+00
7.241938726902008057e+02 1.324040406506546308e+00 3.505303048799097265e+00
7.242386617660522461e+02 1.316040162358470544e+00 3.445301217688529150e+00
7.242654998302459717e+02 1.334040711691641068e+00 3.580305337687307965e+00
7.242872083187103271e+02 1.752053468428601990e+00 6.715401013214514769e+00
7.242990925312042236e+02 1.518046327097384518e+00 4.960347453230383508e+00
7.243150706291198730e+02 1.402042786950285391e+00 4.090320902127140279e+00
7.243301880359649658e+02 1.838056093020417059e+00 7.360420697653127675e+00
7.243468430042266846e+02 1.840056154057435833e+00 7.375421155430768927e+00
7.243610854148864746e+02 1.560047608874782554e+00 5.275357066560869335e+00
7.244031388759613037e+02 1.330040589617603075e+00 3.550304422132023241e+00
7.244998168945312500e+02 1.516046266060365522e+00 4.945346995452741368e+00
7.245590114593505859e+02 1.456044434949796962e+00 4.495333262123477169e+00
7.245720250606536865e+02 1.458044495986815958e+00 4.510333719901119309e+00
7.245914781093597412e+02 1.534046815393536267e+00 5.080351115451522404e+00
7.246200494766235352e+02 1.686051454206976441e+00 6.220385906552323263e+00
7.246488926410675049e+02 1.334040711691641068e+00 3.580305337687307965e+00
7.246773586273193359e+02 1.888057618945890859e+00 7.735432142094181174e+00
7.247197253704071045e+02 1.272038819544053512e+00 3.115291146580401183e+00
7.247399146556854248e+02 1.450044251838740195e+00 4.450331888790551638e+00
7.247615768909454346e+02 1.298039613025299799e+00 3.310297097689748558e+00
7.247944030761718750e+02 1.306039857173375784e+00 3.370298928800318450e+00
7.248115639686584473e+02 1.618049378948332340e+00 5.710370342112492281e+00
7.248267698287963867e+02 1.840056154057435833e+00 7.375421155430768927e+00
7.248377330303192139e+02 1.488045411542100238e+00 4.735340586565751408e+00
7.248502779006958008e+02 1.460044557023834955e+00 4.525334177678762337e+00
7.248675482273101807e+02 1.816055421613208543e+00 7.195415662099064136e+00
7.249021770954132080e+02 1.718052430799279717e+00 6.460393230994597502e+00
7.249294934272766113e+02 1.346041077913754824e+00 3.670308084353161249e+00
7.249439990520477295e+02 1.910058290353099375e+00 7.900437177648245601e+00
7.249572210311889648e+02 1.334040711691641068e+00 3.580305337687307965e+00
7.249706656932830811e+02 1.530046693319498274e+00 5.050350199896237235e+00
7.249933841228485107e+02 1.832055909909360070e+00 7.315419324320200367e+00
7.250079793930053711e+02 1.858056703390606579e+00 7.510425275429549075e+00
7.250279028415679932e+02 1.876057252723777102e+00 7.645429395428328334e+00
7.251565158367156982e+02 1.824055665761284306e+00 7.255417493209632696e+00
7.252158410549163818e+02 1.682051332132938670e+00 6.190384990997039871e+00
7.252293956279754639e+02 1.670050965910824914e+00 6.100382244331187032e+00
7.252515268325805664e+02 1.890057679982909855e+00 7.750432599871824202e+00
7.252820653915405273e+02 1.786054506057924263e+00 6.970408795434432037e+00
7.253109304904937744e+02 1.724052613910336706e+00 6.505394604327525698e+00
7.253279607295989990e+02 1.858056703390606579e+00 7.510425275429549075e+00
7.253455848693847656e+02 1.748053346354563997e+00 6.685400097659229601e+00
7.253578381538391113e+02 1.424043458357493686e+00 4.255325937681202930e+00
7.253697268962860107e+02 1.596048707541123823e+00 5.545365306558428742e+00
7.254120290279388428e+02 1.718052430799279717e+00 6.460393230994597502e+00
7.254345314502716064e+02 1.836056031983398062e+00 7.345420239875485535e+00
7.254538614749908447e+02 1.828055787835322299e+00 7.285418408764916975e+00
7.254732296466827393e+02 1.570047914059877314e+00 5.350359355449080034e+00
7.254853885173797607e+02 1.850056459242530593e+00 7.450423444318979627e+00
7.254975404739379883e+02 1.356041383098849584e+00 3.745310373241371948e+00
7.255131471157073975e+02 1.488045411542100238e+00 4.735340586565751408e+00
7.255268831253051758e+02 1.848056398205511819e+00 7.435422986541338375e+00
7.255716145038604736e+02 1.516046266060365522e+00 4.945346995452741368e+00
7.256703255176544189e+02 1.608049073763237580e+00 5.635368053224281581e+00
7.257292101383209229e+02 1.808055177465132557e+00 7.135413830988493800e+00
7.257425918579101562e+02 1.768053956724753517e+00 6.835404675435651001e+00
7.257629239559173584e+02 1.734052919095431466e+00 6.580396893215736398e+00
7.257986409664154053e+02 1.844056276131473826e+00 7.405422070986054095e+00
7.258271515369415283e+02 1.316040162358470544e+00 3.445301217688529150e+00
7.258574700355529785e+02 1.914058412427137146e+00 7.930438093203528993e+00
7.258934919834136963e+02 1.298039613025299799e+00 3.310297097689748558e+00
7.259193003177642822e+02 1.858056703390606579e+00 7.510425275429549075e+00
7.259546632766723633e+02 1.328040528580584301e+00 3.535303964354382433e+00
7.259759881496429443e+02 1.614049256874294347e+00 5.680369426557208001e+00
7.259924995899200439e+02 1.428043580431531678e+00 4.285326853236487210e+00
7.260077669620513916e+02 1.858056703390606579e+00 7.510425275429549075e+00
7.260206561088562012e+02 1.744053224280526226e+00 6.655399182103947098e+00
7.260354611873626709e+02 1.324040406506546308e+00 3.505303048799097265e+00
7.260905768871307373e+02 1.300039674062318795e+00 3.325297555467391142e+00
7.261036994457244873e+02 1.908058229316080379e+00 7.885436719870602573e+00
7.261217582225799561e+02 1.332040650654622072e+00 3.565304879909665381e+00
7.261355400085449219e+02 1.212036988433484952e+00 2.665277413251136984e+00
7.261534903049468994e+02 1.774054139835810506e+00 6.880406048768579197e+00
7.261753666400909424e+02 1.472044923245948711e+00 4.615336924344615177e+00
7.261925888061523438e+02 1.830055848872341073e+00 7.300418866542558227e+00
7.262351288795471191e+02 1.618049378948332340e+00 5.710370342112492281e+00
7.263318448066711426e+02 1.436043824579607442e+00 4.345328684347055770e+00
7.263909969329833984e+02 1.964059938352610724e+00 8.305449537644580715e+00
7.264040591716766357e+02 1.948059450056459196e+00 8.185445875423443596e+00
7.264272139072418213e+02 1.466044740134891722e+00 4.570335551011687869e+00
7.264568274021148682e+02 1.884057496871852866e+00 7.705431226538896894e+00
7.264882333278656006e+02 1.304039796136356788e+00 3.355298471022675866e+00
7.265073072910308838e+02 1.858056703390606579e+00 7.510425275429549075e+00
7.265288336277008057e+02 1.722052552873317710e+00 6.490394146549882670e+00
7.265415325164794922e+02 1.740053102206488234e+00 6.625398266548661930e+00
7.265846750736236572e+02 1.222037293618579712e+00 2.740279702139347684e+00
7.266108684539794922e+02 1.528046632282479278e+00 5.035349742118594207e+00
7.266260137557983398e+02 1.938059144871364436e+00 8.110443586535232896e+00
7.266414732933044434e+02 1.622049501022370110e+00 5.740371257667775673e+00
7.266614625453948975e+02 1.332040650654622072e+00 3.565304879909665381e+00
7.266788263320922852e+02 1.332040650654622072e+00 3.565304879909665381e+00
7.266922769546508789e+02 1.414043153172398926e+00 4.180323648792992230e+00
7.267062237262725830e+02 1.942059266945402429e+00 8.140444502090517176e+00
7.267465257644653320e+02 1.716052369762260721e+00 6.445392773216955362e+00
7.268441960811614990e+02 1.912058351390118149e+00 7.915437635425885965e+00
7.269036052227020264e+02 1.324040406506546308e+00 3.505303048799097265e+00
7.269174001216888428e+02 1.334040711691641068e+00 3.580305337687307965e+00
7.269388713836669922e+02 1.332040650654622072e+00 3.565304879909665381e+00
7.269676282405853271e+02 1.300039674062318795e+00 3.325297555467391142e+00
7.270021033287048340e+02 1.696051759392071201e+00 6.295388195440533963e+00
7.270618581771850586e+02 1.520046388134403514e+00 4.975347911008026536e+00
7.270805311203002930e+02 1.222037293618579712e+00 2.740279702139347684e+00
7.271367990970611572e+02 1.574048036133915307e+00 5.380360271004365202e+00
7.271512520313262939e+02 1.320040284432508315e+00 3.475302133243812541e+00
7.271654512882232666e+02 1.956059694204534960e+00 8.245447706534012156e+00
7.271871619224548340e+02 1.856056642353587582e+00 7.495424817651906935e+00
7.271994950771331787e+02 1.532046754356517271e+00 5.065350657673879375e+00
7.272514302730560303e+02 1.454044373912777965e+00 4.480332804345835029e+00
7.272713928222656250e+02 1.652050416577654390e+00 5.965378124332407772e+00
7.272895045280456543e+02 1.950059511093478193e+00 8.200446333201085736e+00
7.273022072315216064e+02 1.720052491836298714e+00 6.475393688772240530e+00
7.273166415691375732e+02 1.224037354655598708e+00 2.755280159916990268e+00
7.273356623649597168e+02 1.644050172429578627e+00 5.905376293221840101e+00
7.273501410484313965e+02 1.706052064577165961e+00 6.370390484328744662e+00
7.273714611530303955e+02 1.858056703390606579e+00 7.510425275429549075e+00
7.274029653072357178e+02 1.448044190801721198e+00 4.435331431012908610e+00
7.274962260723114014e+02 1.714052308725241724e+00 6.430392315439313222e+00
7.275103023052215576e+02 1.456044434949796962e+00 4.495333262123477169e+00
7.275651769638061523e+02 1.830055848872341073e+00 7.300418866542558227e+00
7.275793914794921875e+02 1.460044557023834955e+00 4.525334177678762337e+00
7.276033868789672852e+02 1.862056825464644350e+00 7.540426190984832466e+00
7.276557714939117432e+02 1.494045594653157227e+00 4.780341959898679605e+00
7.276698596477508545e+02 1.636049928281502863e+00 5.845374462111271541e+00
7.276844804286956787e+02 1.856056642353587582e+00 7.495424817651906935e+00
7.277058947086334229e+02 1.720052491836298714e+00 6.475393688772240530e+00
7.277189996242523193e+02 1.448044190801721198e+00 4.435331431012908610e+00
7.277393288612365723e+02 1.252038209173863992e+00 2.965286568803979783e+00
7.277853662967681885e+02 1.838056093020417059e+00 7.360420697653127675e+00
7.278014702796936035e+02 1.568047853022858318e+00 5.335358897671437006e+00
7.278192079067230225e+02 1.504045899838251987e+00 4.855344248786890304e+00
7.278352513313293457e+02 1.390042420728171857e+00 4.000318155461289216e+00
7.278501110076904297e+02 1.826055726798303303e+00 7.270417950987274835e+00
7.278672235012054443e+02 1.850056459242530593e+00 7.450423444318979627e+00
7.278864650726318359e+02 1.964059938352610724e+00 8.305449537644580715e+00
7.280098135471343994e+02 1.852056520279549590e+00 7.465423902096621767e+00
7.280869250297546387e+02 1.852056520279549590e+00 7.465423902096621767e+00
7.280998809337615967e+02 1.524046510208441507e+00 5.005348826563311704e+00
7.281226239204406738e+02 1.548047242652668798e+00 5.185354319895015607e+00
7.281521837711334229e+02 1.536046876430555264e+00 5.095351573229164543e+00
7.281810851097106934e+02 1.626049623096408103e+00 5.770372173223060841e+00
7.282094280719757080e+02 1.296039551988281024e+00 3.295296639912107750e+00
7.282508997917175293e+02 1.834055970946379066e+00 7.330419782097843395e+00
7.282715401649475098e+02 1.920058595538193913e+00 7.975439466536454525e+00
7.283019225597381592e+02 1.820055543687246313e+00 7.225416577654347527e+00
7.283312566280364990e+02 1.722052552873317710e+00 6.490394146549882670e+00
7.283466444015502930e+02 1.854056581316568586e+00 7.480424359874264795e+00
7.283596966266632080e+02 1.510046082949308754e+00 4.900345622119815836e+00
7.283766162395477295e+02 1.366041688283944344e+00 3.820312662129582648e+00
7.283894066810607910e+02 1.636049928281502863e+00 5.845374462111271541e+00
7.284559514522552490e+02 1.904058107242042386e+00 7.855435804315318293e+00
7.284705257415771484e+02 1.744053224280526226e+00 6.655399182103947098e+00
7.284901139736175537e+02 1.860056764427625353e+00 7.525425733207190326e+00
7.285054049491882324e+02 1.828055787835322299e+00 7.285418408764916975e+00
7.285234875679016113e+02 1.750053407391582994e+00 6.700400555436872629e+00
7.285364198684692383e+02 1.304039796136356788e+00 3.355298471022675866e+00
7.285496408939361572e+02 1.624049562059389107e+00 5.755371715445418701e+00
7.285793449878692627e+02 1.732052858058412470e+00 6.565396435438093370e+00
7.286657114028930664e+02 1.426043519394512682e+00 4.270326395458845070e+00
7.286972813606262207e+02 1.424043458357493686e+00 4.255325937681202930e+00
7.287532505989074707e+02 1.302039735099337792e+00 3.340298013245033282e+00
7.287668275833129883e+02 1.834055970946379066e+00 7.330419782097843395e+00
7.287925243377685547e+02 1.836056031983398062e+00 7.345420239875485535e+00
7.288251609802246094e+02 1.558047547837763558e+00 5.260356608783226307e+00
7.288491976261138916e+02 1.836056031983398062e+00 7.345420239875485535e+00
7.288621242046356201e+02 1.714052308725241724e+00 6.430392315439313222e+00
7.288794884681701660e+02 1.316040162358470544e+00 3.445301217688529150e+00
7.288960728645324707e+02 1.224037354655598708e+00 2.755280159916990268e+00
7.289522488117218018e+02 1.350041199987792595e+00 3.700308999908444640e+00
7.289674675464630127e+02 1.848056398205511819e+00 7.435422986541338375e+00
7.289852929115295410e+02 1.840056154057435833e+00 7.375421155430768927e+00
7.289990701675415039e+02 1.456044434949796962e+00 4.495333262123477169e+00
7.290121135711669922e+02 1.440043946653645435e+00 4.375329599902340938e+00
7.290261225700378418e+02 1.852056520279549590e+00 7.465423902096621767e+00
7.290388500690460205e+02 1.500045777764213994e+00 4.825343333231605136e+00
7.290529887676239014e+02 1.324040406506546308e+00 3.505303048799097265e+00
7.290664417743682861e+02 1.854056581316568586e+00 7.480424359874264795e+00
7.291763701438903809e+02 1.476045045319986482e+00 4.645337839899898569e+00
7.292076027393341064e+02 1.722052552873317710e+00 6.490394146549882670e+00
7.292636563777923584e+02 1.838056093020417059e+00 7.360420697653127675e+00
7.292776339054107666e+02 1.438043885616626438e+00 4.360329142124697910e+00
7.292956426143646240e+02 1.308039918210394559e+00 3.385299386577959257e+00
7.293244090080261230e+02 1.320040284432508315e+00 3.475302133243812541e+00
7.293532643318176270e+02 1.714052308725241724e+00 6.430392315439313222e+00
7.293885319232940674e+02 1.324040406506546308e+00 3.505303048799097265e+00
7.294245080947875977e+02 1.726052674947355481e+00 6.520395062105166062e+00
7.294443628787994385e+02 1.338040833765679061e+00 3.610306253242593133e+00
7.294804489612579346e+02 1.716052369762260721e+00 6.445392773216955362e+00
7.295086584091186523e+02 1.784054445020905266e+00 6.955408337656789897e+00
7.295278825759887695e+02 1.916058473464156142e+00 7.945438550981171133e+00
7.295472934246063232e+02 1.690051576281014434e+00 6.250386822107608431e+00
7.295681717395782471e+02 1.806055116428113783e+00 7.120413373210853436e+00
7.296110024452209473e+02 1.858056703390606579e+00 7.510425275429549075e+00
7.296266109943389893e+02 1.858056703390606579e+00 7.510425275429549075e+00
7.296491396427154541e+02 1.960059816278572953e+00 8.275448622089296435e+00
7.296644182205200195e+02 1.728052735984374477e+00 6.535395519882808202e+00
7.296812670230865479e+02 1.592048585467085831e+00 5.515364391003143574e+00
7.297006592750549316e+02 1.304039796136356788e+00 3.355298471022675866e+00
7.297158887386322021e+02 1.326040467543565304e+00 3.520303506576739849e+00
7.297458245754241943e+02 1.456044434949796962e+00 4.495333262123477169e+00
7.298348927497863770e+02 1.838056093020417059e+00 7.360420697653127675e+00
7.298660511970520020e+02 1.960059816278572953e+00 8.275448622089296435e+00
7.299207668304443359e+02 1.768053956724753517e+00 6.835404675435651001e+00
7.299340620040893555e+02 1.226037415692617483e+00 2.770280617694631076e+00
7.299596128463745117e+02 1.290039368877224035e+00 3.250295266579180442e+00
7.299895079135894775e+02 1.404042847987304388e+00 4.105321359904783307e+00
7.300164778232574463e+02 1.578048158207953300e+00 5.410361186559649482e+00
7.300292792320251465e+02 1.628049684133427100e+00 5.785372631000702981e+00
7.300471191406250000e+02 1.778054261909848277e+00 6.910406964323861700e+00
7.300587666034698486e+02 1.550047303689687794e+00 5.200354777672658635e+00
7.300896816253662109e+02 1.374041932432020108e+00 3.880314493240150764e+00
7.301214306354522705e+02 1.716052369762260721e+00 6.445392773216955362e+00
7.301386604309082031e+02 1.274038880581072508e+00 3.130291604358043767e+00
7.301533675193786621e+02 1.422043397320474689e+00 4.240325479903560790e+00
7.301675317287445068e+02 1.812055299539170550e+00 7.165414746543778968e+00
7.301848587989807129e+02 1.752053468428601990e+00 6.715401013214514769e+00
7.301995246410369873e+02 1.340040894802697835e+00 3.625306711020233941e+00
7.302130961418151855e+02 1.452044312875759191e+00 4.465332346568193778e+00
7.302309968471527100e+02 1.846056337168492822e+00 7.420422528763696235e+00
7.302729382514953613e+02 1.706052064577165961e+00 6.370390484328744662e+00
7.303702929019927979e+02 1.604048951689199587e+00 5.605367137668997302e+00
7.304296617507934570e+02 1.848056398205511819e+00 7.435422986541338375e+00
7.304432771205902100e+02 1.858056703390606579e+00 7.510425275429549075e+00
7.304694037437438965e+02 1.858056703390606579e+00 7.510425275429549075e+00
7.304993221759796143e+02 1.828055787835322299e+00 7.285418408764916975e+00
7.305280885696411133e+02 1.304039796136356788e+00 3.355298471022675866e+00
7.305590193271636963e+02 1.854056581316568586e+00 7.480424359874264795e+00
7.305949430465698242e+02 1.298039613025299799e+00 3.310297097689748558e+00
7.306204283237457275e+02 1.836056031983398062e+00 7.345420239875485535e+00
7.306671154499053955e+02 1.746053285317545001e+00 6.670399639881587461e+00
7.306825428009033203e+02 1.740053102206488234e+00 6.625398266548661930e+00
7.306974148750305176e+02 1.358041444135868581e+00 3.760310831019014532e+00
7.307122337818145752e+02 1.426043519394512682e+00 4.270326395458845070e+00
7.307265801429748535e+02 1.854056581316568586e+00 7.480424359874264795e+00
7.307676789760589600e+02 1.864056886501663346e+00 7.555426648762475494e+00
7.307923176288604736e+02 1.672051026947843688e+00 6.115382702108827395e+00
7.308085234165191650e+02 1.876057252723777102e+00 7.645429395428328334e+00
7.308290462493896484e+02 1.670050965910824914e+00 6.100382244331187032e+00
7.308399896621704102e+02 1.746053285317545001e+00 6.670399639881587461e+00
7.308582303524017334e+02 1.300039674062318795e+00 3.325297555467391142e+00
7.308709900379180908e+02 1.424043458357493686e+00 4.255325937681202930e+00
7.308829565048217773e+02 1.852056520279549590e+00 7.465423902096621767e+00
7.309145298004150391e+02 1.326040467543565304e+00 3.520303506576739849e+00
7.310048422813415527e+02 1.336040772728660064e+00 3.595305795464950549e+00
7.310353000164031982e+02 1.644050172429578627e+00 5.905376293221840101e+00
7.311058778762817383e+02 1.836056031983398062e+00 7.345420239875485535e+00
7.311194784641265869e+02 1.516046266060365522e+00 4.945346995452741368e+00
7.311463847160339355e+02 1.376041993469039104e+00 3.895314951017793348e+00
7.311785299777984619e+02 1.646050233466597623e+00 5.920376750999482240e+00
7.312043473720550537e+02 1.962059877315591949e+00 8.290449079866938575e+00
7.312173840999603271e+02 1.384042237617114868e+00 3.955316782128361464e+00
7.312325007915496826e+02 1.590048524430066834e+00 5.500363933225501434e+00
7.312452704906463623e+02 1.846056337168492822e+00 7.420422528763696235e+00
7.312645518779754639e+02 1.470044862208929715e+00 4.600336466566973037e+00
7.313146004676818848e+02 1.804055055391094786e+00 7.105412915433211296e+00
7.313310792446136475e+02 1.604048951689199587e+00 5.605367137668997302e+00
7.313474435806274414e+02 1.858056703390606579e+00 7.510425275429549075e+00
7.313652822971343994e+02 1.760053712576677754e+00 6.775402844325083329e+00
7.313785185813903809e+02 1.478045106357005478e+00 4.660338297677540709e+00
7.313959171772003174e+02 1.290039368877224035e+00 3.250295266579180442e+00
7.314078674316406250e+02 1.720052491836298714e+00 6.475393688772240530e+00
7.314353926181793213e+02 1.748053346354563997e+00 6.685400097659229601e+00
7.315466504096984863e+02 1.848056398205511819e+00 7.435422986541338375e+00
7.316102142333984375e+02 1.858056703390606579e+00 7.510425275429549075e+00
7.316233918666839600e+02 1.856056642353587582e+00 7.495424817651906935e+00
7.316448204517364502e+02 1.862056825464644350e+00 7.540426190984832466e+00
7.316734473705291748e+02 1.768053956724753517e+00 6.835404675435651001e+00
7.317020215988159180e+02 1.432043702505569671e+00 4.315327768791772378e+00
7.317308971881866455e+02 1.358041444135868581e+00 3.760310831019014532e+00
7.317726769447326660e+02 1.704052003540146965e+00 6.355390026551102522e+00
7.317935326099395752e+02 1.828055787835322299e+00 7.285418408764916975e+00
7.318332884311676025e+02 1.466044740134891722e+00 4.570335551011687869e+00
7.318555133342742920e+02 1.422043397320474689e+00 4.240325479903560790e+00
7.318696424961090088e+02 1.674051087984862685e+00 6.130383159886470423e+00
7.318815314769744873e+02 1.862056825464644350e+00 7.540426190984832466e+00
7.318991575241088867e+02 1.326040467543565304e+00 3.520303506576739849e+00
7.319116663932800293e+02 1.448044190801721198e+00 4.435331431012908610e+00
7.319669194221496582e+02 1.462044618060853951e+00 4.540334635456404477e+00
7.319883496761322021e+02 1.912058351390118149e+00 7.915437635425885965e+00
7.320059833526611328e+02 1.896057863093966622e+00 7.795433973204749734e+00
7.320209801197052002e+02 1.862056825464644350e+00 7.540426190984832466e+00
7.320327203273773193e+02 1.284039185766167268e+00 3.205293893246254466e+00
7.320523138046264648e+02 1.588048463393048060e+00 5.485363475447860182e+00
7.320661242008209229e+02 1.840056154057435833e+00 7.375421155430768927e+00
7.320951848030090332e+02 1.486045350505081242e+00 4.720340128788109268e+00
7.322023835182189941e+02 1.474044984282967707e+00 4.630337382122258205e+00
7.322174150943756104e+02 1.522046449171422511e+00 4.990348368785668676e+00
7.322712807655334473e+02 1.316040162358470544e+00 3.445301217688529150e+00
7.322848076820373535e+02 1.856056642353587582e+00 7.495424817651906935e+00
7.323131444454193115e+02 1.840056154057435833e+00 7.375421155430768927e+00
7.323429217338562012e+02 1.334040711691641068e+00 3.580305337687307965e+00
7.323663468360900879e+02 1.730052797021393474e+00 6.550395977660451230e+00
7.323789563179016113e+02 1.496045655690176002e+00 4.795342417676319968e+00
7.323936157226562500e+02 1.344041016876735828e+00 3.655307626575518665e+00
7.324128439426422119e+02 1.640050050355540856e+00 5.875375377666556709e+00
7.324689300060272217e+02 1.596048707541123823e+00 5.545365306558428742e+00
7.324875569343566895e+02 1.746053285317545001e+00 6.670399639881587461e+00
7.325045068264007568e+02 1.884057496871852866e+00 7.705431226538896894e+00
7.325169665813446045e+02 1.338040833765679061e+00 3.610306253242593133e+00
7.325300073623657227e+02 1.524046510208441507e+00 5.005348826563311704e+00
7.325446269512176514e+02 1.886057557908871862e+00 7.720431684316539034e+00
7.325642893314361572e+02 1.328040528580584301e+00 3.535303964354382433e+00
7.325787687301635742e+02 1.336040772728660064e+00 3.595305795464950549e+00
7.326186642646789551e+02 1.434043763542588446e+00 4.330328226569413630e+00
7.327178404331207275e+02 1.420043336283455915e+00 4.225325022125919538e+00
7.327765862941741943e+02 1.500045777764213994e+00 4.825343333231605136e+00
7.327895793914794922e+02 1.614049256874294347e+00 5.680369426557208001e+00
7.328132712841033936e+02 1.960059816278572953e+00 8.275448622089296435e+00
7.328430502414703369e+02 1.438043885616626438e+00 4.360329142124697910e+00
7.328720076084136963e+02 1.710052186651203954e+00 6.400391399884029831e+00
7.329007973670959473e+02 1.836056031983398062e+00 7.345420239875485535e+00
7.329434471130371094e+02 1.458044495986815958e+00 4.510333719901119309e+00
7.329641664028167725e+02 1.332040650654622072e+00 3.565304879909665381e+00
7.330043354034423828e+02 1.586048402356029063e+00 5.470363017670218042e+00
7.330249474048614502e+02 1.746053285317545001e+00 6.670399639881587461e+00
7.330402011871337891e+02 1.346041077913754824e+00 3.670308084353161249e+00
7.330586297512054443e+02 1.302039735099337792e+00 3.340298013245033282e+00
7.330724160671234131e+02 1.342040955839716831e+00 3.640307168797876081e+00
7.330895178318023682e+02 1.846056337168492822e+00 7.420422528763696235e+00
7.331368410587310791e+02 1.430043641468550675e+00 4.300327311014130238e+00
7.331524960994720459e+02 1.610049134800256354e+00 5.650368511001922833e+00
7.331658630371093750e+02 1.840056154057435833e+00 7.375421155430768927e+00
7.331882760524749756e+02 1.956059694204534960e+00 8.245447706534012156e+00
7.332062618732452393e+02 1.856056642353587582e+00 7.495424817651906935e+00
7.332193751335144043e+02 1.740053102206488234e+00 6.625398266548661930e+00
7.332377851009368896e+02 1.344041016876735828e+00 3.655307626575518665e+00
7.332825181484222412e+02 1.486045350505081242e+00 4.720340128788109268e+00
7.333807785511016846e+02 1.714052308725241724e+00 6.430392315439313222e+00
7.334392335414886475e+02 1.304039796136356788e+00 3.355298471022675866e+00
7.334516029357910156e+02 1.446044129764702202e+00 4.420330973235266470e+00
7.334698812961578369e+02 1.850056459242530593e+00 7.450423444318979627e+00
7.335111689567565918e+02 1.792054689168981030e+00 7.015410168767357568e+00
7.335390889644622803e+02 1.316040162358470544e+00 3.445301217688529150e+00
7.335523157119750977e+02 1.430043641468550675e+00 4.300327311014130238e+00
7.335696578025817871e+02 1.852056520279549590e+00 7.465423902096621767e+00
7.335823180675506592e+02 1.772054078798791510e+00 6.865405590990936169e+00
7.335991134643554688e+02 1.324040406506546308e+00 3.505303048799097265e+00
7.336491394042968750e+02 1.306039857173375784e+00 3.370298928800318450e+00
7.336660718917846680e+02 1.944059327982421204e+00 8.155444959868159316e+00
7.336830890178680420e+02 1.880057374797815095e+00 7.675430310983613502e+00
7.336942739486694336e+02 1.300039674062318795e+00 3.325297555467391142e+00
7.337079322338104248e+02 1.716052369762260721e+00 6.445392773216955362e+00
7.337213747501373291e+02 1.724052613910336706e+00 6.505394604327525698e+00
7.337344808578491211e+02 1.294039490951262028e+00 3.280296182134465166e+00
7.337481749057769775e+02 1.704052003540146965e+00 6.355390026551102522e+00
7.337701323032379150e+02 1.946059389019440200e+00 8.170445417645801456e+00
7.338961684703826904e+02 1.306039857173375784e+00 3.370298928800318450e+00
7.339552133083343506e+02 1.654050477614673387e+00 5.980378582110050800e+00
7.339695181846618652e+02 1.602048890652180591e+00 5.590366679891354273e+00
7.339953424930572510e+02 1.672051026947843688e+00 6.115382702108827395e+00
7.340248105525970459e+02 1.314040101321451548e+00 3.430300759910886566e+00
7.340558025836944580e+02 1.842056215094454830e+00 7.390421613208411067e+00
7.340843553543090820e+02 1.288039307840205039e+00 3.235294808801537858e+00
7.341206612586975098e+02 1.716052369762260721e+00 6.445392773216955362e+00
7.341484050750732422e+02 1.522046449171422511e+00 4.990348368785668676e+00
7.341791055202484131e+02 1.836056031983398062e+00 7.345420239875485535e+00
7.342055635452270508e+02 1.428043580431531678e+00 4.285326853236487210e+00
7.342232248783111572e+02 1.520046388134403514e+00 4.975347911008026536e+00
7.342357912063598633e+02 1.318040223395489319e+00 3.460301675466169957e+00
7.342502136230468750e+02 1.644050172429578627e+00 5.905376293221840101e+00
7.343065469264984131e+02 1.600048829615161594e+00 5.575366222113712134e+00
7.343250946998596191e+02 1.570047914059877314e+00 5.350359355449080034e+00
7.343437268733978271e+02 1.712052247688222950e+00 6.415391857661671970e+00
7.343565835952758789e+02 1.332040650654622072e+00 3.565304879909665381e+00
7.343729965686798096e+02 1.622049501022370110e+00 5.740371257667775673e+00
7.343912632465362549e+02 1.430043641468550675e+00 4.300327311014130238e+00
7.344046633243560791e+02 1.874057191686758106e+00 7.630428937650686194e+00
7.344236528873443604e+02 1.744053224280526226e+00 6.655399182103947098e+00
7.345281517505645752e+02 1.834055970946379066e+00 7.330419782097843395e+00
7.345596377849578857e+02 1.254038270210882988e+00 2.980287026581622367e+00
7.346153078079223633e+02 1.340040894802697835e+00 3.625306711020233941e+00
7.346293959617614746e+02 1.638049989318521860e+00 5.860374919888913681e+00
7.346526122093200684e+02 1.718052430799279717e+00 6.460393230994597502e+00
7.346865797042846680e+02 1.332040650654622072e+00 3.565304879909665381e+00
7.347116756439208984e+02 1.854056581316568586e+00 7.480424359874264795e+00
7.347254416942596436e+02 1.836056031983398062e+00 7.345420239875485535e+00
7.347407834529876709e+02 1.432043702505569671e+00 4.315327768791772378e+00
7.347575836181640625e+02 1.278039002655110279e+00 3.160292519913327158e+00
7.348154425621032715e+02 1.298039613025299799e+00 3.310297097689748558e+00
7.348328018188476562e+02 1.306039857173375784e+00 3.370298928800318450e+00
7.348461418151855469e+02 1.844056276131473826e+00 7.405422070986054095e+00
7.348619239330291748e+02 1.758053651539658757e+00 6.760402386547440301e+00
7.348730397224426270e+02 1.294039490951262028e+00 3.280296182134465166e+00
7.348866097927093506e+02 1.838056093020417059e+00 7.360420697653127675e+00
7.349032568931579590e+02 1.868057008575701339e+00 7.585427564317759774e+00
7.349183771610260010e+02 1.330040589617603075e+00 3.550304422132023241e+00
7.349401314258575439e+02 1.732052858058412470e+00 6.565396435438093370e+00
7.350686466693878174e+02 1.306039857173375784e+00 3.370298928800318450e+00
7.350832376480102539e+02 1.852056520279549590e+00 7.465423902096621767e+00
7.351371173858642578e+02 1.510046082949308754e+00 4.900345622119815836e+00
7.351512784957885742e+02 1.442044007690664431e+00 4.390330057679983078e+00
7.351696257591247559e+02 1.626049623096408103e+00 5.770372173223060841e+00
7.352095174789428711e+02 1.352041261024811591e+00 3.715309457686086780e+00
7.352409548759460449e+02 1.834055970946379066e+00 7.330419782097843395e+00
7.352685859203338623e+02 1.514046205023346747e+00 4.930346537675101004e+00
7.353084442615509033e+02 1.618049378948332340e+00 5.710370342112492281e+00
7.353343522548675537e+02 1.750053407391582994e+00 6.700400555436872629e+00
7.353781814575195312e+02 1.306039857173375784e+00 3.370298928800318450e+00
7.353921594619750977e+02 1.360041505172887355e+00 3.775311288796655340e+00
7.354064903259277344e+02 1.858056703390606579e+00 7.510425275429549075e+00
7.354218385219573975e+02 1.742053163243507230e+00 6.640398724326304070e+00
7.354393072128295898e+02 1.302039735099337792e+00 3.340298013245033282e+00
7.354849848747253418e+02 1.950059511093478193e+00 8.200446333201085736e+00
7.355032773017883301e+02 1.642050111392559630e+00 5.890375835444197072e+00
7.355240993499755859e+02 1.460044557023834955e+00 4.525334177678762337e+00
7.355365273952484131e+02 1.334040711691641068e+00 3.580305337687307965e+00
7.355528621673583984e+02 1.508046021912289758e+00 4.885345164342172808e+00
7.355680115222930908e+02 1.834055970946379066e+00 7.330419782097843395e+00
7.355814881324768066e+02 1.714052308725241724e+00 6.430392315439313222e+00
7.355951974391937256e+02 1.306039857173375784e+00 3.370298928800318450e+00
7.356086037158966064e+02 1.668050904873805917e+00 6.085381786553544003e+00
7.357192134857177734e+02 1.714052308725241724e+00 6.430392315439313222e+00
7.357503437995910645e+02 1.840056154057435833e+00 7.375421155430768927e+00
7.358062272071838379e+02 1.736052980132450241e+00 6.595397350993376762e+00
7.358192071914672852e+02 1.540046998504593034e+00 5.125352488784447935e+00
7.358484132289886475e+02 1.228037476729636479e+00 2.785281075472273660e+00
7.358842184543609619e+02 1.328040528580584301e+00 3.535303964354382433e+00
7.359055633544921875e+02 1.556047486800744784e+00 5.245356151005585943e+00
7.359182739257812500e+02 1.470044862208929715e+00 4.600336466566973037e+00
7.359328494071960449e+02 1.454044373912777965e+00 4.480332804345835029e+00
7.359479608535766602e+02 1.712052247688222950e+00 6.415391857661671970e+00
7.359668054580688477e+02 1.714052308725241724e+00 6.430392315439313222e+00
7.360185511112213135e+02 1.716052369762260721e+00 6.445392773216955362e+00
7.360391371250152588e+02 1.232037598803674472e+00 2.815281991027558384e+00
7.360535690784454346e+02 1.308039918210394559e+00 3.385299386577959257e+00
7.360772495269775391e+02 1.708052125614184957e+00 6.385390942106386802e+00
7.360924680233001709e+02 1.436043824579607442e+00 4.345328684347055770e+00
7.361057832241058350e+02 1.844056276131473826e+00 7.405422070986054095e+00
7.361257889270782471e+02 1.680051271095919674e+00 6.175384533219397731e+00
7.361623086929321289e+02 1.946059389019440200e+00 8.170445417645801456e+00
7.362642927169799805e+02 1.876057252723777102e+00 7.645429395428328334e+00
7.363214745521545410e+02 1.882057435834833869e+00 7.690430768761253866e+00
7.363356132507324219e+02 1.326040467543565304e+00 3.520303506576739849e+00
7.363527843952178955e+02 1.236037720877712243e+00 2.845282906582841775e+00
7.363822934627532959e+02 1.460044557023834955e+00 4.525334177678762337e+00
7.364110620021820068e+02 1.626049623096408103e+00 5.770372173223060841e+00
7.364393942356109619e+02 1.836056031983398062e+00 7.345420239875485535e+00
7.364820182323455811e+02 1.344041016876735828e+00 3.655307626575518665e+00
7.365090408325195312e+02 1.314040101321451548e+00 3.430300759910886566e+00
7.365381448268890381e+02 1.758053651539658757e+00 6.760402386547440301e+00
7.365658249855041504e+02 1.456044434949796962e+00 4.495333262123477169e+00
7.365784997940063477e+02 1.504045899838251987e+00 4.855344248786890304e+00
7.365959167480468750e+02 1.364041627246925348e+00 3.805312204351940064e+00
7.366152222156524658e+02 1.636049928281502863e+00 5.845374462111271541e+00
7.366410038471221924e+02 1.422043397320474689e+00 4.240325479903560790e+00
7.366863951683044434e+02 1.308039918210394559e+00 3.385299386577959257e+00
7.367002947330474854e+02 1.526046571245460504e+00 5.020349284340953844e+00
7.367219924926757812e+02 1.342040955839716831e+00 3.640307168797876081e+00
7.367392179965972900e+02 1.372041871395001111e+00 3.865314035462508180e+00
7.367536089420318604e+02 1.232037598803674472e+00 2.815281991027558384e+00
7.367669670581817627e+02 1.758053651539658757e+00 6.760402386547440301e+00
7.367859487533569336e+02 1.906058168279061382e+00 7.870436262092960433e+00
7.368212645053863525e+02 1.744053224280526226e+00 6.655399182103947098e+00
7.369212956428527832e+02 1.520046388134403514e+00 4.975347911008026536e+00
7.369787886142730713e+02 1.698051820429090197e+00 6.310388653218176103e+00
7.369918215274810791e+02 1.394042542802209628e+00 4.030319071016572607e+00
7.370214116573333740e+02 1.406042909024323384e+00 4.120321817682425447e+00
7.370506112575531006e+02 1.908058229316080379e+00 7.885436719870602573e+00
7.370800271034240723e+02 1.504045899838251987e+00 4.855344248786890304e+00
7.370986456871032715e+02 1.316040162358470544e+00 3.445301217688529150e+00
7.371208288669586182e+02 1.334040711691641068e+00 3.580305337687307965e+00
7.371736364364624023e+02 1.818055482650227317e+00 7.210416119876704499e+00
7.371911818981170654e+02 1.830055848872341073e+00 7.300418866542558227e+00
7.372062525749206543e+02 1.842056215094454830e+00 7.390421613208411067e+00
7.372196037769317627e+02 1.592048585467085831e+00 5.515364391003143574e+00
7.372320044040679932e+02 1.286039246803186265e+00 3.220294351023897050e+00
7.372463934421539307e+02 1.854056581316568586e+00 7.480424359874264795e+00
7.372693278789520264e+02 1.870057069612720113e+00 7.600428022095401026e+00
7.372901859283447266e+02 1.878057313760796099e+00 7.660429853205970474e+00
7.373945269584655762e+02 1.604048951689199587e+00 5.605367137668997302e+00
7.374259622097015381e+02 1.646050233466597623e+00 5.920376750999482240e+00
7.374824223518371582e+02 1.944059327982421204e+00 8.155444959868159316e+00
7.374962587356567383e+02 1.354041322061830588e+00 3.730309915463729364e+00
7.375146412849426270e+02 1.290039368877224035e+00 3.250295266579180442e+00
7.375441975593566895e+02 1.370041810357982115e+00 3.850313577684866040e+00
7.375730540752410889e+02 1.748053346354563997e+00 6.685400097659229601e+00
7.376015439033508301e+02 1.690051576281014434e+00 6.250386822107608431e+00
7.376435894966125488e+02 1.526046571245460504e+00 5.020349284340953844e+00
7.376633107662200928e+02 1.330040589617603075e+00 3.550304422132023241e+00
7.376993379592895508e+02 1.750053407391582994e+00 6.700400555436872629e+00
7.377269124984741211e+02 1.646050233466597623e+00 5.920376750999482240e+00
7.377396409511566162e+02 1.564047730948820547e+00 5.305357982116154503e+00
7.377539014816284180e+02 1.292039429914243032e+00 3.265295724356822582e+00
7.377684905529022217e+02 1.760053712576677754e+00 6.775402844325083329e+00
7.377799701690673828e+02 1.716052369762260721e+00 6.445392773216955362e+00
7.378205127716064453e+02 1.304039796136356788e+00 3.355298471022675866e+00
7.378474957942962646e+02 1.540046998504593034e+00 5.125352488784447935e+00
7.378643312454223633e+02 1.944059327982421204e+00 8.155444959868159316e+00
7.378791363239288330e+02 1.534046815393536267e+00 5.080351115451522404e+00
7.378926720619201660e+02 1.324040406506546308e+00 3.505303048799097265e+00
7.379063966274261475e+02 1.834055970946379066e+00 7.330419782097843395e+00
7.379260053634643555e+02 1.540046998504593034e+00 5.125352488784447935e+00
7.379435863494873047e+02 1.712052247688222950e+00 6.415391857661671970e+00
7.380538923740386963e+02 1.436043824579607442e+00 4.345328684347055770e+00
7.380859808921813965e+02 1.842056215094454830e+00 7.390421613208411067e+00
7.381407003402709961e+02 1.860056764427625353e+00 7.525425733207190326e+00
7.381540117263793945e+02 1.258038392284920759e+00 3.010287942136905759e+00
7.381816489696502686e+02 1.266038636432996523e+00 3.070289773247473875e+00
7.382107832431793213e+02 1.852056520279549590e+00 7.465423902096621767e+00
7.382354166507720947e+02 1.624049562059389107e+00 5.755371715445418701e+00
7.382482283115386963e+02 1.700051881466109194e+00 6.325389110995819131e+00
7.382608785629272461e+02 1.734052919095431466e+00 6.580396893215736398e+00
7.382768926620483398e+02 1.276038941618091505e+00 3.145292062135686351e+00
7.382944700717926025e+02 1.340040894802697835e+00 3.625306711020233941e+00
7.383408100605010986e+02 1.276038941618091505e+00 3.145292062135686351e+00
7.383558902740478516e+02 1.322040345469527312e+00 3.490302591021454681e+00
7.383737790584564209e+02 1.240037842951750235e+00 2.875283822138126943e+00
7.383897035121917725e+02 1.534046815393536267e+00 5.080351115451522404e+00
7.384028956890106201e+02 1.904058107242042386e+00 7.855435804315318293e+00
7.384229323863983154e+02 1.330040589617603075e+00 3.550304422132023241e+00
7.384378135204315186e+02 1.356041383098849584e+00 3.745310373241371948e+00
7.384521450996398926e+02 1.364041627246925348e+00 3.805312204351940064e+00
7.384930069446563721e+02 1.324040406506546308e+00 3.505303048799097265e+00
7.385908939838409424e+02 1.424043458357493686e+00 4.255325937681202930e+00
7.386498584747314453e+02 1.950059511093478193e+00 8.200446333201085736e+00
7.386638314723968506e+02 1.920058595538193913e+00 7.975439466536454525e+00
7.386852054595947266e+02 1.926058778649250680e+00 8.020440839869380056e+00
7.387142567634582520e+02 1.880057374797815095e+00 7.675430310983613502e+00
7.387537913322448730e+02 1.408042970061342158e+00 4.135322275460065811e+00
7.387846791744232178e+02 1.336040772728660064e+00 3.595305795464950549e+00
7.388201398849487305e+02 1.740053102206488234e+00 6.625398266548661930e+00
7.388456158638000488e+02 1.308039918210394559e+00 3.385299386577959257e+00
7.388892824649810791e+02 1.404042847987304388e+00 4.105321359904783307e+00
7.389032437801361084e+02 1.848056398205511819e+00 7.435422986541338375e+00
7.389164330959320068e+02 1.348041138950773821e+00 3.685308542130803833e+00
7.389315330982208252e+02 1.618049378948332340e+00 5.710370342112492281e+00
7.389449703693389893e+02 1.842056215094454830e+00 7.390421613208411067e+00
7.389608640670776367e+02 1.444044068727683205e+00 4.405330515457624330e+00
7.390073595046997070e+02 1.446044129764702202e+00 4.420330973235266470e+00
7.390215692520141602e+02 1.722052552873317710e+00 6.490394146549882670e+00
7.390460443496704102e+02 1.346041077913754824e+00 3.670308084353161249e+00
7.390646917819976807e+02 1.712052247688222950e+00 6.415391857661671970e+00
7.390772402286529541e+02 1.438043885616626438e+00 4.360329142124697910e+00
7.390915448665618896e+02 1.448044190801721198e+00 4.435331431012908610e+00
7.391051652431488037e+02 1.862056825464644350e+00 7.540426190984832466e+00
7.391265239715576172e+02 1.450044251838740195e+00 4.450331888790551638e+00
7.391588561534881592e+02 1.878057313760796099e+00 7.660429853205970474e+00
7.392563564777374268e+02 1.330040589617603075e+00 3.550304422132023241e+00
7.393152241706848145e+02 1.630049745170446096e+00 5.800373088778346009e+00
7.393286259174346924e+02 1.650050355540635616e+00 5.950377666554767409e+00
7.393573892116546631e+02 1.500045777764213994e+00 4.825343333231605136e+00
7.393931150436401367e+02 1.306039857173375784e+00 3.370298928800318450e+00
7.394161429405212402e+02 1.424043458357493686e+00 4.255325937681202930e+00
7.394316070079803467e+02 1.482045228431043471e+00 4.690339213232825877e+00
7.394468059539794922e+02 1.832055909909360070e+00 7.315419324320200367e+00
7.394645962715148926e+02 1.714052308725241724e+00 6.430392315439313222e+00
7.395063941478729248e+02 1.612049195837275350e+00 5.665368968779564973e+00
7.395292279720306396e+02 1.840056154057435833e+00 7.375421155430768927e+00
7.395494034290313721e+02 1.884057496871852866e+00 7.705431226538896894e+00
7.395660083293914795e+02 1.856056642353587582e+00 7.495424817651906935e+00
7.395787479877471924e+02 1.514046205023346747e+00 4.930346537675101004e+00
7.395928981304168701e+02 1.304039796136356788e+00 3.355298471022675866e+00
7.396089608669281006e+02 1.836056031983398062e+00 7.345420239875485535e+00
7.396263108253479004e+02 1.842056215094454830e+00 7.390421613208411067e+00
7.396693253517150879e+02 1.888057618945890859e+00 7.735432142094181174e+00
7.397713987827301025e+02 1.610049134800256354e+00 5.650368511001922833e+00
7.398279700279235840e+02 1.566047791985839543e+00 5.320358439893796643e+00
7.398481118679046631e+02 1.880057374797815095e+00 7.675430310983613502e+00
7.398697824478149414e+02 1.732052858058412470e+00 6.565396435438093370e+00
7.399016413688659668e+02 1.448044190801721198e+00 4.435331431012908610e+00
7.399305479526519775e+02 1.538046937467574038e+00 5.110352031006804907e+00
7.399580705165863037e+02 1.662050721762749150e+00 6.040380413220618472e+00
7.399895634651184082e+02 1.430043641468550675e+00 4.300327311014130238e+00
7.400153896808624268e+02 1.786054506057924263e+00 6.970408795434432037e+00
7.400591340065002441e+02 1.242037903988769232e+00 2.890284279915769083e+00
7.400737287998199463e+02 1.230037537766655475e+00 2.800281533249916244e+00
7.400913307666778564e+02 1.770054017761772513e+00 6.850405133213294029e+00
7.401047837734222412e+02 1.934059022797326444e+00 8.080442670979948616e+00
7.401219282150268555e+02 1.464044679097872725e+00 4.555335093234045729e+00
7.401577692031860352e+02 1.832055909909360070e+00 7.315419324320200367e+00
7.401872577667236328e+02 1.262038514358958752e+00 3.040288857692190483e+00
7.402069008350372314e+02 1.860056764427625353e+00 7.525425733207190326e+00
7.402226080894470215e+02 1.758053651539658757e+00 6.760402386547440301e+00
7.402420263290405273e+02 1.664050782799768147e+00 6.055380870998261500e+00
7.402553315162658691e+02 1.316040162358470544e+00 3.445301217688529150e+00
7.402741491794586182e+02 1.610049134800256354e+00 5.650368511001922833e+00
7.402880110740661621e+02 1.804055055391094786e+00 7.105412915433211296e+00
7.404015507698059082e+02 1.882057435834833869e+00 7.690430768761253866e+00
7.404317004680633545e+02 1.838056093020417059e+00 7.360420697653127675e+00
7.404877111911773682e+02 1.584048341319010067e+00 5.455362559892575902e+00
7.405010962486267090e+02 1.714052308725241724e+00 6.430392315439313222e+00
7.405379416942596436e+02 1.730052797021393474e+00 6.550395977660451230e+00
7.405594391822814941e+02 1.290039368877224035e+00 3.250295266579180442e+00
7.405780537128448486e+02 1.432043702505569671e+00 4.315327768791772378e+00
7.405902547836303711e+02 1.448044190801721198e+00 4.435331431012908610e+00
7.406031110286712646e+02 1.884057496871852866e+00 7.705431226538896894e+00
7.406173436641693115e+02 1.338040833765679061e+00 3.610306253242593133e+00
7.406289985179901123e+02 1.432043702505569671e+00 4.315327768791772378e+00
7.406403043270111084e+02 1.772054078798791510e+00 6.865405590990936169e+00
7.406842203140258789e+02 1.296039551988281024e+00 3.295296639912107750e+00
7.407040443420410156e+02 1.682051332132938670e+00 6.190384990997039871e+00
7.407193667888641357e+02 1.456044434949796962e+00 4.495333262123477169e+00
7.407354433536529541e+02 1.414043153172398926e+00 4.180323648792992230e+00
7.407516050338745117e+02 1.426043519394512682e+00 4.270326395458845070e+00
7.407672667503356934e+02 1.852056520279549590e+00 7.465423902096621767e+00
7.407836806774139404e+02 1.918058534501175139e+00 7.960439008758813273e+00
7.407971518039703369e+02 1.406042909024323384e+00 4.120321817682425447e+00
7.408172492980957031e+02 1.432043702505569671e+00 4.315327768791772378e+00
7.408497166633605957e+02 1.432043702505569671e+00 4.315327768791772378e+00
7.409508273601531982e+02 1.846056337168492822e+00 7.420422528763696235e+00
7.410076127052307129e+02 1.650050355540635616e+00 5.950377666554767409e+00
7.410213415622711182e+02 1.870057069612720113e+00 7.600428022095401026e+00
7.410393393039703369e+02 1.548047242652668798e+00 5.185354319895015607e+00
7.410677697658538818e+02 1.366041688283944344e+00 3.820312662129582648e+00
7.410967767238616943e+02 1.842056215094454830e+00 7.390421613208411067e+00
7.411252398490905762e+02 1.400042725913266617e+00 4.075320444349499915e+00
7.411677551269531250e+02 1.888057618945890859e+00 7.735432142094181174e+00
7.411877007484436035e+02 1.724052613910336706e+00 6.505394604327525698e+00
7.412392826080322266e+02 1.300039674062318795e+00 3.325297555467391142e+00
7.412563397884368896e+02 1.326040467543565304e+00 3.520303506576739849e+00
7.412736489772796631e+02 1.470044862208929715e+00 4.600336466566973037e+00
7.412927925586700439e+02 1.610049134800256354e+00 5.650368511001922833e+00
7.413054778575897217e+02 1.854056581316568586e+00 7.480424359874264795e+00
7.413716433048248291e+02 1.302039735099337792e+00 3.340298013245033282e+00
7.413914160728454590e+02 1.858056703390606579e+00 7.510425275429549075e+00
7.414064261913299561e+02 1.842056215094454830e+00 7.390421613208411067e+00
7.414231994152069092e+02 1.730052797021393474e+00 6.550395977660451230e+00
7.414422452449798584e+02 1.434043763542588446e+00 4.330328226569413630e+00
7.414578905105590820e+02 1.310039979247413555e+00 3.400299844355601842e+00
7.414812240600585938e+02 1.302039735099337792e+00 3.340298013245033282e+00
7.415132479667663574e+02 1.330040589617603075e+00 3.550304422132023241e+00
7.416044378280639648e+02 1.424043458357493686e+00 4.255325937681202930e+00
7.416815304756164551e+02 1.732052858058412470e+00 6.565396435438093370e+00
7.416942031383514404e+02 1.310039979247413555e+00 3.400299844355601842e+00
7.417122745513916016e+02 1.634049867244483867e+00 5.830374004333629401e+00
7.417397921085357666e+02 1.848056398205511819e+00 7.435422986541338375e+00
7.417663061618804932e+02 1.302039735099337792e+00 3.340298013245033282e+00
7.417879824638366699e+02 1.722052552873317710e+00 6.490394146549882670e+00
7.418011653423309326e+02 1.744053224280526226e+00 6.655399182103947098e+00
7.418156142234802246e+02 1.324040406506546308e+00 3.505303048799097265e+00
7.418356482982635498e+02 1.452044312875759191e+00 4.465332346568193778e+00
7.418803083896636963e+02 1.310039979247413555e+00 3.400299844355601842e+00
7.419026467800140381e+02 1.516046266060365522e+00 4.945346995452741368e+00
7.419139750003814697e+02 1.300039674062318795e+00 3.325297555467391142e+00
7.419271695613861084e+02 1.734052919095431466e+00 6.580396893215736398e+00
7.419434561729431152e+02 1.734052919095431466e+00 6.580396893215736398e+00
7.419633913040161133e+02 1.484045289468062467e+00 4.705339671010468905e+00
7.419776821136474609e+02 1.328040528580584301e+00 3.535303964354382433e+00
7.419924287796020508e+02 1.426043519394512682e+00 4.270326395458845070e+00
7.420154261589050293e+02 1.730052797021393474e+00 6.550395977660451230e+00
7.420482919216156006e+02 1.292039429914243032e+00 3.265295724356822582e+00
7.421458008289337158e+02 1.852056520279549590e+00 7.465423902096621767e+00
7.422200286388397217e+02 1.504045899838251987e+00 4.855344248786890304e+00
7.422362644672393799e+02 1.322040345469527312e+00 3.490302591021454681e+00
7.422590000629425049e+02 1.358041444135868581e+00 3.760310831019014532e+00
7.422883555889129639e+02 1.352041261024811591e+00 3.715309457686086780e+00
7.423169913291931152e+02 1.836056031983398062e+00 7.345420239875485535e+00
7.423455047607421875e+02 1.328040528580584301e+00 3.535303964354382433e+00
7.423879811763763428e+02 1.914058412427137146e+00 7.930438093203528993e+00
7.424081554412841797e+02 1.750053407391582994e+00 6.700400555436872629e+00
7.424590446949005127e+02 1.870057069612720113e+00 7.600428022095401026e+00
7.424767704010009766e+02 1.296039551988281024e+00 3.295296639912107750e+00
7.424960203170776367e+02 1.228037476729636479e+00 2.785281075472273660e+00
7.425113828182220459e+02 1.412043092135379929e+00 4.165323191015350091e+00
7.425306444168090820e+02 1.844056276131473826e+00 7.405422070986054095e+00
7.425863270759582520e+02 1.496045655690176002e+00 4.795342417676319968e+00
7.426041853427886963e+02 1.842056215094454830e+00 7.390421613208411067e+00
7.426175055503845215e+02 1.466044740134891722e+00 4.570335551011687869e+00
7.426332502365112305e+02 1.228037476729636479e+00 2.785281075472273660e+00
7.426509387493133545e+02 1.828055787835322299e+00 7.285418408764916975e+00
7.426683363914489746e+02 1.634049867244483867e+00 5.830374004333629401e+00
7.426903808116912842e+02 1.830055848872341073e+00 7.300418866542558227e+00
7.427221684455871582e+02 1.830055848872341073e+00 7.300418866542558227e+00
7.428233890533447266e+02 1.718052430799279717e+00 6.460393230994597502e+00
7.428825464248657227e+02 1.918058534501175139e+00 7.960439008758813273e+00
7.428958542346954346e+02 1.332040650654622072e+00 3.565304879909665381e+00
7.429178962707519531e+02 1.310039979247413555e+00 3.400299844355601842e+00
7.429503335952758789e+02 1.858056703390606579e+00 7.510425275429549075e+00
7.429756429195404053e+02 1.656050538651692383e+00 5.995379039887692940e+00
7.429874773025512695e+02 1.618049378948332340e+00 5.710370342112492281e+00
7.430020847320556641e+02 1.802054994354075790e+00 7.090412457655568268e+00
7.430174551010131836e+02 1.468044801171910718e+00 4.585336008789330009e+00
7.430338699817657471e+02 1.438043885616626438e+00 4.360329142124697910e+00
7.430716183185577393e+02 1.444044068727683205e+00 4.405330515457624330e+00
7.430933368206024170e+02 1.708052125614184957e+00 6.385390942106386802e+00
7.431071591377258301e+02 1.834055970946379066e+00 7.330419782097843395e+00
7.431224777698516846e+02 1.716052369762260721e+00 6.445392773216955362e+00
7.431401154994964600e+02 1.514046205023346747e+00 4.930346537675101004e+00
7.431559927463531494e+02 1.332040650654622072e+00 3.565304879909665381e+00
7.431731631755828857e+02 1.502045838801232991e+00 4.840343791009247276e+00
7.431909289360046387e+02 1.450044251838740195e+00 4.450331888790551638e+00
7.433015460968017578e+02 1.522046449171422511e+00 4.990348368785668676e+00
7.433340392112731934e+02 1.314040101321451548e+00 3.430300759910886566e+00
7.433888981342315674e+02 1.428043580431531678e+00 4.285326853236487210e+00
7.434086129665374756e+02 1.884057496871852866e+00 7.705431226538896894e+00
7.434305827617645264e+02 1.736052980132450241e+00 6.595397350993376762e+00
7.434600226879119873e+02 1.792054689168981030e+00 7.015410168767357568e+00
7.434909672737121582e+02 1.460044557023834955e+00 4.525334177678762337e+00
7.435424818992614746e+02 1.626049623096408103e+00 5.770372173223060841e+00
7.435609583854675293e+02 1.298039613025299799e+00 3.310297097689748558e+00
7.435941114425659180e+02 1.818055482650227317e+00 7.210416119876704499e+00
7.436244230270385742e+02 1.340040894802697835e+00 3.625306711020233941e+00
7.436371519565582275e+02 1.412043092135379929e+00 4.165323191015350091e+00
7.436544353961944580e+02 1.304039796136356788e+00 3.355298471022675866e+00
7.436673221588134766e+02 1.734052919095431466e+00 6.580396893215736398e+00
7.436829681396484375e+02 1.868057008575701339e+00 7.585427564317759774e+00
7.437051579952239990e+02 1.454044373912777965e+00 4.480332804345835029e+00
7.437475013732910156e+02 1.736052980132450241e+00 6.595397350993376762e+00
7.437651035785675049e+02 1.712052247688222950e+00 6.415391857661671970e+00
7.437801389694213867e+02 1.546047181615650024e+00 5.170353862117375243e+00
7.437941029071807861e+02 1.318040223395489319e+00 3.460301675466169957e+00
7.438158323764801025e+02 1.680051271095919674e+00 6.175384533219397731e+00
7.438293662071228027e+02 1.642050111392559630e+00 5.890375835444197072e+00
7.438449459075927734e+02 1.826055726798303303e+00 7.270417950987274835e+00
7.439597563743591309e+02 1.800054933317056793e+00 7.075411999877926128e+00
7.439923388957977295e+02 1.454044373912777965e+00 4.480332804345835029e+00
7.440471658706665039e+02 1.608049073763237580e+00 5.635368053224281581e+00
7.440608429908752441e+02 1.726052674947355481e+00 6.520395062105166062e+00
7.440855944156646729e+02 1.744053224280526226e+00 6.655399182103947098e+00
7.441145238876342773e+02 1.872057130649739110e+00 7.615428479873043166e+00
7.441376624107360840e+02 1.716052369762260721e+00 6.445392773216955362e+00
7.441502912044525146e+02 1.438043885616626438e+00 4.360329142124697910e+00
7.441652812957763672e+02 1.840056154057435833e+00 7.375421155430768927e+00
7.441829257011413574e+02 1.538046937467574038e+00 5.110352031006804907e+00
7.441953306198120117e+02 1.320040284432508315e+00 3.475302133243812541e+00
7.442361438274383545e+02 1.426043519394512682e+00 4.270326395458845070e+00
7.442602341175079346e+02 1.306039857173375784e+00 3.370298928800318450e+00
7.442765402793884277e+02 1.232037598803674472e+00 2.815281991027558384e+00
7.442946624755859375e+02 1.314040101321451548e+00 3.430300759910886566e+00
7.443100957870483398e+02 1.442044007690664431e+00 4.390330057679983078e+00
7.443293211460113525e+02 1.856056642353587582e+00 7.495424817651906935e+00
7.443440802097320557e+02 1.946059389019440200e+00 8.170445417645801456e+00
7.443644282817840576e+02 1.866056947538682342e+00 7.570427106540117634e+00
7.444691803455352783e+02 1.908058229316080379e+00 7.885436719870602573e+00
7.445009963512420654e+02 1.304039796136356788e+00 3.355298471022675866e+00
7.445564785003662109e+02 1.516046266060365522e+00 4.945346995452741368e+00
7.445708665847778320e+02 1.354041322061830588e+00 3.730309915463729364e+00
7.445940966606140137e+02 1.608049073763237580e+00 5.635368053224281581e+00
7.446238718032836914e+02 1.336040772728660064e+00 3.595305795464950549e+00
7.446525244712829590e+02 1.606049012726218583e+00 5.620367595446639442e+00
7.446829521656036377e+02 1.424043458357493686e+00 4.255325937681202930e+00
7.447184963226318359e+02 1.660050660725730376e+00 6.025379955442978108e+00
7.447441158294677734e+02 1.444044068727683205e+00 4.405330515457624330e+00
7.447729182243347168e+02 1.876057252723777102e+00 7.645429395428328334e+00
7.447989983558654785e+02 1.836056031983398062e+00 7.345420239875485535e+00
7.448126113414764404e+02 1.236037720877712243e+00 2.845282906582841775e+00
7.448274304866790771e+02 1.830055848872341073e+00 7.300418866542558227e+00
7.448424665927886963e+02 1.718052430799279717e+00 6.460393230994597502e+00
7.448613259792327881e+02 1.328040528580584301e+00 3.535303964354382433e+00
7.449113597869873047e+02 1.420043336283455915e+00 4.225325022125919538e+00
7.449299514293670654e+02 1.790054628131962033e+00 7.000409710989715428e+00
7.449463696479797363e+02 1.836056031983398062e+00 7.345420239875485535e+00
7.449599831104278564e+02 1.592048585467085831e+00 5.515364391003143574e+00
7.449742455482482910e+02 1.322040345469527312e+00 3.490302591021454681e+00
7.449883158206939697e+02 1.722052552873317710e+00 6.490394146549882670e+00
7.450028684139251709e+02 1.928058839686269677e+00 8.035441297647022196e+00
7.450335440635681152e+02 1.544047120578631027e+00 5.155353404339733103e+00
7.451259453296661377e+02 1.838056093020417059e+00 7.360420697653127675e+00
7.451577847003936768e+02 1.344041016876735828e+00 3.655307626575518665e+00
7.452131059169769287e+02 1.306039857173375784e+00 3.370298928800318450e+00
7.452270207405090332e+02 1.766053895687734521e+00 6.820404217658008861e+00
7.452500593662261963e+02 1.838056093020417059e+00 7.360420697653127675e+00
7.452934219837188721e+02 1.360041505172887355e+00 3.775311288796655340e+00
7.453080711364746094e+02 1.652050416577654390e+00 5.965378124332407772e+00
7.453253440856933594e+02 1.818055482650227317e+00 7.210416119876704499e+00
7.453398313522338867e+02 1.720052491836298714e+00 6.475393688772240530e+00
7.453563909530639648e+02 1.238037781914731239e+00 2.860283364360484359e+00
7.454136877059936523e+02 1.852056520279549590e+00 7.465423902096621767e+00
7.454322826862335205e+02 1.612049195837275350e+00 5.665368968779564973e+00
7.454484810829162598e+02 1.856056642353587582e+00 7.495424817651906935e+00
7.454647281169891357e+02 1.852056520279549590e+00 7.465423902096621767e+00
7.454792561531066895e+02 1.538046937467574038e+00 5.110352031006804907e+00
7.455001451969146729e+02 1.342040955839716831e+00 3.640307168797876081e+00
7.455392880439758301e+02 1.508046021912289758e+00 4.885345164342172808e+00
7.456562237739562988e+02 1.314040101321451548e+00 3.430300759910886566e+00
7.457136082649230957e+02 1.322040345469527312e+00 3.490302591021454681e+00
7.457275822162628174e+02 1.620049439985351114e+00 5.725370799890133533e+00
7.457508342266082764e+02 1.840056154057435833e+00 7.375421155430768927e+00
7.457804629802703857e+02 1.616049317911313343e+00 5.695369884334850141e+00
7.458088397979736328e+02 1.326040467543565304e+00 3.520303506576739849e+00
7.458392257690429688e+02 1.788054567094943037e+00 6.985409253212072400e+00
7.458750960826873779e+02 1.344041016876735828e+00 3.655307626575518665e+00
7.459008030891418457e+02 1.666050843836786921e+00 6.070381328775901864e+00
7.459371173381805420e+02 1.634049867244483867e+00 5.830374004333629401e+00
7.459584510326385498e+02 1.288039307840205039e+00 3.235294808801537858e+00
7.459749760627746582e+02 1.316040162358470544e+00 3.445301217688529150e+00
7.459940063953399658e+02 1.236037720877712243e+00 2.845282906582841775e+00
7.460091483592987061e+02 1.516046266060365522e+00 4.945346995452741368e+00
7.460516090393066406e+02 1.870057069612720113e+00 7.600428022095401026e+00
7.460748505592346191e+02 1.644050172429578627e+00 5.905376293221840101e+00
7.460902581214904785e+02 1.666050843836786921e+00 6.070381328775901864e+00
7.461082055568695068e+02 1.658050599688711380e+00 6.010379497665335080e+00
7.461214783191680908e+02 1.828055787835322299e+00 7.285418408764916975e+00
7.461396803855895996e+02 1.496045655690176002e+00 4.795342417676319968e+00
7.461574857234954834e+02 1.296039551988281024e+00 3.295296639912107750e+00
7.461729300022125244e+02 1.448044190801721198e+00 4.435331431012908610e+00
7.462833342552185059e+02 1.582048280281991071e+00 5.440362102114932874e+00
7.463145127296447754e+02 1.580048219244972074e+00 5.425361644337290734e+00
7.463707818984985352e+02 1.252038209173863992e+00 2.965286568803979783e+00
7.463842704296112061e+02 1.854056581316568586e+00 7.480424359874264795e+00
7.464079360961914062e+02 1.928058839686269677e+00 8.035441297647022196e+00
7.464423601627349854e+02 1.826055726798303303e+00 7.270417950987274835e+00
7.464584307670593262e+02 1.544047120578631027e+00 5.155353404339733103e+00
7.464729003906250000e+02 1.312040040284432552e+00 3.415300302133243981e+00
7.464868941307067871e+02 1.826055726798303303e+00 7.270417950987274835e+00
7.465063598155975342e+02 1.932058961760307669e+00 8.065442213202306476e+00
7.465215616226196289e+02 1.868057008575701339e+00 7.585427564317759774e+00
7.465838725566864014e+02 1.304039796136356788e+00 3.355298471022675866e+00
7.466000196933746338e+02 1.472044923245948711e+00 4.615336924344615177e+00
7.466255111694335938e+02 1.446044129764702202e+00 4.420330973235266470e+00
7.466425416469573975e+02 1.872057130649739110e+00 7.615428479873043166e+00
7.466561605930328369e+02 1.462044618060853951e+00 4.540334635456404477e+00
7.466747779846191406e+02 1.310039979247413555e+00 3.400299844355601842e+00
7.466931281089782715e+02 1.512046143986327751e+00 4.915346079897457976e+00
7.467958428859710693e+02 1.258038392284920759e+00 3.010287942136905759e+00
7.468274433612823486e+02 1.722052552873317710e+00 6.490394146549882670e+00
7.468843541145324707e+02 1.776054200872829503e+00 6.895406506546221337e+00
7.469087758064270020e+02 1.862056825464644350e+00 7.540426190984832466e+00
7.469349370002746582e+02 1.872057130649739110e+00 7.615428479873043166e+00
7.469612517356872559e+02 1.234037659840693468e+00 2.830282448805200968e+00
7.469903199672698975e+02 1.584048341319010067e+00 5.455362559892575902e+00
7.470453739166259766e+02 1.312040040284432552e+00 3.415300302133243981e+00
7.470663642883300781e+02 1.550047303689687794e+00 5.200354777672658635e+00
7.471096563339233398e+02 1.842056215094454830e+00 7.390421613208411067e+00
7.471322870254516602e+02 1.844056276131473826e+00 7.405422070986054095e+00
7.471463570594787598e+02 1.720052491836298714e+00 6.475393688772240530e+00
7.471589658260345459e+02 1.602048890652180591e+00 5.590366679891354273e+00
7.471736574172973633e+02 1.228037476729636479e+00 2.785281075472273660e+00
7.471854298114776611e+02 1.718052430799279717e+00 6.460393230994597502e+00
7.472259747982025146e+02 1.560047608874782554e+00 5.275357066560869335e+00
7.472591214179992676e+02 1.606049012726218583e+00 5.620367595446639442e+00
7.472749075889587402e+02 1.242037903988769232e+00 2.890284279915769083e+00
7.472909915447235107e+02 1.326040467543565304e+00 3.520303506576739849e+00
7.473111846446990967e+02 1.744053224280526226e+00 6.655399182103947098e+00
7.473291761875152588e+02 1.426043519394512682e+00 4.270326395458845070e+00
7.473407993316650391e+02 1.924058717612231684e+00 8.005440382091737916e+00
7.473548943996429443e+02 1.302039735099337792e+00 3.340298013245033282e+00
7.473942673206329346e+02 1.454044373912777965e+00 4.480332804345835029e+00
7.474986178874969482e+02 1.346041077913754824e+00 3.670308084353161249e+00
7.475608146190643311e+02 1.722052552873317710e+00 6.490394146549882670e+00
7.475750458240509033e+02 1.342040955839716831e+00 3.640307168797876081e+00
7.475975928306579590e+02 1.286039246803186265e+00 3.220294351023897050e+00
7.476304404735565186e+02 1.340040894802697835e+00 3.625306711020233941e+00
7.476558623313903809e+02 1.602048890652180591e+00 5.590366679891354273e+00
7.476735138893127441e+02 1.424043458357493686e+00 4.255325937681202930e+00
7.476860706806182861e+02 1.730052797021393474e+00 6.550395977660451230e+00
7.476995894908905029e+02 1.734052919095431466e+00 6.580396893215736398e+00
7.477485692501068115e+02 1.298039613025299799e+00 3.310297097689748558e+00
7.477653124332427979e+02 1.860056764427625353e+00 7.525425733207190326e+00
7.477796146869659424e+02 1.742053163243507230e+00 6.640398724326304070e+00
7.477952826023101807e+02 1.298039613025299799e+00 3.310297097689748558e+00
7.478125271797180176e+02 1.516046266060365522e+00 4.945346995452741368e+00
7.478299593925476074e+02 1.634049867244483867e+00 5.830374004333629401e+00
7.478440787792205811e+02 1.862056825464644350e+00 7.540426190984832466e+00
7.478577291965484619e+02 1.608049073763237580e+00 5.635368053224281581e+00
7.478705441951751709e+02 1.402042786950285391e+00 4.090320902127140279e+00
7.479815659523010254e+02 1.832055909909360070e+00 7.315419324320200367e+00
7.480136640071868896e+02 1.634049867244483867e+00 5.830374004333629401e+00
7.480702052116394043e+02 1.280039063692129275e+00 3.175292977690969742e+00
7.480842583179473877e+02 1.836056031983398062e+00 7.345420239875485535e+00
7.481012976169586182e+02 1.920058595538193913e+00 7.975439466536454525e+00
7.481311900615692139e+02 1.682051332132938670e+00 6.190384990997039871e+00
7.481598784923553467e+02 1.508046021912289758e+00 4.885345164342172808e+00
7.481882872581481934e+02 1.326040467543565304e+00 3.520303506576739849e+00
7.482310736179351807e+02 1.800054933317056793e+00 7.075411999877926128e+00
7.482471821308135986e+02 1.844056276131473826e+00 7.405422070986054095e+00
7.482723391056060791e+02 1.828055787835322299e+00 7.285418408764916975e+00
7.483049550056457520e+02 1.300039674062318795e+00 3.325297555467391142e+00
7.483179786205291748e+02 1.502045838801232991e+00 4.840343791009247276e+00
7.483299233913421631e+02 1.310039979247413555e+00 3.400299844355601842e+00
7.483469777107238770e+02 1.842056215094454830e+00 7.390421613208411067e+00
7.483595223426818848e+02 1.732052858058412470e+00 6.565396435438093370e+00
7.483750057220458984e+02 1.318040223395489319e+00 3.460301675466169957e+00
7.484249308109283447e+02 1.300039674062318795e+00 3.325297555467391142e+00
7.484402117729187012e+02 1.810055238502151553e+00 7.150414288766136828e+00
7.484636857509613037e+02 1.448044190801721198e+00 4.435331431012908610e+00
7.484801104068756104e+02 1.748053346354563997e+00 6.685400097659229601e+00
7.484951245784759521e+02 1.302039735099337792e+00 3.340298013245033282e+00
7.485073328018188477e+02 1.626049623096408103e+00 5.770372173223060841e+00
7.485273358821868896e+02 1.822055604724265310e+00 7.240417035431989667e+00
7.486407041549682617e+02 1.888057618945890859e+00 7.735432142094181174e+00
7.486709072589874268e+02 1.838056093020417059e+00 7.360420697653127675e+00
7.487264959812164307e+02 1.546047181615650024e+00 5.170353862117375243e+00
7.487395279407501221e+02 1.728052735984374477e+00 6.535395519882808202e+00
7.487660527229309082e+02 1.610049134800256354e+00 5.650368511001922833e+00
7.487950992584228516e+02 1.856056642353587582e+00 7.495424817651906935e+00
7.488236210346221924e+02 1.464044679097872725e+00 4.555335093234045729e+00
7.488409159183502197e+02 1.524046510208441507e+00 5.005348826563311704e+00
7.488543491363525391e+02 1.306039857173375784e+00 3.370298928800318450e+00
7.488690252304077148e+02 1.620049439985351114e+00 5.725370799890133533e+00
7.489158270359039307e+02 1.778054261909848277e+00 6.910406964323861700e+00
7.489371612071990967e+02 1.238037781914731239e+00 2.860283364360484359e+00
7.489508693218231201e+02 1.446044129764702202e+00 4.420330973235266470e+00
7.489688508510589600e+02 1.838056093020417059e+00 7.360420697653127675e+00
7.489837887287139893e+02 1.868057008575701339e+00 7.585427564317759774e+00
7.490014250278472900e+02 1.486045350505081242e+00 4.720340128788109268e+00
7.490163087844848633e+02 1.332040650654622072e+00 3.565304879909665381e+00
7.490397768020629883e+02 1.312040040284432552e+00 3.415300302133243981e+00
7.490808415412902832e+02 1.522046449171422511e+00 4.990348368785668676e+00
7.491829841136932373e+02 1.786054506057924263e+00 6.970408795434432037e+00
7.492410559654235840e+02 1.882057435834833869e+00 7.690430768761253866e+00
7.492605507373809814e+02 1.430043641468550675e+00 4.300327311014130238e+00
7.492823979854583740e+02 1.308039918210394559e+00 3.385299386577959257e+00
7.493120810985565186e+02 1.664050782799768147e+00 6.055380870998261500e+00
7.493431620597839355e+02 1.442044007690664431e+00 4.390330057679983078e+00
7.493713715076446533e+02 1.870057069612720113e+00 7.600428022095401026e+00
7.494029283523559570e+02 1.856056642353587582e+00 7.495424817651906935e+00
7.494284899234771729e+02 1.372041871395001111e+00 3.865314035462508180e+00
7.494836530685424805e+02 1.906058168279061382e+00 7.870436262092960433e+00
7.494989047050476074e+02 1.544047120578631027e+00 5.155353404339733103e+00
7.495168566703796387e+02 1.534046815393536267e+00 5.080351115451522404e+00
7.495328471660614014e+02 1.432043702505569671e+00 4.315327768791772378e+00
7.496054837703704834e+02 1.520046388134403514e+00 4.975347911008026536e+00
7.496235194206237793e+02 1.858056703390606579e+00 7.510425275429549075e+00
7.496379849910736084e+02 1.722052552873317710e+00 6.490394146549882670e+00
7.496554870605468750e+02 1.322040345469527312e+00 3.490302591021454681e+00
7.496705620288848877e+02 1.580048219244972074e+00 5.425361644337290734e+00
7.496886618137359619e+02 1.848056398205511819e+00 7.435422986541338375e+00
7.497030656337738037e+02 1.876057252723777102e+00 7.645429395428328334e+00
7.497262318134307861e+02 1.732052858058412470e+00 6.565396435438093370e+00
7.498191456794738770e+02 1.738053041169469237e+00 6.610397808771018902e+00
7.498492093086242676e+02 1.858056703390606579e+00 7.510425275429549075e+00
7.499055037498474121e+02 1.618049378948332340e+00 5.710370342112492281e+00
7.499196140766143799e+02 1.748053346354563997e+00 6.685400097659229601e+00
7.499472873210906982e+02 1.746053285317545001e+00 6.670399639881587461e+00
7.499797430038452148e+02 1.294039490951262028e+00 3.280296182134465166e+00
7.500019288063049316e+02 1.440043946653645435e+00 4.375329599902340938e+00
7.500185451507568359e+02 1.528046632282479278e+00 5.035349742118594207e+00
7.500373797416687012e+02 1.488045411542100238e+00 4.735340586565751408e+00
7.500580887794494629e+02 1.384042237617114868e+00 3.955316782128361464e+00
7.500959017276763916e+02 1.392042481765190631e+00 4.015318613238929579e+00
7.501197977066040039e+02 1.228037476729636479e+00 2.785281075472273660e+00
7.501357479095458984e+02 1.302039735099337792e+00 3.340298013245033282e+00
7.501503486633300781e+02 1.454044373912777965e+00 4.480332804345835029e+00
7.501644370555877686e+02 1.838056093020417059e+00 7.360420697653127675e+00
7.501783092021942139e+02 1.606049012726218583e+00 5.620367595446639442e+00
7.502005290985107422e+02 1.248038087099825999e+00 2.935285653248695059e+00
7.502142362594604492e+02 1.308039918210394559e+00 3.385299386577959257e+00
7.502640345096588135e+02 1.426043519394512682e+00 4.270326395458845070e+00
7.503664929866790771e+02 1.662050721762749150e+00 6.040380413220618472e+00
7.504256141185760498e+02 1.738053041169469237e+00 6.610397808771018902e+00
7.504393143653869629e+02 1.722052552873317710e+00 6.490394146549882670e+00
7.504641299247741699e+02 1.682051332132938670e+00 6.190384990997039871e+00
7.504996652603149414e+02 1.676051149021881681e+00 6.145383617664112563e+00
7.505303952693939209e+02 1.532046754356517271e+00 5.065350657673879375e+00
7.505825791358947754e+02 1.432043702505569671e+00 4.315327768791772378e+00
7.506056821346282959e+02 1.384042237617114868e+00 3.955316782128361464e+00
7.506363704204559326e+02 1.854056581316568586e+00 7.480424359874264795e+00
7.506625735759735107e+02 1.338040833765679061e+00 3.610306253242593133e+00
7.506742064952850342e+02 1.416043214209417922e+00 4.195324106570634370e+00
7.506873919963836670e+02 1.462044618060853951e+00 4.540334635456404477e+00
7.507002656459808350e+02 1.752053468428601990e+00 6.715401013214514769e+00
7.507151925563812256e+02 1.368041749320963341e+00 3.835313119907225232e+00
7.507313704490661621e+02 1.424043458357493686e+00 4.255325937681202930e+00
7.507769434452056885e+02 1.402042786950285391e+00 4.090320902127140279e+00
7.507951459884643555e+02 1.448044190801721198e+00 4.435331431012908610e+00
7.508092963695526123e+02 1.420043336283455915e+00 4.225325022125919538e+00
7.508225979804992676e+02 1.836056031983398062e+00 7.345420239875485535e+00
7.508361060619354248e+02 1.484045289468062467e+00 4.705339671010468905e+00
7.508562531471252441e+02 1.302039735099337792e+00 3.340298013245033282e+00
7.508741126060485840e+02 1.230037537766655475e+00 2.800281533249916244e+00
7.508883185386657715e+02 1.472044923245948711e+00 4.615336924344615177e+00
7.509279048442840576e+02 1.840056154057435833e+00 7.375421155430768927e+00
7.510257592201232910e+02 1.722052552873317710e+00 6.490394146549882670e+00
7.510883762836456299e+02 1.740053102206488234e+00 6.625398266548661930e+00
7.511018891334533691e+02 1.896057863093966622e+00 7.795433973204749734e+00
7.511297090053558350e+02 1.844056276131473826e+00 7.405422070986054095e+00
7.511591131687164307e+02 1.482045228431043471e+00 4.690339213232825877e+00
7.511861712932586670e+02 1.844056276131473826e+00 7.405422070986054095e+00
7.512019443511962891e+02 1.928058839686269677e+00 8.035441297647022196e+00
7.512209033966064453e+02 1.546047181615650024e+00 5.170353862117375243e+00
7.512356626987457275e+02 1.550047303689687794e+00 5.200354777672658635e+00
7.512557401657104492e+02 1.358041444135868581e+00 3.760310831019014532e+00
7.512985303401947021e+02 1.612049195837275350e+00 5.665368968779564973e+00
7.513159217834472656e+02 1.352041261024811591e+00 3.715309457686086780e+00
7.513293845653533936e+02 1.428043580431531678e+00 4.285326853236487210e+00
7.513455920219421387e+02 1.928058839686269677e+00 8.035441297647022196e+00
7.513731305599212646e+02 1.854056581316568586e+00 7.480424359874264795e+00
