8.513199632167816162e+02 1.552047364726706791e+00 5.215355235450300775e+00
8.513345592021942139e+02 1.712052247688222950e+00 6.415391857661671970e+00
8.513472533226013184e+02 1.236037720877712243e+00 2.845282906582841775e+00
8.513591063022613525e+02 1.850056459242530593e+00 7.450423444318979627e+00
8.513718872070312500e+02 1.326040467543565304e+00 3.520303506576739849e+00
8.513828008174896240e+02 1.618049378948332340e+00 5.710370342112492281e+00
8.513953263759613037e+02 1.744053224280526226e+00 6.655399182103947098e+00
8.514125401973724365e+02 1.370041810357982115e+00 3.850313577684866040e+00
8.514302887916564941e+02 1.442044007690664431e+00 4.390330057679983078e+00
8.514433901309967041e+02 1.698051820429090197e+00 6.310388653218176103e+00
8.514581627845764160e+02 1.752053468428601990e+00 6.715401013214514769e+00
8.514819290637969971e+02 1.746053285317545001e+00 6.670399639881587461e+00
8.515075492858886719e+02 1.770054017761772513e+00 6.850405133213294029e+00
8.515383620262145996e+02 1.844056276131473826e+00 7.405422070986054095e+00
8.515539200305938721e+02 1.520046388134403514e+00 4.975347911008026536e+00
8.515658903121948242e+02 1.410043031098361155e+00 4.150322733237708839e+00
8.515808680057525635e+02 1.926058778649250680e+00 8.020440839869380056e+00
8.516000819206237793e+02 1.502045838801232991e+00 4.840343791009247276e+00
8.516154332160949707e+02 1.492045533616138231e+00 4.765341502121036577e+00
8.516293923854827881e+02 1.232037598803674472e+00 2.815281991027558384e+00
8.516430110931396484e+02 1.766053895687734521e+00 6.820404217658008861e+00
8.516561124324798584e+02 1.748053346354563997e+00 6.685400097659229601e+00
8.516697325706481934e+02 1.308039918210394559e+00 3.385299386577959257e+00
8.516877808570861816e+02 1.428043580431531678e+00 4.285326853236487210e+00
8.517142925262451172e+02 1.860056764427625353e+00 7.525425733207190326e+00
8.518106281757354736e+02 1.852056520279549590e+00 7.465423902096621767e+00
8.518408677577972412e+02 1.636049928281502863e+00 5.845374462111271541e+00
8.518964276313781738e+02 1.912058351390118149e+00 7.915437635425885965e+00
8.519099464416503906e+02 1.316040162358470544e+00 3.445301217688529150e+00
8.519408204555511475e+02 1.316040162358470544e+00 3.445301217688529150e+00
8.519937641620635986e+02 1.796054811243019023e+00 7.045411084322642736e+00
8.520050895214080811e+02 1.454044373912777965e+00 4.480332804345835029e+00
8.520202648639678955e+02 1.924058717612231684e+00 8.005440382091737916e+00
8.520355372428894043e+02 1.750053407391582994e+00 6.700400555436872629e+00
8.520529284477233887e+02 1.242037903988769232e+00 2.890284279915769083e+00
8.521012108325958252e+02 1.332040650654622072e+00 3.565304879909665381e+00
8.521194324493408203e+02 1.720052491836298714e+00 6.475393688772240530e+00
8.521389250755310059e+02 1.572047975096896311e+00 5.365359813226722174e+00
8.521604242324829102e+02 1.862056825464644350e+00 7.540426190984832466e+00
8.521796205043792725e+02 1.456044434949796962e+00 4.495333262123477169e+00
8.521949620246887207e+02 1.494045594653157227e+00 4.780341959898679605e+00
8.522178430557250977e+02 1.326040467543565304e+00 3.520303506576739849e+00
8.522604236602783203e+02 1.750053407391582994e+00 6.700400555436872629e+00
8.523599696159362793e+02 1.844056276131473826e+00 7.405422070986054095e+00
8.524193842411041260e+02 1.428043580431531678e+00 4.285326853236487210e+00
8.524331674575805664e+02 1.456044434949796962e+00 4.495333262123477169e+00
8.524534020423889160e+02 1.456044434949796962e+00 4.495333262123477169e+00
8.524828786849975586e+02 1.318040223395489319e+00 3.460301675466169957e+00
8.525115456581115723e+02 1.860056764427625353e+00 7.525425733207190326e+00
8.525400366783142090e+02 1.426043519394512682e+00 4.270326395458845070e+00
8.525832574367523193e+02 1.854056581316568586e+00 7.480424359874264795e+00
8.526044378280639648e+02 1.722052552873317710e+00 6.490394146549882670e+00
8.526351191997528076e+02 1.830055848872341073e+00 7.300418866542558227e+00
8.526610851287841797e+02 1.502045838801232991e+00 4.840343791009247276e+00
8.526740207672119141e+02 1.530046693319498274e+00 5.050350199896237235e+00
8.526857979297637939e+02 1.440043946653645435e+00 4.375329599902340938e+00
8.526968076229095459e+02 1.928058839686269677e+00 8.035441297647022196e+00
8.527091259956359863e+02 1.316040162358470544e+00 3.445301217688529150e+00
8.527245838642120361e+02 1.792054689168981030e+00 7.015410168767357568e+00
8.527381777763366699e+02 1.862056825464644350e+00 7.540426190984832466e+00
8.527927160263061523e+02 1.504045899838251987e+00 4.855344248786890304e+00
8.528109729290008545e+02 1.326040467543565304e+00 3.520303506576739849e+00
8.528313713073730469e+02 1.342040955839716831e+00 3.640307168797876081e+00
8.528476352691650391e+02 1.452044312875759191e+00 4.465332346568193778e+00
8.528620045185089111e+02 1.860056764427625353e+00 7.525425733207190326e+00
8.528764984607696533e+02 1.776054200872829503e+00 6.895406506546221337e+00
8.528936994075775146e+02 1.442044007690664431e+00 4.390330057679983078e+00
8.529238860607147217e+02 1.390042420728171857e+00 4.000318155461289216e+00
8.530182621479034424e+02 1.308039918210394559e+00 3.385299386577959257e+00
8.530487220287322998e+02 1.710052186651203954e+00 6.400391399884029831e+00
8.531044242382049561e+02 1.454044373912777965e+00 4.480332804345835029e+00
8.531176996231079102e+02 1.872057130649739110e+00 7.615428479873043166e+00
8.531428236961364746e+02 1.824055665761284306e+00 7.255417493209632696e+00
8.531760411262512207e+02 1.836056031983398062e+00 7.345420239875485535e+00
8.531971044540405273e+02 1.572047975096896311e+00 5.365359813226722174e+00
8.532119009494781494e+02 1.464044679097872725e+00 4.555335093234045729e+00
8.532279891967773438e+02 1.586048402356029063e+00 5.470363017670218042e+00
8.532421891689300537e+02 1.712052247688222950e+00 6.415391857661671970e+00
8.532552590370178223e+02 1.576048097170934303e+00 5.395360728782007342e+00
8.532705972194671631e+02 1.310039979247413555e+00 3.400299844355601842e+00
8.533160862922668457e+02 1.452044312875759191e+00 4.465332346568193778e+00
8.533421826362609863e+02 1.326040467543565304e+00 3.520303506576739849e+00
8.533576383590698242e+02 1.742053163243507230e+00 6.640398724326304070e+00
8.533710999488830566e+02 1.328040528580584301e+00 3.535303964354382433e+00
8.533845839500427246e+02 1.528046632282479278e+00 5.035349742118594207e+00
8.533984775543212891e+02 1.876057252723777102e+00 7.645429395428328334e+00
8.534121220111846924e+02 1.362041566209906351e+00 3.790311746574297480e+00
8.534275929927825928e+02 1.424043458357493686e+00 4.255325937681202930e+00
8.534445958137512207e+02 1.834055970946379066e+00 7.330419782097843395e+00
8.534806716442108154e+02 1.396042603839228624e+00 4.045319528794214747e+00
8.535827662944793701e+02 1.838056093020417059e+00 7.360420697653127675e+00
8.536401505470275879e+02 1.830055848872341073e+00 7.300418866542558227e+00
8.536544258594512939e+02 1.686051454206976441e+00 6.220385906552323263e+00
8.536778929233551025e+02 1.444044068727683205e+00 4.405330515457624330e+00
8.537075197696685791e+02 1.750053407391582994e+00 6.700400555436872629e+00
8.537360050678253174e+02 1.700051881466109194e+00 6.325389110995819131e+00
8.537665083408355713e+02 1.508046021912289758e+00 4.885345164342172808e+00
8.538023483753204346e+02 1.672051026947843688e+00 6.115382702108827395e+00
8.538282711505889893e+02 1.662050721762749150e+00 6.040380413220618472e+00
8.538723280429840088e+02 1.546047181615650024e+00 5.170353862117375243e+00
8.538871042728424072e+02 1.334040711691641068e+00 3.580305337687307965e+00
8.539002649784088135e+02 1.832055909909360070e+00 7.315419324320200367e+00
8.539132404327392578e+02 1.502045838801232991e+00 4.840343791009247276e+00
8.539288370609283447e+02 1.238037781914731239e+00 2.860283364360484359e+00
8.539436848163604736e+02 1.742053163243507230e+00 6.640398724326304070e+00
8.539942808151245117e+02 1.856056642353587582e+00 7.495424817651906935e+00
8.540186166763305664e+02 1.528046632282479278e+00 5.035349742118594207e+00
8.540402750968933105e+02 1.732052858058412470e+00 6.565396435438093370e+00
8.540569980144500732e+02 1.462044618060853951e+00 4.540334635456404477e+00
8.540748114585876465e+02 1.482045228431043471e+00 4.690339213232825877e+00
8.540880215167999268e+02 1.238037781914731239e+00 2.860283364360484359e+00
8.541070349216461182e+02 1.788054567094943037e+00 6.985409253212072400e+00
8.541245384216308594e+02 1.852056520279549590e+00 7.465423902096621767e+00
8.542468993663787842e+02 1.468044801171910718e+00 4.585336008789330009e+00
8.542608673572540283e+02 1.684051393169957445e+00 6.205385448774681123e+00
8.543152964115142822e+02 1.836056031983398062e+00 7.345420239875485535e+00
8.543288927078247070e+02 1.260038453321939755e+00 3.025288399914548343e+00
8.543545732498168945e+02 1.292039429914243032e+00 3.265295724356822582e+00
8.543998742103576660e+02 1.472044923245948711e+00 4.615336924344615177e+00
8.544152655601501465e+02 1.718052430799279717e+00 6.460393230994597502e+00
8.544296047687530518e+02 1.232037598803674472e+00 2.815281991027558384e+00
8.544486427307128906e+02 1.308039918210394559e+00 3.385299386577959257e+00
8.544634332656860352e+02 1.610049134800256354e+00 5.650368511001922833e+00
8.544759829044342041e+02 1.816055421613208543e+00 7.195415662099064136e+00
8.545302858352661133e+02 1.330040589617603075e+00 3.550304422132023241e+00
8.545528497695922852e+02 1.430043641468550675e+00 4.300327311014130238e+00
8.545729527473449707e+02 1.392042481765190631e+00 4.015318613238929579e+00
8.545873680114746094e+02 1.424043458357493686e+00 4.255325937681202930e+00
8.546007888317108154e+02 1.832055909909360070e+00 7.315419324320200367e+00
8.546145513057708740e+02 1.630049745170446096e+00 5.800373088778346009e+00
8.546275482177734375e+02 1.262038514358958752e+00 3.040288857692190483e+00
8.546476657390594482e+02 1.854056581316568586e+00 7.480424359874264795e+00
8.546816709041595459e+02 1.302039735099337792e+00 3.340298013245033282e+00
8.547861824035644531e+02 1.706052064577165961e+00 6.370390484328744662e+00
8.548439147472381592e+02 1.424043458357493686e+00 4.255325937681202930e+00
8.548579318523406982e+02 1.904058107242042386e+00 7.855435804315318293e+00
8.548859987258911133e+02 1.914058412427137146e+00 7.930438093203528993e+00
8.549149417877197266e+02 1.484045289468062467e+00 4.705339671010468905e+00
8.549446501731872559e+02 1.468044801171910718e+00 4.585336008789330009e+00
8.549733061790466309e+02 1.862056825464644350e+00 7.540426190984832466e+00
8.550166409015655518e+02 1.906058168279061382e+00 7.870436262092960433e+00
8.550363535881042480e+02 1.314040101321451548e+00 3.430300759910886566e+00
8.550720772743225098e+02 1.546047181615650024e+00 5.170353862117375243e+00
8.551012878417968750e+02 1.464044679097872725e+00 4.555335093234045729e+00
8.551164343357086182e+02 1.842056215094454830e+00 7.390421613208411067e+00
8.551318461894989014e+02 1.316040162358470544e+00 3.445301217688529150e+00
8.551511485576629639e+02 1.292039429914243032e+00 3.265295724356822582e+00
8.551639294624328613e+02 1.588048463393048060e+00 5.485363475447860182e+00
8.551909410953521729e+02 1.828055787835322299e+00 7.285418408764916975e+00
8.552309377193450928e+02 1.726052674947355481e+00 6.520395062105166062e+00
8.552483353614807129e+02 1.634049867244483867e+00 5.830374004333629401e+00
8.552622199058532715e+02 1.620049439985351114e+00 5.725370799890133533e+00
8.552811243534088135e+02 1.870057069612720113e+00 7.600428022095401026e+00
8.553018100261688232e+02 1.844056276131473826e+00 7.405422070986054095e+00
8.553203742504119873e+02 1.844056276131473826e+00 7.405422070986054095e+00
8.553336184024810791e+02 1.540046998504593034e+00 5.125352488784447935e+00
8.553530995845794678e+02 1.240037842951750235e+00 2.875283822138126943e+00
8.553795993328094482e+02 1.302039735099337792e+00 3.340298013245033282e+00
8.554805266857147217e+02 1.850056459242530593e+00 7.450423444318979627e+00
8.555144915580749512e+02 1.266038636432996523e+00 3.070289773247473875e+00
8.555831296443939209e+02 1.428043580431531678e+00 4.285326853236487210e+00
8.555963921546936035e+02 1.790054628131962033e+00 7.000409710989715428e+00
8.556232373714447021e+02 1.730052797021393474e+00 6.550395977660451230e+00
8.556543691158294678e+02 1.324040406506546308e+00 3.505303048799097265e+00
8.556854054927825928e+02 1.838056093020417059e+00 7.360420697653127675e+00
8.557058784961700439e+02 1.926058778649250680e+00 8.020440839869380056e+00
8.557188334465026855e+02 1.872057130649739110e+00 7.615428479873043166e+00
8.557303109169006348e+02 1.356041383098849584e+00 3.745310373241371948e+00
8.557505221366882324e+02 1.630049745170446096e+00 5.800373088778346009e+00
8.558065392971038818e+02 1.422043397320474689e+00 4.240325479903560790e+00
8.558248481750488281e+02 1.696051759392071201e+00 6.295388195440533963e+00
8.558392333984375000e+02 1.846056337168492822e+00 7.420422528763696235e+00
8.558563258647918701e+02 1.434043763542588446e+00 4.330328226569413630e+00
8.558722624778747559e+02 1.312040040284432552e+00 3.415300302133243981e+00
8.558900663852691650e+02 1.282039124729148272e+00 3.190293435468611882e+00
8.559128856658935547e+02 1.346041077913754824e+00 3.670308084353161249e+00
8.560284898281097412e+02 1.298039613025299799e+00 3.310297097689748558e+00
8.560590293407440186e+02 1.488045411542100238e+00 4.735340586565751408e+00
8.561180436611175537e+02 1.862056825464644350e+00 7.540426190984832466e+00
8.561380491256713867e+02 1.510046082949308754e+00 4.900345622119815836e+00
8.561548972129821777e+02 1.324040406506546308e+00 3.505303048799097265e+00
8.561840991973876953e+02 1.482045228431043471e+00 4.690339213232825877e+00
8.562124073505401611e+02 1.846056337168492822e+00 7.420422528763696235e+00
8.562427761554718018e+02 1.306039857173375784e+00 3.370298928800318450e+00
8.562790138721466064e+02 1.860056764427625353e+00 7.525425733207190326e+00
8.563046643733978271e+02 1.386042298654133864e+00 3.970317239906004048e+00
8.563382508754730225e+02 1.462044618060853951e+00 4.540334635456404477e+00
8.563630993366241455e+02 1.758053651539658757e+00 6.760402386547440301e+00
8.563765285015106201e+02 1.728052735984374477e+00 6.535395519882808202e+00
8.563888573646545410e+02 1.302039735099337792e+00 3.340298013245033282e+00
8.564021120071411133e+02 1.712052247688222950e+00 6.415391857661671970e+00
8.564175901412963867e+02 1.936059083834345440e+00 8.095443128757590756e+00
8.564287481307983398e+02 1.342040955839716831e+00 3.640307168797876081e+00
8.564939925670623779e+02 1.544047120578631027e+00 5.155353404339733103e+00
8.565122339725494385e+02 1.326040467543565304e+00 3.520303506576739849e+00
8.565253868103027344e+02 1.422043397320474689e+00 4.240325479903560790e+00
8.565399789810180664e+02 1.914058412427137146e+00 7.930438093203528993e+00
8.565533411502838135e+02 1.752053468428601990e+00 6.715401013214514769e+00
8.565671064853668213e+02 1.284039185766167268e+00 3.205293893246254466e+00
8.565809366703033447e+02 1.838056093020417059e+00 7.360420697653127675e+00
8.566019678115844727e+02 1.828055787835322299e+00 7.285418408764916975e+00
8.567066380977630615e+02 1.656050538651692383e+00 5.995379039887692940e+00
8.567388403415679932e+02 1.488045411542100238e+00 4.735340586565751408e+00
8.567955968379974365e+02 1.884057496871852866e+00 7.705431226538896894e+00
8.568089032173156738e+02 1.310039979247413555e+00 3.400299844355601842e+00
8.568374123573303223e+02 1.230037537766655475e+00 2.800281533249916244e+00
8.568796193599700928e+02 1.784054445020905266e+00 6.955408337656789897e+00
8.568931779861450195e+02 1.534046815393536267e+00 5.080351115451522404e+00
8.569064276218414307e+02 1.308039918210394559e+00 3.385299386577959257e+00
8.569236183166503906e+02 1.854056581316568586e+00 7.480424359874264795e+00
8.569387910366058350e+02 1.904058107242042386e+00 7.855435804315318293e+00
8.569539971351623535e+02 1.606049012726218583e+00 5.620367595446639442e+00
8.569964826107025146e+02 1.318040223395489319e+00 3.460301675466169957e+00
8.570259299278259277e+02 1.842056215094454830e+00 7.390421613208411067e+00
8.570451231002807617e+02 1.742053163243507230e+00 6.640398724326304070e+00
8.570612518787384033e+02 1.946059389019440200e+00 8.170445417645801456e+00
8.570775897502899170e+02 1.854056581316568586e+00 7.480424359874264795e+00
8.570921993255615234e+02 1.388042359691152861e+00 3.985317697683646632e+00
8.571064834594726562e+02 1.334040711691641068e+00 3.580305337687307965e+00
8.571285772323608398e+02 1.650050355540635616e+00 5.950377666554767409e+00
8.571610128879547119e+02 1.834055970946379066e+00 7.330419782097843395e+00
8.572637817859649658e+02 1.794054750206000026e+00 7.030410626545000596e+00
8.573214936256408691e+02 1.624049562059389107e+00 5.755371715445418701e+00
8.573417460918426514e+02 1.862056825464644350e+00 7.540426190984832466e+00
8.573636333942413330e+02 1.672051026947843688e+00 6.115382702108827395e+00
8.573959190845489502e+02 1.452044312875759191e+00 4.465332346568193778e+00
8.574246454238891602e+02 1.540046998504593034e+00 5.125352488784447935e+00
8.574757564067840576e+02 1.696051759392071201e+00 6.295388195440533963e+00
8.574884357452392578e+02 1.268038697470015519e+00 3.085290231025116459e+00
8.575120105743408203e+02 1.394042542802209628e+00 4.030319071016572607e+00
8.575529274940490723e+02 1.738053041169469237e+00 6.610397808771018902e+00
8.575675754547119141e+02 1.316040162358470544e+00 3.445301217688529150e+00
8.575800480842590332e+02 1.700051881466109194e+00 6.325389110995819131e+00
8.575909993648529053e+02 1.532046754356517271e+00 5.065350657673879375e+00
8.576052420139312744e+02 1.518046327097384518e+00 4.960347453230383508e+00
8.576203293800354004e+02 1.842056215094454830e+00 7.390421613208411067e+00
8.576471488475799561e+02 1.578048158207953300e+00 5.410361186559649482e+00
8.576845445632934570e+02 1.648050294503616620e+00 5.935377208777124380e+00
8.577019996643066406e+02 1.838056093020417059e+00 7.360420697653127675e+00
8.577198708057403564e+02 1.846056337168492822e+00 7.420422528763696235e+00
8.577319929599761963e+02 1.492045533616138231e+00 4.765341502121036577e+00
8.577430512905120850e+02 1.424043458357493686e+00 4.255325937681202930e+00
8.577563991546630859e+02 1.880057374797815095e+00 7.675430310983613502e+00
8.577722480297088623e+02 1.472044923245948711e+00 4.615336924344615177e+00
8.577900230884552002e+02 1.328040528580584301e+00 3.535303964354382433e+00
8.579244425296783447e+02 1.630049745170446096e+00 5.800373088778346009e+00
8.579386122226715088e+02 1.840056154057435833e+00 7.375421155430768927e+00
8.579940335750579834e+02 1.748053346354563997e+00 6.685400097659229601e+00
8.580074880123138428e+02 1.230037537766655475e+00 2.800281533249916244e+00
8.580351150035858154e+02 1.310039979247413555e+00 3.400299844355601842e+00
8.580780954360961914e+02 1.836056031983398062e+00 7.345420239875485535e+00
8.580921030044555664e+02 1.466044740134891722e+00 4.570335551011687869e+00
8.581052777767181396e+02 1.430043641468550675e+00 4.300327311014130238e+00
8.581181221008300781e+02 1.946059389019440200e+00 8.170445417645801456e+00
8.581340522766113281e+02 1.798054872280037797e+00 7.060411542100283100e+00
8.581484334468841553e+02 1.300039674062318795e+00 3.325297555467391142e+00
8.582062900066375732e+02 1.286039246803186265e+00 3.220294351023897050e+00
8.582238008975982666e+02 1.850056459242530593e+00 7.450423444318979627e+00
8.582393190860748291e+02 1.852056520279549590e+00 7.465423902096621767e+00
8.582529184818267822e+02 1.526046571245460504e+00 5.020349284340953844e+00
8.582745258808135986e+02 1.306039857173375784e+00 3.370298928800318450e+00
8.582857367992401123e+02 1.304039796136356788e+00 3.355298471022675866e+00
8.582989382743835449e+02 1.862056825464644350e+00 7.540426190984832466e+00
8.583163640499114990e+02 1.512046143986327751e+00 4.915346079897457976e+00
8.584344248771667480e+02 1.838056093020417059e+00 7.360420697653127675e+00
8.584645738601684570e+02 1.856056642353587582e+00 7.495424817651906935e+00
8.585204570293426514e+02 1.696051759392071201e+00 6.295388195440533963e+00
8.585345075130462646e+02 1.720052491836298714e+00 6.475393688772240530e+00
8.585518658161163330e+02 1.508046021912289758e+00 4.885345164342172808e+00
8.585823614597320557e+02 1.312040040284432552e+00 3.415300302133243981e+00
8.586110491752624512e+02 1.838056093020417059e+00 7.360420697653127675e+00
8.586397006511688232e+02 1.314040101321451548e+00 3.430300759910886566e+00
8.586821835041046143e+02 1.932058961760307669e+00 8.065442213202306476e+00
8.587021248340606689e+02 1.726052674947355481e+00 6.520395062105166062e+00
8.587388346195220947e+02 1.838056093020417059e+00 7.360420697653127675e+00
8.587672193050384521e+02 1.836056031983398062e+00 7.345420239875485535e+00
8.587821309566497803e+02 1.632049806207464870e+00 5.815373546555986373e+00
8.587974541187286377e+02 1.724052613910336706e+00 6.505394604327525698e+00
8.588103325366973877e+02 1.328040528580584301e+00 3.535303964354382433e+00
8.588233206272125244e+02 1.484045289468062467e+00 4.705339671010468905e+00
8.588482151031494141e+02 1.756053590502639761e+00 6.745401928769798161e+00
8.588877618312835693e+02 1.844056276131473826e+00 7.405422070986054095e+00
8.589101467132568359e+02 1.452044312875759191e+00 4.465332346568193778e+00
8.589236400127410889e+02 1.616049317911313343e+00 5.695369884334850141e+00
8.589391510486602783e+02 1.842056215094454830e+00 7.390421613208411067e+00
8.589561553001403809e+02 1.720052491836298714e+00 6.475393688772240530e+00
8.589742133617401123e+02 1.538046937467574038e+00 5.110352031006804907e+00
8.589879367351531982e+02 1.294039490951262028e+00 3.280296182134465166e+00
8.590188968181610107e+02 1.844056276131473826e+00 7.405422070986054095e+00
8.591112527847290039e+02 1.836056031983398062e+00 7.345420239875485535e+00
8.591414353847503662e+02 1.800054933317056793e+00 7.075411999877926128e+00
8.591972961425781250e+02 1.860056764427625353e+00 7.525425733207190326e+00
8.592106337547302246e+02 1.362041566209906351e+00 3.790311746574297480e+00
8.592378425598144531e+02 1.534046815393536267e+00 5.080351115451522404e+00
8.592848200798034668e+02 1.306039857173375784e+00 3.370298928800318450e+00
8.592972848415374756e+02 1.888057618945890859e+00 7.735432142094181174e+00
8.593124825954437256e+02 1.326040467543565304e+00 3.520303506576739849e+00
8.593256256580352783e+02 1.382042176580095871e+00 3.940316324350718880e+00
8.593385517597198486e+02 1.838056093020417059e+00 7.360420697653127675e+00
8.593514420986175537e+02 1.448044190801721198e+00 4.435331431012908610e+00
8.593981616497039795e+02 1.308039918210394559e+00 3.385299386577959257e+00
8.594283192157745361e+02 1.866056947538682342e+00 7.570427106540117634e+00
8.594465072154998779e+02 1.618049378948332340e+00 5.710370342112492281e+00
8.594585063457489014e+02 1.852056520279549590e+00 7.465423902096621767e+00
8.594743630886077881e+02 1.474044984282967707e+00 4.630337382122258205e+00
8.594902851581573486e+02 1.232037598803674472e+00 2.815281991027558384e+00
8.595070233345031738e+02 1.440043946653645435e+00 4.375329599902340938e+00
8.595274329185485840e+02 1.708052125614184957e+00 6.385390942106386802e+00
8.596344039440155029e+02 1.364041627246925348e+00 3.805312204351940064e+00
8.596670601367950439e+02 1.376041993469039104e+00 3.895314951017793348e+00
8.597219886779785156e+02 1.586048402356029063e+00 5.470363017670218042e+00
8.597419495582580566e+02 1.918058534501175139e+00 7.960439008758813273e+00
8.597638795375823975e+02 1.726052674947355481e+00 6.520395062105166062e+00
8.597941112518310547e+02 1.810055238502151553e+00 7.150414288766136828e+00
8.598251345157623291e+02 1.468044801171910718e+00 4.585336008789330009e+00
8.598803501129150391e+02 1.462044618060853951e+00 4.540334635456404477e+00
8.599012541770935059e+02 1.558047547837763558e+00 5.260356608783226307e+00
8.599378945827484131e+02 1.862056825464644350e+00 7.540426190984832466e+00
8.599661617279052734e+02 1.860056764427625353e+00 7.525425733207190326e+00
8.599858880043029785e+02 1.854056581316568586e+00 7.480424359874264795e+00
8.599995343685150146e+02 1.862056825464644350e+00 7.540426190984832466e+00
8.600121023654937744e+02 1.514046205023346747e+00 4.930346537675101004e+00
8.600272226333618164e+02 1.424043458357493686e+00 4.255325937681202930e+00
8.600721116065979004e+02 1.658050599688711380e+00 6.010379497665335080e+00
8.601014196872711182e+02 1.718052430799279717e+00 6.460393230994597502e+00
8.601161823272705078e+02 1.752053468428601990e+00 6.715401013214514769e+00
8.601314294338226318e+02 1.628049684133427100e+00 5.785372631000702981e+00
8.601451039314270020e+02 1.424043458357493686e+00 4.255325937681202930e+00
8.601584398746490479e+02 1.838056093020417059e+00 7.360420697653127675e+00
8.601721832752227783e+02 1.484045289468062467e+00 4.705339671010468905e+00
8.601923062801361084e+02 1.296039551988281024e+00 3.295296639912107750e+00
8.603088676929473877e+02 1.482045228431043471e+00 4.690339213232825877e+00
8.603417060375213623e+02 1.832055909909360070e+00 7.315419324320200367e+00
8.603968532085418701e+02 1.850056459242530593e+00 7.450423444318979627e+00
8.604099693298339844e+02 1.328040528580584301e+00 3.535303964354382433e+00
8.604351341724395752e+02 1.322040345469527312e+00 3.490302591021454681e+00
8.604640793800354004e+02 1.906058168279061382e+00 7.870436262092960433e+00
8.604931809902191162e+02 1.420043336283455915e+00 4.225325022125919538e+00
8.605134744644165039e+02 1.302039735099337792e+00 3.340298013245033282e+00
8.605299243927001953e+02 1.324040406506546308e+00 3.505303048799097265e+00
8.605518870353698730e+02 1.246038026062807003e+00 2.920285195471052475e+00
8.605993077754974365e+02 1.312040040284432552e+00 3.415300302133243981e+00
8.606221475601196289e+02 1.822055604724265310e+00 7.240417035431989667e+00
8.606402246952056885e+02 1.720052491836298714e+00 6.475393688772240530e+00
8.606557471752166748e+02 1.830055848872341073e+00 7.300418866542558227e+00
8.606690862178802490e+02 1.354041322061830588e+00 3.730309915463729364e+00
8.606826598644256592e+02 1.630049745170446096e+00 5.800373088778346009e+00
8.606967380046844482e+02 1.834055970946379066e+00 7.330419782097843395e+00
8.607131397724151611e+02 1.320040284432508315e+00 3.475302133243812541e+00
8.607285768985748291e+02 1.370041810357982115e+00 3.850313577684866040e+00
8.608603777885437012e+02 1.840056154057435833e+00 7.375421155430768927e+00
8.609192864894866943e+02 1.552047364726706791e+00 5.215355235450300775e+00
8.609324312210083008e+02 1.494045594653157227e+00 4.780341959898679605e+00
8.609606328010559082e+02 1.638049989318521860e+00 5.860374919888913681e+00
8.609894199371337891e+02 1.842056215094454830e+00 7.390421613208411067e+00
8.610182147026062012e+02 1.252038209173863992e+00 2.965286568803979783e+00
8.610469081401824951e+02 1.616049317911313343e+00 5.695369884334850141e+00
8.610890884399414062e+02 1.432043702505569671e+00 4.315327768791772378e+00
8.611091036796569824e+02 1.656050538651692383e+00 5.995379039887692940e+00
8.611449160575866699e+02 1.284039185766167268e+00 3.205293893246254466e+00
8.611714107990264893e+02 1.262038514358958752e+00 3.040288857692190483e+00
8.611867995262145996e+02 1.296039551988281024e+00 3.295296639912107750e+00
8.612016758918762207e+02 1.840056154057435833e+00 7.375421155430768927e+00
8.612192783355712891e+02 1.832055909909360070e+00 7.315419324320200367e+00
8.612361307144165039e+02 1.502045838801232991e+00 4.840343791009247276e+00
8.612938146591186523e+02 1.304039796136356788e+00 3.355298471022675866e+00
8.613113734722137451e+02 1.258038392284920759e+00 3.010287942136905759e+00
8.613241846561431885e+02 1.424043458357493686e+00 4.255325937681202930e+00
8.613378663063049316e+02 1.862056825464644350e+00 7.540426190984832466e+00
8.613511562347412109e+02 1.444044068727683205e+00 4.405330515457624330e+00
8.613671927452087402e+02 1.242037903988769232e+00 2.890284279915769083e+00
8.613789534568786621e+02 1.834055970946379066e+00 7.330419782097843395e+00
8.613919484615325928e+02 1.484045289468062467e+00 4.705339671010468905e+00
8.614052846431732178e+02 1.422043397320474689e+00 4.240325479903560790e+00
8.614439840316772461e+02 1.842056215094454830e+00 7.390421613208411067e+00
8.615487401485443115e+02 1.452044312875759191e+00 4.465332346568193778e+00
8.616068549156188965e+02 1.310039979247413555e+00 3.400299844355601842e+00
8.616203982830047607e+02 1.818055482650227317e+00 7.210416119876704499e+00
8.616478309631347656e+02 1.844056276131473826e+00 7.405422070986054095e+00
8.616783494949340820e+02 1.512046143986327751e+00 4.915346079897457976e+00
8.617034640312194824e+02 1.888057618945890859e+00 7.735432142094181174e+00
8.617165534496307373e+02 1.868057008575701339e+00 7.585427564317759774e+00
8.617295484542846680e+02 1.328040528580584301e+00 3.535303964354382433e+00
8.617420794963836670e+02 1.632049806207464870e+00 5.815373546555986373e+00
8.617575740814208984e+02 1.906058168279061382e+00 7.870436262092960433e+00
8.617772037982940674e+02 1.496045655690176002e+00 4.795342417676319968e+00
8.618306169509887695e+02 1.774054139835810506e+00 6.880406048768579197e+00
8.618483698368072510e+02 1.450044251838740195e+00 4.450331888790551638e+00
8.618645112514495850e+02 1.444044068727683205e+00 4.405330515457624330e+00
8.618795406818389893e+02 1.846056337168492822e+00 7.420422528763696235e+00
8.618937141895294189e+02 1.716052369762260721e+00 6.445392773216955362e+00
8.619076409339904785e+02 1.264038575395977748e+00 3.055289315469833067e+00
8.619303934574127197e+02 1.426043519394512682e+00 4.270326395458845070e+00
8.619739911556243896e+02 1.318040223395489319e+00 3.460301675466169957e+00
8.620731298923492432e+02 1.538046937467574038e+00 5.110352031006804907e+00
8.621349239349365234e+02 1.380042115543077097e+00 3.925315866573078516e+00
8.621495783329010010e+02 1.318040223395489319e+00 3.460301675466169957e+00
8.621728103160858154e+02 1.400042725913266617e+00 4.075320444349499915e+00
8.622082786560058594e+02 1.754053529465620986e+00 6.730401470992157797e+00
8.622366201877593994e+02 1.564047730948820547e+00 5.305357982116154503e+00
8.622669241428375244e+02 1.746053285317545001e+00 6.670399639881587461e+00
8.623036677837371826e+02 1.430043641468550675e+00 4.300327311014130238e+00
8.623298809528350830e+02 1.904058107242042386e+00 7.855435804315318293e+00
8.623629627227783203e+02 1.310039979247413555e+00 3.400299844355601842e+00
8.623923673629760742e+02 1.716052369762260721e+00 6.445392773216955362e+00
8.624088702201843262e+02 1.456044434949796962e+00 4.495333262123477169e+00
8.624242064952850342e+02 1.610049134800256354e+00 5.650368511001922833e+00
8.624433951377868652e+02 1.834055970946379066e+00 7.330419782097843395e+00
8.624934701919555664e+02 1.510046082949308754e+00 4.900345622119815836e+00
8.625117070674896240e+02 1.302039735099337792e+00 3.340298013245033282e+00
8.625294032096862793e+02 1.456044434949796962e+00 4.495333262123477169e+00
8.625481441020965576e+02 1.644050172429578627e+00 5.905376293221840101e+00
8.625634903907775879e+02 1.678051210058900677e+00 6.160384075441754703e+00
8.625763890743255615e+02 1.940059205908383433e+00 8.125444044312875036e+00
8.625940222740173340e+02 1.366041688283944344e+00 3.820312662129582648e+00
8.626042509078979492e+02 1.304039796136356788e+00 3.355298471022675866e+00
8.626260106563568115e+02 1.940059205908383433e+00 8.125444044312875036e+00
8.627300086021423340e+02 1.696051759392071201e+00 6.295388195440533963e+00
8.627614843845367432e+02 1.826055726798303303e+00 7.270417950987274835e+00
8.628181750774383545e+02 1.830055848872341073e+00 7.300418866542558227e+00
8.628314936161041260e+02 1.478045106357005478e+00 4.660338297677540709e+00
8.628560407161712646e+02 1.346041077913754824e+00 3.670308084353161249e+00
8.628999061584472656e+02 1.656050538651692383e+00 5.995379039887692940e+00
8.629151344299316406e+02 1.716052369762260721e+00 6.445392773216955362e+00
8.629295849800109863e+02 1.302039735099337792e+00 3.340298013245033282e+00
8.629451773166656494e+02 1.550047303689687794e+00 5.200354777672658635e+00
8.629566643238067627e+02 1.856056642353587582e+00 7.495424817651906935e+00
8.629674613475799561e+02 1.328040528580584301e+00 3.535303964354382433e+00
8.629942944049835205e+02 1.674051087984862685e+00 6.130383159886470423e+00
8.630383071899414062e+02 1.230037537766655475e+00 2.800281533249916244e+00
8.630575466156005859e+02 1.714052308725241724e+00 6.430392315439313222e+00
8.630759334564208984e+02 1.936059083834345440e+00 8.095443128757590756e+00
8.630888104438781738e+02 1.296039551988281024e+00 3.295296639912107750e+00
8.631022944450378418e+02 1.630049745170446096e+00 5.800373088778346009e+00
8.631197564601898193e+02 1.854056581316568586e+00 7.480424359874264795e+00
8.631317124366760254e+02 1.504045899838251987e+00 4.855344248786890304e+00
8.631481268405914307e+02 1.430043641468550675e+00 4.300327311014130238e+00
8.632549293041229248e+02 1.420043336283455915e+00 4.225325022125919538e+00
8.632866146564483643e+02 1.822055604724265310e+00 7.240417035431989667e+00
8.633422312736511230e+02 1.472044923245948711e+00 4.615336924344615177e+00
8.633623778820037842e+02 1.898057924130985619e+00 7.810434430982391873e+00
8.633842589855194092e+02 1.716052369762260721e+00 6.445392773216955362e+00
8.634137847423553467e+02 1.814055360576189546e+00 7.180415204321421996e+00
8.634445838928222656e+02 1.454044373912777965e+00 4.480332804345835029e+00
8.634775743484497070e+02 1.652050416577654390e+00 5.965378124332407772e+00
8.635097317695617676e+02 1.366041688283944344e+00 3.820312662129582648e+00
8.635291788578033447e+02 1.630049745170446096e+00 5.800373088778346009e+00
8.635659658908843994e+02 1.274038880581072508e+00 3.130291604358043767e+00
8.635917813777923584e+02 1.230037537766655475e+00 2.800281533249916244e+00
8.636077866554260254e+02 1.232037598803674472e+00 2.815281991027558384e+00
8.636219043731689453e+02 1.778054261909848277e+00 6.910406964323861700e+00
8.636368808746337891e+02 1.950059511093478193e+00 8.200446333201085736e+00
8.636548337936401367e+02 1.414043153172398926e+00 4.180323648792992230e+00
8.636786105632781982e+02 1.470044862208929715e+00 4.600336466566973037e+00
8.637263369560241699e+02 1.852056520279549590e+00 7.465423902096621767e+00
8.637437918186187744e+02 1.702051942503128190e+00 6.340389568773461271e+00
8.637579994201660156e+02 1.910058290353099375e+00 7.900437177648245601e+00
8.637712724208831787e+02 1.650050355540635616e+00 5.950377666554767409e+00
8.637836964130401611e+02 1.428043580431531678e+00 4.285326853236487210e+00
8.637968566417694092e+02 1.868057008575701339e+00 7.585427564317759774e+00
8.638162591457366943e+02 1.724052613910336706e+00 6.505394604327525698e+00
8.638631362915039062e+02 1.296039551988281024e+00 3.295296639912107750e+00
8.639622852802276611e+02 1.652050416577654390e+00 5.965378124332407772e+00
8.640218365192413330e+02 1.720052491836298714e+00 6.475393688772240530e+00
8.640351638793945312e+02 1.744053224280526226e+00 6.655399182103947098e+00
8.640628776550292969e+02 1.776054200872829503e+00 6.895406506546221337e+00
8.640957562923431396e+02 1.710052186651203954e+00 6.400391399884029831e+00
8.641211032867431641e+02 1.754053529465620986e+00 6.730401470992157797e+00
8.641348679065704346e+02 1.754053529465620986e+00 6.730401470992157797e+00
8.641535201072692871e+02 1.322040345469527312e+00 3.490302591021454681e+00
8.641669895648956299e+02 1.234037659840693468e+00 2.830282448805200968e+00
8.641810870170593262e+02 1.842056215094454830e+00 7.390421613208411067e+00
8.642294120788574219e+02 1.838056093020417059e+00 7.360420697653127675e+00
8.642564322948455811e+02 1.446044129764702202e+00 4.420330973235266470e+00
8.642709996700286865e+02 1.452044312875759191e+00 4.465332346568193778e+00
8.642848834991455078e+02 1.456044434949796962e+00 4.495333262123477169e+00
8.643017814159393311e+02 1.780054322946867273e+00 6.925407422101504729e+00
8.643164243698120117e+02 1.748053346354563997e+00 6.685400097659229601e+00
8.643300290107727051e+02 1.300039674062318795e+00 3.325297555467391142e+00
8.643484935760498047e+02 1.602048890652180591e+00 5.590366679891354273e+00
8.644620935916900635e+02 1.414043153172398926e+00 4.180323648792992230e+00
8.644944975376129150e+02 1.568047853022858318e+00 5.335358897671437006e+00
8.645502128601074219e+02 1.494045594653157227e+00 4.780341959898679605e+00
8.645703461170196533e+02 1.370041810357982115e+00 3.850313577684866040e+00
8.645870637893676758e+02 1.594048646504104827e+00 5.530364848780786602e+00
8.646158649921417236e+02 1.454044373912777965e+00 4.480332804345835029e+00
8.646447196006774902e+02 1.466044740134891722e+00 4.570335551011687869e+00
8.647042937278747559e+02 1.268038697470015519e+00 3.085290231025116459e+00
8.647234330177307129e+02 1.942059266945402429e+00 8.140444502090517176e+00
8.647577280998229980e+02 1.452044312875759191e+00 4.465332346568193778e+00
8.647930936813354492e+02 1.934059022797326444e+00 8.080442670979948616e+00
8.648060798645019531e+02 1.312040040284432552e+00 3.415300302133243981e+00
8.648231434822082520e+02 1.830055848872341073e+00 7.300418866542558227e+00
8.648367381095886230e+02 1.884057496871852866e+00 7.705431226538896894e+00
8.648509466648101807e+02 1.330040589617603075e+00 3.550304422132023241e+00
8.648979711532592773e+02 1.312040040284432552e+00 3.415300302133243981e+00
8.649246001243591309e+02 1.870057069612720113e+00 7.600428022095401026e+00
8.649386219978332520e+02 1.862056825464644350e+00 7.540426190984832466e+00
8.649601557254791260e+02 1.854056581316568586e+00 7.480424359874264795e+00
8.649733645915985107e+02 1.538046937467574038e+00 5.110352031006804907e+00
8.649873197078704834e+02 1.308039918210394559e+00 3.385299386577959257e+00
8.650036039352416992e+02 1.836056031983398062e+00 7.345420239875485535e+00
8.650299656391143799e+02 1.428043580431531678e+00 4.285326853236487210e+00
8.651523053646087646e+02 1.442044007690664431e+00 4.390330057679983078e+00
8.651664478778839111e+02 1.302039735099337792e+00 3.340298013245033282e+00
8.652215902805328369e+02 1.570047914059877314e+00 5.350359355449080034e+00
8.652384939193725586e+02 1.748053346354563997e+00 6.685400097659229601e+00
8.652642030715942383e+02 1.874057191686758106e+00 7.630428937650686194e+00
8.652964277267456055e+02 1.302039735099337792e+00 3.340298013245033282e+00
8.653167028427124023e+02 1.528046632282479278e+00 5.035349742118594207e+00
8.653311774730682373e+02 1.380042115543077097e+00 3.925315866573078516e+00
8.653511314392089844e+02 1.316040162358470544e+00 3.445301217688529150e+00
8.653635509014129639e+02 1.444044068727683205e+00 4.405330515457624330e+00
8.653778748512268066e+02 1.936059083834345440e+00 8.095443128757590756e+00
8.654284799098968506e+02 1.846056337168492822e+00 7.420422528763696235e+00
8.654504034519195557e+02 1.424043458357493686e+00 4.255325937681202930e+00
8.654652571678161621e+02 1.452044312875759191e+00 4.465332346568193778e+00
8.654788553714752197e+02 1.850056459242530593e+00 7.450423444318979627e+00
8.654916820526123047e+02 1.482045228431043471e+00 4.690339213232825877e+00
8.655107667446136475e+02 1.426043519394512682e+00 4.270326395458845070e+00
8.655286502838134766e+02 1.458044495986815958e+00 4.510333719901119309e+00
8.655449461936950684e+02 1.610049134800256354e+00 5.650368511001922833e+00
8.655623223781585693e+02 1.842056215094454830e+00 7.390421613208411067e+00
8.655782935619354248e+02 1.844056276131473826e+00 7.405422070986054095e+00
8.656705935001373291e+02 1.834055970946379066e+00 7.330419782097843395e+00
8.657013704776763916e+02 1.764053834650715746e+00 6.805403759880368497e+00
8.657575085163116455e+02 1.850056459242530593e+00 7.450423444318979627e+00
8.657769894599914551e+02 1.526046571245460504e+00 5.020349284340953844e+00
8.657937061786651611e+02 1.332040650654622072e+00 3.565304879909665381e+00
8.658224906921386719e+02 1.470044862208929715e+00 4.600336466566973037e+00
8.658510591983795166e+02 1.842056215094454830e+00 7.390421613208411067e+00
8.658816666603088379e+02 1.302039735099337792e+00 3.340298013245033282e+00
8.659180707931518555e+02 1.854056581316568586e+00 7.480424359874264795e+00
8.659445426464080811e+02 1.436043824579607442e+00 4.345328684347055770e+00
8.659761435985565186e+02 1.590048524430066834e+00 5.500363933225501434e+00
8.660051383972167969e+02 1.832055909909360070e+00 7.315419324320200367e+00
8.660178050994873047e+02 1.842056215094454830e+00 7.390421613208411067e+00
8.660330307483673096e+02 1.494045594653157227e+00 4.780341959898679605e+00
8.660480666160583496e+02 1.308039918210394559e+00 3.385299386577959257e+00
8.660611379146575928e+02 1.656050538651692383e+00 5.995379039887692940e+00
8.660789828300476074e+02 1.752053468428601990e+00 6.715401013214514769e+00
8.661235496997833252e+02 1.638049989318521860e+00 5.860374919888913681e+00
8.661461584568023682e+02 1.416043214209417922e+00 4.195324106570634370e+00
8.661596853733062744e+02 1.854056581316568586e+00 7.480424359874264795e+00
8.661758148670196533e+02 1.526046571245460504e+00 5.020349284340953844e+00
8.661928362846374512e+02 1.512046143986327751e+00 4.915346079897457976e+00
8.662073442935943604e+02 1.246038026062807003e+00 2.920285195471052475e+00
8.662207806110382080e+02 1.696051759392071201e+00 6.295388195440533963e+00
8.662343988418579102e+02 1.720052491836298714e+00 6.475393688772240530e+00
8.663483932018280029e+02 1.356041383098849584e+00 3.745310373241371948e+00
8.663788995742797852e+02 1.574048036133915307e+00 5.380360271004365202e+00
8.664344568252563477e+02 1.894057802056947626e+00 7.780433515427107594e+00
8.664478731155395508e+02 1.312040040284432552e+00 3.415300302133243981e+00
8.664767928123474121e+02 1.304039796136356788e+00 3.355298471022675866e+00
8.665212337970733643e+02 1.834055970946379066e+00 7.330419782097843395e+00
8.665396282672882080e+02 1.860056764427625353e+00 7.525425733207190326e+00
8.665522789955139160e+02 1.540046998504593034e+00 5.125352488784447935e+00
8.665706508159637451e+02 1.234037659840693468e+00 2.830282448805200968e+00
8.665843081474304199e+02 1.414043153172398926e+00 4.180323648792992230e+00
8.665949859619140625e+02 1.928058839686269677e+00 8.035441297647022196e+00
8.666593000888824463e+02 1.598048768578142820e+00 5.560365764336070882e+00
8.666730740070343018e+02 1.502045838801232991e+00 4.840343791009247276e+00
8.666910777091979980e+02 1.292039429914243032e+00 3.265295724356822582e+00
8.667066206932067871e+02 1.244037965025788228e+00 2.905284737693411667e+00
8.667208709716796875e+02 1.554047425763725787e+00 5.230355693227943803e+00
8.667384836673736572e+02 1.752053468428601990e+00 6.715401013214514769e+00
8.667541029453277588e+02 1.456044434949796962e+00 4.495333262123477169e+00
8.668709406852722168e+02 1.472044923245948711e+00 4.615336924344615177e+00
8.669026060104370117e+02 1.656050538651692383e+00 5.995379039887692940e+00
8.669593684673309326e+02 1.744053224280526226e+00 6.655399182103947098e+00
8.669731702804565430e+02 1.732052858058412470e+00 6.565396435438093370e+00
8.669910945892333984e+02 1.458044495986815958e+00 4.510333719901119309e+00
8.670197427272796631e+02 1.304039796136356788e+00 3.355298471022675866e+00
8.670542724132537842e+02 1.700051881466109194e+00 6.325389110995819131e+00
8.670848288536071777e+02 1.514046205023346747e+00 4.930346537675101004e+00
8.671205613613128662e+02 1.650050355540635616e+00 5.950377666554767409e+00
8.671398909091949463e+02 1.652050416577654390e+00 5.965378124332407772e+00
8.671816031932830811e+02 1.850056459242530593e+00 7.450423444318979627e+00
8.672043466567993164e+02 1.838056093020417059e+00 7.360420697653127675e+00
8.672196590900421143e+02 1.834055970946379066e+00 7.330419782097843395e+00
8.672312946319580078e+02 1.684051393169957445e+00 6.205385448774681123e+00
8.672453429698944092e+02 1.452044312875759191e+00 4.465332346568193778e+00
8.672605965137481689e+02 1.718052430799279717e+00 6.460393230994597502e+00
8.672772219181060791e+02 1.752053468428601990e+00 6.715401013214514769e+00
8.673385515213012695e+02 1.726052674947355481e+00 6.520395062105166062e+00
8.673564596176147461e+02 1.874057191686758106e+00 7.630428937650686194e+00
8.673732051849365234e+02 1.332040650654622072e+00 3.565304879909665381e+00
8.673869557380676270e+02 1.308039918210394559e+00 3.385299386577959257e+00
8.674005663394927979e+02 1.830055848872341073e+00 7.300418866542558227e+00
8.674153430461883545e+02 1.738053041169469237e+00 6.610397808771018902e+00
8.674313480854034424e+02 1.318040223395489319e+00 3.460301675466169957e+00
8.674744765758514404e+02 1.498045716727194998e+00 4.810342875453962108e+00
8.675788815021514893e+02 1.900057985168004615e+00 7.825434888760034902e+00
8.676364119052886963e+02 1.852056520279549590e+00 7.465423902096621767e+00
8.676495773792266846e+02 1.346041077913754824e+00 3.670308084353161249e+00
8.676743292808532715e+02 1.322040345469527312e+00 3.490302591021454681e+00
8.677097566127777100e+02 1.570047914059877314e+00 5.350359355449080034e+00
8.677323307991027832e+02 1.232037598803674472e+00 2.815281991027558384e+00
8.677453279495239258e+02 1.322040345469527312e+00 3.490302591021454681e+00
8.677601902484893799e+02 1.838056093020417059e+00 7.360420697653127675e+00
8.677759668827056885e+02 1.862056825464644350e+00 7.540426190984832466e+00
8.677872273921966553e+02 1.332040650654622072e+00 3.565304879909665381e+00
8.678022577762603760e+02 1.802054994354075790e+00 7.090412457655568268e+00
8.678403549194335938e+02 1.388042359691152861e+00 3.985317697683646632e+00
8.678635489940643311e+02 1.860056764427625353e+00 7.525425733207190326e+00
8.678800983428955078e+02 1.898057924130985619e+00 7.810434430982391873e+00
8.678971669673919678e+02 1.944059327982421204e+00 8.155444959868159316e+00
8.679154074192047119e+02 1.502045838801232991e+00 4.840343791009247276e+00
8.679299378395080566e+02 1.314040101321451548e+00 3.430300759910886566e+00
8.679452123641967773e+02 1.570047914059877314e+00 5.350359355449080034e+00
8.679619085788726807e+02 1.662050721762749150e+00 6.040380413220618472e+00
8.680028054714202881e+02 1.860056764427625353e+00 7.525425733207190326e+00
8.681036653518676758e+02 1.424043458357493686e+00 4.255325937681202930e+00
8.681626579761505127e+02 1.938059144871364436e+00 8.110443586535232896e+00
8.681757278442382812e+02 1.882057435834833869e+00 7.690430768761253866e+00
8.681993045806884766e+02 1.372041871395001111e+00 3.865314035462508180e+00
8.682287588119506836e+02 1.926058778649250680e+00 8.020440839869380056e+00
8.682631249427795410e+02 1.370041810357982115e+00 3.850313577684866040e+00
8.682934148311614990e+02 1.712052247688222950e+00 6.415391857661671970e+00
8.683294546604156494e+02 1.430043641468550675e+00 4.300327311014130238e+00
8.683560883998870850e+02 1.614049256874294347e+00 5.680369426557208001e+00
8.684023656845092773e+02 1.714052308725241724e+00 6.430392315439313222e+00
8.684153952598571777e+02 1.870057069612720113e+00 7.600428022095401026e+00
8.684265079498291016e+02 1.298039613025299799e+00 3.310297097689748558e+00
8.684399430751800537e+02 1.696051759392071201e+00 6.295388195440533963e+00
8.684587860107421875e+02 1.598048768578142820e+00 5.560365764336070882e+00
8.684718937873840332e+02 1.528046632282479278e+00 5.035349742118594207e+00
8.684831893444061279e+02 1.328040528580584301e+00 3.535303964354382433e+00
8.685496504306793213e+02 1.656050538651692383e+00 5.995379039887692940e+00
8.685673592090606689e+02 1.318040223395489319e+00 3.460301675466169957e+00
8.685811314582824707e+02 1.522046449171422511e+00 4.990348368785668676e+00
8.685950963497161865e+02 1.752053468428601990e+00 6.715401013214514769e+00
8.686139979362487793e+02 1.318040223395489319e+00 3.460301675466169957e+00
8.686263906955718994e+02 1.254038270210882988e+00 2.980287026581622367e+00
8.686400291919708252e+02 1.832055909909360070e+00 7.315419324320200367e+00
8.686676135063171387e+02 1.562047669911801551e+00 5.290357524338511475e+00
8.687806351184844971e+02 1.716052369762260721e+00 6.445392773216955362e+00
8.687948040962219238e+02 1.896057863093966622e+00 7.795433973204749734e+00
8.688489406108856201e+02 1.464044679097872725e+00 4.555335093234045729e+00
8.688621654510498047e+02 1.608049073763237580e+00 5.635368053224281581e+00
8.688877768516540527e+02 1.606049012726218583e+00 5.620367595446639442e+00
8.689235196113586426e+02 1.278039002655110279e+00 3.160292519913327158e+00
8.689437639713287354e+02 1.838056093020417059e+00 7.360420697653127675e+00
8.689595916271209717e+02 1.836056031983398062e+00 7.345420239875485535e+00
8.689706432819366455e+02 1.634049867244483867e+00 5.830374004333629401e+00
8.689851691722869873e+02 1.430043641468550675e+00 4.300327311014130238e+00
8.690005776882171631e+02 1.708052125614184957e+00 6.385390942106386802e+00
8.690171105861663818e+02 1.736052980132450241e+00 6.595397350993376762e+00
8.690652930736541748e+02 1.862056825464644350e+00 7.540426190984832466e+00
8.690827939510345459e+02 1.856056642353587582e+00 7.495424817651906935e+00
8.690971827507019043e+02 1.948059450056459196e+00 8.185445875423443596e+00
8.691117630004882812e+02 1.522046449171422511e+00 4.990348368785668676e+00
8.691256618499755859e+02 1.300039674062318795e+00 3.325297555467391142e+00
8.691386051177978516e+02 1.832055909909360070e+00 7.315419324320200367e+00
8.691569306850433350e+02 1.838056093020417059e+00 7.360420697653127675e+00
8.691696112155914307e+02 1.332040650654622072e+00 3.565304879909665381e+00
8.691959493160247803e+02 1.592048585467085831e+00 5.515364391003143574e+00
8.692928378582000732e+02 1.608049073763237580e+00 5.635368053224281581e+00
8.693233206272125244e+02 1.850056459242530593e+00 7.450423444318979627e+00
8.693790063858032227e+02 1.704052003540146965e+00 6.355390026551102522e+00
8.693996496200561523e+02 1.720052491836298714e+00 6.475393688772240530e+00
8.694132773876190186e+02 1.726052674947355481e+00 6.520395062105166062e+00
8.694524402618408203e+02 1.496045655690176002e+00 4.795342417676319968e+00
8.694833245277404785e+02 1.374041932432020108e+00 3.880314493240150764e+00
8.695141723155975342e+02 1.676051149021881681e+00 6.145383617664112563e+00
8.695499737262725830e+02 1.474044984282967707e+00 4.630337382122258205e+00
8.695758996009826660e+02 1.456044434949796962e+00 4.495333262123477169e+00
8.696199316978454590e+02 1.428043580431531678e+00 4.285326853236487210e+00
8.696357212066650391e+02 1.750053407391582994e+00 6.700400555436872629e+00
8.696497211456298828e+02 1.428043580431531678e+00 4.285326853236487210e+00
8.696665434837341309e+02 1.600048829615161594e+00 5.575366222113712134e+00
8.696817176342010498e+02 1.702051942503128190e+00 6.340389568773461271e+00
8.696971700191497803e+02 1.848056398205511819e+00 7.435422986541338375e+00
8.697238347530364990e+02 1.404042847987304388e+00 4.105321359904783307e+00
8.697697470188140869e+02 1.276038941618091505e+00 3.145292062135686351e+00
8.697844808101654053e+02 1.508046021912289758e+00 4.885345164342172808e+00
8.697994813919067383e+02 1.838056093020417059e+00 7.360420697653127675e+00
8.698166725635528564e+02 1.642050111392559630e+00 5.890375835444197072e+00
8.698333914279937744e+02 1.334040711691641068e+00 3.580305337687307965e+00
8.698499951362609863e+02 1.292039429914243032e+00 3.265295724356822582e+00
8.699764237403869629e+02 1.302039735099337792e+00 3.340298013245033282e+00
8.700083537101745605e+02 1.578048158207953300e+00 5.410361186559649482e+00
8.700642940998077393e+02 1.242037903988769232e+00 2.890284279915769083e+00
8.700775041580200195e+02 1.858056703390606579e+00 7.510425275429549075e+00
8.701054992675781250e+02 1.850056459242530593e+00 7.450423444318979627e+00
8.701357951164245605e+02 1.330040589617603075e+00 3.550304422132023241e+00
8.701661036014556885e+02 1.336040772728660064e+00 3.595305795464950549e+00
8.701854879856109619e+02 1.450044251838740195e+00 4.450331888790551638e+00
8.702005970478057861e+02 1.580048219244972074e+00 5.425361644337290734e+00
8.702184095382690430e+02 1.924058717612231684e+00 8.005440382091737916e+00
8.702723739147186279e+02 1.752053468428601990e+00 6.715401013214514769e+00
8.703043313026428223e+02 1.528046632282479278e+00 5.035349742118594207e+00
8.703274888992309570e+02 1.698051820429090197e+00 6.310388653218176103e+00
8.703435783386230469e+02 1.458044495986815958e+00 4.510333719901119309e+00
8.703618032932281494e+02 1.842056215094454830e+00 7.390421613208411067e+00
8.703771102428436279e+02 1.802054994354075790e+00 7.090412457655568268e+00
8.703935465812683105e+02 1.682051332132938670e+00 6.190384990997039871e+00
8.704063205718994141e+02 1.276038941618091505e+00 3.145292062135686351e+00
8.704465875625610352e+02 1.434043763542588446e+00 4.330328226569413630e+00
8.705494453907012939e+02 1.304039796136356788e+00 3.355298471022675866e+00
8.706079945564270020e+02 1.378042054506058101e+00 3.910315408795435932e+00
8.706221010684967041e+02 1.430043641468550675e+00 4.300327311014130238e+00
8.706462943553924561e+02 1.720052491836298714e+00 6.475393688772240530e+00
8.706760637760162354e+02 1.442044007690664431e+00 4.390330057679983078e+00
8.707067947387695312e+02 1.874057191686758106e+00 7.630428937650686194e+00
8.707396309375762939e+02 1.392042481765190631e+00 4.015318613238929579e+00
8.707711529731750488e+02 1.576048097170934303e+00 5.395360728782007342e+00
8.707969093322753906e+02 1.458044495986815958e+00 4.510333719901119309e+00
8.708401591777801514e+02 1.436043824579607442e+00 4.345328684347055770e+00
8.708558108806610107e+02 1.854056581316568586e+00 7.480424359874264795e+00
8.708732757568359375e+02 1.374041932432020108e+00 3.880314493240150764e+00
8.708913583755493164e+02 1.324040406506546308e+00 3.505303048799097265e+00
8.709120233058929443e+02 1.302039735099337792e+00 3.340298013245033282e+00
8.709686853885650635e+02 1.642050111392559630e+00 5.890375835444197072e+00
8.709880075454711914e+02 1.608049073763237580e+00 5.635368053224281581e+00
8.710065119266510010e+02 1.274038880581072508e+00 3.130291604358043767e+00
8.710228793621063232e+02 1.704052003540146965e+00 6.355390026551102522e+00
8.710394744873046875e+02 1.906058168279061382e+00 7.870436262092960433e+00
8.710541381835937500e+02 1.574048036133915307e+00 5.380360271004365202e+00
8.710756700038909912e+02 1.866056947538682342e+00 7.570427106540117634e+00
8.710951428413391113e+02 1.702051942503128190e+00 6.340389568773461271e+00
8.712205562591552734e+02 1.852056520279549590e+00 7.465423902096621767e+00
8.712349250316619873e+02 1.842056215094454830e+00 7.390421613208411067e+00
8.712935757637023926e+02 1.870057069612720113e+00 7.600428022095401026e+00
8.713069362640380859e+02 1.314040101321451548e+00 3.430300759910886566e+00
8.713364658355712891e+02 1.456044434949796962e+00 4.495333262123477169e+00
8.713784227371215820e+02 1.786054506057924263e+00 6.970408795434432037e+00
8.713926835060119629e+02 1.656050538651692383e+00 5.995379039887692940e+00
8.714095840454101562e+02 1.236037720877712243e+00 2.845282906582841775e+00
8.714229531288146973e+02 1.304039796136356788e+00 3.355298471022675866e+00
8.714373517036437988e+02 1.946059389019440200e+00 8.170445417645801456e+00
8.714528803825378418e+02 1.666050843836786921e+00 6.070381328775901864e+00
8.715149672031402588e+02 1.504045899838251987e+00 4.855344248786890304e+00
8.715283813476562500e+02 1.334040711691641068e+00 3.580305337687307965e+00
8.715439293384552002e+02 1.588048463393048060e+00 5.485363475447860182e+00
8.715594155788421631e+02 1.914058412427137146e+00 7.930438093203528993e+00
8.715762507915496826e+02 1.856056642353587582e+00 7.495424817651906935e+00
8.715910556316375732e+02 1.508046021912289758e+00 4.885345164342172808e+00
8.716040258407592773e+02 1.392042481765190631e+00 4.015318613238929579e+00
8.716398758888244629e+02 1.676051149021881681e+00 6.145383617664112563e+00
8.717311613559722900e+02 1.716052369762260721e+00 6.445392773216955362e+00
8.717621321678161621e+02 1.664050782799768147e+00 6.055380870998261500e+00
8.718183078765869141e+02 1.716052369762260721e+00 6.445392773216955362e+00
8.718326582908630371e+02 1.718052430799279717e+00 6.460393230994597502e+00
8.718557708263397217e+02 1.482045228431043471e+00 4.690339213232825877e+00
8.718855192661285400e+02 1.718052430799279717e+00 6.460393230994597502e+00
8.719141552448272705e+02 1.648050294503616620e+00 5.935377208777124380e+00
8.719450249671936035e+02 1.572047975096896311e+00 5.365359813226722174e+00
8.719805459976196289e+02 1.602048890652180591e+00 5.590366679891354273e+00
8.720062620639801025e+02 1.738053041169469237e+00 6.610397808771018902e+00
8.720387589931488037e+02 1.314040101321451548e+00 3.430300759910886566e+00
8.720652515888214111e+02 1.842056215094454830e+00 7.390421613208411067e+00
8.720774507522583008e+02 1.836056031983398062e+00 7.345420239875485535e+00
8.720896589756011963e+02 1.484045289468062467e+00 4.705339671010468905e+00
8.721058328151702881e+02 1.542047059541612031e+00 5.140352946562090075e+00
8.721178622245788574e+02 1.830055848872341073e+00 7.300418866542558227e+00
8.721380250453948975e+02 1.724052613910336706e+00 6.505394604327525698e+00
8.721894292831420898e+02 1.752053468428601990e+00 6.715401013214514769e+00
8.722090191841125488e+02 1.426043519394512682e+00 4.270326395458845070e+00
8.722276387214660645e+02 1.382042176580095871e+00 3.940316324350718880e+00
8.722428176403045654e+02 1.676051149021881681e+00 6.145383617664112563e+00
8.722585115432739258e+02 1.850056459242530593e+00 7.450423444318979627e+00
8.722740206718444824e+02 1.518046327097384518e+00 4.960347453230383508e+00
8.722918345928192139e+02 1.560047608874782554e+00 5.275357066560869335e+00
8.724046750068664551e+02 1.320040284432508315e+00 3.475302133243812541e+00
8.724372394084930420e+02 1.950059511093478193e+00 8.200446333201085736e+00
8.724918177127838135e+02 1.736052980132450241e+00 6.595397350993376762e+00
8.725053732395172119e+02 1.250038148136844995e+00 2.950286111026337643e+00
8.725310399532318115e+02 1.280039063692129275e+00 3.175292977690969742e+00
8.725664327144622803e+02 1.716052369762260721e+00 6.445392773216955362e+00
8.725898113250732422e+02 1.560047608874782554e+00 5.275357066560869335e+00
8.726058039665222168e+02 1.344041016876735828e+00 3.655307626575518665e+00
8.726230151653289795e+02 1.432043702505569671e+00 4.315327768791772378e+00
8.726385848522186279e+02 1.904058107242042386e+00 7.855435804315318293e+00
8.726514780521392822e+02 1.546047181615650024e+00 5.170353862117375243e+00
8.727169768810272217e+02 1.616049317911313343e+00 5.695369884334850141e+00
8.727301743030548096e+02 1.442044007690664431e+00 4.390330057679983078e+00
8.727439305782318115e+02 1.424043458357493686e+00 4.255325937681202930e+00
8.727579984664916992e+02 1.846056337168492822e+00 7.420422528763696235e+00
8.727717230319976807e+02 1.512046143986327751e+00 4.915346079897457976e+00
8.727828764915466309e+02 1.368041749320963341e+00 3.835313119907225232e+00
8.727944271564483643e+02 1.914058412427137146e+00 7.930438093203528993e+00
8.728101658821105957e+02 1.510046082949308754e+00 4.900345622119815836e+00
8.728406445980072021e+02 1.244037965025788228e+00 2.905284737693411667e+00
8.729521706104278564e+02 1.230037537766655475e+00 2.800281533249916244e+00
8.729662473201751709e+02 1.326040467543565304e+00 3.520303506576739849e+00
8.730215308666229248e+02 1.448044190801721198e+00 4.435331431012908610e+00
8.730355343818664551e+02 1.870057069612720113e+00 7.600428022095401026e+00
8.730654728412628174e+02 1.936059083834345440e+00 8.095443128757590756e+00
8.730974125862121582e+02 1.306039857173375784e+00 3.370298928800318450e+00
8.731262042522430420e+02 1.888057618945890859e+00 7.735432142094181174e+00
8.731809098720550537e+02 1.302039735099337792e+00 3.340298013245033282e+00
8.732020969390869141e+02 1.868057008575701339e+00 7.585427564317759774e+00
8.732387809753417969e+02 1.694051698355052205e+00 6.280387737662891823e+00
8.732686407566070557e+02 1.742053163243507230e+00 6.640398724326304070e+00
8.732886047363281250e+02 1.318040223395489319e+00 3.460301675466169957e+00
8.733016135692596436e+02 1.488045411542100238e+00 4.735340586565751408e+00
8.733130769729614258e+02 1.846056337168492822e+00 7.420422528763696235e+00
8.733283550739288330e+02 1.318040223395489319e+00 3.460301675466169957e+00
8.733758993148803711e+02 1.244037965025788228e+00 2.905284737693411667e+00
8.734076132774353027e+02 1.890057679982909855e+00 7.750432599871824202e+00
8.734223773479461670e+02 1.614049256874294347e+00 5.680369426557208001e+00
8.734396960735321045e+02 1.942059266945402429e+00 8.140444502090517176e+00
8.734563858509063721e+02 1.738053041169469237e+00 6.610397808771018902e+00
8.734723548889160156e+02 1.564047730948820547e+00 5.305357982116154503e+00
8.734876425266265869e+02 1.244037965025788228e+00 2.905284737693411667e+00
8.735013399124145508e+02 1.580048219244972074e+00 5.425361644337290734e+00
8.735436236858367920e+02 1.860056764427625353e+00 7.525425733207190326e+00
8.736480100154876709e+02 1.230037537766655475e+00 2.800281533249916244e+00
8.737065346240997314e+02 1.336040772728660064e+00 3.595305795464950549e+00
8.737201271057128906e+02 1.658050599688711380e+00 6.010379497665335080e+00
8.737459592819213867e+02 1.818055482650227317e+00 7.210416119876704499e+00
8.737745373249053955e+02 1.336040772728660064e+00 3.595305795464950549e+00
8.738002598285675049e+02 1.932058961760307669e+00 8.065442213202306476e+00
8.738163714408874512e+02 1.878057313760796099e+00 7.660429853205970474e+00
8.738284888267517090e+02 1.430043641468550675e+00 4.300327311014130238e+00
8.738411154747009277e+02 1.616049317911313343e+00 5.695369884334850141e+00
8.738633410930633545e+02 1.754053529465620986e+00 6.730401470992157797e+00
8.739103147983551025e+02 1.834055970946379066e+00 7.330419782097843395e+00
8.739343984127044678e+02 1.304039796136356788e+00 3.355298471022675866e+00
8.739519121646881104e+02 1.470044862208929715e+00 4.600336466566973037e+00
8.739662299156188965e+02 1.310039979247413555e+00 3.400299844355601842e+00
8.739819970130920410e+02 1.422043397320474689e+00 4.240325479903560790e+00
8.739932403564453125e+02 1.904058107242042386e+00 7.855435804315318293e+00
8.740103335380554199e+02 1.408042970061342158e+00 4.135322275460065811e+00
8.740236809253692627e+02 1.454044373912777965e+00 4.480332804345835029e+00
8.740549228191375732e+02 1.842056215094454830e+00 7.390421613208411067e+00
8.741640133857727051e+02 1.846056337168492822e+00 7.420422528763696235e+00
8.741788554191589355e+02 1.624049562059389107e+00 5.755371715445418701e+00
8.742350766658782959e+02 1.862056825464644350e+00 7.540426190984832466e+00
8.742487092018127441e+02 1.414043153172398926e+00 4.180323648792992230e+00
8.742710294723510742e+02 1.456044434949796962e+00 4.495333262123477169e+00
8.743020117282867432e+02 1.364041627246925348e+00 3.805312204351940064e+00
8.743313755989074707e+02 1.696051759392071201e+00 6.295388195440533963e+00
8.743602697849273682e+02 1.296039551988281024e+00 3.295296639912107750e+00
8.744038801193237305e+02 1.832055909909360070e+00 7.315419324320200367e+00
8.744253125190734863e+02 1.838056093020417059e+00 7.360420697653127675e+00
8.744628844261169434e+02 1.340040894802697835e+00 3.625306711020233941e+00
8.744909710884094238e+02 1.286039246803186265e+00 3.220294351023897050e+00
8.745065710544586182e+02 1.312040040284432552e+00 3.415300302133243981e+00
8.745199809074401855e+02 1.660050660725730376e+00 6.025379955442978108e+00
8.745332202911376953e+02 1.724052613910336706e+00 6.505394604327525698e+00
8.745471603870391846e+02 1.256038331247901763e+00 2.995287484359263175e+00
8.745607380867004395e+02 1.456044434949796962e+00 4.495333262123477169e+00
8.746153519153594971e+02 1.332040650654622072e+00 3.565304879909665381e+00
8.746351182460784912e+02 1.876057252723777102e+00 7.645429395428328334e+00
8.746492106914520264e+02 1.338040833765679061e+00 3.610306253242593133e+00
8.746643493175506592e+02 1.340040894802697835e+00 3.625306711020233941e+00
8.746783123016357422e+02 1.834055970946379066e+00 7.330419782097843395e+00
8.746992862224578857e+02 1.910058290353099375e+00 7.900437177648245601e+00
8.747165706157684326e+02 1.716052369762260721e+00 6.445392773216955362e+00
8.747370381355285645e+02 1.868057008575701339e+00 7.585427564317759774e+00
8.748451890945434570e+02 1.830055848872341073e+00 7.300418866542558227e+00
8.748768782615661621e+02 1.536046876430555264e+00 5.095351573229164543e+00
8.749337151050567627e+02 1.900057985168004615e+00 7.825434888760034902e+00
8.749473078250885010e+02 1.310039979247413555e+00 3.400299844355601842e+00
8.749596078395843506e+02 1.620049439985351114e+00 5.725370799890133533e+00
8.749852995872497559e+02 1.734052919095431466e+00 6.580396893215736398e+00
8.750364849567413330e+02 1.938059144871364436e+00 8.110443586535232896e+00
8.750551385879516602e+02 1.872057130649739110e+00 7.615428479873043166e+00
8.750730068683624268e+02 1.326040467543565304e+00 3.520303506576739849e+00
8.750916917324066162e+02 1.480045167394024475e+00 4.675338755455183737e+00
8.751063551902770996e+02 1.234037659840693468e+00 2.830282448805200968e+00
8.751530790328979492e+02 1.446044129764702202e+00 4.420330973235266470e+00
8.751741225719451904e+02 1.452044312875759191e+00 4.465332346568193778e+00
8.751876232624053955e+02 1.328040528580584301e+00 3.535303964354382433e+00
8.752076249122619629e+02 1.444044068727683205e+00 4.405330515457624330e+00
8.752226340770721436e+02 1.426043519394512682e+00 4.270326395458845070e+00
8.752423334121704102e+02 1.656050538651692383e+00 5.995379039887692940e+00
8.752580418586730957e+02 1.950059511093478193e+00 8.200446333201085736e+00
8.752752566337585449e+02 1.740053102206488234e+00 6.625398266548661930e+00
8.753165013790130615e+02 1.682051332132938670e+00 6.190384990997039871e+00
8.754203617572784424e+02 1.646050233466597623e+00 5.920376750999482240e+00
8.754791474342346191e+02 1.742053163243507230e+00 6.640398724326304070e+00
8.754935102462768555e+02 1.748053346354563997e+00 6.685400097659229601e+00
8.755119657516479492e+02 1.328040528580584301e+00 3.535303964354382433e+00
8.755317986011505127e+02 1.528046632282479278e+00 5.035349742118594207e+00
8.755610859394073486e+02 1.464044679097872725e+00 4.555335093234045729e+00
8.755903582572937012e+02 1.722052552873317710e+00 6.490394146549882670e+00
8.756211175918579102e+02 1.566047791985839543e+00 5.320358439893796643e+00
8.756631996631622314e+02 1.750053407391582994e+00 6.700400555436872629e+00
8.756838891506195068e+02 1.866056947538682342e+00 7.570427106540117634e+00
8.757216165065765381e+02 1.424043458357493686e+00 4.255325937681202930e+00
8.757508654594421387e+02 1.314040101321451548e+00 3.430300759910886566e+00
8.757691984176635742e+02 1.466044740134891722e+00 4.570335551011687869e+00
8.757854456901550293e+02 1.450044251838740195e+00 4.450331888790551638e+00
8.758025720119476318e+02 1.456044434949796962e+00 4.495333262123477169e+00
8.758184368610382080e+02 1.778054261909848277e+00 6.910406964323861700e+00
8.758433220386505127e+02 1.606049012726218583e+00 5.620367595446639442e+00
8.758844952583312988e+02 1.368041749320963341e+00 3.835313119907225232e+00
8.758977496623992920e+02 1.840056154057435833e+00 7.375421155430768927e+00
8.759103186130523682e+02 1.536046876430555264e+00 5.095351573229164543e+00
8.759241480827331543e+02 1.290039368877224035e+00 3.250295266579180442e+00
8.759383378028869629e+02 1.830055848872341073e+00 7.300418866542558227e+00
8.759512631893157959e+02 1.754053529465620986e+00 6.730401470992157797e+00
8.759745154380798340e+02 1.318040223395489319e+00 3.460301675466169957e+00
8.759903988838195801e+02 1.338040833765679061e+00 3.610306253242593133e+00
8.760367667675018311e+02 1.354041322061830588e+00 3.730309915463729364e+00
8.761373374462127686e+02 1.844056276131473826e+00 7.405422070986054095e+00
8.761970107555389404e+02 1.506045960875270762e+00 4.870344706564530668e+00
8.762092654705047607e+02 1.502045838801232991e+00 4.840343791009247276e+00
8.762272017002105713e+02 1.238037781914731239e+00 2.860283364360484359e+00
8.762535290718078613e+02 1.318040223395489319e+00 3.460301675466169957e+00
8.762838287353515625e+02 1.752053468428601990e+00 6.715401013214514769e+00
8.763139741420745850e+02 1.356041383098849584e+00 3.745310373241371948e+00
8.763278450965881348e+02 1.324040406506546308e+00 3.505303048799097265e+00
8.763422605991363525e+02 1.592048585467085831e+00 5.515364391003143574e+00
8.763602843284606934e+02 1.602048890652180591e+00 5.590366679891354273e+00
8.763749175071716309e+02 1.758053651539658757e+00 6.760402386547440301e+00
8.764271588325500488e+02 1.874057191686758106e+00 7.630428937650686194e+00
8.764561629295349121e+02 1.406042909024323384e+00 4.120321817682425447e+00
8.764713218212127686e+02 1.542047059541612031e+00 5.140352946562090075e+00
8.764854214191436768e+02 1.256038331247901763e+00 2.995287484359263175e+00
8.765046508312225342e+02 1.638049989318521860e+00 5.860374919888913681e+00
8.765237364768981934e+02 1.836056031983398062e+00 7.345420239875485535e+00
8.765382158756256104e+02 1.838056093020417059e+00 7.360420697653127675e+00
8.765525987148284912e+02 1.718052430799279717e+00 6.460393230994597502e+00
8.765856702327728271e+02 1.312040040284432552e+00 3.415300302133243981e+00
8.767009086608886719e+02 1.830055848872341073e+00 7.300418866542558227e+00
8.767589716911315918e+02 1.568047853022858318e+00 5.335358897671437006e+00
8.767731385231018066e+02 1.798054872280037797e+00 7.060411542100283100e+00
8.768041868209838867e+02 1.442044007690664431e+00 4.390330057679983078e+00
8.768353559970855713e+02 1.424043458357493686e+00 4.255325937681202930e+00
8.768653612136840820e+02 1.764053834650715746e+00 6.805403759880368497e+00
8.768942041397094727e+02 1.554047425763725787e+00 5.230355693227943803e+00
8.769389688968658447e+02 1.660050660725730376e+00 6.025379955442978108e+00
8.769651594161987305e+02 1.734052919095431466e+00 6.580396893215736398e+00
8.769989216327667236e+02 1.536046876430555264e+00 5.095351573229164543e+00
8.770262734889984131e+02 1.844056276131473826e+00 7.405422070986054095e+00
8.770423316955566406e+02 1.562047669911801551e+00 5.290357524338511475e+00
8.770580518245697021e+02 1.834055970946379066e+00 7.330419782097843395e+00
8.770752990245819092e+02 1.690051576281014434e+00 6.250386822107608431e+00
8.770881807804107666e+02 1.402042786950285391e+00 4.090320902127140279e+00
8.771129436492919922e+02 1.498045716727194998e+00 4.810342875453962108e+00
8.771548390388488770e+02 1.832055909909360070e+00 7.315419324320200367e+00
8.771739494800567627e+02 1.442044007690664431e+00 4.390330057679983078e+00
8.771894307136535645e+02 1.502045838801232991e+00 4.840343791009247276e+00
8.772076859474182129e+02 1.280039063692129275e+00 3.175292977690969742e+00
8.772231383323669434e+02 1.626049623096408103e+00 5.770372173223060841e+00
8.772412581443786621e+02 1.568047853022858318e+00 5.335358897671437006e+00
8.772646260261535645e+02 1.860056764427625353e+00 7.525425733207190326e+00
8.773867974281311035e+02 1.394042542802209628e+00 4.030319071016572607e+00
8.774013466835021973e+02 1.328040528580584301e+00 3.535303964354382433e+00
8.774568390846252441e+02 1.720052491836298714e+00 6.475393688772240530e+00
8.774703927040100098e+02 1.544047120578631027e+00 5.155353404339733103e+00
8.775008769035339355e+02 1.922058656575212687e+00 7.990439924314094888e+00
8.775471849441528320e+02 1.312040040284432552e+00 3.415300302133243981e+00
8.775589997768402100e+02 1.624049562059389107e+00 5.755371715445418701e+00
8.775723192691802979e+02 1.794054750206000026e+00 7.030410626545000596e+00
8.775886886119842529e+02 1.230037537766655475e+00 2.800281533249916244e+00
8.776036326885223389e+02 1.288039307840205039e+00 3.235294808801537858e+00
8.776196432113647461e+02 1.848056398205511819e+00 7.435422986541338375e+00
8.776459286212921143e+02 1.876057252723777102e+00 7.645429395428328334e+00
8.776806740760803223e+02 1.758053651539658757e+00 6.760402386547440301e+00
8.776997606754302979e+02 1.642050111392559630e+00 5.890375835444197072e+00
8.777134134769439697e+02 1.832055909909360070e+00 7.315419324320200367e+00
8.777262654304504395e+02 1.306039857173375784e+00 3.370298928800318450e+00
8.777457268238067627e+02 1.474044984282967707e+00 4.630337382122258205e+00
8.777596702575683594e+02 1.780054322946867273e+00 6.925407422101504729e+00
8.777730221748352051e+02 1.718052430799279717e+00 6.460393230994597502e+00
8.777912828922271729e+02 1.308039918210394559e+00 3.385299386577959257e+00
8.778330247402191162e+02 1.298039613025299799e+00 3.310297097689748558e+00
8.779401421546936035e+02 1.840056154057435833e+00 7.375421155430768927e+00
8.779976511001586914e+02 1.688051515243995437e+00 6.235386364329965403e+00
8.780118572711944580e+02 1.764053834650715746e+00 6.805403759880368497e+00
8.780351736545562744e+02 1.520046388134403514e+00 4.975347911008026536e+00
8.780652403831481934e+02 1.814055360576189546e+00 7.180415204321421996e+00
8.780937376022338867e+02 1.598048768578142820e+00 5.560365764336070882e+00
8.781241016387939453e+02 1.732052858058412470e+00 6.565396435438093370e+00
8.781604113578796387e+02 1.482045228431043471e+00 4.690339213232825877e+00
8.781900634765625000e+02 1.268038697470015519e+00 3.085290231025116459e+00
8.782398104667663574e+02 1.628049684133427100e+00 5.785372631000702981e+00
8.782548999786376953e+02 1.916058473464156142e+00 7.945438550981171133e+00
8.782682366371154785e+02 1.452044312875759191e+00 4.465332346568193778e+00
8.782810544967651367e+02 1.482045228431043471e+00 4.690339213232825877e+00
8.782962491512298584e+02 1.856056642353587582e+00 7.495424817651906935e+00
8.783141427040100098e+02 1.738053041169469237e+00 6.610397808771018902e+00
8.783636331558227539e+02 1.696051759392071201e+00 6.295388195440533963e+00
8.783789660930633545e+02 1.838056093020417059e+00 7.360420697653127675e+00
8.783942294120788574e+02 1.946059389019440200e+00 8.170445417645801456e+00
8.784083299636840820e+02 1.422043397320474689e+00 4.240325479903560790e+00
8.784308040142059326e+02 1.274038880581072508e+00 3.130291604358043767e+00
8.784455242156982422e+02 1.232037598803674472e+00 2.815281991027558384e+00
8.784596242904663086e+02 1.618049378948332340e+00 5.710370342112492281e+00
8.784729399681091309e+02 1.716052369762260721e+00 6.445392773216955362e+00
8.784852511882781982e+02 1.314040101321451548e+00 3.430300759910886566e+00
8.785928170680999756e+02 1.322040345469527312e+00 3.490302591021454681e+00
8.786241109371185303e+02 1.726052674947355481e+00 6.520395062105166062e+00
8.786799178123474121e+02 1.436043824579607442e+00 4.345328684347055770e+00
8.786937973499298096e+02 1.866056947538682342e+00 7.570427106540117634e+00
8.787194342613220215e+02 1.924058717612231684e+00 8.005440382091737916e+00
8.787521672248840332e+02 1.304039796136356788e+00 3.355298471022675866e+00
8.787769820690155029e+02 1.548047242652668798e+00 5.185354319895015607e+00
8.787897019386291504e+02 1.530046693319498274e+00 5.050350199896237235e+00
8.788052334785461426e+02 1.298039613025299799e+00 3.310297097689748558e+00
8.788202178478240967e+02 1.586048402356029063e+00 5.470363017670218042e+00
8.788348369598388672e+02 1.876057252723777102e+00 7.645429395428328334e+00
8.788847379684448242e+02 1.750053407391582994e+00 6.700400555436872629e+00
8.789096107482910156e+02 1.422043397320474689e+00 4.240325479903560790e+00
