1687469927.9782243 5.0
1687469927.9797714 3.0
1687469927.9808543 6.0
1687469927.9824138 3.0
1687469927.9840486 5.0
1687469927.9855855 6.0
1687469927.9871285 1.0
1687469927.9886801 2.0
1687469927.9902346 1.0
1687469927.9918003 6.0
1687469927.993352 0.0
1687469927.994907 6.0
1687469927.9964564 5.0
1687469927.9975219 2.0
1687469927.999187 3.0
1687469928.0007348 3.0
1687469928.002282 4.0
1687469928.003834 0.0
1687469928.0053883 4.0
1687469928.0070987 6.0
1687469928.0086381 4.0
1687469928.0101836 2.0
1687469928.011737 0.0
1687469928.0132825 6.0
1687469928.0144105 5.0
1687469928.015993 2.0
1687469928.0175407 6.0
1687469928.0185728 3.0
1687469928.0201306 0.0
1687469928.0216756 2.0
1687469928.0232246 0.0
1687469928.0247762 3.0
1687469928.0263157 4.0
1687469928.0278602 2.0
1687469928.0288968 2.0
1687469928.0300093 5.0
1687469928.0315638 4.0
1687469928.0331285 5.0
1687469928.0346851 1.0
1687469928.0362236 5.0
1687469928.0377715 6.0
1687469928.039331 6.0
1687469928.0403805 1.0
1687469928.0419376 5.0
1687469928.043487 6.0
1687469928.044518 3.0
1687469928.0456238 6.0
1687469928.0471697 2.0
1687469928.0487282 5.0
1687469928.0502958 4.0
1687469928.0518408 0.0
1687469928.0533879 0.0
1687469928.0549326 1.0
1687469928.0564907 5.0
1687469928.0580482 2.0
1687469928.0595987 1.0
1687469928.0607054 4.0
1687469928.0622525 3.0
1687469928.0638099 3.0
1687469928.0653636 1.0
1687469928.066917 3.0
1687469928.0684636 2.0
1687469928.0695007 4.0
1687469928.0710633 0.0
1687469928.072613 6.0
1687469928.073653 6.0
1687469928.0752022 5.0
1687469928.0762837 1.0
1687469928.0778427 2.0
1687469928.0788808 4.0
1687469928.0804462 0.0
1687469928.082007 0.0
1687469928.0835595 2.0
1687469928.0845976 0.0
1687469928.086139 1.0
1687469928.0877101 6.0
1687469928.0893037 6.0
1687469928.090952 2.0
1687469928.092507 6.0
1687469928.0940633 1.0
1687469928.095621 6.0
1687469928.0971825 3.0
1687469928.0987453 3.0
1687469928.1003153 5.0
1687469928.1018648 1.0
1687469928.102898 5.0
1687469928.1044555 2.0
1687469928.106002 5.0
1687469928.107095 1.0
1687469928.1086636 2.0
1687469928.1102047 2.0
1687469928.111247 4.0
1687469928.1127906 4.0
1687469928.11435 3.0
1687469928.1158957 4.0
1687469928.117439 5.0
1687469928.1184735 0.0
1687469928.1200352 6.0
1687469928.1216383 4.0
1687469928.123181 4.0
1687469928.1247244 4.0
1687469928.1262667 3.0
1687469928.1278136 1.0
1687469928.1288483 4.0
1687469928.1304035 2.0
1687469928.1319854 6.0
1687469928.1335342 1.0
1687469928.1350753 4.0
1687469928.1366959 2.0
1687469928.13824 2.0
1687469928.1393106 0.0
1687469928.1408768 1.0
1687469928.1424193 0.0
1687469928.1439638 2.0
1687469928.145504 5.0
1687469928.1470463 2.0
1687469928.148107 4.0
1687469928.1496527 0.0
1687469928.1512134 5.0
1687469928.1527927 5.0
1687469928.154344 4.0
1687469928.1559265 2.0
1687469928.1570184 1.0
1687469928.158605 6.0
1687469928.1601498 1.0
1687469928.1617084 6.0
1687469928.1632564 2.0
1687469928.1643324 3.0
1687469928.1653714 6.0
1687469928.1669247 0.0
1687469928.1680865 4.0
1687469928.1696577 3.0
1687469928.1712358 0.0
1687469928.172794 0.0
1687469928.1743553 2.0
1687469928.1759052 5.0
1687469928.1774552 5.0
1687469928.1785111 0.0
1687469928.1800804 4.0
1687469928.181643 4.0
1687469928.1827698 3.0
1687469928.1843264 2.0
1687469928.1858633 6.0
1687469928.1874037 1.0
1687469928.188959 5.0
1687469928.190001 6.0
1687469928.1915429 1.0
1687469928.193086 1.0
1687469928.194629 5.0
1687469928.1956587 6.0
1687469928.1972067 4.0
1687469928.1983209 1.0
1687469928.1998842 2.0
1687469928.2014384 2.0
1687469928.2029834 5.0
1687469928.2045336 1.0
1687469928.2060797 5.0
1687469928.2076266 0.0
1687469928.2091732 2.0
1687469928.2107248 0.0
1687469928.2122743 2.0
1687469928.2133713 5.0
1687469928.214981 2.0
1687469928.2165215 0.0
1687469928.2180874 2.0
1687469928.219632 5.0
1687469928.2206862 1.0
1687469928.2222288 1.0
1687469928.2237887 1.0
1687469928.2253258 6.0
1687469928.2268665 1.0
1687469928.2284918 5.0
1687469928.2300313 5.0
1687469928.2310925 1.0
1687469928.2326381 1.0
1687469928.2341888 6.0
1687469928.2357242 4.0
1687469928.2372608 2.0
1687469928.238809 3.0
1687469928.240365 4.0
1687469928.2414103 6.0
1687469928.2429602 5.0
1687469928.244047 5.0
1687469928.245583 0.0
1687469928.2472017 3.0
1687469928.2487373 2.0
1687469928.2502975 5.0
1687469928.2518425 1.0
1687469928.252872 6.0
1687469928.2539065 2.0
1687469928.2555027 3.0
1687469928.257044 4.0
1687469928.2586966 6.0
1687469928.2602353 0.0
1687469928.261796 5.0
1687469928.2633464 5.0
1687469928.2644377 0.0
1687469928.2659955 0.0
1687469928.2675416 5.0
1687469928.2685769 0.0
1687469928.2696083 2.0
1687469928.2711658 3.0
1687469928.2727306 3.0
1687469928.2743244 2.0
1687469928.275872 2.0
1687469928.2774317 1.0
1687469928.2790003 4.0
1687469928.2806115 3.0
1687469928.2821693 3.0
1687469928.2837226 6.0
1687469928.2852662 1.0
1687469928.2868006 2.0
1687469928.2878373 6.0
1687469928.2890112 2.0
1687469928.2905595 1.0
1687469928.2921002 0.0
1687469928.2936478 2.0
1687469928.294677 1.0
1687469928.2962267 2.0
1687469928.2977726 5.0
1687469928.2988095 3.0
1687469928.3003635 6.0
1687469928.3019028 3.0
1687469928.3034415 1.0
1687469928.3045394 4.0
1687469928.306116 4.0
1687469928.3076637 5.0
1687469928.3092105 1.0
1687469928.3107584 1.0
1687469928.3123016 6.0
1687469928.313902 6.0
1687469928.314922 3.0
1687469928.3164666 4.0
1687469928.3180141 1.0
1687469928.319557 3.0
1687469928.3206835 3.0
1687469928.322237 6.0
1687469928.3237858 4.0
1687469928.325331 2.0
1687469928.326872 3.0
1687469928.3284252 4.0
1687469928.3299775 0.0
1687469928.3310184 6.0
1687469928.332082 0.0
1687469928.333634 4.0
1687469928.3352327 6.0
1687469928.336776 5.0
1687469928.338337 0.0
1687469928.3399117 5.0
1687469928.3414514 4.0
1687469928.343007 3.0
1687469928.3440425 0.0
1687469928.3455906 0.0
1687469928.3471363 5.0
1687469928.3486903 3.0
1687469928.3503299 1.0
1687469928.3518674 2.0
1687469928.353408 4.0
1687469928.354448 4.0
1687469928.3560104 5.0
1687469928.3575585 0.0
1687469928.3591168 6.0
1687469928.3606791 1.0
1687469928.3622336 2.0
1687469928.3637905 1.0
1687469928.3653378 5.0
1687469928.366417 6.0
1687469928.3679707 6.0
1687469928.3695195 2.0
1687469928.3705697 0.0
1687469928.3721163 6.0
1687469928.373672 6.0
1687469928.3752122 0.0
1687469928.3767633 5.0
1687469928.3783097 0.0
1687469928.3798654 3.0
1687469928.3814945 0.0
1687469928.3826501 0.0
1687469928.3841944 2.0
1687469928.3857398 4.0
1687469928.3872974 3.0
1687469928.3888526 1.0
1687469928.3899045 0.0
1687469928.391449 2.0
1687469928.3930008 6.0
1687469928.3945525 4.0
1687469928.3961008 1.0
1687469928.3972063 1.0
1687469928.39877 4.0
1687469928.4003408 6.0
1687469928.401882 6.0
1687469928.402915 4.0
1687469928.403966 3.0
1687469928.4055097 3.0
1687469928.4070632 1.0
1687469928.4086387 0.0
1687469928.41019 2.0
1687469928.411827 3.0
1687469928.4133708 1.0
1687469928.4149299 4.0
1687469928.416474 6.0
1687469928.418047 1.0
1687469928.4195921 1.0
1687469928.4211583 2.0
1687469928.4227035 1.0
1687469928.4237573 3.0
1687469928.4252946 5.0
1687469928.426908 2.0
1687469928.4284668 3.0
1687469928.430019 3.0
1687469928.4315813 2.0
1687469928.4331336 6.0
1687469928.434193 1.0
1687469928.4352307 4.0
1687469928.4362702 2.0
1687469928.4378362 6.0
1687469928.4394042 4.0
1687469928.4409664 6.0
1687469928.4420767 0.0
1687469928.4436316 2.0
1687469928.44518 5.0
1687469928.4467292 6.0
1687469928.4482815 6.0
1687469928.449826 4.0
1687469928.4508743 0.0
1687469928.4524298 2.0
1687469928.4539764 4.0
1687469928.455527 3.0
1687469928.4571555 1.0
1687469928.458702 2.0
1687469928.4602497 3.0
1687469928.4618099 2.0
1687469928.4633648 4.0
1687469928.4649315 6.0
1687469928.4664903 6.0
1687469928.4680479 4.0
1687469928.4695866 4.0
1687469928.4711623 4.0
1687469928.472792 5.0
1687469928.4743514 5.0
1687469928.4753993 3.0
1687469928.4764473 5.0
1687469928.4780297 6.0
1687469928.4795983 2.0
1687469928.4807594 2.0
1687469928.482319 2.0
1687469928.483921 4.0
1687469928.4849746 0.0
1687469928.4860215 6.0
1687469928.4870696 2.0
1687469928.488241 5.0
1687469928.489792 1.0
1687469928.491374 0.0
1687469928.4929488 5.0
1687469928.4945207 6.0
1687469928.4960854 3.0
1687469928.497686 5.0
1687469928.4992766 0.0
1687469928.5008507 5.0
1687469928.5024688 3.0
1687469928.5036278 2.0
1687469928.5052004 6.0
1687469928.5064456 0.0
1687469928.5080268 3.0
1687469928.5095932 3.0
1687469928.5106628 6.0
1687469928.5117977 5.0
1687469928.5133595 1.0
1687469928.5149522 0.0
1687469928.5160182 6.0
1687469928.5170596 0.0
1687469928.5182126 3.0
1687469928.5197806 4.0
1687469928.5213475 4.0
1687469928.5225604 1.0
1687469928.5240974 3.0
1687469928.5256484 4.0
1687469928.5272005 6.0
1687469928.5287626 6.0
1687469928.530315 6.0
1687469928.5318787 1.0
1687469928.5335355 1.0
1687469928.5350945 2.0
1687469928.5366642 3.0
1687469928.5382628 3.0
1687469928.5398524 4.0
1687469928.5409253 5.0
1687469928.5419853 2.0
1687469928.5430334 5.0
1687469928.5441027 2.0
1687469928.5451539 1.0
1687469928.5462143 3.0
1687469928.5472634 6.0
1687469928.5483274 3.0
1687469928.5494242 0.0
1687469928.551001 6.0
1687469928.5525496 2.0
1687469928.5541155 4.0
1687469928.555663 6.0
1687469928.5572171 0.0
1687469928.5587838 2.0
1687469928.5603492 2.0
1687469928.5618942 2.0
1687469928.5629277 0.0
1687469928.5645843 3.0
1687469928.5661223 2.0
1687469928.567667 0.0
1687469928.5692267 0.0
1687469928.5707915 5.0
1687469928.5723362 1.0
1687469928.573881 4.0
1687469928.5754294 0.0
1687469928.5769658 1.0
1687469928.578517 1.0
1687469928.579618 4.0
1687469928.581164 1.0
1687469928.582711 6.0
1687469928.584254 4.0
1687469928.5857978 1.0
1687469928.5873508 6.0
1687469928.5889065 3.0
1687469928.5904799 6.0
1687469928.592022 0.0
1687469928.5935657 5.0
1687469928.5947006 5.0
1687469928.5962672 0.0
1687469928.5978115 6.0
1687469928.599355 4.0
1687469928.6009161 4.0
1687469928.6024623 2.0
1687469928.604008 0.0
1687469928.6055465 6.0
1687469928.6071048 5.0
1687469928.608667 3.0
1687469928.6102917 6.0
1687469928.6118293 5.0
1687469928.613378 3.0
1687469928.6149244 2.0
1687469928.6164706 4.0
1687469928.6180146 2.0
1687469928.6195638 4.0
1687469928.6206117 1.0
1687469928.622163 4.0
1687469928.6237102 3.0
1687469928.6252506 3.0
1687469928.6263592 4.0
1687469928.6279123 0.0
1687469928.6294596 6.0
1687469928.6310155 4.0
1687469928.632564 5.0
1687469928.6341069 6.0
1687469928.6356466 1.0
1687469928.6371872 1.0
1687469928.638743 1.0
1687469928.6403024 5.0
1687469928.6413841 2.0
1687469928.642925 4.0
1687469928.6444736 0.0
1687469928.646015 6.0
1687469928.6476488 3.0
1687469928.6491885 4.0
1687469928.6507452 3.0
1687469928.6522875 0.0
1687469928.6538286 0.0
1687469928.6548653 6.0
1687469928.6564384 2.0
1687469928.6575198 6.0
1687469928.6586788 0.0
1687469928.6602337 3.0
1687469928.6617725 5.0
1687469928.6633196 2.0
1687469928.664879 2.0
1687469928.6664305 4.0
1687469928.667988 5.0
1687469928.669538 5.0
1687469928.67058 4.0
1687469928.6721983 6.0
1687469928.6737432 5.0
1687469928.6752942 1.0
1687469928.6763282 5.0
1687469928.6778917 6.0
1687469928.679457 2.0
1687469928.681014 0.0
1687469928.6825666 3.0
1687469928.6841145 6.0
1687469928.685654 1.0
1687469928.68721 0.0
1687469928.6883538 1.0
1687469928.6899102 1.0
1687469928.6914682 5.0
1687469928.69301 3.0
1687469928.6945562 1.0
1687469928.6960993 3.0
1687469928.697644 4.0
1687469928.6986916 1.0
1687469928.7002437 5.0
1687469928.7017965 1.0
1687469928.702879 3.0
1687469928.7044358 5.0
1687469928.7059855 2.0
1687469928.707539 0.0
1687469928.7090857 0.0
1687469928.7106469 1.0
1687469928.7121909 6.0
1687469928.7137375 4.0
1687469928.7147915 2.0
1687469928.7163403 0.0
1687469928.7179809 5.0
1687469928.7195191 2.0
1687469928.7210844 2.0
1687469928.7226284 5.0
1687469928.7241824 6.0
1687469928.7257247 3.0
1687469928.7272635 6.0
1687469928.7288125 0.0
1687469928.7303638 2.0
1687469928.7314043 0.0
1687469928.7329547 6.0
1687469928.7345338 0.0
1687469928.7360728 2.0
1687469928.7376194 6.0
1687469928.739167 1.0
1687469928.7402124 2.0
1687469928.7417598 4.0
1687469928.7432973 5.0
1687469928.744842 5.0
1687469928.7463825 4.0
1687469928.7479932 5.0
1687469928.7490335 1.0
1687469928.7505872 3.0
1687469928.7521367 6.0
1687469928.7536814 6.0
1687469928.7552226 2.0
1687469928.7567656 1.0
1687469928.758326 1.0
1687469928.7598734 6.0
1687469928.7609196 6.0
1687469928.7624676 0.0
1687469928.7640548 3.0
1687469928.7651887 6.0
1687469928.766737 2.0
1687469928.7683032 4.0
1687469928.7698524 5.0
1687469928.770894 0.0
1687469928.772448 2.0
1687469928.774 4.0
1687469928.7755435 2.0
1687469928.777087 6.0
1687469928.778124 5.0
1687469928.7792337 1.0
1687469928.7807837 6.0
1687469928.7823372 5.0
1687469928.7838874 0.0
1687469928.7849157 5.0
1687469928.786454 0.0
1687469928.7880168 1.0
1687469928.7890637 6.0
1687469928.7901075 6.0
1687469928.7916505 3.0
1687469928.7931986 5.0
1687469928.7942965 6.0
1687469928.7958488 5.0
1687469928.7973924 1.0
1687469928.7989495 3.0
1687469928.8005013 4.0
1687469928.8020484 5.0
1687469928.8036013 6.0
1687469928.8051527 3.0
1687469928.8067005 3.0
1687469928.8082602 4.0
1687469928.8099067 2.0
1687469928.8114674 2.0
1687469928.813025 2.0
1687469928.8145773 3.0
1687469928.816129 0.0
1687469928.8176908 2.0
1687469928.8192441 0.0
1687469928.8208032 5.0
1687469928.8223443 5.0
1687469928.8239048 6.0
1687469928.8249912 3.0
1687469928.8265314 1.0
1687469928.8280811 0.0
1687469928.8296266 5.0
1687469928.8306713 2.0
1687469928.8317149 5.0
1687469928.833258 1.0
1687469928.8342977 2.0
1687469928.835846 1.0
1687469928.836881 5.0
1687469928.838435 2.0
1687469928.840094 6.0
1687469928.8416278 1.0
1687469928.843175 6.0
1687469928.8442142 3.0
1687469928.8457596 2.0
1687469928.847306 2.0
1687469928.848346 3.0
1687469928.8498917 1.0
1687469928.8509307 2.0
1687469928.8519588 6.0
1687469928.853501 2.0
1687469928.8545356 2.0
1687469928.8556173 4.0
1687469928.8571599 1.0
1687469928.8587143 2.0
1687469928.860258 1.0
1687469928.8612974 2.0
1687469928.8628395 5.0
1687469928.864435 0.0
1687469928.865978 4.0
1687469928.8675199 3.0
1687469928.8690712 3.0
1687469928.8701146 4.0
1687469928.871213 2.0
1687469928.8727589 0.0
1687469928.8743112 3.0
1687469928.8758523 5.0
1687469928.8768892 6.0
1687469928.8779233 5.0
1687469928.8794794 5.0
1687469928.8810306 4.0
1687469928.8825767 1.0
1687469928.8841257 0.0
1687469928.8856633 5.0
1687469928.8867457 2.0
1687469928.8883457 2.0
1687469928.8899076 3.0
1687469928.8914514 1.0
1687469928.8929942 0.0
1687469928.8945436 4.0
1687469928.8960953 4.0
1687469928.897642 5.0
1687469928.8991947 4.0
1687469928.9007492 0.0
1687469928.9024043 1.0
1687469928.903443 1.0
1687469928.9044838 0.0
1687469928.906028 4.0
1687469928.9075842 3.0
1687469928.9091396 5.0
1687469928.910696 6.0
1687469928.9122365 6.0
1687469928.9132686 0.0
1687469928.9148116 2.0
1687469928.9163592 0.0
1687469928.9174972 3.0
1687469928.919058 6.0
1687469928.920623 1.0
1687469928.9221697 5.0
1687469928.9232683 2.0
1687469928.9247983 1.0
1687469928.9263368 1.0
1687469928.9278839 2.0
1687469928.928921 2.0
1687469928.930483 5.0
1687469928.9320297 6.0
1687469928.9331346 1.0
1687469928.9346812 6.0
1687469928.9362202 3.0
1687469928.9377625 4.0
1687469928.9393144 6.0
1687469928.9408717 0.0
1687469928.942411 3.0
1687469928.9439557 6.0
1687469928.9454982 3.0
1687469928.9470434 3.0
1687469928.9481308 4.0
1687469928.9492211 2.0
1687469928.9502568 6.0
1687469928.9517963 2.0
1687469928.9533358 0.0
1687469928.9543684 3.0
1687469928.9559107 5.0
1687469928.957462 6.0
1687469928.959019 0.0
1687469928.960577 6.0
1687469928.9621253 3.0
1687469928.9631581 0.0
1687469928.9642508 1.0
1687469928.9658015 1.0
1687469928.9673576 1.0
1687469928.968912 4.0
1687469928.9699671 4.0
1687469928.971511 4.0
1687469928.9730616 3.0
1687469928.9746122 5.0
1687469928.9761567 0.0
1687469928.9777133 3.0
1687469928.9788015 4.0
1687469928.9803686 6.0
1687469928.9819424 4.0
1687469928.9835029 1.0
1687469928.985062 6.0
1687469928.986103 3.0
1687469928.9876602 5.0
1687469928.9892185 6.0
1687469928.9907892 1.0
1687469928.992337 4.0
1687469928.9939725 1.0
1687469928.9955027 1.0
1687469928.997052 4.0
1687469928.9986181 3.0
1687469929.0001845 1.0
1687469929.001736 5.0
1687469929.003282 1.0
1687469929.0048296 2.0
1687469929.0063732 3.0
1687469929.0079331 1.0
1687469929.0095534 5.0
1687469929.0111089 6.0
1687469929.0126488 2.0
1687469929.0136845 3.0
1687469929.0152395 0.0
1687469929.016776 2.0
1687469929.0183203 4.0
1687469929.0198686 2.0
1687469929.0209181 4.0
1687469929.0224674 3.0
1687469929.0235047 6.0
1687469929.0251272 6.0
1687469929.0266728 1.0
1687469929.0282223 5.0
1687469929.029252 1.0
1687469929.0308099 3.0
1687469929.0323644 0.0
1687469929.0339108 1.0
1687469929.035451 3.0
1687469929.0370002 3.0
1687469929.0385506 5.0
1687469929.0401819 5.0
1687469929.0417216 3.0
1687469929.043265 2.0
1687469929.044811 0.0
1687469929.0463593 6.0
1687469929.0479803 1.0
1687469929.0495162 3.0
1687469929.0510745 2.0
1687469929.0526175 2.0
1687469929.0536537 2.0
1687469929.0552967 5.0
1687469929.0564156 2.0
1687469929.0579996 4.0
1687469929.0595863 0.0
1687469929.0611765 6.0
1687469929.0627496 4.0
1687469929.0643277 6.0
1687469929.0659113 0.0
1687469929.0674865 0.0
1687469929.0690658 2.0
1687469929.0707676 2.0
1687469929.0718546 3.0
1687469929.0734212 0.0
1687469929.0750039 2.0
1687469929.076571 5.0
1687469929.0781462 2.0
1687469929.07971 2.0
1687469929.0813422 5.0
1687469929.0829 5.0
1687469929.0844502 1.0
1687469929.0855181 4.0
1687469929.0866055 2.0
1687469929.088165 1.0
1687469929.0897048 1.0
1687469929.0912814 2.0
1687469929.0928338 1.0
1687469929.0943882 6.0
1687469929.0959327 4.0
1687469929.0974798 1.0
1687469929.0990481 0.0
1687469929.1006017 3.0
1687469929.1017032 0.0
1687469929.1032538 2.0
1687469929.104806 6.0
1687469929.1063445 0.0
1687469929.107913 0.0
1687469929.109459 1.0
1687469929.111017 1.0
1687469929.1125627 6.0
1687469929.1141229 1.0
1687469929.115205 4.0
1687469929.1167502 4.0
1687469929.1178687 4.0
1687469929.1194544 0.0
1687469929.1210222 1.0
1687469929.1225688 5.0
1687469929.1241388 2.0
1687469929.125678 4.0
1687469929.1272154 4.0
1687469929.128766 5.0
1687469929.13031 1.0
1687469929.1318853 3.0
1687469929.132982 1.0
1687469929.134582 3.0
1687469929.1361296 0.0
1687469929.1376932 2.0
1687469929.1392653 0.0
1687469929.1403134 0.0
1687469929.1418629 2.0
1687469929.1428957 4.0
1687469929.1444378 2.0
1687469929.1459835 6.0
1687469929.147611 2.0
1687469929.1492012 1.0
1687469929.1507595 6.0
1687469929.1523015 4.0
1687469929.1538537 1.0
1687469929.1548917 3.0
1687469929.1564434 0.0
1687469929.1580386 4.0
1687469929.1595879 5.0
1687469929.1611578 4.0
1687469929.162783 5.0
1687469929.1643243 4.0
1687469929.1658814 1.0
1687469929.167444 5.0
1687469929.1685085 5.0
1687469929.169552 2.0
1687469929.1711338 3.0
1687469929.1726959 1.0
1687469929.1742632 1.0
1687469929.1758184 4.0
1687469929.1774845 4.0
1687469929.1790392 5.0
1687469929.1806107 6.0
1687469929.182164 5.0
1687469929.1837335 2.0
1687469929.1852877 5.0
1687469929.1868515 6.0
1687469929.1884196 5.0
1687469929.1899753 6.0
1687469929.1910312 4.0
1687469929.192661 0.0
1687469929.1941981 0.0
1687469929.195745 3.0
1687469929.1972945 0.0
1687469929.198844 0.0
1687469929.2003894 1.0
1687469929.2014272 2.0
1687469929.202973 5.0
1687469929.2045217 5.0
1687469929.2060702 2.0
1687469929.2076306 5.0
1687469929.2087605 0.0
1687469929.2103157 2.0
1687469929.21186 3.0
1687469929.213407 0.0
1687469929.2149565 0.0
1687469929.2165105 5.0
1687469929.218074 1.0
1687469929.2196226 5.0
1687469929.221188 3.0
1687469929.2227259 2.0
1687469929.2238271 6.0
1687469929.2253704 2.0
1687469929.226923 0.0
1687469929.228499 0.0
1687469929.2300591 4.0
1687469929.231602 3.0
1687469929.2326412 0.0
1687469929.234196 2.0
1687469929.2357352 3.0
1687469929.2372816 6.0
1687469929.238394 1.0
1687469929.23993 1.0
1687469929.2414978 5.0
1687469929.2430458 0.0
1687469929.244589 2.0
1687469929.2461307 0.0
1687469929.2476816 4.0
1687469929.2487166 6.0
1687469929.250266 1.0
1687469929.2518184 5.0
1687469929.2533677 2.0
1687469929.2544441 4.0
1687469929.255989 5.0
1687469929.2570405 0.0
1687469929.2585914 0.0
1687469929.2601519 2.0
1687469929.2616937 0.0
1687469929.2632372 3.0
1687469929.2647834 4.0
1687469929.2663538 1.0
1687469929.2679005 0.0
1687469929.2695477 6.0
1687469929.2705781 0.0
1687469929.272125 6.0
1687469929.2737 2.0
1687469929.2752476 3.0
1687469929.2767844 4.0
1687469929.2783537 0.0
1687469929.2799182 1.0
1687469929.2815316 2.0
1687469929.2830687 0.0
1687469929.284696 2.0
1687469929.2862418 6.0
1687469929.2877884 5.0
1687469929.2893505 2.0
1687469929.2904468 1.0
1687469929.2919967 0.0
1687469929.2935362 1.0
1687469929.2950892 1.0
1687469929.2966359 5.0
1687469929.2981842 1.0
1687469929.299838 0.0
1687469929.3008718 2.0
1687469929.302418 0.0
1687469929.303964 6.0
1687469929.3050015 1.0
1687469929.3066528 0.0
1687469929.3082035 6.0
1687469929.3097508 5.0
1687469929.3108187 0.0
1687469929.3123658 6.0
1687469929.3139155 0.0
1687469929.3150115 6.0
1687469929.3165486 2.0
1687469929.3180923 2.0
1687469929.3196414 5.0
1687469929.320693 2.0
1687469929.3217263 5.0
1687469929.3232677 2.0
1687469929.3243058 5.0
1687469929.3258505 6.0
1687469929.327399 5.0
1687469929.3289497 3.0
1687469929.3299956 1.0
1687469929.3310983 3.0
1687469929.332651 0.0
1687469929.3337104 3.0
1687469929.3353078 5.0
1687469929.3369102 1.0
1687469929.3385165 3.0
1687469929.3400776 3.0
1687469929.341127 2.0
1687469929.342674 4.0
1687469929.3442168 0.0
1687469929.3458905 4.0
1687469929.3474314 5.0
1687469929.3489983 5.0
1687469929.350061 1.0
1687469929.3516033 3.0
1687469929.353183 4.0
1687469929.354743 0.0
1687469929.3562899 0.0
1687469929.3578546 1.0
1687469929.3594115 0.0
1687469929.3604622 5.0
1687469929.3615746 1.0
1687469929.3631237 5.0
1687469929.3641686 5.0
1687469929.3657167 2.0
1687469929.3672786 2.0
1687469929.3688376 5.0
1687469929.3703773 3.0
1687469929.371942 1.0
1687469929.3734884 4.0
1687469929.3750587 5.0
1687469929.3761532 1.0
1687469929.377721 3.0
1687469929.3792768 3.0
1687469929.3803225 5.0
1687469929.3813665 4.0
1687469929.3829305 5.0
1687469929.3844862 4.0
1687469929.3860302 1.0
1687469929.3876004 1.0
1687469929.3891623 3.0
1687469929.3907278 4.0
1687469929.3918355 5.0
1687469929.3933787 1.0
1687469929.3949275 6.0
1687469929.3959746 5.0
1687469929.397519 1.0
1687469929.3990877 3.0
1687469929.400655 1.0
1687469929.4021976 1.0
1687469929.4037411 6.0
1687469929.4052858 3.0
1687469929.4068868 2.0
1687469929.408451 0.0
1687469929.410005 3.0
1687469929.4110494 3.0
1687469929.4125922 2.0
1687469929.4141438 2.0
1687469929.4156919 2.0
1687469929.4172282 1.0
1687469929.4187753 2.0
1687469929.420317 1.0
1687469929.4219375 2.0
1687469929.4234724 2.0
1687469929.425022 1.0
1687469929.426565 0.0
1687469929.428114 6.0
1687469929.4296687 3.0
1687469929.4312255 5.0
1687469929.432287 5.0
1687469929.4338331 2.0
1687469929.435371 4.0
1687469929.4369833 6.0
